-3.851626 1528573628.417945 0.000145 0.000154 0.000693 37.286459
-3.839304 1528573628.430267 0.000144 0.000154 0.000695 37.267442
-3.827058 1528573628.442513 0.000144 0.000155 0.000697 37.008013
-3.814566 1528573628.455005 0.000145 0.000154 0.000691 37.333701
-3.802011 1528573628.467560 0.000145 0.000154 0.000690 37.543382
-3.789744 1528573628.479827 0.000145 0.000155 0.000695 37.118294
-3.776935 1528573628.492636 0.000145 0.000155 0.000693 37.162346
-3.764020 1528573628.505552 0.000145 0.000155 0.000692 37.222704
-3.750970 1528573628.518601 0.000145 0.000154 0.000691 37.275882
-3.738166 1528573628.531405 0.000145 0.000155 0.000691 37.120471
-3.725681 1528573628.543890 0.000145 0.000155 0.000689 37.255782
-3.713643 1528573628.555928 0.000146 0.000154 0.000688 37.420695
-3.700907 1528573628.568665 0.000145 0.000155 0.000692 37.132186
-3.688421 1528573628.581150 0.000146 0.000154 0.000696 37.095932
-3.675997 1528573628.593574 0.000145 0.000154 0.000692 37.228559
-3.663220 1528573628.606352 0.000145 0.000154 0.000696 36.923876
-3.651368 1528573628.618203 0.000145 0.000155 0.000694 37.106187
-3.639225 1528573628.630347 0.000145 0.000154 0.000692 37.254469
-3.626436 1528573628.643136 0.000145 0.000154 0.000693 37.036168
-3.613865 1528573628.655706 0.000145 0.000154 0.000698 36.955520
-3.601430 1528573628.668141 0.000145 0.000155 0.000695 36.879697
-3.588537 1528573628.681034 0.000146 0.000154 0.000696 37.052520
-3.576326 1528573628.693245 0.000146 0.000154 0.000697 37.103745
-3.563557 1528573628.706015 0.000146 0.000155 0.000694 37.007580
-3.551408 1528573628.718164 0.000146 0.000154 0.000695 36.902067
-3.538955 1528573628.730616 0.000146 0.000155 0.000699 36.872639
-3.526517 1528573628.743054 0.000145 0.000154 0.000695 37.079037
-3.514374 1528573628.755198 0.000145 0.000155 0.000697 37.005562
-3.501562 1528573628.768009 0.000145 0.000155 0.000698 37.046869
-3.489110 1528573628.780462 0.000145 0.000156 0.000697 36.792213
-3.476552 1528573628.793020 0.000146 0.000155 0.000693 37.124018
-3.462985 1528573628.806586 0.000146 0.000156 0.000693 37.171569
-3.451028 1528573628.818543 0.000145 0.000157 0.000693 36.676030
-3.439163 1528573628.830408 0.000143 0.000159 0.000693 36.488106
-3.426694 1528573628.842878 0.000143 0.000160 0.000686 36.461537
-3.414262 1528573628.855310 0.000143 0.000160 0.000687 36.734085
-3.401772 1528573628.867799 0.000144 0.000158 0.000682 37.114881
-3.388206 1528573628.881365 0.000145 0.000157 0.000682 37.433235
-3.375393 1528573628.894179 0.000144 0.000159 0.000685 37.324387
-3.363138 1528573628.906433 0.000145 0.000157 0.000682 37.400188
-3.350916 1528573628.918655 0.000144 0.000157 0.000681 37.687913
-3.338097 1528573628.931475 0.000144 0.000157 0.000681 37.437830
-3.326231 1528573628.943340 0.000144 0.000156 0.000682 37.421775
-3.314346 1528573628.955225 0.000144 0.000156 0.000683 37.449344
-3.301802 1528573628.967769 0.000143 0.000156 0.000685 37.344641
-3.289256 1528573628.980315 0.000143 0.000156 0.000687 37.348565
-3.275507 1528573628.994064 0.000142 0.000156 0.000690 37.366190
-3.263112 1528573629.006459 0.000142 0.000156 0.000685 37.313319
-3.250945 1528573629.018626 0.000142 0.000155 0.000687 37.389650
-3.238196 1528573629.031376 0.000142 0.000156 0.000692 37.113875
-3.226010 1528573629.043561 0.000142 0.000155 0.000685 37.285167
-3.213358 1528573629.056214 0.000142 0.000155 0.000688 37.355059
-3.200230 1528573629.069341 0.000141 0.000155 0.000687 37.350083
-3.188989 1528573629.080582 0.000141 0.000155 0.000689 37.188973
-3.176564 1528573629.093007 0.000142 0.000154 0.000687 37.324863
-3.164033 1528573629.105538 0.000141 0.000154 0.000693 37.183296
-3.151895 1528573629.117676 0.000141 0.000154 0.000687 37.164172
-3.139048 1528573629.130524 0.000141 0.000154 0.000691 37.220260
-3.126509 1528573629.143062 0.000141 0.000153 0.000692 37.271577
-3.114020 1528573629.155551 0.000141 0.000153 0.000691 37.173336
-3.100174 1528573629.169397 0.000141 0.000153 0.000688 37.158585
-3.087730 1528573629.181841 0.000141 0.000153 0.000687 37.299203
-3.075658 1528573629.193914 0.000140 0.000153 0.000688 37.096128
-3.063907 1528573629.205664 0.000141 0.000153 0.000686 37.154261
-3.051978 1528573629.217593 0.000140 0.000153 0.000687 37.235433
-3.039474 1528573629.230097 0.000140 0.000152 0.000687 37.183211
-3.026572 1528573629.243000 0.000140 0.000153 0.000683 37.144047
-3.013924 1528573629.255647 0.000140 0.000153 0.000684 37.060662
-3.000837 1528573629.268734 0.000140 0.000152 0.000686 37.137771
-2.988240 1528573629.281332 0.000140 0.000153 0.000686 36.945848
-2.975683 1528573629.293889 0.000139 0.000153 0.000684 37.056598
-2.963245 1528573629.306327 0.000140 0.000154 0.000684 37.087367
-2.950782 1528573629.318789 0.000140 0.000152 0.000684 36.994256
-2.938185 1528573629.331386 0.000140 0.000152 0.000681 37.001344
-2.925764 1528573629.343807 0.000140 0.000154 0.000687 36.883792
-2.913611 1528573629.355960 0.000140 0.000154 0.000685 36.793251
-2.901635 1528573629.367936 0.000139 0.000153 0.000684 36.941671
-2.889125 1528573629.380447 0.000140 0.000152 0.000680 37.000282
-2.876705 1528573629.392866 0.000140 0.000152 0.000686 37.019726
-2.863888 1528573629.405684 0.000140 0.000154 0.000681 36.951104
-2.851681 1528573629.417890 0.000140 0.000153 0.000680 36.996924
-2.839062 1528573629.430510 0.000140 0.000153 0.000681 37.073814
-2.825698 1528573629.443873 0.000140 0.000153 0.000682 36.849335
-2.813391 1528573629.456180 0.000141 0.000153 0.000679 37.009070
-2.800711 1528573629.468861 0.000140 0.000152 0.000682 36.870084
-2.788823 1528573629.480748 0.000140 0.000152 0.000683 36.849497
-2.776455 1528573629.493116 0.000140 0.000153 0.000679 36.943614
-2.764352 1528573629.505219 0.000140 0.000153 0.000686 36.843718
-2.751536 1528573629.518036 0.000141 0.000153 0.000682 36.854682
-2.739363 1528573629.530208 0.000140 0.000153 0.000686 36.758872
-2.726656 1528573629.542915 0.000140 0.000153 0.000681 36.787248
-2.714189 1528573629.555382 0.000140 0.000152 0.000685 36.785643
-2.701805 1528573629.567766 0.000140 0.000153 0.000681 36.614830
-2.689220 1528573629.580351 0.000141 0.000152 0.000684 36.829961
-2.676934 1528573629.592637 0.000140 0.000153 0.000685 36.763475
-2.663267 1528573629.606305 0.000140 0.000153 0.000682 36.706374
-2.650890 1528573629.618681 0.000140 0.000154 0.000683 36.740168
-2.637940 1528573629.631631 0.000141 0.000151 0.000682 36.859001
-2.626741 1528573629.642830 0.000141 0.000149 0.000680 36.989166
-2.614127 1528573629.655444 0.000141 0.000150 0.000686 37.192826
-2.601936 1528573629.667635 0.000140 0.000151 0.000691 37.314044
-2.589351 1528573629.680220 0.000139 0.000151 0.000692 37.498784
-2.575341 1528573629.694230 0.000139 0.000152 0.000695 37.428076
-2.562726 1528573629.706845 0.000139 0.000151 0.000693 37.471590
-2.549978 1528573629.719593 0.000139 0.000151 0.000693 37.431466
-2.537945 1528573629.731626 0.000140 0.000151 0.000692 37.400408
-2.525732 1528573629.743840 0.000139 0.000151 0.000691 37.331660
-2.513872 1528573629.755699 0.000139 0.000149 0.000689 37.494173
-2.501585 1528573629.767987 0.000139 0.000151 0.000690 37.357190
-2.489029 1528573629.780542 0.000139 0.000150 0.000688 37.284631
-2.476673 1528573629.792898 0.000139 0.000150 0.000690 37.335331
-2.464225 1528573629.805347 0.000140 0.000150 0.000688 37.355863
-2.451531 1528573629.818040 0.000139 0.000151 0.000690 37.264416
-2.439156 1528573629.830415 0.000139 0.000150 0.000689 37.374135
-2.425911 1528573629.843660 0.000139 0.000152 0.000688 37.207866
-2.414072 1528573629.855499 0.000139 0.000151 0.000691 37.210471
-2.401771 1528573629.867800 0.000139 0.000151 0.000688 37.318265
-2.388179 1528573629.881392 0.000139 0.000151 0.000688 37.167157
-2.375022 1528573629.894550 0.000139 0.000150 0.000688 37.245516
-2.363023 1528573629.906548 0.000139 0.000151 0.000689 37.274867
-2.350640 1528573629.918931 0.000139 0.000151 0.000690 37.288908
-2.338809 1528573629.930762 0.000139 0.000151 0.000689 37.259279
-2.326113 1528573629.943459 0.000139 0.000151 0.000690 37.157409
-2.313206 1528573629.956365 0.000139 0.000151 0.000688 37.206477
-2.301281 1528573629.968291 0.000139 0.000151 0.000691 37.260839
-2.288777 1528573629.980794 0.000139 0.000151 0.000689 37.265535
-2.276550 1528573629.993022 0.000139 0.000152 0.000691 37.130620
-2.262897 1528573630.006675 0.000139 0.000151 0.000690 37.201170
-2.250834 1528573630.018737 0.000139 0.000152 0.000689 37.106212
-2.237937 1528573630.031634 0.000139 0.000152 0.000689 37.219541
-2.225360 1528573630.044212 0.000139 0.000152 0.000692 37.290972
-2.213639 1528573630.055933 0.000139 0.000152 0.000692 37.260681
-2.200528 1528573630.069043 0.000139 0.000153 0.000688 37.222972
-2.189275 1528573630.080296 0.000140 0.000153 0.000693 37.427488
-2.176807 1528573630.092765 0.000139 0.000152 0.000690 37.356934
-2.162668 1528573630.106903 0.000140 0.000154 0.000691 37.267003
-2.150679 1528573630.118892 0.000140 0.000153 0.000691 37.334625
-2.137957 1528573630.131615 0.000140 0.000153 0.000691 37.390457
-2.125658 1528573630.143913 0.000140 0.000153 0.000691 37.348311
-2.113340 1528573630.156231 0.000140 0.000153 0.000691 37.333264
-2.100704 1528573630.168867 0.000140 0.000153 0.000691 37.315645
-2.087828 1528573630.181744 0.000140 0.000153 0.000691 37.310751
-2.076401 1528573630.193171 0.000140 0.000152 0.000690 37.380522
-2.063759 1528573630.205812 0.000140 0.000153 0.000692 37.155497
-2.051261 1528573630.218311 0.000140 0.000153 0.000689 37.385421
-2.038836 1528573630.230735 0.000140 0.000154 0.000690 37.344796
-2.026403 1528573630.243169 0.000140 0.000153 0.000688 37.272123
-2.014023 1528573630.255548 0.000140 0.000153 0.000687 37.364358
-2.000955 1528573630.268616 0.000140 0.000154 0.000691 37.337932
-1.987979 1528573630.281592 0.000140 0.000153 0.000690 37.200073
-1.975802 1528573630.293770 0.000140 0.000153 0.000692 37.227460
-1.963149 1528573630.306422 0.000140 0.000153 0.000690 37.089565
-1.950743 1528573630.318828 0.000140 0.000153 0.000690 37.311630
-1.938740 1528573630.330831 0.000140 0.000153 0.000690 37.192652
-1.926447 1528573630.343125 0.000140 0.000153 0.000691 37.290500
-1.913977 1528573630.355594 0.000140 0.000153 0.000689 37.327478
-1.901744 1528573630.367827 0.000140 0.000154 0.000690 37.191724
-1.888860 1528573630.380711 0.000141 0.000153 0.000691 37.182829
-1.876279 1528573630.393292 0.000140 0.000153 0.000691 37.286908
-1.864025 1528573630.405547 0.000140 0.000154 0.000692 37.261741
-1.851514 1528573630.418057 0.000141 0.000153 0.000704 37.173350
-1.838253 1528573630.431318 0.000143 0.000149 0.000698 38.181956
-1.825687 1528573630.443884 0.000143 0.000150 0.000696 38.132099
-1.813207 1528573630.456364 0.000142 0.000152 0.000699 38.212337
-1.800922 1528573630.468650 0.000142 0.000152 0.000699 38.389719
-1.787874 1528573630.481698 0.000142 0.000152 0.000698 38.519837
-1.775281 1528573630.494290 0.000142 0.000153 0.000698 38.373801
-1.762640 1528573630.506931 0.000142 0.000151 0.000693 38.592548
-1.750471 1528573630.519101 0.000142 0.000151 0.000694 38.443255
-1.738777 1528573630.530795 0.000142 0.000152 0.000694 38.531581
-1.726597 1528573630.542975 0.000142 0.000151 0.000693 38.529167
-1.713974 1528573630.555597 0.000141 0.000151 0.000692 38.480407
-1.701495 1528573630.568077 0.000141 0.000151 0.000691 38.437139
-1.688868 1528573630.580703 0.000142 0.000151 0.000689 38.612043
-1.676219 1528573630.593353 0.000141 0.000150 0.000692 38.527150
-1.663823 1528573630.605748 0.000141 0.000151 0.000694 38.380193
-1.651383 1528573630.618188 0.000142 0.000150 0.000693 38.445923
-1.638883 1528573630.630689 0.000141 0.000151 0.000692 38.476687
-1.626623 1528573630.642948 0.000141 0.000151 0.000692 38.482920
-1.613728 1528573630.655844 0.000141 0.000151 0.000692 38.448493
-1.601205 1528573630.668367 0.000142 0.000149 0.000692 38.478008
-1.587696 1528573630.681875 0.000141 0.000150 0.000689 38.447957
-1.575197 1528573630.694374 0.000141 0.000150 0.000692 38.321638
-1.562824 1528573630.706747 0.000141 0.000150 0.000691 38.286497
-1.551532 1528573630.718040 0.000141 0.000149 0.000691 38.408446
-1.538802 1528573630.730769 0.000141 0.000149 0.000690 38.448762
-1.526396 1528573630.743175 0.000141 0.000150 0.000693 38.386940
-1.514230 1528573630.755342 0.000141 0.000150 0.000691 38.495501
-1.500649 1528573630.768922 0.000141 0.000149 0.000693 38.485399
-1.488181 1528573630.781390 0.000141 0.000150 0.000691 38.329768
-1.475799 1528573630.793773 0.000141 0.000150 0.000690 38.392618
-1.463878 1528573630.805693 0.000141 0.000150 0.000688 38.369766
-1.451676 1528573630.817895 0.000141 0.000151 0.000688 38.481418
-1.439173 1528573630.830398 0.000141 0.000151 0.000691 38.236695
-1.426116 1528573630.843456 0.000141 0.000151 0.000692 38.353261
-1.413947 1528573630.855624 0.000141 0.000150 0.000687 38.348530
-1.401446 1528573630.868126 0.000141 0.000151 0.000688 38.500725
-1.389269 1528573630.880302 0.000142 0.000151 0.000693 38.383703
-1.376338 1528573630.893233 0.000141 0.000151 0.000689 38.338674
-1.364011 1528573630.905561 0.000141 0.000153 0.000683 38.236254
-1.351545 1528573630.918026 0.000139 0.000156 0.000687 37.223854
-1.338956 1528573630.930615 0.000139 0.000157 0.000700 36.903516
-1.326432 1528573630.943140 0.000138 0.000156 0.000707 36.877524
-1.313976 1528573630.955595 0.000138 0.000154 0.000708 37.014467
-1.301433 1528573630.968139 0.000138 0.000154 0.000707 37.038786
-1.288850 1528573630.980722 0.000138 0.000154 0.000709 36.987100
-1.276106 1528573630.993465 0.000137 0.000154 0.000710 36.926557
-1.263467 1528573631.006105 0.000137 0.000154 0.000709 36.943087
-1.251364 1528573631.018208 0.000137 0.000153 0.000707 37.009538
-1.238374 1528573631.031197 0.000137 0.000153 0.000710 37.029513
-1.225629 1528573631.043942 0.000137 0.000154 0.000711 36.910383
-1.213128 1528573631.056443 0.000137 0.000153 0.000708 37.067415
-1.200393 1528573631.069178 0.000137 0.000153 0.000709 36.956170
-1.188365 1528573631.081206 0.000137 0.000154 0.000712 36.922246
-1.176372 1528573631.093199 0.000136 0.000153 0.000710 37.007008
-1.163405 1528573631.106166 0.000137 0.000154 0.000710 36.874946
-1.151628 1528573631.117944 0.000137 0.000153 0.000708 36.958876
-1.138878 1528573631.130693 0.000136 0.000153 0.000709 37.010247
-1.126468 1528573631.143103 0.000137 0.000153 0.000710 37.032907
-1.113719 1528573631.155852 0.000137 0.000153 0.000708 36.885467
-1.101609 1528573631.167962 0.000136 0.000152 0.000708 36.942398
-1.089114 1528573631.180457 0.000136 0.000153 0.000709 37.051084
-1.076503 1528573631.193068 0.000136 0.000152 0.000708 36.896356
-1.064111 1528573631.205460 0.000137 0.000153 0.000708 36.911076
-1.051348 1528573631.218223 0.000136 0.000152 0.000708 37.080499
-1.038955 1528573631.230616 0.000137 0.000152 0.000709 36.944759
-1.026647 1528573631.242924 0.000136 0.000152 0.000710 37.076795
-1.014167 1528573631.255404 0.000136 0.000152 0.000708 36.977194
-1.001769 1528573631.267802 0.000137 0.000152 0.000709 37.053276
-0.989275 1528573631.280296 0.000137 0.000148 0.000724 37.187214
-0.976803 1528573631.292769 0.000139 0.000148 0.000719 37.970895
-0.964353 1528573631.305218 0.000137 0.000151 0.000715 37.755306
-0.951798 1528573631.317774 0.000136 0.000153 0.000716 37.743773
-0.939041 1528573631.330531 0.000135 0.000152 0.000718 37.839615
-0.925304 1528573631.344267 0.000135 0.000150 0.000718 38.084553
-0.912783 1528573631.356788 0.000135 0.000151 0.000718 37.895236
-0.900144 1528573631.369427 0.000134 0.000151 0.000717 37.890030
-0.887577 1528573631.381994 0.000134 0.000151 0.000718 37.857880
-0.875599 1528573631.393972 0.000134 0.000149 0.000715 38.045040
-0.863041 1528573631.406530 0.000134 0.000149 0.000716 37.886396
-0.851277 1528573631.418294 0.000133 0.000148 0.000716 38.031461
-0.838583 1528573631.430988 0.000133 0.000148 0.000715 37.892701
-0.826314 1528573631.443257 0.000133 0.000146 0.000716 37.968706
-0.814026 1528573631.455545 0.000133 0.000147 0.000717 37.938059
-0.800475 1528573631.469097 0.000132 0.000147 0.000719 37.865199
-0.787729 1528573631.481842 0.000132 0.000146 0.000715 37.870615
-0.775318 1528573631.494253 0.000132 0.000146 0.000718 37.979114
-0.762600 1528573631.506971 0.000132 0.000146 0.000716 37.985785
-0.751310 1528573631.518261 0.000131 0.000146 0.000721 37.821952
-0.738394 1528573631.531177 0.000132 0.000144 0.000716 37.984317
-0.726193 1528573631.543378 0.000132 0.000145 0.000717 37.881695
-0.714056 1528573631.555515 0.000132 0.000144 0.000716 37.997159
-0.701211 1528573631.568360 0.000132 0.000146 0.000722 37.733857
-0.689005 1528573631.580566 0.000132 0.000145 0.000718 37.938158
-0.674553 1528573631.595018 0.000131 0.000146 0.000718 37.868105
-0.662308 1528573631.607264 0.000132 0.000145 0.000718 37.891021
-0.650205 1528573631.619366 0.000132 0.000145 0.000716 37.916451
-0.637404 1528573631.632167 0.000132 0.000145 0.000716 38.001461
-0.624615 1528573631.644956 0.000132 0.000146 0.000718 37.866993
-0.612590 1528573631.656982 0.000132 0.000146 0.000717 37.915285
-0.600861 1528573631.668710 0.000132 0.000145 0.000718 37.899144
-0.587746 1528573631.681825 0.000132 0.000145 0.000715 37.923635
-0.575494 1528573631.694077 0.000132 0.000145 0.000717 38.002909
-0.562744 1528573631.706827 0.000132 0.000146 0.000718 37.922938
-0.550287 1528573631.719285 0.000132 0.000146 0.000719 37.995507
-0.538116 1528573631.731455 0.000132 0.000145 0.000717 38.036027
-0.525481 1528573631.744090 0.000132 0.000146 0.000718 37.988245
-0.512963 1528573631.756608 0.000132 0.000146 0.000717 37.864007
-0.501291 1528573631.768280 0.000132 0.000145 0.000718 38.132490
-0.488608 1528573631.780963 0.000133 0.000146 0.000717 37.949211
-0.476215 1528573631.793357 0.000133 0.000146 0.000716 37.937800
-0.463742 1528573631.805829 0.000133 0.000146 0.000715 37.990907
-0.451402 1528573631.818170 0.000133 0.000146 0.000717 38.048901
-0.438263 1528573631.831308 0.000132 0.000146 0.000719 37.944498
-0.425065 1528573631.844507 0.000133 0.000148 0.000715 37.929085
-0.412199 1528573631.857372 0.000133 0.000149 0.000704 37.473674
-0.400706 1528573631.868865 0.000131 0.000151 0.000703 37.045805
-0.388527 1528573631.881044 0.000131 0.000148 0.000719 36.808054
-0.376372 1528573631.893200 0.000130 0.000147 0.000722 36.913706
-0.363585 1528573631.905987 0.000130 0.000148 0.000725 37.113907
-0.351230 1528573631.918341 0.000130 0.000147 0.000725 37.476400
-0.338786 1528573631.930786 0.000130 0.000148 0.000726 37.452829
-0.326150 1528573631.943421 0.000130 0.000148 0.000723 37.517633
-0.313869 1528573631.955703 0.000130 0.000148 0.000724 37.446506
-0.301580 1528573631.967991 0.000130 0.000148 0.000726 37.419653
-0.287707 1528573631.981864 0.000130 0.000149 0.000726 37.397548
-0.275364 1528573631.994207 0.000130 0.000147 0.000725 37.558349
-0.263642 1528573632.005929 0.000130 0.000148 0.000723 37.578860
-0.251411 1528573632.018161 0.000130 0.000149 0.000721 37.429783
-0.238489 1528573632.031083 0.000130 0.000148 0.000721 37.484589
-0.226101 1528573632.043471 0.000130 0.000149 0.000722 37.566129
-0.213340 1528573632.056232 0.000129 0.000150 0.000720 37.565645
-0.201221 1528573632.068351 0.000129 0.000150 0.000722 37.714153
-0.188340 1528573632.081231 0.000129 0.000149 0.000719 37.650484
-0.175747 1528573632.093824 0.000129 0.000149 0.000718 37.765270
-0.163415 1528573632.106157 0.000129 0.000149 0.000720 37.700232
-0.151115 1528573632.118456 0.000129 0.000149 0.000719 37.591931
-0.138367 1528573632.131204 0.000129 0.000149 0.000718 37.749461
-0.125191 1528573632.144380 0.000129 0.000149 0.000719 37.696695
-0.112650 1528573632.156921 0.000129 0.000150 0.000718 37.664898
-0.101036 1528573632.168535 0.000129 0.000147 0.000720 37.755998
-0.088537 1528573632.181034 0.000129 0.000149 0.000718 37.694805
-0.076082 1528573632.193489 0.000129 0.000149 0.000720 37.566798
-0.063404 1528573632.206167 0.000129 0.000149 0.000716 37.783714
-0.050658 1528573632.218913 0.000129 0.000149 0.000718 37.677087
-0.038064 1528573632.231507 0.000129 0.000149 0.000723 37.541658
-0.025411 1528573632.244160 0.000129 0.000148 0.000717 37.844128
-0.013094 1528573632.256477 0.000129 0.000148 0.000718 37.653654
-0.000696 1528573632.268875 0.000130 0.000146 0.000720 37.748147
0.011487 1528573632.281058 0.000129 0.000150 0.000719 37.495720
0.024138 1528573632.293709 0.000129 0.000147 0.000718 37.782208
0.036605 1528573632.306176 0.000129 0.000147 0.000719 37.636479
0.048947 1528573632.318518 0.000129 0.000148 0.000719 37.649621
0.061807 1528573632.331378 0.000129 0.000148 0.000719 37.707812
0.073923 1528573632.343494 0.000130 0.000148 0.000721 37.653413
0.086267 1528573632.355838 0.000130 0.000148 0.000723 37.513569
0.098683 1528573632.368254 0.000130 0.000149 0.000720 37.699978
0.111579 1528573632.381150 0.000130 0.000148 0.000722 37.660580
0.124431 1528573632.394002 0.000130 0.000148 0.000719 37.782722
0.136880 1528573632.406451 0.000130 0.000149 0.000721 37.862291
0.149287 1528573632.418858 0.000130 0.000147 0.000724 37.710689
0.162546 1528573632.432118 0.000129 0.000148 0.000724 37.644188
0.174728 1528573632.444300 0.000130 0.000147 0.000721 37.662490
0.186189 1528573632.455761 0.000130 0.000146 0.000724 37.799308
0.198378 1528573632.467950 0.000129 0.000145 0.000724 37.761091
0.211076 1528573632.480648 0.000129 0.000146 0.000726 37.787920
0.223461 1528573632.493032 0.000129 0.000146 0.000727 37.849879
0.236290 1528573632.505861 0.000130 0.000147 0.000714 38.162867
0.248560 1528573632.518131 0.000131 0.000146 0.000700 39.112254
0.261417 1528573632.530988 0.000132 0.000146 0.000702 40.272539
0.274333 1528573632.543904 0.000130 0.000142 0.000692 42.557120
0.286571 1528573632.556142 0.000131 0.000143 0.000689 43.219940
0.299071 1528573632.568642 0.000130 0.000144 0.000691 43.511319
0.311445 1528573632.581016 0.000129 0.000145 0.000693 43.795970
0.324066 1528573632.593638 0.000128 0.000146 0.000702 44.032668
0.336802 1528573632.606373 0.000126 0.000146 0.000709 44.016607
0.349288 1528573632.618859 0.000126 0.000144 0.000713 44.040733
0.361488 1528573632.631059 0.000126 0.000143 0.000714 43.858162
0.374038 1528573632.643609 0.000125 0.000144 0.000712 43.737490
0.386491 1528573632.656062 0.000125 0.000142 0.000706 43.572687
0.399320 1528573632.668891 0.000125 0.000142 0.000710 43.497712
0.411554 1528573632.681125 0.000125 0.000142 0.000709 43.439685
0.424204 1528573632.693775 0.000125 0.000142 0.000709 43.375101
0.436553 1528573632.706124 0.000125 0.000143 0.000713 43.208223
0.449142 1528573632.718713 0.000124 0.000142 0.000708 43.306309
0.462245 1528573632.731816 0.000124 0.000143 0.000704 43.446367
0.474762 1528573632.744333 0.000125 0.000143 0.000705 43.391036
0.487850 1528573632.757421 0.000125 0.000143 0.000708 43.600436
0.498736 1528573632.768307 0.000127 0.000156 0.000706 42.437275
0.511392 1528573632.780964 0.000125 0.000144 0.000702 43.786439
0.523891 1528573632.793462 0.000125 0.000144 0.000703 43.995857
0.537182 1528573632.806753 0.000125 0.000147 0.000709 44.688409
0.549739 1528573632.819310 0.000127 0.000151 0.000719 46.051864
0.562041 1528573632.831612 0.000130 0.000144 0.000710 49.048955
0.573957 1528573632.843528 0.000132 0.000146 0.000701 50.973694
0.586262 1528573632.855834 0.000139 0.000156 0.000694 52.646669
0.598826 1528573632.868397 0.000146 0.000166 0.000684 55.222779
0.611411 1528573632.880982 0.000151 0.000160 0.000672 58.739967
0.623792 1528573632.893363 0.000155 0.000165 0.000671 61.914277
0.637077 1528573632.906648 0.000157 0.000168 0.000681 66.259219
0.650303 1528573632.919874 0.000155 0.000176 0.000678 69.755882
0.662537 1528573632.932108 0.000160 0.000181 0.000676 72.675296
0.674936 1528573632.944507 0.000168 0.000182 0.000676 75.933482
0.687464 1528573632.957035 0.000176 0.000197 0.000669 79.153395
0.698918 1528573632.968490 0.000177 0.000196 0.000680 81.415546
0.711185 1528573632.980756 0.000183 0.000189 0.000683 83.445302
0.724020 1528573632.993591 0.000183 0.000184 0.000690 84.811795
0.736172 1528573633.005744 0.000187 0.000190 0.000687 86.944611
0.748739 1528573633.018311 0.000191 0.000195 0.000671 88.031891
0.762446 1528573633.032017 0.000195 0.000198 0.000663 89.972930
0.773666 1528573633.043237 0.000198 0.000201 0.000650 91.573086
0.786124 1528573633.055695 0.000197 0.000203 0.000633 92.443734
0.798610 1528573633.068181 0.000186 0.000203 0.000642 93.575127
0.812823 1528573633.082394 0.000187 0.000205 0.000629 95.103448
0.825090 1528573633.094661 0.000189 0.000207 0.000613 96.185217
0.837343 1528573633.106914 0.000190 0.000210 0.000600 97.032879
0.849992 1528573633.119564 0.000195 0.000216 0.000604 98.579085
0.862774 1528573633.132346 0.000191 0.000214 0.000598 98.983178
0.874803 1528573633.144374 0.000194 0.000217 0.000595 99.733300
0.887363 1528573633.156934 0.000194 0.000218 0.000593 100.732031
0.900059 1528573633.169631 0.000193 0.000220 0.000586 101.235201
0.912658 1528573633.182230 0.000187 0.000214 0.000594 101.401764
0.924192 1528573633.193763 0.000186 0.000214 0.000594 101.547564
0.936641 1528573633.206213 0.000185 0.000222 0.000589 102.623784
0.948987 1528573633.218558 0.000180 0.000216 0.000587 102.051969
0.961425 1528573633.230997 0.000178 0.000219 0.000582 101.463242
0.973916 1528573633.243488 0.000178 0.000218 0.000583 101.431602
0.986506 1528573633.256077 0.000177 0.000220 0.000583 100.925690
0.999292 1528573633.268863 0.000177 0.000217 0.000578 100.514357
1.011708 1528573633.281280 0.000178 0.000220 0.000580 100.557973
1.024046 1528573633.293618 0.000176 0.000218 0.000583 100.376392
1.036646 1528573633.306218 0.000177 0.000223 0.000579 100.299144
1.049280 1528573633.318851 0.000177 0.000219 0.000577 100.312209
1.061557 1528573633.331128 0.000175 0.000221 0.000579 100.496385
1.074362 1528573633.343933 0.000173 0.000225 0.000577 100.616048
1.086576 1528573633.356147 0.000173 0.000226 0.000580 100.767274
1.098879 1528573633.368450 0.000173 0.000222 0.000578 99.925217
1.111547 1528573633.381119 0.000170 0.000226 0.000575 100.298878
1.124204 1528573633.393775 0.000169 0.000224 0.000573 99.436337
1.137217 1528573633.406788 0.000169 0.000227 0.000576 99.201076
1.149411 1528573633.418983 0.000168 0.000226 0.000571 98.794449
1.162098 1528573633.431669 0.000168 0.000225 0.000578 98.184835
1.174363 1528573633.443934 0.000169 0.000226 0.000578 98.030530
1.187459 1528573633.457031 0.000168 0.000235 0.000576 98.635448
1.200002 1528573633.469574 0.000168 0.000233 0.000572 98.229818
1.211576 1528573633.481147 0.000168 0.000233 0.000561 97.003959
1.223638 1528573633.493209 0.000167 0.000229 0.000568 96.601854
1.236346 1528573633.505918 0.000169 0.000237 0.000566 97.036577
1.248680 1528573633.518252 0.000172 0.000234 0.000570 96.397100
1.261133 1528573633.530704 0.000174 0.000239 0.000563 95.862567
1.273663 1528573633.543234 0.000172 0.000233 0.000555 94.179766
1.286216 1528573633.555788 0.000175 0.000232 0.000559 94.629468
1.299285 1528573633.568856 0.000174 0.000238 0.000553 94.157512
1.312620 1528573633.582191 0.000175 0.000238 0.000554 94.385530
1.324814 1528573633.594385 0.000176 0.000233 0.000554 94.213153
1.337471 1528573633.607042 0.000176 0.000235 0.000551 94.043503
1.349762 1528573633.619333 0.000176 0.000241 0.000548 94.057559
1.361771 1528573633.631342 0.000174 0.000237 0.000548 93.341836
1.373904 1528573633.643475 0.000175 0.000238 0.000549 93.506659
1.386644 1528573633.656216 0.000177 0.000239 0.000551 93.694471
1.399502 1528573633.669074 0.000178 0.000239 0.000556 94.053260
1.411678 1528573633.681250 0.000176 0.000239 0.000544 92.756696
1.424073 1528573633.693645 0.000179 0.000242 0.000547 93.401921
1.436683 1528573633.706255 0.000179 0.000244 0.000541 93.395206
1.449244 1528573633.718815 0.000178 0.000248 0.000534 93.727512
1.461647 1528573633.731218 0.000179 0.000247 0.000534 93.258608
1.473921 1528573633.743493 0.000178 0.000245 0.000528 92.064344
1.486326 1528573633.755898 0.000179 0.000245 0.000531 92.138459
1.498812 1528573633.768384 0.000180 0.000244 0.000540 92.936807
1.512126 1528573633.781698 0.000179 0.000247 0.000528 92.208574
1.524294 1528573633.793865 0.000180 0.000253 0.000527 92.846509
1.537069 1528573633.806640 0.000179 0.000248 0.000521 91.623130
1.549725 1528573633.819297 0.000178 0.000247 0.000524 91.481569
1.562404 1528573633.831975 0.000178 0.000254 0.000519 91.898752
1.574663 1528573633.844234 0.000178 0.000252 0.000521 91.353452
1.586814 1528573633.856385 0.000178 0.000251 0.000522 91.557680
1.598685 1528573633.868257 0.000178 0.000247 0.000519 90.509941
1.611250 1528573633.880821 0.000177 0.000244 0.000522 90.227512
1.625047 1528573633.894618 0.000178 0.000251 0.000517 90.152095
1.637351 1528573633.906922 0.000178 0.000249 0.000520 89.116461
1.649465 1528573633.919036 0.000177 0.000244 0.000525 87.518251
1.661690 1528573633.931261 0.000178 0.000245 0.000521 87.255010
1.673956 1528573633.943527 0.000180 0.000240 0.000528 87.434784
1.686565 1528573633.956136 0.000181 0.000240 0.000525 86.775517
1.699214 1528573633.968786 0.000182 0.000245 0.000517 86.231943
1.711460 1528573633.981031 0.000183 0.000238 0.000516 85.122910
1.725017 1528573633.994588 0.000185 0.000231 0.000525 85.256021
1.737561 1528573634.007132 0.000185 0.000233 0.000525 84.476291
1.749177 1528573634.018749 0.000184 0.000232 0.000523 83.677194
1.761385 1528573634.030957 0.000185 0.000231 0.000530 83.653953
1.773878 1528573634.043449 0.000184 0.000230 0.000532 82.707013
1.786400 1528573634.055972 0.000184 0.000222 0.000535 81.705381
1.798637 1528573634.068208 0.000183 0.000224 0.000536 81.064924
1.812165 1528573634.081736 0.000184 0.000219 0.000540 80.768773
1.824524 1528573634.094095 0.000183 0.000216 0.000537 80.019839
1.836955 1528573634.106527 0.000183 0.000220 0.000540 79.948087
1.849401 1528573634.118973 0.000182 0.000219 0.000544 79.794843
1.862055 1528573634.131626 0.000182 0.000214 0.000545 79.155179
1.874776 1528573634.144347 0.000182 0.000214 0.000546 78.781339
1.886735 1528573634.156306 0.000182 0.000208 0.000551 78.728102
1.899010 1528573634.168581 0.000182 0.000214 0.000548 78.453200
1.911272 1528573634.180843 0.000183 0.000211 0.000549 78.370219
1.923712 1528573634.193283 0.000182 0.000212 0.000551 78.264566
1.936227 1528573634.205798 0.000182 0.000209 0.000550 78.108856
1.948621 1528573634.218192 0.000182 0.000209 0.000545 77.866600
1.961234 1528573634.230805 0.000182 0.000208 0.000545 77.922771
1.973640 1528573634.243212 0.000182 0.000205 0.000554 77.830336
1.986066 1528573634.255637 0.000183 0.000199 0.000551 77.697234
1.998574 1528573634.268145 0.000182 0.000195 0.000553 77.752522
2.011289 1528573634.280860 0.000180 0.000202 0.000554 77.376978
2.025144 1528573634.294715 0.000181 0.000202 0.000553 77.318380
2.037504 1528573634.307075 0.000180 0.000193 0.000560 77.098542
2.050006 1528573634.319578 0.000179 0.000199 0.000560 77.184389
2.062928 1528573634.332500 0.000179 0.000189 0.000559 77.038346
2.075168 1528573634.344739 0.000177 0.000183 0.000556 77.249704
2.087466 1528573634.357037 0.000179 0.000189 0.000556 76.812165
2.100539 1528573634.370110 0.000180 0.000188 0.000563 76.993897
2.112372 1528573634.381943 0.000180 0.000186 0.000564 77.182240
2.129073 1528573634.398644 0.000180 0.000186 0.000563 77.129227
2.137181 1528573634.406752 0.000179 0.000186 0.000565 77.260859
2.149377 1528573634.418948 0.000178 0.000183 0.000561 77.196906
2.161601 1528573634.431172 0.000178 0.000183 0.000567 77.176898
2.174405 1528573634.443976 0.000177 0.000182 0.000569 77.415174
2.186621 1528573634.456192 0.000176 0.000187 0.000569 77.701818
2.199975 1528573634.469546 0.000175 0.000181 0.000572 77.592052
2.212491 1528573634.482063 0.000176 0.000182 0.000570 77.359074
2.225044 1528573634.494615 0.000174 0.000180 0.000572 77.773660
2.236732 1528573634.506304 0.000174 0.000179 0.000571 77.669958
2.249024 1528573634.518595 0.000173 0.000177 0.000576 77.904927
2.261297 1528573634.530869 0.000173 0.000176 0.000582 78.143931
2.275166 1528573634.544737 0.000173 0.000175 0.000579 78.029682
2.287297 1528573634.556869 0.000173 0.000179 0.000578 78.444980
2.300153 1528573634.569725 0.000171 0.000175 0.000581 78.192897
2.312379 1528573634.581950 0.000159 0.000176 0.000580 78.613834
2.325196 1528573634.594767 0.000168 0.000176 0.000580 78.178994
2.336870 1528573634.606441 0.000159 0.000177 0.000576 78.471871
2.349254 1528573634.618825 0.000166 0.000177 0.000574 78.236359
2.362600 1528573634.632171 0.000165 0.000178 0.000580 78.138531
2.375278 1528573634.644850 0.000167 0.000179 0.000580 77.870091
2.386885 1528573634.656456 0.000152 0.000180 0.000582 78.138109
2.398857 1528573634.668429 0.000164 0.000180 0.000570 77.532305
2.411555 1528573634.681126 0.000163 0.000179 0.000580 77.520285
2.424161 1528573634.693732 0.000162 0.000181 0.000575 77.194855
2.436661 1528573634.706233 0.000160 0.000180 0.000582 77.207923
2.449546 1528573634.719117 0.000160 0.000183 0.000580 77.010719
2.461588 1528573634.731159 0.000161 0.000183 0.000578 76.702107
2.474181 1528573634.743752 0.000162 0.000185 0.000582 76.682779
2.487049 1528573634.756621 0.000161 0.000186 0.000583 76.316124
2.499690 1528573634.769261 0.000159 0.000187 0.000577 76.157528
2.512185 1528573634.781756 0.000157 0.000188 0.000581 75.970654
2.524631 1528573634.794202 0.000156 0.000189 0.000584 75.778438
2.537433 1528573634.807004 0.000146 0.000189 0.000581 76.018025
2.550026 1528573634.819597 0.000154 0.000189 0.000571 75.140809
2.561946 1528573634.831518 0.000156 0.000189 0.000569 74.167006
2.574654 1528573634.844225 0.000142 0.000184 0.000570 73.219664
2.587263 1528573634.856834 0.000143 0.000182 0.000578 72.522688
2.599506 1528573634.869077 0.000151 0.000181 0.000577 71.581226
2.612067 1528573634.881638 0.000141 0.000178 0.000583 72.017438
2.624440 1528573634.894012 0.000150 0.000177 0.000573 70.862090
2.636632 1528573634.906203 0.000142 0.000173 0.000572 71.527042
2.649795 1528573634.919366 0.000150 0.000176 0.000573 70.531098
2.663001 1528573634.932572 0.000147 0.000174 0.000572 70.575837
2.675342 1528573634.944913 0.000148 0.000174 0.000573 70.583106
2.688281 1528573634.957852 0.000148 0.000174 0.000569 70.610788
2.700214 1528573634.969785 0.000140 0.000171 0.000569 71.286571
2.712487 1528573634.982058 0.000149 0.000174 0.000567 70.634748
2.724783 1528573634.994354 0.000140 0.000172 0.000568 71.465011
2.737692 1528573635.007263 0.000148 0.000175 0.000566 70.844711
2.750224 1528573635.019796 0.000150 0.000174 0.000566 70.893513
2.761876 1528573635.031447 0.000148 0.000173 0.000571 71.109334
2.774706 1528573635.044278 0.000149 0.000173 0.000568 70.964153
2.787033 1528573635.056604 0.000149 0.000174 0.000572 70.985740
2.799485 1528573635.069057 0.000147 0.000173 0.000569 71.123493
2.812629 1528573635.082200 0.000148 0.000173 0.000569 70.995311
2.825405 1528573635.094976 0.000140 0.000170 0.000571 71.573352
2.836921 1528573635.106492 0.000150 0.000173 0.000566 70.874930
2.849243 1528573635.118814 0.000140 0.000170 0.000568 71.463110
2.861711 1528573635.131282 0.000147 0.000172 0.000565 70.662352
2.874416 1528573635.143987 0.000139 0.000169 0.000567 71.232002
2.886634 1528573635.156206 0.000148 0.000172 0.000569 70.636842
2.899140 1528573635.168711 0.000147 0.000171 0.000568 70.400321
2.911663 1528573635.181234 0.000148 0.000171 0.000569 70.691076
2.924442 1528573635.194014 0.000138 0.000168 0.000570 71.393713
2.936723 1528573635.206294 0.000138 0.000167 0.000574 71.306146
2.949391 1528573635.218962 0.000146 0.000170 0.000570 70.648678
2.962015 1528573635.231587 0.000138 0.000167 0.000572 71.178639
2.974980 1528573635.244551 0.000146 0.000170 0.000572 70.480456
2.986860 1528573635.256431 0.000147 0.000170 0.000570 70.301639
2.999607 1528573635.269179 0.000138 0.000167 0.000572 70.907335
3.012073 1528573635.281644 0.000148 0.000169 0.000571 70.135504
3.024825 1528573635.294396 0.000140 0.000166 0.000570 70.836015
3.037211 1528573635.306782 0.000146 0.000169 0.000571 70.156574
3.049495 1528573635.319066 0.000146 0.000169 0.000574 70.175859
3.061841 1528573635.331412 0.000147 0.000168 0.000569 70.146480
3.074544 1528573635.344115 0.000140 0.000165 0.000571 70.734768
3.086978 1528573635.356550 0.000147 0.000168 0.000577 69.968103
3.100251 1528573635.369822 0.000148 0.000169 0.000569 69.795867
3.112503 1528573635.382075 0.000141 0.000165 0.000572 70.438449
3.124467 1528573635.394038 0.000148 0.000169 0.000572 69.629716
3.137212 1528573635.406784 0.000139 0.000166 0.000570 70.383498
3.150004 1528573635.419575 0.000148 0.000168 0.000570 69.533498
3.162020 1528573635.431591 0.000148 0.000168 0.000569 69.509547
3.173929 1528573635.443500 0.000147 0.000168 0.000572 69.609828
3.186542 1528573635.456113 0.000149 0.000169 0.000566 69.366404
3.198942 1528573635.468513 0.000141 0.000166 0.000570 70.108752
3.211367 1528573635.480938 0.000140 0.000165 0.000575 69.951929
3.223855 1528573635.493427 0.000150 0.000169 0.000573 69.229729
3.236553 1528573635.506125 0.000141 0.000165 0.000570 69.875173
3.248802 1528573635.518373 0.000140 0.000165 0.000575 70.006201
3.262328 1528573635.531899 0.000140 0.000165 0.000571 69.773923
3.273884 1528573635.543455 0.000148 0.000168 0.000574 69.052305
3.286604 1528573635.556175 0.000141 0.000164 0.000573 69.762433
3.299788 1528573635.569359 0.000141 0.000164 0.000575 69.606086
3.312101 1528573635.581673 0.000141 0.000164 0.000574 69.418791
3.324300 1528573635.593871 0.000148 0.000168 0.000571 68.767482
3.336989 1528573635.606561 0.000140 0.000164 0.000574 69.460938
3.349343 1528573635.618914 0.000141 0.000163 0.000574 69.259026
3.361930 1528573635.631501 0.000141 0.000164 0.000576 69.082026
3.375077 1528573635.644648 0.000140 0.000164 0.000575 68.917515
3.387279 1528573635.656850 0.000148 0.000168 0.000575 68.052255
3.399653 1528573635.669224 0.000141 0.000163 0.000575 69.086719
3.412086 1528573635.681657 0.000149 0.000167 0.000575 68.159095
3.424493 1528573635.694064 0.000148 0.000167 0.000576 68.208788
3.436805 1528573635.706377 0.000148 0.000169 0.000580 67.924293
3.449535 1528573635.719107 0.000148 0.000167 0.000581 68.029472
3.461888 1528573635.731459 0.000149 0.000167 0.000577 68.002188
3.474322 1528573635.743893 0.000147 0.000167 0.000577 67.889428
3.488315 1528573635.757886 0.000143 0.000162 0.000577 68.689717
3.499340 1528573635.768911 0.000143 0.000162 0.000573 68.747082
3.512420 1528573635.781991 0.000148 0.000168 0.000574 67.852559
3.524327 1528573635.793899 0.000141 0.000162 0.000576 68.604900
3.537135 1528573635.806706 0.000148 0.000167 0.000574 67.768300
3.549498 1528573635.819069 0.000144 0.000162 0.000577 68.488697
3.561913 1528573635.831484 0.000149 0.000174 0.000576 67.602521
3.574077 1528573635.843648 0.000142 0.000163 0.000579 68.432422
3.586596 1528573635.856168 0.000142 0.000163 0.000579 68.390550
3.600394 1528573635.869966 0.000148 0.000168 0.000577 67.589368
3.611905 1528573635.881477 0.000147 0.000167 0.000580 67.757335
3.624343 1528573635.893915 0.000148 0.000168 0.000578 67.685211
3.636765 1528573635.906336 0.000148 0.000168 0.000576 67.559138
3.649429 1528573635.919001 0.000143 0.000163 0.000575 68.155089
3.662207 1528573635.931779 0.000149 0.000168 0.000579 67.367203
3.674342 1528573635.943913 0.000149 0.000168 0.000577 67.442620
3.686749 1528573635.956320 0.000148 0.000169 0.000575 67.128076
3.700119 1528573635.969690 0.000149 0.000169 0.000577 66.832170
3.712793 1528573635.982365 0.000148 0.000167 0.000585 66.196699
3.725499 1528573635.995070 0.000148 0.000168 0.000589 65.644374
3.737726 1528573636.007298 0.000149 0.000170 0.000591 65.009595
3.750211 1528573636.019782 0.000145 0.000162 0.000590 65.596131
3.761920 1528573636.031492 0.000149 0.000167 0.000585 64.909111
3.773842 1528573636.043414 0.000145 0.000162 0.000584 65.422908
3.786572 1528573636.056144 0.000151 0.000166 0.000575 64.117953
3.799065 1528573636.068636 0.000150 0.000166 0.000574 64.222358
3.811656 1528573636.081227 0.000142 0.000164 0.000574 64.929521
3.824157 1528573636.093729 0.000150 0.000165 0.000577 64.057466
3.836778 1528573636.106349 0.000150 0.000165 0.000577 63.953182
3.850359 1528573636.119930 0.000153 0.000165 0.000577 63.695320
3.863172 1528573636.132743 0.000153 0.000164 0.000574 63.301302
3.874923 1528573636.144494 0.000152 0.000164 0.000568 62.925619
3.887279 1528573636.156850 0.000150 0.000162 0.000568 62.962491
3.899539 1528573636.169111 0.000152 0.000163 0.000568 62.654286
3.911993 1528573636.181564 0.000152 0.000162 0.000570 62.667777
3.924391 1528573636.193962 0.000150 0.000161 0.000573 62.719339
3.936846 1528573636.206417 0.000142 0.000160 0.000568 63.584118
3.949374 1528573636.218945 0.000152 0.000161 0.000567 62.411775
3.961882 1528573636.231453 0.000151 0.000160 0.000569 62.404481
3.975050 1528573636.244622 0.000150 0.000159 0.000573 62.475610
3.987647 1528573636.257219 0.000150 0.000159 0.000569 62.253920
4.000595 1528573636.270167 0.000142 0.000157 0.000569 63.283614
4.013020 1528573636.282591 0.000143 0.000157 0.000570 63.298335
4.024745 1528573636.294316 0.000151 0.000159 0.000569 62.154045
4.037136 1528573636.306707 0.000142 0.000156 0.000572 63.148432
4.049414 1528573636.318985 0.000151 0.000160 0.000572 61.775328
4.062232 1528573636.331804 0.000150 0.000158 0.000572 62.064706
4.075695 1528573636.345266 0.000141 0.000156 0.000576 63.133331
4.088493 1528573636.358064 0.000141 0.000156 0.000570 63.096731
4.100356 1528573636.369927 0.000142 0.000156 0.000570 63.060131
4.113098 1528573636.382670 0.000142 0.000155 0.000571 62.877895
4.125434 1528573636.395006 0.000142 0.000156 0.000573 62.978480
4.137561 1528573636.407132 0.000141 0.000155 0.000569 62.618214
4.150515 1528573636.420087 0.000149 0.000158 0.000575 61.871802
4.162039 1528573636.431610 0.000149 0.000158 0.000572 61.653324
4.175522 1528573636.445093 0.000150 0.000159 0.000573 61.471520
4.186915 1528573636.456486 0.000141 0.000155 0.000573 62.746256
4.199592 1528573636.469163 0.000147 0.000156 0.000575 61.937100
4.212261 1528573636.481832 0.000148 0.000157 0.000576 62.006870
4.224722 1528573636.494293 0.000141 0.000154 0.000574 63.039884
4.236917 1528573636.506489 0.000150 0.000160 0.000575 61.530716
4.250348 1528573636.519919 0.000141 0.000155 0.000577 62.822308
4.263073 1528573636.532644 0.000142 0.000155 0.000577 62.961450
4.276116 1528573636.545687 0.000149 0.000159 0.000577 61.764409
4.288080 1528573636.557652 0.000148 0.000158 0.000578 61.730404
4.300457 1528573636.570029 0.000148 0.000157 0.000574 61.993666
4.312751 1528573636.582323 0.000143 0.000154 0.000562 63.132405
4.324883 1528573636.594454 0.000148 0.000156 0.000564 61.989102
4.338333 1528573636.607905 0.000148 0.000157 0.000570 61.097723
4.350583 1528573636.620154 0.000146 0.000156 0.000580 60.841670
4.362581 1528573636.632152 0.000141 0.000152 0.000585 61.376472
4.374698 1528573636.644269 0.000140 0.000150 0.000590 61.167314
4.387012 1528573636.656583 0.000141 0.000155 0.000598 59.883479
4.399287 1528573636.668858 0.000141 0.000155 0.000599 59.824064
4.411658 1528573636.681230 0.000139 0.000155 0.000607 59.472446
4.424142 1528573636.693714 0.000137 0.000147 0.000604 60.759207
4.437656 1528573636.707227 0.000137 0.000147 0.000605 60.684157
4.449377 1528573636.718949 0.000136 0.000147 0.000607 60.718859
4.461593 1528573636.731164 0.000137 0.000156 0.000610 59.550478
4.474170 1528573636.743742 0.000137 0.000156 0.000611 59.362897
4.486551 1528573636.756122 0.000137 0.000154 0.000611 59.398406
4.499119 1528573636.768690 0.000137 0.000155 0.000609 59.538680
4.512540 1528573636.782111 0.000137 0.000156 0.000610 59.205247
4.524159 1528573636.793731 0.000135 0.000155 0.000611 59.208464
4.536584 1528573636.806155 0.000136 0.000157 0.000612 59.046587
4.549281 1528573636.818852 0.000136 0.000156 0.000608 59.414477
4.561742 1528573636.831313 0.000136 0.000159 0.000615 58.875468
4.574136 1528573636.843707 0.000135 0.000155 0.000613 59.307874
4.586565 1528573636.856136 0.000136 0.000157 0.000614 59.178567
4.599190 1528573636.868761 0.000135 0.000156 0.000614 59.176673
4.611716 1528573636.881288 0.000135 0.000158 0.000616 59.159691
4.624158 1528573636.893729 0.000135 0.000154 0.000612 59.467826
4.636820 1528573636.906392 0.000136 0.000157 0.000615 59.425915
4.649635 1528573636.919206 0.000135 0.000156 0.000616 59.019714
4.661557 1528573636.931128 0.000135 0.000156 0.000614 59.392806
4.674130 1528573636.943701 0.000135 0.000159 0.000615 59.167302
4.686819 1528573636.956390 0.000135 0.000155 0.000611 59.189362
4.699309 1528573636.968881 0.000135 0.000156 0.000614 59.268792
4.711506 1528573636.981077 0.000136 0.000156 0.000614 59.245719
4.724432 1528573636.994003 0.000135 0.000158 0.000614 58.863015
4.736731 1528573637.006302 0.000134 0.000152 0.000613 59.475083
4.749315 1528573637.018886 0.000134 0.000153 0.000613 59.306449
4.761862 1528573637.031434 0.000135 0.000156 0.000615 59.249033
4.774246 1528573637.043817 0.000134 0.000155 0.000618 59.077436
4.786551 1528573637.056123 0.000134 0.000146 0.000613 60.372824
4.800402 1528573637.069973 0.000135 0.000158 0.000616 58.987978
4.813171 1528573637.082743 0.000135 0.000153 0.000614 59.379875
4.825545 1528573637.095116 0.000134 0.000146 0.000613 60.258355
4.837911 1528573637.107482 0.000134 0.000146 0.000615 60.288137
4.850841 1528573637.120412 0.000135 0.000146 0.000613 60.220526
4.863283 1528573637.132854 0.000134 0.000146 0.000613 60.253057
4.875398 1528573637.144969 0.000135 0.000156 0.000616 58.990087
4.887161 1528573637.156733 0.000135 0.000156 0.000614 59.159181
4.900495 1528573637.170067 0.000133 0.000145 0.000614 60.275852
4.913210 1528573637.182782 0.000134 0.000146 0.000614 60.037890
4.926194 1528573637.195765 0.000135 0.000146 0.000611 60.294579
4.937354 1528573637.206925 0.000134 0.000146 0.000611 60.234711
4.949698 1528573637.219269 0.000134 0.000146 0.000614 60.222740
4.962204 1528573637.231776 0.000134 0.000146 0.000612 60.111139
4.974975 1528573637.244546 0.000134 0.000146 0.000612 60.179038
4.987364 1528573637.256936 0.000135 0.000146 0.000612 60.233530
5.000149 1528573637.269720 0.000134 0.000146 0.000612 59.994929
5.012560 1528573637.282131 0.000134 0.000146 0.000614 60.228261
5.024956 1528573637.294528 0.000134 0.000146 0.000613 60.011086
5.037565 1528573637.307137 0.000136 0.000158 0.000616 58.894726
5.049741 1528573637.319313 0.000135 0.000147 0.000615 59.994757
5.062235 1528573637.331806 0.000134 0.000148 0.000618 60.000064
5.074666 1528573637.344237 0.000134 0.000148 0.000619 59.906137
5.087192 1528573637.356763 0.000133 0.000149 0.000620 59.993601
5.101117 1528573637.370688 0.000133 0.000150 0.000627 60.118444
5.113155 1528573637.382726 0.000135 0.000157 0.000636 58.844364
5.125989 1528573637.395561 0.000132 0.000149 0.000639 59.595750
5.138519 1528573637.408091 0.000133 0.000158 0.000660 58.480362
5.150557 1528573637.420128 0.000131 0.000148 0.000647 59.155343
5.163128 1528573637.432699 0.000130 0.000147 0.000661 59.033912
5.175479 1528573637.445050 0.000130 0.000147 0.000663 58.954199
5.188206 1528573637.457778 0.000130 0.000148 0.000658 58.917579
5.200092 1528573637.469664 0.000130 0.000157 0.000669 57.819791
5.212662 1528573637.482234 0.000130 0.000148 0.000658 58.886984
5.224821 1528573637.494392 0.000130 0.000147 0.000656 58.784654
5.236914 1528573637.506486 0.000130 0.000148 0.000658 58.792675
5.250725 1528573637.520297 0.000130 0.000147 0.000657 58.775497
5.263171 1528573637.532742 0.000129 0.000147 0.000658 58.721126
5.275178 1528573637.544750 0.000130 0.000148 0.000664 58.527243
5.287742 1528573637.557314 0.000128 0.000146 0.000660 58.522224
5.300420 1528573637.569991 0.000129 0.000147 0.000664 58.399457
5.312705 1528573637.582277 0.000129 0.000146 0.000669 58.408133
5.324739 1528573637.594311 0.000129 0.000158 0.000661 57.148955
5.337047 1528573637.606618 0.000129 0.000147 0.000667 58.239222
5.350095 1528573637.619666 0.000130 0.000157 0.000672 57.165712
5.362741 1528573637.632312 0.000128 0.000147 0.000668 58.355455
5.375357 1528573637.644929 0.000129 0.000157 0.000662 57.359170
5.388221 1528573637.657792 0.000129 0.000147 0.000665 58.196507
5.400093 1528573637.669664 0.000129 0.000147 0.000671 58.279300
5.411781 1528573637.681353 0.000129 0.000147 0.000670 58.314844
5.425524 1528573637.695095 0.000129 0.000158 0.000674 56.988191
5.437404 1528573637.706975 0.000129 0.000147 0.000672 58.027625
5.449873 1528573637.719444 0.000129 0.000146 0.000670 58.096289
5.463143 1528573637.732715 0.000129 0.000147 0.000673 58.075054
5.476018 1528573637.745590 0.000129 0.000147 0.000667 57.891711
5.487460 1528573637.757032 0.000130 0.000158 0.000677 56.944890
5.499852 1528573637.769423 0.000130 0.000157 0.000673 56.753677
5.511872 1528573637.781443 0.000130 0.000147 0.000671 58.059571
5.525314 1528573637.794885 0.000129 0.000146 0.000678 58.172811
5.538054 1528573637.807626 0.000129 0.000155 0.000668 57.059141
5.550617 1528573637.820188 0.000131 0.000170 0.000667 56.198651
5.562916 1528573637.832487 0.000130 0.000146 0.000665 58.065667
5.575637 1528573637.845208 0.000130 0.000155 0.000667 57.033281
5.588168 1528573637.857739 0.000129 0.000155 0.000671 56.735640
5.600605 1528573637.870176 0.000126 0.000142 0.000673 58.004737
5.613472 1528573637.883043 0.000127 0.000152 0.000683 56.889694
5.624737 1528573637.894309 0.000128 0.000150 0.000673 57.234228
5.637447 1528573637.907019 0.000128 0.000149 0.000686 58.095146
5.649406 1528573637.918977 0.000129 0.000148 0.000678 58.603731
5.661634 1528573637.931205 0.000130 0.000146 0.000683 59.204262
5.675616 1528573637.945187 0.000129 0.000137 0.000676 60.141279
5.688440 1528573637.958011 0.000128 0.000136 0.000678 60.178776
5.700138 1528573637.969709 0.000128 0.000136 0.000681 60.309336
5.711976 1528573637.981547 0.000129 0.000147 0.000678 58.875215
5.725641 1528573637.995213 0.000128 0.000135 0.000691 60.058949
5.737786 1528573638.007357 0.000128 0.000148 0.000686 58.891721
5.749919 1528573638.019490 0.000126 0.000135 0.000676 60.013166
5.762066 1528573638.031637 0.000128 0.000146 0.000683 59.109193
5.774767 1528573638.044338 0.000129 0.000147 0.000684 59.102285
5.787205 1528573638.056777 0.000129 0.000146 0.000681 58.951556
5.800520 1528573638.070091 0.000129 0.000147 0.000685 58.928455
5.812897 1528573638.082468 0.000129 0.000144 0.000673 59.290378
5.825667 1528573638.095238 0.000129 0.000145 0.000683 59.252632
5.838159 1528573638.107731 0.000128 0.000145 0.000683 59.352408
5.850216 1528573638.119787 0.000129 0.000144 0.000674 59.190270
5.862199 1528573638.131770 0.000128 0.000146 0.000675 59.062575
5.874532 1528573638.144104 0.000128 0.000144 0.000673 59.303853
5.886873 1528573638.156445 0.000128 0.000144 0.000673 59.287002
5.900552 1528573638.170123 0.000128 0.000146 0.000674 59.109169
5.912679 1528573638.182250 0.000129 0.000144 0.000680 59.198841
5.924556 1528573638.194127 0.000128 0.000146 0.000676 59.071284
5.937076 1528573638.206648 0.000129 0.000148 0.000674 58.808489
5.949524 1528573638.219095 0.000128 0.000147 0.000675 59.035226
5.962331 1528573638.231902 0.000128 0.000145 0.000684 59.040121
5.974929 1528573638.244501 0.000128 0.000145 0.000682 59.199016
5.987185 1528573638.256757 0.000126 0.000135 0.000685 60.285638
6.000516 1528573638.270087 0.000129 0.000146 0.000669 59.111171
6.013015 1528573638.282586 0.000128 0.000145 0.000674 59.106551
6.026008 1528573638.295579 0.000127 0.000143 0.000685 59.204211
6.038366 1528573638.307937 0.000129 0.000130 0.000687 60.118838
6.050835 1528573638.320406 0.000128 0.000142 0.000689 58.949813
6.063266 1528573638.332837 0.000127 0.000142 0.000693 59.039904
6.075397 1528573638.344968 0.000127 0.000142 0.000700 59.325218
6.088245 1528573638.357816 0.000127 0.000144 0.000700 59.155884
6.100067 1528573638.369638 0.000127 0.000143 0.000700 59.326227
6.112128 1528573638.381699 0.000127 0.000142 0.000709 59.285156
6.124652 1528573638.394223 0.000126 0.000143 0.000707 59.188764
6.137437 1528573638.407008 0.000126 0.000143 0.000700 59.400027
6.150015 1528573638.419586 0.000126 0.000145 0.000709 59.049749
6.163364 1528573638.432935 0.000126 0.000144 0.000708 59.217436
6.175519 1528573638.445090 0.000127 0.000132 0.000699 60.231549
6.188650 1528573638.458221 0.000126 0.000144 0.000703 59.300886
6.200060 1528573638.469632 0.000127 0.000131 0.000708 60.277615
6.211831 1528573638.481403 0.000127 0.000131 0.000702 60.201882
6.224452 1528573638.494024 0.000126 0.000142 0.000705 59.233800
6.237396 1528573638.506968 0.000126 0.000131 0.000707 59.983058
6.249787 1528573638.519359 0.000126 0.000132 0.000707 60.082004
6.261991 1528573638.531562 0.000127 0.000133 0.000702 60.050352
6.274778 1528573638.544349 0.000126 0.000144 0.000704 59.001918
6.286885 1528573638.556457 0.000126 0.000143 0.000711 59.080843
6.299941 1528573638.569512 0.000126 0.000144 0.000706 59.000094
6.312325 1528573638.581896 0.000127 0.000132 0.000703 59.886299
6.325435 1528573638.595006 0.000126 0.000145 0.000707 58.783010
6.337698 1528573638.607269 0.000127 0.000133 0.000706 59.780694
6.350203 1528573638.619774 0.000127 0.000133 0.000705 59.844427
6.362875 1528573638.632447 0.000127 0.000134 0.000709 59.905626
6.374956 1528573638.644527 0.000127 0.000132 0.000700 59.903999
6.387716 1528573638.657288 0.000126 0.000146 0.000707 58.730141
6.400382 1528573638.669953 0.000126 0.000147 0.000697 58.704145
6.412999 1528573638.682570 0.000128 0.000133 0.000705 59.751425
6.425397 1528573638.694968 0.000127 0.000134 0.000707 59.844689
6.437652 1528573638.707223 0.000127 0.000134 0.000707 59.752159
6.450241 1528573638.719812 0.000127 0.000136 0.000701 59.832007
6.462024 1528573638.731595 0.000127 0.000134 0.000706 59.817459
6.474689 1528573638.744261 0.000128 0.000134 0.000707 59.815956
6.487039 1528573638.756610 0.000128 0.000133 0.000703 59.932294
6.499594 1528573638.769165 0.000126 0.000147 0.000705 58.851351
6.513072 1528573638.782643 0.000127 0.000133 0.000706 59.803595
6.525435 1528573638.795007 0.000127 0.000145 0.000706 58.958591
6.537635 1528573638.807207 0.000126 0.000145 0.000700 58.864342
6.549869 1528573638.819440 0.000127 0.000134 0.000705 59.862330
6.562493 1528573638.832064 0.000127 0.000145 0.000703 58.830185
6.575906 1528573638.845477 0.000127 0.000134 0.000698 59.790050
6.588478 1528573638.858049 0.000127 0.000134 0.000710 59.796886
6.601297 1528573638.870868 0.000126 0.000145 0.000705 58.755736
6.613615 1528573638.883186 0.000126 0.000134 0.000711 59.467496
6.625978 1528573638.895549 0.000125 0.000135 0.000714 59.138217
6.638402 1528573638.907974 0.000125 0.000135 0.000714 59.017309
6.649787 1528573638.919358 0.000125 0.000136 0.000717 59.009362
6.662290 1528573638.931861 0.000127 0.000147 0.000709 57.997650
6.674877 1528573638.944449 0.000127 0.000136 0.000711 58.951835
6.687859 1528573638.957430 0.000126 0.000135 0.000707 59.031419
6.699826 1528573638.969398 0.000126 0.000135 0.000709 58.906196
6.712578 1528573638.982149 0.000127 0.000136 0.000697 58.865459
6.724761 1528573638.994333 0.000126 0.000135 0.000702 58.921636
6.737643 1528573639.007214 0.000126 0.000135 0.000708 58.888095
6.750223 1528573639.019794 0.000126 0.000135 0.000710 58.913882
6.762630 1528573639.032201 0.000127 0.000134 0.000698 58.837105
6.774799 1528573639.044370 0.000127 0.000135 0.000709 58.789772
6.787656 1528573639.057227 0.000126 0.000134 0.000710 58.859945
6.800026 1528573639.069598 0.000125 0.000134 0.000709 58.877447
6.812233 1528573639.081805 0.000124 0.000133 0.000711 58.760509
6.824992 1528573639.094563 0.000126 0.000134 0.000706 58.708128
6.837202 1528573639.106773 0.000128 0.000143 0.000712 57.755772
6.850110 1528573639.119682 0.000127 0.000134 0.000710 58.575913
6.862268 1528573639.131839 0.000126 0.000133 0.000712 58.657585
6.874754 1528573639.144325 0.000126 0.000133 0.000705 58.656260
6.887610 1528573639.157181 0.000126 0.000133 0.000714 58.614208
6.900129 1528573639.169701 0.000125 0.000133 0.000700 58.575875
6.912350 1528573639.181921 0.000127 0.000143 0.000704 57.581752
6.924998 1528573639.194569 0.000126 0.000133 0.000708 58.671587
6.937626 1528573639.207197 0.000125 0.000133 0.000709 58.597266
6.950230 1528573639.219802 0.000126 0.000133 0.000710 58.696942
6.962564 1528573639.232135 0.000124 0.000133 0.000702 58.655474
6.974910 1528573639.244481 0.000125 0.000133 0.000713 58.680309
6.987545 1528573639.257116 0.000125 0.000133 0.000699 58.630747
7.000258 1528573639.269830 0.000125 0.000133 0.000708 58.662752
7.013233 1528573639.282804 0.000125 0.000133 0.000699 58.745226
7.025392 1528573639.294964 0.000128 0.000143 0.000705 57.699980
7.038273 1528573639.307844 0.000127 0.000145 0.000702 57.672978
7.049981 1528573639.319552 0.000126 0.000134 0.000698 58.709472
7.062198 1528573639.331769 0.000126 0.000134 0.000699 58.653130
7.074669 1528573639.344240 0.000126 0.000134 0.000705 58.633610
7.087104 1528573639.356675 0.000127 0.000143 0.000701 57.690114
7.099403 1528573639.368974 0.000126 0.000134 0.000699 58.680603
7.111834 1528573639.381405 0.000126 0.000134 0.000696 58.663376
7.124417 1528573639.393988 0.000125 0.000134 0.000709 58.478332
7.137140 1528573639.406711 0.000127 0.000135 0.000700 58.654841
7.149584 1528573639.419155 0.000126 0.000135 0.000698 58.562001
7.162116 1528573639.431687 0.000126 0.000135 0.000700 58.585015
7.175013 1528573639.444584 0.000128 0.000144 0.000715 57.644473
7.187340 1528573639.456912 0.000126 0.000135 0.000712 58.581901
7.199924 1528573639.469495 0.000126 0.000135 0.000709 58.492430
7.213640 1528573639.483212 0.000126 0.000135 0.000709 58.575577
7.225744 1528573639.495316 0.000127 0.000135 0.000708 58.511660
7.238169 1528573639.507740 0.000126 0.000135 0.000710 58.611223
7.250686 1528573639.520257 0.000126 0.000136 0.000710 58.584460
7.263143 1528573639.532715 0.000127 0.000136 0.000711 58.605369
7.275749 1528573639.545320 0.000126 0.000136 0.000711 58.704683
7.288073 1528573639.557644 0.000127 0.000136 0.000706 58.597149
7.299757 1528573639.569328 0.000128 0.000147 0.000699 57.571827
7.312275 1528573639.581846 0.000128 0.000137 0.000700 58.623551
7.324759 1528573639.594330 0.000126 0.000136 0.000710 58.616897
7.337283 1528573639.606854 0.000128 0.000145 0.000701 57.520687
7.349592 1528573639.619164 0.000127 0.000136 0.000710 58.603775
7.362391 1528573639.631963 0.000128 0.000145 0.000709 57.785471
7.374727 1528573639.644298 0.000127 0.000136 0.000704 58.628992
7.387617 1528573639.657189 0.000128 0.000136 0.000704 58.687909
7.401241 1528573639.670812 0.000127 0.000136 0.000705 58.645703
7.412958 1528573639.682529 0.000127 0.000136 0.000709 58.634624
7.425789 1528573639.695361 0.000127 0.000136 0.000702 58.596896
7.438375 1528573639.707947 0.000127 0.000136 0.000705 58.673001
7.450963 1528573639.720535 0.000127 0.000137 0.000694 58.870338
7.463118 1528573639.732689 0.000127 0.000138 0.000700 58.815852
7.475665 1528573639.745236 0.000128 0.000138 0.000688 58.892507
7.487975 1528573639.757546 0.000129 0.000148 0.000695 57.583539
7.500068 1528573639.769639 0.000127 0.000149 0.000693 57.588464
7.512208 1528573639.781780 0.000126 0.000149 0.000686 57.504783
7.525058 1528573639.794629 0.000126 0.000147 0.000701 57.744145
7.537490 1528573639.807061 0.000126 0.000148 0.000691 57.538422
7.550186 1528573639.819757 0.000126 0.000150 0.000701 57.538501
7.562428 1528573639.831999 0.000126 0.000148 0.000699 57.690402
7.574765 1528573639.844336 0.000126 0.000147 0.000694 57.728035
7.587317 1528573639.856889 0.000126 0.000137 0.000689 58.536751
7.600115 1528573639.869686 0.000126 0.000137 0.000687 58.506327
7.612437 1528573639.882009 0.000127 0.000138 0.000686 58.403604
7.625143 1528573639.894715 0.000127 0.000136 0.000693 58.385013
7.637431 1528573639.907002 0.000127 0.000137 0.000691 58.545797
7.649976 1528573639.919548 0.000126 0.000137 0.000688 58.411305
7.662698 1528573639.932269 0.000127 0.000136 0.000679 58.253411
7.674902 1528573639.944474 0.000126 0.000149 0.000693 57.307564
7.687541 1528573639.957112 0.000126 0.000137 0.000686 58.490703
7.700463 1528573639.970035 0.000126 0.000150 0.000685 57.131873
7.713311 1528573639.982882 0.000126 0.000148 0.000690 57.277413
7.725706 1528573639.995277 0.000126 0.000147 0.000697 57.581634
7.737679 1528573640.007250 0.000126 0.000136 0.000690 58.412594
7.750055 1528573640.019626 0.000125 0.000148 0.000685 57.378457
7.762543 1528573640.032114 0.000127 0.000137 0.000693 58.395156
7.774887 1528573640.044458 0.000126 0.000136 0.000685 58.210035
7.787598 1528573640.057169 0.000127 0.000137 0.000687 58.022849
7.800272 1528573640.069843 0.000126 0.000148 0.000692 57.257661
7.812662 1528573640.082233 0.000126 0.000136 0.000686 58.209051
7.824807 1528573640.094378 0.000127 0.000150 0.000692 57.029355
7.837217 1528573640.106789 0.000127 0.000149 0.000686 56.929617
7.850024 1528573640.119596 0.000127 0.000136 0.000690 57.984665
7.862494 1528573640.132066 0.000127 0.000137 0.000690 58.060301
7.874922 1528573640.144494 0.000127 0.000149 0.000693 57.157585
7.887644 1528573640.157216 0.000127 0.000137 0.000687 57.924753
7.899979 1528573640.169551 0.000127 0.000151 0.000696 57.124224
7.912869 1528573640.182441 0.000127 0.000149 0.000695 57.053114
7.924815 1528573640.194386 0.000127 0.000148 0.000694 57.220628
7.937626 1528573640.207197 0.000126 0.000137 0.000694 58.103153
7.950428 1528573640.219999 0.000127 0.000137 0.000691 57.829784
7.962526 1528573640.232097 0.000127 0.000138 0.000693 57.985806
7.975209 1528573640.244780 0.000127 0.000139 0.000693 57.988185
7.987651 1528573640.257222 0.000127 0.000148 0.000694 56.900324
8.000385 1528573640.269956 0.000127 0.000149 0.000699 57.041472
8.013397 1528573640.282968 0.000127 0.000139 0.000689 57.807533
8.025519 1528573640.295090 0.000127 0.000150 0.000696 56.907499
8.038067 1528573640.307638 0.000127 0.000139 0.000698 57.674815
8.051011 1528573640.320582 0.000128 0.000139 0.000694 57.807193
8.062785 1528573640.332356 0.000127 0.000139 0.000692 57.893476
8.076070 1528573640.345641 0.000127 0.000150 0.000696 56.847394
8.088603 1528573640.358174 0.000128 0.000140 0.000695 57.694793
8.101258 1528573640.370829 0.000127 0.000139 0.000696 57.648089
8.113678 1528573640.383250 0.000128 0.000140 0.000694 57.675738
8.126366 1528573640.395937 0.000127 0.000139 0.000697 57.639151
8.139109 1528573640.408681 0.000127 0.000140 0.000699 57.625927
8.150208 1528573640.419779 0.000127 0.000140 0.000695 57.513844
8.162778 1528573640.432350 0.000127 0.000150 0.000700 56.550424
8.174905 1528573640.444476 0.000127 0.000139 0.000693 57.367982
8.187859 1528573640.457430 0.000128 0.000140 0.000686 57.426585
8.200402 1528573640.469974 0.000127 0.000152 0.000698 56.255704
8.212644 1528573640.482216 0.000127 0.000140 0.000692 57.501506
8.224963 1528573640.494534 0.000127 0.000152 0.000693 56.369702
8.237611 1528573640.507182 0.000127 0.000142 0.000699 57.421808
8.250178 1528573640.519750 0.000127 0.000151 0.000701 56.591403
8.262835 1528573640.532406 0.000128 0.000141 0.000698 57.515632
8.275277 1528573640.544848 0.000127 0.000153 0.000695 56.434442
8.287784 1528573640.557355 0.000127 0.000153 0.000700 56.578615
8.300168 1528573640.569739 0.000128 0.000141 0.000700 57.421740
8.312684 1528573640.582256 0.000127 0.000154 0.000700 56.320316
8.324763 1528573640.594334 0.000128 0.000141 0.000696 57.339017
8.337792 1528573640.607363 0.000128 0.000142 0.000687 57.359843
8.350980 1528573640.620552 0.000127 0.000154 0.000701 56.336982
8.363506 1528573640.633077 0.000128 0.000142 0.000703 57.246370
8.375628 1528573640.645199 0.000128 0.000143 0.000698 57.008149
8.387586 1528573640.657157 0.000128 0.000143 0.000693 56.502029
8.400097 1528573640.669668 0.000128 0.000153 0.000710 54.911091
8.412466 1528573640.682038 0.000129 0.000155 0.000708 54.214903
8.424771 1528573640.694342 0.000130 0.000146 0.000701 55.086500
8.437606 1528573640.707177 0.000131 0.000146 0.000683 54.749378
8.451061 1528573640.720632 0.000133 0.000157 0.000693 53.852623
8.463398 1528573640.732969 0.000131 0.000145 0.000678 54.460628
8.475003 1528573640.744574 0.000132 0.000155 0.000689 53.189508
8.487357 1528573640.756928 0.000133 0.000154 0.000683 53.324151
8.500194 1528573640.769765 0.000132 0.000143 0.000681 54.417995
8.512574 1528573640.782145 0.000131 0.000142 0.000683 54.477645
8.526887 1528573640.796458 0.000131 0.000142 0.000684 54.554093
8.539033 1528573640.808605 0.000131 0.000141 0.000681 54.380809
8.551208 1528573640.820780 0.000131 0.000142 0.000688 54.395231
8.563698 1528573640.833269 0.000130 0.000140 0.000691 54.496740
8.575400 1528573640.844971 0.000131 0.000141 0.000692 54.422850
8.587616 1528573640.857188 0.000131 0.000141 0.000688 54.377358
8.601348 1528573640.870919 0.000130 0.000152 0.000689 53.111608
8.613829 1528573640.883401 0.000130 0.000140 0.000685 54.304114
8.626317 1528573640.895889 0.000130 0.000150 0.000688 53.337480
8.638582 1528573640.908153 0.000130 0.000141 0.000687 54.245943
8.650939 1528573640.920510 0.000131 0.000140 0.000684 54.233287
8.663393 1528573640.932965 0.000130 0.000149 0.000685 53.277382
8.676184 1528573640.945756 0.000130 0.000140 0.000683 54.199929
8.687915 1528573640.957486 0.000130 0.000140 0.000681 54.159341
8.699924 1528573640.969495 0.000130 0.000139 0.000686 54.314955
8.712473 1528573640.982044 0.000130 0.000152 0.000684 52.790009
8.725571 1528573640.995142 0.000129 0.000149 0.000686 53.038426
8.737642 1528573641.007213 0.000130 0.000139 0.000689 54.229366
8.750169 1528573641.019740 0.000130 0.000140 0.000687 54.094407
8.762608 1528573641.032180 0.000130 0.000149 0.000685 53.025936
8.775015 1528573641.044586 0.000129 0.000149 0.000689 53.028439
8.787644 1528573641.057215 0.000129 0.000151 0.000688 52.935364
8.800027 1528573641.069599 0.000130 0.000140 0.000684 54.103622
8.814317 1528573641.083888 0.000130 0.000140 0.000680 53.997835
8.826837 1528573641.096409 0.000130 0.000139 0.000693 54.205104
8.839267 1528573641.108839 0.000130 0.000140 0.000683 54.098330
8.850169 1528573641.119741 0.000130 0.000139 0.000686 54.174344
8.862538 1528573641.132109 0.000130 0.000149 0.000688 53.129665
8.874784 1528573641.144356 0.000130 0.000139 0.000682 54.078640
8.887581 1528573641.157152 0.000129 0.000151 0.000689 52.797521
8.900013 1528573641.169584 0.000129 0.000149 0.000686 52.943332
8.912686 1528573641.182257 0.000130 0.000140 0.000687 54.009041
8.925229 1528573641.194800 0.000129 0.000139 0.000679 53.936591
8.937306 1528573641.206877 0.000129 0.000139 0.000684 53.985744
8.949895 1528573641.219467 0.000129 0.000139 0.000691 53.992980
8.962360 1528573641.231931 0.000130 0.000139 0.000678 53.827823
8.975110 1528573641.244681 0.000129 0.000150 0.000688 52.774664
8.987518 1528573641.257089 0.000129 0.000139 0.000689 53.984637
9.001924 1528573641.271495 0.000129 0.000151 0.000693 52.694567
9.013533 1528573641.283104 0.000129 0.000150 0.000689 52.770732
9.026272 1528573641.295843 0.000129 0.000148 0.000688 53.050363
9.038727 1528573641.308298 0.000129 0.000151 0.000691 52.695399
9.050622 1528573641.320193 0.000130 0.000140 0.000686 53.778384
9.063477 1528573641.333048 0.000131 0.000141 0.000686 53.792556
9.074836 1528573641.344408 0.000129 0.000152 0.000689 52.409090
9.087563 1528573641.357134 0.000129 0.000149 0.000691 52.432822
9.099988 1528573641.369559 0.000130 0.000150 0.000690 51.901552
9.112576 1528573641.382147 0.000131 0.000149 0.000696 51.734352
9.125045 1528573641.394616 0.000133 0.000140 0.000696 52.612535
9.137580 1528573641.407151 0.000134 0.000141 0.000678 52.253444
9.149959 1528573641.419531 0.000134 0.000143 0.000678 51.933808
9.162936 1528573641.432508 0.000134 0.000152 0.000674 50.560787
9.174964 1528573641.444536 0.000135 0.000144 0.000666 51.340939
9.187587 1528573641.457158 0.000135 0.000153 0.000669 49.904009
9.199921 1528573641.469492 0.000134 0.000152 0.000669 49.883335
9.212502 1528573641.482074 0.000135 0.000150 0.000665 50.055581
9.225682 1528573641.495253 0.000134 0.000152 0.000666 49.837499
9.238305 1528573641.507876 0.000139 0.000163 0.000668 48.878191
9.250912 1528573641.520483 0.000134 0.000151 0.000669 49.868266
9.263681 1528573641.533252 0.000135 0.000141 0.000660 51.063648
9.276505 1528573641.546077 0.000134 0.000150 0.000668 49.877023
9.288357 1528573641.557929 0.000134 0.000151 0.000672 49.854714
9.300081 1528573641.569652 0.000134 0.000150 0.000669 49.744603
9.312516 1528573641.582087 0.000134 0.000150 0.000666 49.700933
9.324955 1528573641.594526 0.000134 0.000150 0.000670 49.758314
9.337413 1528573641.606984 0.000133 0.000151 0.000651 49.426889
9.349760 1528573641.619332 0.000133 0.000149 0.000666 49.760389
9.362404 1528573641.631975 0.000134 0.000150 0.000662 49.716034
9.374785 1528573641.644357 0.000135 0.000141 0.000653 50.736404
9.387739 1528573641.657310 0.000133 0.000149 0.000663 49.722196
9.399780 1528573641.669351 0.000135 0.000149 0.000665 49.949061
9.412451 1528573641.682023 0.000134 0.000151 0.000657 49.939525
9.424821 1528573641.694393 0.000136 0.000143 0.000624 51.820797
9.437477 1528573641.707048 0.000135 0.000153 0.000616 50.207399
9.450103 1528573641.719674 0.000133 0.000141 0.000620 51.527488
9.462789 1528573641.732361 0.000134 0.000140 0.000624 51.525961
9.474834 1528573641.744405 0.000133 0.000148 0.000639 50.457401
9.488499 1528573641.758070 0.000132 0.000148 0.000638 50.475535
9.500562 1528573641.770133 0.000132 0.000138 0.000641 51.993323
9.512830 1528573641.782401 0.000132 0.000138 0.000643 51.928121
9.525376 1528573641.794948 0.000132 0.000139 0.000643 51.910773
9.538062 1528573641.807633 0.000132 0.000139 0.000649 51.838483
9.550932 1528573641.820503 0.000132 0.000138 0.000642 51.756080
9.563083 1528573641.832654 0.000132 0.000138 0.000645 51.909880
9.575600 1528573641.845171 0.000132 0.000146 0.000648 50.886542
9.587852 1528573641.857423 0.000132 0.000148 0.000651 50.735341
9.600390 1528573641.869962 0.000132 0.000138 0.000645 51.935304
9.613319 1528573641.882891 0.000132 0.000149 0.000647 50.705240
9.625313 1528573641.894884 0.000132 0.000138 0.000646 51.954248
9.638080 1528573641.907652 0.000132 0.000147 0.000650 50.800857
9.650401 1528573641.919973 0.000131 0.000147 0.000649 50.778826
9.662896 1528573641.932467 0.000132 0.000138 0.000642 51.963486
9.675642 1528573641.945213 0.000132 0.000139 0.000645 51.863520
9.688402 1528573641.957973 0.000131 0.000147 0.000648 50.656782
9.700352 1528573641.969923 0.000131 0.000146 0.000654 50.984363
9.713167 1528573641.982738 0.000132 0.000138 0.000644 51.906044
9.725655 1528573641.995226 0.000131 0.000147 0.000649 50.786880
9.737936 1528573642.007508 0.000132 0.000147 0.000645 50.781807
9.750660 1528573642.020231 0.000132 0.000149 0.000646 50.596266
9.763233 1528573642.032804 0.000131 0.000149 0.000653 50.629602
9.775460 1528573642.045031 0.000131 0.000149 0.000650 50.594221
9.788292 1528573642.057864 0.000132 0.000148 0.000647 50.743448
9.800756 1528573642.070328 0.000131 0.000147 0.000647 50.743127
9.813044 1528573642.082615 0.000132 0.000150 0.000648 50.576175
9.825373 1528573642.094944 0.000131 0.000148 0.000655 50.862069
9.838119 1528573642.107691 0.000135 0.000161 0.000654 49.781376
9.850421 1528573642.119992 0.000132 0.000148 0.000649 50.752364
9.862965 1528573642.132536 0.000132 0.000140 0.000645 51.769630
9.875485 1528573642.145057 0.000132 0.000150 0.000653 50.681532
9.888314 1528573642.157885 0.000132 0.000149 0.000653 50.624164
9.901206 1528573642.170777 0.000132 0.000149 0.000651 50.697496
9.913586 1528573642.183158 0.000132 0.000150 0.000655 50.556978
9.926562 1528573642.196133 0.000132 0.000149 0.000653 50.623823
9.938744 1528573642.208315 0.000132 0.000150 0.000653 50.639346
9.951347 1528573642.220918 0.000132 0.000140 0.000649 51.845250
9.963608 1528573642.233180 0.000132 0.000151 0.000649 50.553080
9.976121 1528573642.245692 0.000132 0.000150 0.000645 50.555859
9.989046 1528573642.258617 0.000132 0.000151 0.000647 50.453323
10.000780 1528573642.270351 0.000132 0.000150 0.000642 50.697118
10.012919 1528573642.282491 0.000132 0.000150 0.000646 50.544282
10.025440 1528573642.295011 0.000133 0.000151 0.000649 50.681484
10.037832 1528573642.307403 0.000132 0.000151 0.000650 50.487634
10.051197 1528573642.320768 0.000133 0.000151 0.000646 50.432910
10.063639 1528573642.333210 0.000133 0.000150 0.000644 50.413325
10.076336 1528573642.345908 0.000133 0.000151 0.000648 50.451004
10.088804 1528573642.358376 0.000132 0.000152 0.000646 50.340684
10.100586 1528573642.370157 0.000133 0.000142 0.000645 51.647500
10.112729 1528573642.382300 0.000132 0.000151 0.000647 50.451551
10.124983 1528573642.394554 0.000133 0.000152 0.000647 50.410947
10.137801 1528573642.407373 0.000133 0.000144 0.000642 51.434164
10.150243 1528573642.419814 0.000132 0.000153 0.000648 50.254872
10.162636 1528573642.432207 0.000133 0.000144 0.000640 51.465517
10.175219 1528573642.444790 0.000133 0.000143 0.000648 51.456664
10.187613 1528573642.457185 0.000133 0.000152 0.000646 50.317699
10.200446 1528573642.470017 0.000134 0.000144 0.000646 51.337511
10.212963 1528573642.482534 0.000134 0.000144 0.000644 51.383435
10.225474 1528573642.495045 0.000133 0.000144 0.000645 51.380397
10.237854 1528573642.507425 0.000133 0.000144 0.000649 51.373949
10.250741 1528573642.520312 0.000134 0.000145 0.000647 51.326807
10.263416 1528573642.532988 0.000134 0.000145 0.000647 51.265465
10.275912 1528573642.545483 0.000134 0.000145 0.000647 51.234688
10.288152 1528573642.557724 0.000133 0.000156 0.000646 49.815910
10.300517 1528573642.570088 0.000133 0.000155 0.000651 49.964432
10.318436 1528573642.588007 0.000134 0.000146 0.000651 51.226240
10.326038 1528573642.595609 0.000133 0.000156 0.000652 49.832297
10.338647 1528573642.608218 0.000133 0.000155 0.000651 50.018519
10.350635 1528573642.620206 0.000133 0.000155 0.000653 50.135395
10.362860 1528573642.632431 0.000134 0.000155 0.000653 50.038321
10.375332 1528573642.644903 0.000134 0.000156 0.000650 49.993521
10.388034 1528573642.657605 0.000134 0.000147 0.000643 51.180748
10.400433 1528573642.670005 0.000134 0.000157 0.000649 49.825192
10.412970 1528573642.682541 0.000134 0.000156 0.000647 49.857196
10.425375 1528573642.694946 0.000134 0.000155 0.000648 49.882021
10.438051 1528573642.707622 0.000134 0.000147 0.000647 51.068657
10.451179 1528573642.720750 0.000134 0.000157 0.000647 49.581379
10.464400 1528573642.733971 0.000134 0.000148 0.000642 50.933432
10.476576 1528573642.746147 0.000134 0.000148 0.000645 50.932132
10.488574 1528573642.758145 0.000134 0.000148 0.000646 50.938584
10.500432 1528573642.770003 0.000135 0.000148 0.000642 50.895332
10.512852 1528573642.782423 0.000135 0.000149 0.000644 50.994485
10.525151 1528573642.794723 0.000134 0.000149 0.000642 50.932331
10.537735 1528573642.807306 0.000134 0.000158 0.000647 49.663105
10.550262 1528573642.819833 0.000135 0.000148 0.000639 50.914064
10.562634 1528573642.832206 0.000134 0.000158 0.000645 49.573211
10.574866 1528573642.844437 0.000135 0.000149 0.000639 50.804503
10.587407 1528573642.856978 0.000135 0.000148 0.000638 50.848500
10.599941 1528573642.869512 0.000135 0.000148 0.000639 50.814097
10.612660 1528573642.882231 0.000135 0.000149 0.000638 50.664262
10.625055 1528573642.894626 0.000135 0.000148 0.000640 50.670426
10.637422 1528573642.906993 0.000134 0.000159 0.000645 49.480019
10.650192 1528573642.919764 0.000134 0.000157 0.000643 49.567712
10.662350 1528573642.931921 0.000134 0.000148 0.000639 50.728360
10.674973 1528573642.944545 0.000134 0.000147 0.000643 50.798339
10.687669 1528573642.957240 0.000135 0.000148 0.000640 50.878105
10.700205 1528573642.969776 0.000134 0.000147 0.000641 50.795673
10.712557 1528573642.982128 0.000134 0.000148 0.000639 50.778321
10.724935 1528573642.994506 0.000134 0.000147 0.000638 50.714838
10.737607 1528573643.007178 0.000133 0.000148 0.000643 50.539317
10.750201 1528573643.019772 0.000133 0.000157 0.000654 49.222311
10.762824 1528573643.032395 0.000133 0.000146 0.000636 50.351649
10.775013 1528573643.044585 0.000133 0.000153 0.000660 49.423135
10.787607 1528573643.057178 0.000133 0.000144 0.000659 50.568443
10.800198 1528573643.069769 0.000133 0.000142 0.000666 50.913781
10.812641 1528573643.082212 0.000132 0.000142 0.000666 51.189851
10.825130 1528573643.094701 0.000132 0.000142 0.000665 51.280687
10.837568 1528573643.107139 0.000132 0.000143 0.000673 51.348716
10.850196 1528573643.119767 0.000131 0.000142 0.000669 51.224724
10.862288 1528573643.131860 0.000131 0.000151 0.000676 50.077237
10.875120 1528573643.144691 0.000130 0.000141 0.000673 51.181992
10.887499 1528573643.157071 0.000131 0.000141 0.000673 51.033036
10.900134 1528573643.169705 0.000131 0.000140 0.000673 51.131445
10.912558 1528573643.182129 0.000131 0.000140 0.000671 51.084946
10.924833 1528573643.194404 0.000131 0.000140 0.000669 51.243726
10.938416 1528573643.207988 0.000131 0.000140 0.000669 51.136403
10.951295 1528573643.220866 0.000130 0.000150 0.000680 50.071128
10.963882 1528573643.233454 0.000130 0.000139 0.000671 51.355496
10.977020 1528573643.246591 0.000131 0.000148 0.000679 50.321886
10.988216 1528573643.257787 0.000130 0.000139 0.000671 51.401860
11.000507 1528573643.270078 0.000130 0.000149 0.000675 50.141525
11.012943 1528573643.282515 0.000130 0.000150 0.000678 50.126912
11.025714 1528573643.295285 0.000130 0.000149 0.000670 50.173737
11.037772 1528573643.307344 0.000129 0.000148 0.000678 50.353504
11.050365 1528573643.319937 0.000129 0.000149 0.000681 50.185762
11.062813 1528573643.332385 0.000130 0.000148 0.000676 50.268102
11.075451 1528573643.345022 0.000129 0.000139 0.000674 51.253216
11.088365 1528573643.357936 0.000130 0.000148 0.000678 50.358283
11.101454 1528573643.371026 0.000130 0.000140 0.000677 51.265325
11.114150 1528573643.383721 0.000130 0.000139 0.000677 51.354795
11.126051 1528573643.395622 0.000130 0.000139 0.000668 51.325016
11.138062 1528573643.407634 0.000129 0.000149 0.000676 50.161271
11.150350 1528573643.419921 0.000130 0.000148 0.000675 50.206509
11.162551 1528573643.432122 0.000131 0.000140 0.000667 51.130592
11.176155 1528573643.445726 0.000130 0.000149 0.000681 50.098555
11.189078 1528573643.458649 0.000130 0.000140 0.000672 51.256699
11.201625 1528573643.471196 0.000131 0.000140 0.000671 51.191577
11.213657 1528573643.483229 0.000131 0.000140 0.000679 51.263951
11.226016 1528573643.495587 0.000130 0.000149 0.000680 50.085954
11.238909 1528573643.508480 0.000131 0.000140 0.000675 51.186655
11.250980 1528573643.520551 0.000131 0.000140 0.000675 51.277080
11.262975 1528573643.532546 0.000131 0.000141 0.000674 51.113453
11.275554 1528573643.545126 0.000131 0.000140 0.000676 51.228443
11.288289 1528573643.557861 0.000130 0.000151 0.000683 49.815565
11.300595 1528573643.570166 0.000130 0.000151 0.000681 49.971296
11.314000 1528573643.583572 0.000131 0.000142 0.000675 51.178215
11.327162 1528573643.596733 0.000130 0.000152 0.000682 49.888222
11.338767 1528573643.608338 0.000130 0.000142 0.000673 51.079927
11.351766 1528573643.621338 0.000130 0.000151 0.000680 50.103273
11.364257 1528573643.633829 0.000131 0.000143 0.000676 51.149502
11.375837 1528573643.645409 0.000130 0.000151 0.000678 50.072199
11.387913 1528573643.657485 0.000130 0.000151 0.000679 50.115406
11.400299 1528573643.669870 0.000130 0.000143 0.000678 51.207897
11.412675 1528573643.682247 0.000130 0.000143 0.000676 51.269343
11.426052 1528573643.695624 0.000130 0.000143 0.000678 51.124034
11.438854 1528573643.708426 0.000130 0.000143 0.000675 51.230213
11.450770 1528573643.720341 0.000130 0.000144 0.000672 51.101134
11.462867 1528573643.732439 0.000129 0.000152 0.000681 49.967853
11.475570 1528573643.745141 0.000130 0.000144 0.000677 51.130710
11.488196 1528573643.757767 0.000131 0.000144 0.000674 51.086978
11.500208 1528573643.769780 0.000130 0.000142 0.000678 51.149487
11.512896 1528573643.782467 0.000130 0.000153 0.000681 49.851943
11.525433 1528573643.795004 0.000130 0.000143 0.000674 51.084766
11.537792 1528573643.807364 0.000130 0.000143 0.000674 51.084756
11.550682 1528573643.820253 0.000130 0.000152 0.000679 49.784390
11.563865 1528573643.833437 0.000130 0.000142 0.000674 51.105646
11.576064 1528573643.845635 0.000130 0.000150 0.000677 49.966870
11.588516 1528573643.858088 0.000130 0.000152 0.000677 49.938781
11.601191 1528573643.870762 0.000129 0.000151 0.000679 50.037026
11.613545 1528573643.883116 0.000129 0.000152 0.000681 49.732547
11.626311 1528573643.895882 0.000131 0.000143 0.000674 51.039414
11.638735 1528573643.908306 0.000130 0.000141 0.000669 51.042518
11.650901 1528573643.920473 0.000129 0.000151 0.000677 49.827342
11.663586 1528573643.933157 0.000130 0.000142 0.000672 51.017310
11.676298 1528573643.945869 0.000130 0.000141 0.000678 51.036285
11.688871 1528573643.958442 0.000129 0.000141 0.000677 51.087724
11.700861 1528573643.970433 0.000130 0.000142 0.000678 51.126529
11.712822 1528573643.982393 0.000129 0.000142 0.000679 51.109833
11.725103 1528573643.994674 0.000130 0.000142 0.000686 51.007663
11.737876 1528573644.007447 0.000131 0.000149 0.000698 50.045981
11.750229 1528573644.019800 0.000131 0.000141 0.000694 51.376151
11.763235 1528573644.032807 0.000130 0.000152 0.000707 50.041170
11.775393 1528573644.044965 0.000129 0.000149 0.000700 50.211109
11.788466 1528573644.058037 0.000129 0.000142 0.000708 50.944790
11.800759 1528573644.070330 0.000128 0.000140 0.000707 51.141653
11.813634 1528573644.083205 0.000128 0.000141 0.000710 51.132737
11.826725 1528573644.096296 0.000128 0.000140 0.000710 51.200718
11.838921 1528573644.108492 0.000129 0.000140 0.000707 51.194551
11.851738 1528573644.121309 0.000129 0.000140 0.000707 51.323951
11.863636 1528573644.133207 0.000129 0.000139 0.000705 51.255103
11.875773 1528573644.145344 0.000128 0.000148 0.000709 50.074690
11.888274 1528573644.157845 0.000128 0.000139 0.000704 51.089457
11.901308 1528573644.170879 0.000128 0.000139 0.000703 51.123023
11.913363 1528573644.182934 0.000129 0.000139 0.000708 51.297774
11.925732 1528573644.195304 0.000129 0.000139 0.000704 51.236082
11.938371 1528573644.207942 0.000129 0.000148 0.000710 50.144009
11.950808 1528573644.220379 0.000129 0.000140 0.000703 51.069434
11.963017 1528573644.232588 0.000129 0.000138 0.000706 51.206147
11.975373 1528573644.244944 0.000128 0.000138 0.000708 51.263939
11.987748 1528573644.257319 0.000129 0.000138 0.000705 51.285373
12.000047 1528573644.269619 0.000128 0.000148 0.000710 50.148764
12.013623 1528573644.283194 0.000129 0.000138 0.000705 51.151753
12.025647 1528573644.295218 0.000128 0.000138 0.000708 51.019534
12.037851 1528573644.307422 0.000128 0.000137 0.000704 51.191741
12.050287 1528573644.319859 0.000129 0.000138 0.000705 51.198741
12.063050 1528573644.332621 0.000129 0.000139 0.000704 50.978374
12.075477 1528573644.345048 0.000129 0.000137 0.000706 51.108356
12.087587 1528573644.357158 0.000129 0.000138 0.000704 50.986626
12.101736 1528573644.371307 0.000129 0.000137 0.000707 51.189791
12.113632 1528573644.383203 0.000129 0.000138 0.000703 50.919979
12.126685 1528573644.396257 0.000128 0.000147 0.000710 50.075106
12.138815 1528573644.408386 0.000129 0.000137 0.000702 51.029483
12.150896 1528573644.420467 0.000129 0.000138 0.000703 51.007823
12.163469 1528573644.433040 0.000128 0.000137 0.000704 50.985807
12.176002 1528573644.445573 0.000129 0.000147 0.000705 50.006634
12.188054 1528573644.457626 0.000129 0.000138 0.000703 50.964754
12.200561 1528573644.470132 0.000129 0.000139 0.000706 51.074735
12.212962 1528573644.482533 0.000130 0.000138 0.000706 51.058630
12.225535 1528573644.495106 0.000129 0.000139 0.000702 50.944062
12.239115 1528573644.508686 0.000130 0.000139 0.000701 51.060478
12.250803 1528573644.520375 0.000130 0.000139 0.000701 50.931066
12.262977 1528573644.532548 0.000129 0.000139 0.000705 50.819622
12.275550 1528573644.545121 0.000130 0.000139 0.000703 50.939760
12.288330 1528573644.557901 0.000130 0.000139 0.000698 50.991566
12.300434 1528573644.570005 0.000130 0.000140 0.000702 50.675708
12.313606 1528573644.583177 0.000130 0.000140 0.000700 50.883681
12.326402 1528573644.595974 0.000130 0.000141 0.000699 50.858554
12.338591 1528573644.608162 0.000130 0.000141 0.000700 50.877789
12.350506 1528573644.620077 0.000130 0.000141 0.000697 50.732822
12.363013 1528573644.632585 0.000132 0.000141 0.000694 50.852352
12.375448 1528573644.645020 0.000130 0.000142 0.000699 50.696501
12.388281 1528573644.657852 0.000131 0.000150 0.000705 49.791755
12.401719 1528573644.671290 0.000131 0.000142 0.000698 50.846815
12.414445 1528573644.684016 0.000130 0.000151 0.000706 49.504981
12.427166 1528573644.696738 0.000131 0.000152 0.000705 49.494787
12.439205 1528573644.708777 0.000131 0.000142 0.000698 50.784663
12.451253 1528573644.720824 0.000131 0.000142 0.000699 50.836593
12.463374 1528573644.732946 0.000131 0.000143 0.000701 50.825051
12.475598 1528573644.745169 0.000131 0.000142 0.000700 50.784172
12.488287 1528573644.757859 0.000131 0.000153 0.000703 49.693319
12.500924 1528573644.770496 0.000131 0.000143 0.000695 50.882435
12.512991 1528573644.782562 0.000131 0.000143 0.000697 50.916554
12.525626 1528573644.795197 0.000132 0.000145 0.000700 50.795451
12.538065 1528573644.807636 0.000132 0.000145 0.000695 50.901372
12.550798 1528573644.820369 0.000132 0.000144 0.000699 51.094117
12.563323 1528573644.832895 0.000132 0.000144 0.000696 51.042590
12.575636 1528573644.845207 0.000132 0.000144 0.000696 50.832841
12.588152 1528573644.857723 0.000132 0.000145 0.000699 51.075562
12.600451 1528573644.870023 0.000131 0.000155 0.000695 49.933547
12.612756 1528573644.882327 0.000132 0.000147 0.000691 50.426140
12.625615 1528573644.895187 0.000131 0.000147 0.000688 50.761459
12.639203 1528573644.908775 0.000130 0.000147 0.000685 50.835940
12.651254 1528573644.920825 0.000130 0.000148 0.000687 50.940369
12.663835 1528573644.933406 0.000130 0.000147 0.000688 51.025837
12.675745 1528573644.945316 0.000129 0.000155 0.000694 49.991691
12.688781 1528573644.958352 0.000129 0.000154 0.000692 49.978848
12.700826 1528573644.970397 0.000129 0.000145 0.000688 51.203539
12.713450 1528573644.983021 0.000130 0.000145 0.000686 51.247068
12.726206 1528573644.995778 0.000130 0.000146 0.000688 51.122109
12.738366 1528573645.007937 0.000130 0.000145 0.000688 51.154604
12.750716 1528573645.020288 0.000129 0.000145 0.000688 51.173293
12.763422 1528573645.032993 0.000130 0.000146 0.000684 51.154821
12.775887 1528573645.045458 0.000128 0.000155 0.000693 49.982651
12.788415 1528573645.057986 0.000129 0.000145 0.000689 51.068556
12.800939 1528573645.070510 0.000130 0.000145 0.000688 51.024035
12.813981 1528573645.083552 0.000130 0.000144 0.000686 50.964675
12.826631 1528573645.096203 0.000129 0.000145 0.000687 51.058964
12.838818 1528573645.108389 0.000129 0.000154 0.000693 49.884376
12.851377 1528573645.120948 0.000129 0.000144 0.000689 51.014813
12.864113 1528573645.133684 0.000129 0.000145 0.000687 50.869805
12.876444 1528573645.146015 0.000129 0.000144 0.000689 50.944194
12.889371 1528573645.158942 0.000129 0.000143 0.000686 51.013371
12.900979 1528573645.170550 0.000129 0.000145 0.000688 51.026818
12.913663 1528573645.183234 0.000129 0.000144 0.000688 50.973543
12.926136 1528573645.195708 0.000128 0.000155 0.000695 49.698744
12.938518 1528573645.208089 0.000129 0.000144 0.000690 50.887190
12.951413 1528573645.220984 0.000129 0.000143 0.000690 50.824534
12.963689 1528573645.233260 0.000129 0.000144 0.000691 50.859472
12.975341 1528573645.244912 0.000129 0.000143 0.000691 50.789155
12.987706 1528573645.257277 0.000128 0.000145 0.000691 50.731695
13.000153 1528573645.269725 0.000128 0.000146 0.000689 50.662676
13.012850 1528573645.282422 0.000128 0.000144 0.000693 50.760756
13.025408 1528573645.294980 0.000128 0.000146 0.000692 50.620954
13.037932 1528573645.307503 0.000128 0.000145 0.000690 50.630117
13.050325 1528573645.319897 0.000129 0.000146 0.000692 50.743014
13.062612 1528573645.332184 0.000128 0.000154 0.000697 49.590522
13.075617 1528573645.345188 0.000129 0.000144 0.000690 50.766259
13.087977 1528573645.357548 0.000128 0.000144 0.000692 50.708181
13.100508 1528573645.370080 0.000129 0.000144 0.000693 50.717688
13.112957 1528573645.382528 0.000129 0.000145 0.000691 50.668200
13.125433 1528573645.395004 0.000128 0.000145 0.000693 50.774923
13.137899 1528573645.407470 0.000129 0.000145 0.000694 50.650137
13.150398 1528573645.419969 0.000129 0.000146 0.000690 50.660146
13.163091 1528573645.432662 0.000129 0.000145 0.000692 50.636603
13.175803 1528573645.445374 0.000128 0.000146 0.000694 50.548291
13.188850 1528573645.458422 0.000129 0.000146 0.000692 50.624634
13.201527 1528573645.471098 0.000128 0.000145 0.000693 50.673031
13.214005 1528573645.483576 0.000129 0.000146 0.000693 50.334271
13.226321 1528573645.495893 0.000130 0.000144 0.000688 50.087230
13.238515 1528573645.508086 0.000131 0.000141 0.000697 50.209994
13.250961 1528573645.520532 0.000132 0.000140 0.000700 50.159758
13.263423 1528573645.532995 0.000131 0.000142 0.000701 50.472888
13.275783 1528573645.545354 0.000129 0.000152 0.000714 49.458679
13.288086 1528573645.557658 0.000129 0.000144 0.000706 50.688911
13.300986 1528573645.570557 0.000129 0.000142 0.000709 50.899193
13.313372 1528573645.582943 0.000129 0.000144 0.000707 50.827019
13.326111 1528573645.595682 0.000129 0.000142 0.000706 50.736193
13.338702 1528573645.608273 0.000129 0.000152 0.000710 49.769461
13.350697 1528573645.620268 0.000129 0.000143 0.000709 50.724044
13.363183 1528573645.632755 0.000129 0.000142 0.000705 50.700106
13.375634 1528573645.645205 0.000130 0.000143 0.000708 50.853630
13.388580 1528573645.658151 0.000130 0.000142 0.000706 50.802524
13.401391 1528573645.670962 0.000130 0.000142 0.000704 50.762451
13.414098 1528573645.683669 0.000129 0.000142 0.000706 50.620172
13.426188 1528573645.695759 0.000129 0.000143 0.000705 50.627503
13.438778 1528573645.708349 0.000129 0.000143 0.000705 50.646589
13.451559 1528573645.721130 0.000129 0.000142 0.000706 50.750529
13.463982 1528573645.733553 0.000129 0.000141 0.000709 50.839722
13.476268 1528573645.745839 0.000128 0.000143 0.000708 50.687818
13.488470 1528573645.758041 0.000129 0.000142 0.000704 50.957353
13.500779 1528573645.770350 0.000129 0.000142 0.000705 50.772149
13.514139 1528573645.783710 0.000129 0.000143 0.000706 50.652836
13.526757 1528573645.796328 0.000128 0.000150 0.000713 49.806828
13.538915 1528573645.808486 0.000129 0.000143 0.000702 50.765063
13.551523 1528573645.821095 0.000129 0.000143 0.000703 50.626274
13.563715 1528573645.833286 0.000129 0.000143 0.000705 50.820537
13.575874 1528573645.845446 0.000129 0.000142 0.000710 50.867357
13.588139 1528573645.857710 0.000129 0.000143 0.000708 50.753822
13.600640 1528573645.870211 0.000129 0.000142 0.000708 50.872007
13.613241 1528573645.882812 0.000128 0.000142 0.000711 50.875965
13.625846 1528573645.895417 0.000129 0.000142 0.000706 50.680823
13.638274 1528573645.907845 0.000129 0.000141 0.000706 50.982426
13.650706 1528573645.920277 0.000129 0.000142 0.000707 50.612961
13.663342 1528573645.932913 0.000129 0.000142 0.000709 50.879181
13.676509 1528573645.946080 0.000129 0.000142 0.000708 50.674585
13.689177 1528573645.958748 0.000129 0.000142 0.000706 50.829520
13.701546 1528573645.971118 0.000129 0.000143 0.000707 50.645627
13.713840 1528573645.983411 0.000129 0.000142 0.000707 50.731636
13.725700 1528573645.995271 0.000129 0.000142 0.000708 51.011685
13.738283 1528573646.007855 0.000128 0.000151 0.000713 49.718833
13.752036 1528573646.021607 0.000129 0.000142 0.000706 50.802880
13.764674 1528573646.034245 0.000128 0.000142 0.000709 50.776179
