-4.414277 1528476428.247774 0.000123 0.000148 0.000596 44.935098
-4.361271 1528476428.300779 0.000122 0.000148 0.000596 44.977515
-4.354163 1528476428.307887 0.000122 0.000148 0.000604 44.774069
-4.343149 1528476428.318901 0.000122 0.000147 0.000603 45.064741
-4.331016 1528476428.331035 0.000122 0.000148 0.000599 45.119102
-4.317362 1528476428.344688 0.000122 0.000147 0.000609 45.039959
-4.305588 1528476428.356462 0.000122 0.000147 0.000609 45.260621
-4.293130 1528476428.368920 0.000122 0.000148 0.000606 44.947648
-4.281675 1528476428.380375 0.000122 0.000149 0.000605 45.014913
-4.269359 1528476428.392692 0.000123 0.000149 0.000596 45.019017
-4.257485 1528476428.404566 0.000123 0.000149 0.000602 45.059346
-4.244877 1528476428.417174 0.000122 0.000148 0.000613 45.101665
-4.232239 1528476428.429812 0.000123 0.000148 0.000602 44.927496
-4.218993 1528476428.443058 0.000126 0.000149 0.000591 45.013592
-4.206544 1528476428.455507 0.000127 0.000146 0.000595 44.218764
-4.193393 1528476428.468657 0.000126 0.000148 0.000579 44.033281
-4.180533 1528476428.481518 0.000123 0.000148 0.000596 44.547940
-4.168993 1528476428.493058 0.000122 0.000147 0.000591 44.642770
-4.157362 1528476428.504688 0.000122 0.000149 0.000587 45.072014
-4.144851 1528476428.517199 0.000120 0.000149 0.000608 45.216432
-4.132209 1528476428.529841 0.000121 0.000150 0.000596 45.244498
-4.119794 1528476428.542257 0.000120 0.000150 0.000592 45.294411
-4.106781 1528476428.555270 0.000120 0.000150 0.000602 45.317898
-4.094891 1528476428.567159 0.000120 0.000151 0.000596 45.019049
-4.082444 1528476428.579607 0.000120 0.000149 0.000600 44.871627
-4.069875 1528476428.592176 0.000120 0.000150 0.000602 45.044907
-4.057480 1528476428.604571 0.000120 0.000150 0.000601 44.830626
-4.044447 1528476428.617603 0.000121 0.000150 0.000591 44.838329
-4.032413 1528476428.629637 0.000120 0.000149 0.000597 44.832472
-4.019908 1528476428.642142 0.000121 0.000149 0.000602 44.933941
-4.007583 1528476428.654468 0.000120 0.000150 0.000600 44.891998
-3.995000 1528476428.667051 0.000121 0.000149 0.000599 44.964724
-3.981996 1528476428.680054 0.000121 0.000150 0.000598 45.004210
-3.970153 1528476428.691898 0.000120 0.000148 0.000600 44.951825
-3.957523 1528476428.704528 0.000120 0.000149 0.000602 45.008937
-3.944963 1528476428.717088 0.000119 0.000150 0.000604 44.974327
-3.932570 1528476428.729481 0.000120 0.000147 0.000610 45.077646
-3.919775 1528476428.742276 0.000120 0.000149 0.000604 45.091727
-3.906999 1528476428.755051 0.000120 0.000148 0.000598 45.087811
-3.893596 1528476428.768455 0.000120 0.000147 0.000606 45.021390
-3.881752 1528476428.780298 0.000119 0.000148 0.000606 45.108300
-3.869416 1528476428.792634 0.000119 0.000147 0.000606 44.974769
-3.856770 1528476428.805281 0.000119 0.000150 0.000609 45.115989
-3.844353 1528476428.817697 0.000119 0.000147 0.000603 45.160060
-3.832020 1528476428.830031 0.000120 0.000147 0.000604 45.370920
-3.819398 1528476428.842652 0.000119 0.000147 0.000604 45.293698
-3.806987 1528476428.855064 0.000120 0.000147 0.000599 45.047152
-3.794330 1528476428.867721 0.000119 0.000149 0.000600 45.205190
-3.781107 1528476428.880944 0.000120 0.000149 0.000602 45.419594
-3.769443 1528476428.892607 0.000120 0.000150 0.000597 45.425946
-3.756799 1528476428.905251 0.000120 0.000149 0.000604 45.380861
-3.744208 1528476428.917842 0.000120 0.000149 0.000603 45.522857
-3.731676 1528476428.930374 0.000120 0.000149 0.000609 45.205012
-3.718559 1528476428.943491 0.000121 0.000148 0.000601 45.381123
-3.706650 1528476428.955400 0.000120 0.000148 0.000605 45.297434
-3.694533 1528476428.967518 0.000121 0.000149 0.000605 45.438284
-3.681423 1528476428.980627 0.000120 0.000149 0.000610 45.376515
-3.668594 1528476428.993456 0.000121 0.000150 0.000601 45.278687
-3.656522 1528476429.005528 0.000121 0.000150 0.000613 45.495174
-3.643890 1528476429.018161 0.000120 0.000149 0.000600 45.325488
-3.631355 1528476429.030695 0.000121 0.000149 0.000603 45.401143
-3.619521 1528476429.042530 0.000121 0.000149 0.000594 45.266847
-3.607145 1528476429.054905 0.000121 0.000149 0.000603 45.349743
-3.593816 1528476429.068235 0.000121 0.000149 0.000605 45.394703
-3.581794 1528476429.080257 0.000121 0.000150 0.000605 45.456962
-3.568128 1528476429.093923 0.000122 0.000149 0.000601 45.413446
-3.556884 1528476429.105167 0.000122 0.000150 0.000600 45.385958
-3.543578 1528476429.118473 0.000122 0.000150 0.000611 45.643553
-3.531912 1528476429.130138 0.000122 0.000151 0.000606 45.793286
-3.518893 1528476429.143157 0.000121 0.000151 0.000611 45.533224
-3.505908 1528476429.156142 0.000121 0.000150 0.000611 45.559871
-3.494151 1528476429.167899 0.000121 0.000150 0.000603 45.641498
-3.481644 1528476429.180406 0.000122 0.000151 0.000606 45.572155
-3.469204 1528476429.192847 0.000121 0.000151 0.000609 45.552646
-3.455912 1528476429.206138 0.000121 0.000150 0.000602 45.467071
-3.444276 1528476429.217775 0.000121 0.000151 0.000601 45.603377
-3.431918 1528476429.230133 0.000120 0.000152 0.000613 45.782621
-3.419670 1528476429.242381 0.000121 0.000151 0.000598 45.565639
-3.406663 1528476429.255388 0.000122 0.000152 0.000598 45.654027
-3.394378 1528476429.267673 0.000120 0.000152 0.000600 45.609571
-3.381860 1528476429.280191 0.000120 0.000153 0.000588 46.046308
-3.368784 1528476429.293267 0.000118 0.000153 0.000595 46.473450
-3.356401 1528476429.305650 0.000115 0.000154 0.000609 46.887387
-3.342555 1528476429.319496 0.000114 0.000154 0.000605 46.945875
-3.331924 1528476429.330127 0.000114 0.000154 0.000608 47.285087
-3.318873 1528476429.343177 0.000113 0.000153 0.000612 47.202395
-3.306892 1528476429.355159 0.000114 0.000154 0.000608 47.385339
-3.294463 1528476429.367588 0.000114 0.000155 0.000609 47.523685
-3.281303 1528476429.380748 0.000114 0.000153 0.000615 47.499194
-3.269635 1528476429.392416 0.000114 0.000154 0.000611 47.649504
-3.255951 1528476429.406100 0.000114 0.000154 0.000606 47.376364
-3.243570 1528476429.418480 0.000114 0.000154 0.000612 47.483802
-3.230738 1528476429.431312 0.000115 0.000154 0.000602 47.592880
-3.219194 1528476429.442857 0.000114 0.000154 0.000608 47.521735
-3.206348 1528476429.455702 0.000115 0.000153 0.000604 47.568812
-3.194281 1528476429.467769 0.000114 0.000153 0.000613 47.472101
-3.181897 1528476429.480154 0.000114 0.000154 0.000613 47.437286
-3.169422 1528476429.492629 0.000114 0.000154 0.000608 47.488324
-3.155945 1528476429.506106 0.000114 0.000153 0.000604 47.416859
-3.143721 1528476429.518329 0.000114 0.000152 0.000621 47.306229
-3.131652 1528476429.530398 0.000114 0.000153 0.000618 47.169968
-3.118903 1528476429.543148 0.000114 0.000152 0.000619 46.947985
-3.106505 1528476429.555546 0.000114 0.000153 0.000611 46.897927
-3.094214 1528476429.567837 0.000114 0.000153 0.000606 46.844238
-3.081747 1528476429.580304 0.000114 0.000154 0.000612 46.751399
-3.069703 1528476429.592348 0.000113 0.000152 0.000623 46.757560
-3.057043 1528476429.605008 0.000114 0.000153 0.000606 46.747753
-3.044492 1528476429.617559 0.000113 0.000153 0.000603 46.707319
-3.031228 1528476429.630822 0.000113 0.000154 0.000604 46.767553
-3.018348 1528476429.643703 0.000114 0.000153 0.000606 46.600343
-3.006582 1528476429.655468 0.000114 0.000152 0.000609 46.863649
-2.993906 1528476429.668144 0.000113 0.000152 0.000606 46.710801
-2.980575 1528476429.681475 0.000114 0.000152 0.000611 46.941341
-2.969446 1528476429.692604 0.000114 0.000153 0.000607 46.604060
-2.957028 1528476429.705022 0.000114 0.000151 0.000615 46.515170
-2.944021 1528476429.718029 0.000114 0.000152 0.000609 46.605179
-2.932096 1528476429.729954 0.000114 0.000152 0.000610 46.494140
-2.919089 1528476429.742962 0.000114 0.000152 0.000612 46.670813
-2.907033 1528476429.755018 0.000114 0.000153 0.000610 46.728897
-2.894730 1528476429.767321 0.000114 0.000152 0.000614 46.881590
-2.881540 1528476429.780511 0.000116 0.000150 0.000608 46.652031
-2.869666 1528476429.792385 0.000116 0.000150 0.000606 46.822063
-2.857160 1528476429.804890 0.000114 0.000150 0.000632 46.635442
-2.843941 1528476429.818109 0.000116 0.000150 0.000615 46.168106
-2.831873 1528476429.830178 0.000116 0.000148 0.000620 45.515148
-2.819186 1528476429.842864 0.000116 0.000147 0.000628 44.992602
-2.806576 1528476429.855474 0.000116 0.000146 0.000628 45.093888
-2.794638 1528476429.867413 0.000116 0.000146 0.000623 44.664905
-2.781387 1528476429.880664 0.000116 0.000146 0.000621 44.489780
-2.768690 1528476429.893360 0.000116 0.000145 0.000624 44.914160
-2.756078 1528476429.905973 0.000116 0.000146 0.000621 44.865851
-2.742499 1528476429.919551 0.000115 0.000146 0.000623 45.006061
-2.731437 1528476429.930614 0.000116 0.000146 0.000617 44.860829
-2.719308 1528476429.942742 0.000115 0.000146 0.000631 44.652163
-2.706925 1528476429.955126 0.000115 0.000145 0.000634 44.729854
-2.693532 1528476429.968519 0.000116 0.000145 0.000627 44.909022
-2.680931 1528476429.981119 0.000116 0.000146 0.000625 44.787569
-2.668423 1528476429.993628 0.000116 0.000146 0.000628 44.716298
-2.654893 1528476430.007157 0.000115 0.000145 0.000628 44.711290
-2.643920 1528476430.018131 0.000115 0.000145 0.000626 44.647183
-2.632106 1528476430.029945 0.000115 0.000145 0.000622 44.447243
-2.618442 1528476430.043609 0.000115 0.000145 0.000624 44.570851
-2.606056 1528476430.055995 0.000115 0.000145 0.000622 44.701459
-2.594329 1528476430.067722 0.000116 0.000146 0.000619 44.714796
-2.581793 1528476430.080258 0.000115 0.000146 0.000624 44.757181
-2.569823 1528476430.092228 0.000116 0.000145 0.000622 44.834566
-2.557272 1528476430.104779 0.000115 0.000145 0.000630 44.817819
-2.544562 1528476430.117489 0.000116 0.000146 0.000618 44.794406
-2.532096 1528476430.129955 0.000115 0.000145 0.000625 44.587667
-2.519572 1528476430.142479 0.000115 0.000146 0.000627 44.682826
-2.507000 1528476430.155050 0.000115 0.000145 0.000632 44.843786
-2.494224 1528476430.167827 0.000115 0.000146 0.000627 44.694653
-2.481492 1528476430.180559 0.000116 0.000145 0.000627 44.838624
-2.468792 1528476430.193258 0.000115 0.000146 0.000631 44.761907
-2.455208 1528476430.206843 0.000116 0.000145 0.000617 44.663918
-2.443752 1528476430.218299 0.000116 0.000146 0.000622 44.913040
-2.431385 1528476430.230666 0.000116 0.000145 0.000625 44.826599
-2.418905 1528476430.243145 0.000115 0.000145 0.000631 44.796477
-2.405182 1528476430.256869 0.000116 0.000146 0.000619 44.745863
-2.393667 1528476430.268383 0.000115 0.000148 0.000629 44.783121
-2.380515 1528476430.281536 0.000117 0.000146 0.000616 44.812834
-2.368287 1528476430.293764 0.000116 0.000146 0.000619 44.784294
-2.356700 1528476430.305351 0.000117 0.000146 0.000620 44.812359
-2.344130 1528476430.317920 0.000117 0.000146 0.000614 44.760243
-2.332315 1528476430.329736 0.000117 0.000146 0.000612 44.570736
-2.315113 1528476430.346937 0.000117 0.000146 0.000621 44.717912
-2.307278 1528476430.354772 0.000117 0.000147 0.000617 44.843128
-2.294182 1528476430.367868 0.000117 0.000147 0.000626 44.666562
-2.281887 1528476430.380163 0.000117 0.000147 0.000621 44.525055
-2.269665 1528476430.392385 0.000118 0.000147 0.000625 44.647987
-2.257084 1528476430.404966 0.000118 0.000147 0.000615 44.423330
-2.244426 1528476430.417625 0.000119 0.000146 0.000616 44.696825
-2.231853 1528476430.430198 0.000117 0.000148 0.000626 44.609017
-2.219318 1528476430.442732 0.000118 0.000148 0.000619 44.709958
-2.206722 1528476430.455328 0.000118 0.000146 0.000626 44.435692
-2.193655 1528476430.468395 0.000118 0.000148 0.000626 44.595540
-2.180977 1528476430.481073 0.000118 0.000148 0.000621 44.542667
-2.168272 1528476430.493779 0.000119 0.000148 0.000617 44.439406
-2.156307 1528476430.505744 0.000119 0.000148 0.000625 44.521530
-2.144311 1528476430.517739 0.000119 0.000148 0.000626 44.495713
-2.131849 1528476430.530202 0.000119 0.000148 0.000615 44.388278
-2.119311 1528476430.542740 0.000119 0.000148 0.000620 44.707176
-2.106863 1528476430.555187 0.000120 0.000148 0.000614 44.561294
-2.094042 1528476430.568009 0.000120 0.000148 0.000615 44.532041
-2.081873 1528476430.580178 0.000119 0.000149 0.000627 44.612139
-2.069360 1528476430.592691 0.000120 0.000149 0.000628 44.731363
-2.057017 1528476430.605034 0.000120 0.000149 0.000620 44.791209
-2.044311 1528476430.617739 0.000120 0.000148 0.000622 44.643762
-2.031895 1528476430.630155 0.000120 0.000148 0.000615 44.501081
-2.019372 1528476430.642678 0.000121 0.000149 0.000612 44.541480
-2.006938 1528476430.655113 0.000120 0.000149 0.000620 44.672841
-1.994262 1528476430.667789 0.000120 0.000149 0.000619 44.618516
-1.981083 1528476430.680968 0.000120 0.000149 0.000614 44.515684
-1.969352 1528476430.692698 0.000120 0.000149 0.000623 44.455866
-1.956671 1528476430.705380 0.000120 0.000149 0.000621 44.810986
-1.943603 1528476430.718447 0.000120 0.000148 0.000623 44.629538
-1.931860 1528476430.730191 0.000121 0.000148 0.000614 44.025494
-1.919164 1528476430.742886 0.000119 0.000149 0.000627 44.307906
-1.906839 1528476430.755211 0.000119 0.000150 0.000625 44.692021
-1.893814 1528476430.768236 0.000118 0.000151 0.000625 44.665277
-1.881906 1528476430.780145 0.000118 0.000151 0.000629 44.816185
-1.868987 1528476430.793063 0.000118 0.000150 0.000632 44.953094
-1.856921 1528476430.805129 0.000118 0.000151 0.000625 45.083084
-1.844173 1528476430.817878 0.000118 0.000151 0.000625 45.025385
-1.831772 1528476430.830279 0.000118 0.000151 0.000615 44.896964
-1.819377 1528476430.842673 0.000117 0.000150 0.000617 44.803609
-1.807304 1528476430.854747 0.000117 0.000150 0.000624 44.650502
-1.794695 1528476430.867355 0.000117 0.000150 0.000618 44.764278
-1.781469 1528476430.880581 0.000117 0.000150 0.000618 44.860200
-1.769466 1528476430.892585 0.000117 0.000149 0.000622 44.797403
-1.756957 1528476430.905094 0.000117 0.000150 0.000614 44.917405
-1.744804 1528476430.917247 0.000117 0.000149 0.000620 44.922068
-1.732282 1528476430.929769 0.000116 0.000149 0.000626 44.829830
-1.719735 1528476430.942315 0.000116 0.000150 0.000618 44.978996
-1.706931 1528476430.955120 0.000116 0.000151 0.000610 45.127451
-1.693051 1528476430.968999 0.000116 0.000150 0.000615 44.865897
-1.681213 1528476430.980837 0.000116 0.000149 0.000628 44.900467
-1.667575 1528476430.994475 0.000116 0.000149 0.000623 44.976480
-1.656348 1528476431.005703 0.000116 0.000150 0.000620 44.977193
-1.643949 1528476431.018102 0.000116 0.000149 0.000616 45.149331
-1.632086 1528476431.029965 0.000115 0.000149 0.000625 44.758832
-1.619363 1528476431.042687 0.000117 0.000149 0.000626 44.931524
-1.605855 1528476431.056196 0.000116 0.000150 0.000623 44.823997
-1.593617 1528476431.068434 0.000116 0.000149 0.000622 44.934539
-1.581078 1528476431.080972 0.000113 0.000151 0.000628 45.191155
-1.568478 1528476431.093573 0.000113 0.000150 0.000624 45.381622
-1.555969 1528476431.106081 0.000116 0.000150 0.000632 45.161248
-1.543009 1528476431.119042 0.000117 0.000150 0.000639 44.983905
-1.530772 1528476431.131278 0.000118 0.000150 0.000633 44.886134
-1.519617 1528476431.142434 0.000117 0.000150 0.000635 45.009883
-1.506189 1528476431.155861 0.000117 0.000151 0.000635 45.134314
-1.492775 1528476431.169276 0.000117 0.000150 0.000639 45.081350
-1.481183 1528476431.180868 0.000117 0.000150 0.000645 44.890818
-1.468991 1528476431.193059 0.000117 0.000151 0.000637 45.209984
-1.456162 1528476431.205889 0.000116 0.000150 0.000639 45.005468
-1.443774 1528476431.218277 0.000116 0.000151 0.000631 44.936171
-1.431657 1528476431.230394 0.000117 0.000151 0.000636 45.008063
-1.419083 1528476431.242967 0.000116 0.000152 0.000636 45.090731
-1.406231 1528476431.255820 0.000116 0.000151 0.000639 44.881847
-1.394232 1528476431.267819 0.000116 0.000151 0.000635 45.044540
-1.381663 1528476431.280388 0.000116 0.000151 0.000629 45.070146
-1.368381 1528476431.293669 0.000116 0.000150 0.000628 44.856522
-1.355693 1528476431.306358 0.000116 0.000151 0.000636 45.066996
-1.343583 1528476431.318467 0.000116 0.000150 0.000635 44.940866
-1.331071 1528476431.330980 0.000116 0.000150 0.000640 45.086093
-1.319091 1528476431.342960 0.000116 0.000151 0.000637 44.929712
-1.306665 1528476431.355386 0.000116 0.000151 0.000643 45.040524
-1.293810 1528476431.368240 0.000116 0.000153 0.000640 45.108518
-1.281951 1528476431.380099 0.000117 0.000151 0.000634 45.113658
-1.269575 1528476431.392476 0.000116 0.000149 0.000649 45.110096
-1.255952 1528476431.406099 0.000117 0.000151 0.000629 45.239404
-1.243356 1528476431.418694 0.000121 0.000151 0.000620 44.918309
-1.231072 1528476431.430979 0.000123 0.000148 0.000618 44.428523
-1.218414 1528476431.443636 0.000121 0.000146 0.000627 43.975862
-1.205809 1528476431.456241 0.000119 0.000148 0.000635 44.224746
-1.193404 1528476431.468646 0.000119 0.000148 0.000631 44.221660
-1.181329 1528476431.480722 0.000119 0.000146 0.000644 44.455570
-1.169469 1528476431.492582 0.000119 0.000147 0.000639 44.458729
-1.156879 1528476431.505171 0.000119 0.000146 0.000651 44.700538
-1.144454 1528476431.517596 0.000119 0.000146 0.000636 44.535919
-1.131821 1528476431.530229 0.000119 0.000147 0.000635 44.450710
-1.119211 1528476431.542839 0.000118 0.000146 0.000638 44.420029
-1.104820 1528476431.557230 0.000118 0.000147 0.000636 44.454123
-1.093581 1528476431.568470 0.000118 0.000146 0.000638 44.281840
-1.080228 1528476431.581822 0.000118 0.000147 0.000635 44.453451
-1.067875 1528476431.594175 0.000118 0.000146 0.000632 44.217118
-1.056574 1528476431.605477 0.000118 0.000146 0.000638 44.271022
-1.044478 1528476431.617572 0.000118 0.000146 0.000630 44.195745
-1.031620 1528476431.630431 0.000118 0.000147 0.000640 44.431430
-1.019080 1528476431.642970 0.000118 0.000147 0.000633 44.496148
-1.006424 1528476431.655626 0.000118 0.000146 0.000643 44.315503
-0.994246 1528476431.667805 0.000118 0.000145 0.000633 44.047346
-0.981215 1528476431.680835 0.000118 0.000146 0.000631 44.251336
-0.969264 1528476431.692787 0.000118 0.000145 0.000638 44.247708
-0.955580 1528476431.706470 0.000118 0.000145 0.000638 44.172037
-0.944411 1528476431.717639 0.000118 0.000146 0.000632 44.127218
-0.932135 1528476431.729916 0.000118 0.000145 0.000633 44.009877
-0.918828 1528476431.743223 0.000118 0.000145 0.000639 44.202030
-0.906284 1528476431.755767 0.000119 0.000145 0.000634 44.213140
-0.893906 1528476431.768144 0.000119 0.000145 0.000632 44.163784
-0.881529 1528476431.780522 0.000119 0.000145 0.000635 44.181410
-0.868972 1528476431.793079 0.000118 0.000145 0.000632 43.978544
-0.856363 1528476431.805688 0.000118 0.000145 0.000633 44.275056
-0.842920 1528476431.819131 0.000116 0.000147 0.000633 44.865589
-0.830961 1528476431.831089 0.000113 0.000149 0.000631 45.184295
-0.818637 1528476431.843413 0.000113 0.000149 0.000614 45.346534
-0.805807 1528476431.856244 0.000113 0.000148 0.000612 45.399180
-0.793883 1528476431.868167 0.000114 0.000148 0.000610 45.177422
-0.780843 1528476431.881208 0.000114 0.000145 0.000623 45.225638
-0.768813 1528476431.893238 0.000114 0.000143 0.000621 45.047458
-0.756505 1528476431.905546 0.000115 0.000145 0.000609 44.939914
-0.743786 1528476431.918264 0.000113 0.000143 0.000629 45.114845
-0.730968 1528476431.931083 0.000114 0.000145 0.000610 45.071676
-0.718732 1528476431.943318 0.000114 0.000146 0.000613 45.201745
-0.705430 1528476431.956620 0.000114 0.000145 0.000615 45.184607
-0.693523 1528476431.968528 0.000113 0.000144 0.000624 45.118952
-0.681095 1528476431.980955 0.000113 0.000144 0.000620 45.290331
-0.668628 1528476431.993423 0.000113 0.000144 0.000617 45.029386
-0.656676 1528476432.005375 0.000113 0.000144 0.000617 45.234163
-0.644100 1528476432.017950 0.000112 0.000144 0.000624 45.305463
-0.631778 1528476432.030273 0.000114 0.000145 0.000601 45.174112
-0.619272 1528476432.042778 0.000113 0.000145 0.000609 45.232740
-0.605920 1528476432.056130 0.000112 0.000144 0.000611 45.388411
-0.592849 1528476432.069201 0.000112 0.000145 0.000607 45.352890
-0.580227 1528476432.081823 0.000112 0.000145 0.000618 45.480542
-0.568785 1528476432.093265 0.000112 0.000143 0.000619 45.503786
-0.555969 1528476432.106081 0.000113 0.000144 0.000606 45.281566
-0.544241 1528476432.117809 0.000112 0.000145 0.000605 45.326536
-0.531993 1528476432.130057 0.000113 0.000144 0.000598 45.109880
-0.519125 1528476432.142926 0.000113 0.000145 0.000606 45.367538
-0.505770 1528476432.156280 0.000112 0.000143 0.000608 45.333845
-0.492517 1528476432.169534 0.000112 0.000145 0.000605 45.232209
-0.480612 1528476432.181438 0.000112 0.000143 0.000618 45.428022
-0.468164 1528476432.193887 0.000113 0.000145 0.000608 45.526349
-0.456557 1528476432.205494 0.000113 0.000144 0.000604 45.074283
-0.444337 1528476432.217713 0.000112 0.000143 0.000620 45.509161
-0.431814 1528476432.230237 0.000112 0.000144 0.000605 45.183872
-0.417579 1528476432.244472 0.000112 0.000145 0.000621 45.333485
-0.405056 1528476432.256995 0.000112 0.000143 0.000619 45.197684
-0.393785 1528476432.268266 0.000113 0.000144 0.000610 45.273537
-0.381716 1528476432.280334 0.000112 0.000144 0.000626 45.447501
-0.368472 1528476432.293579 0.000113 0.000144 0.000616 45.216328
-0.355345 1528476432.306705 0.000114 0.000144 0.000598 44.890835
-0.343186 1528476432.318865 0.000114 0.000143 0.000613 44.916575
-0.331052 1528476432.330999 0.000112 0.000142 0.000627 45.033660
-0.319103 1528476432.342947 0.000111 0.000142 0.000627 44.937323
-0.306174 1528476432.355876 0.000110 0.000143 0.000617 44.925006
-0.294280 1528476432.367771 0.000109 0.000142 0.000643 45.153952
-0.281254 1528476432.380797 0.000109 0.000143 0.000631 45.187206
-0.267004 1528476432.395047 0.000109 0.000142 0.000647 45.356531
-0.255929 1528476432.406122 0.000110 0.000143 0.000633 45.695527
-0.244090 1528476432.417960 0.000110 0.000143 0.000635 45.509607
-0.231775 1528476432.430276 0.000109 0.000144 0.000642 45.599976
-0.219074 1528476432.442977 0.000110 0.000143 0.000638 45.554617
-0.206432 1528476432.455618 0.000110 0.000144 0.000620 45.444509
-0.194400 1528476432.467651 0.000109 0.000144 0.000622 45.461857
-0.181816 1528476432.480234 0.000109 0.000143 0.000633 45.429141
-0.169516 1528476432.492534 0.000109 0.000144 0.000627 45.492839
-0.156405 1528476432.505646 0.000108 0.000142 0.000639 45.535394
-0.144167 1528476432.517884 0.000109 0.000143 0.000630 45.545834
-0.131017 1528476432.531034 0.000109 0.000143 0.000638 45.611516
-0.119022 1528476432.543029 0.000109 0.000143 0.000627 45.524934
-0.106403 1528476432.555648 0.000109 0.000143 0.000632 45.378247
-0.093332 1528476432.568719 0.000108 0.000142 0.000628 45.294111
-0.080436 1528476432.581615 0.000108 0.000144 0.000629 45.331365
-0.068332 1528476432.593719 0.000109 0.000142 0.000624 45.379117
-0.055861 1528476432.606190 0.000108 0.000142 0.000643 45.356712
-0.043807 1528476432.618244 0.000109 0.000143 0.000630 45.230973
-0.031523 1528476432.630528 0.000108 0.000143 0.000630 45.562733
-0.019004 1528476432.643047 0.000109 0.000146 0.000630 45.710105
-0.006822 1528476432.655228 0.000111 0.000144 0.000648 45.518818
0.005605 1528476432.667655 0.000111 0.000143 0.000651 45.358484
0.018456 1528476432.680506 0.000111 0.000143 0.000661 45.405352
0.030637 1528476432.692687 0.000111 0.000142 0.000654 45.377275
0.043853 1528476432.705904 0.000112 0.000143 0.000648 45.390680
0.056095 1528476432.718146 0.000111 0.000142 0.000656 45.446144
0.068760 1528476432.730810 0.000113 0.000144 0.000648 45.397885
0.081262 1528476432.743313 0.000112 0.000143 0.000652 45.482229
0.093650 1528476432.755701 0.000112 0.000144 0.000650 45.596239
0.106469 1528476432.768519 0.000113 0.000144 0.000636 45.571790
0.118251 1528476432.780301 0.000113 0.000143 0.000639 45.439292
0.130908 1528476432.792959 0.000113 0.000144 0.000644 45.425106
0.143461 1528476432.805511 0.000113 0.000144 0.000644 45.447316
0.156025 1528476432.818076 0.000114 0.000144 0.000639 45.410652
0.169172 1528476432.831223 0.000113 0.000144 0.000641 45.275521
0.181425 1528476432.843476 0.000113 0.000143 0.000649 45.440857
0.193883 1528476432.855933 0.000113 0.000143 0.000645 45.297546
0.205891 1528476432.867942 0.000114 0.000142 0.000636 45.372328
0.218619 1528476432.880670 0.000109 0.000141 0.000633 45.551726
0.231705 1528476432.893756 0.000102 0.000142 0.000640 46.501092
0.244067 1528476432.906118 0.000100 0.000142 0.000636 46.869586
0.256352 1528476432.918403 0.000100 0.000142 0.000637 47.019277
0.268452 1528476432.930502 0.000100 0.000142 0.000640 47.144633
0.280992 1528476432.943043 0.000101 0.000141 0.000639 47.101662
0.293801 1528476432.955852 0.000101 0.000140 0.000635 46.867414
0.306772 1528476432.968822 0.000100 0.000141 0.000637 46.892330
0.319384 1528476432.981435 0.000100 0.000141 0.000649 47.282523
0.331597 1528476432.993648 0.000100 0.000140 0.000640 46.996268
0.345556 1528476433.007607 0.000100 0.000139 0.000643 46.953025
0.356464 1528476433.018515 0.000100 0.000139 0.000644 46.967131
0.368317 1528476433.030368 0.000099 0.000139 0.000645 46.929964
0.380617 1528476433.042668 0.000098 0.000141 0.000646 46.898874
0.393943 1528476433.055994 0.000099 0.000140 0.000636 46.994954
0.405871 1528476433.067921 0.000099 0.000139 0.000650 46.759487
0.418393 1528476433.080444 0.000099 0.000138 0.000646 46.750969
0.431189 1528476433.093240 0.000099 0.000138 0.000641 46.900413
0.443472 1528476433.105522 0.000099 0.000138 0.000649 47.060545
0.455984 1528476433.118035 0.000100 0.000139 0.000637 46.957451
0.470193 1528476433.132243 0.000100 0.000140 0.000652 46.967286
0.482061 1528476433.144112 0.000100 0.000140 0.000640 47.176457
0.494293 1528476433.156343 0.000101 0.000139 0.000633 47.067629
0.507770 1528476433.169821 0.000101 0.000139 0.000633 47.148725
0.519448 1528476433.181499 0.000101 0.000140 0.000639 47.287352
0.532033 1528476433.194084 0.000102 0.000139 0.000642 47.300617
0.544539 1528476433.206590 0.000102 0.000140 0.000653 47.299453
0.556427 1528476433.218477 0.000103 0.000141 0.000634 47.694576
0.568547 1528476433.230598 0.000104 0.000142 0.000634 47.749723
0.580940 1528476433.242991 0.000105 0.000143 0.000634 48.194690
0.593410 1528476433.255460 0.000106 0.000144 0.000628 48.382811
0.605891 1528476433.267942 0.000108 0.000146 0.000655 48.977414
0.618669 1528476433.280719 0.000112 0.000151 0.000652 50.855801
0.631160 1528476433.293211 0.000119 0.000165 0.000643 54.347122
0.643227 1528476433.305277 0.000124 0.000180 0.000667 58.523487
0.656084 1528476433.318135 0.000126 0.000195 0.000680 62.649938
0.668666 1528476433.330717 0.000130 0.000221 0.000678 67.285597
0.681898 1528476433.343948 0.000131 0.000247 0.000696 70.661150
0.693670 1528476433.355721 0.000135 0.000265 0.000702 73.826960
0.706267 1528476433.368317 0.000137 0.000279 0.000692 77.490131
0.719159 1528476433.381209 0.000134 0.000292 0.000676 81.487162
0.731115 1528476433.393166 0.000137 0.000299 0.000662 85.612572
0.743559 1528476433.405609 0.000141 0.000292 0.000641 89.778996
0.755994 1528476433.418044 0.000145 0.000288 0.000619 93.316086
0.768610 1528476433.430660 0.000148 0.000276 0.000617 96.324923
0.780902 1528476433.442953 0.000153 0.000274 0.000619 98.900039
0.793572 1528476433.455623 0.000157 0.000264 0.000621 101.619217
0.806242 1528476433.468293 0.000160 0.000256 0.000623 103.715585
0.818321 1528476433.480371 0.000162 0.000252 0.000630 105.426403
0.831053 1528476433.493104 0.000165 0.000250 0.000624 107.009397
0.843438 1528476433.505488 0.000167 0.000246 0.000627 108.313481
0.856118 1528476433.518168 0.000169 0.000243 0.000627 109.109469
0.868492 1528476433.530543 0.000170 0.000237 0.000625 109.993558
0.880977 1528476433.543028 0.000170 0.000235 0.000628 110.810413
0.893844 1528476433.555894 0.000171 0.000234 0.000630 111.546780
0.906426 1528476433.568476 0.000172 0.000231 0.000624 112.194455
0.919985 1528476433.582035 0.000173 0.000229 0.000623 112.520473
0.932391 1528476433.594442 0.000173 0.000229 0.000626 113.124079
0.944955 1528476433.607006 0.000177 0.000228 0.000629 113.723439
0.956949 1528476433.618999 0.000177 0.000226 0.000625 114.100902
0.968860 1528476433.630911 0.000177 0.000224 0.000624 114.823829
0.982436 1528476433.644487 0.000177 0.000222 0.000630 114.997118
0.993626 1528476433.655677 0.000180 0.000221 0.000622 115.630524
1.006118 1528476433.668168 0.000179 0.000221 0.000636 115.822837
1.018504 1528476433.680555 0.000183 0.000219 0.000630 116.841770
1.031232 1528476433.693282 0.000183 0.000219 0.000639 117.041776
1.044098 1528476433.706149 0.000183 0.000218 0.000643 117.295062
1.056084 1528476433.718134 0.000185 0.000216 0.000642 117.607274
1.069027 1528476433.731077 0.000184 0.000217 0.000635 117.969872
1.080850 1528476433.742901 0.000186 0.000217 0.000646 117.976676
1.094278 1528476433.756329 0.000186 0.000214 0.000637 118.262286
1.106683 1528476433.768733 0.000184 0.000216 0.000651 118.210987
1.119953 1528476433.782004 0.000185 0.000214 0.000637 118.767706
1.131553 1528476433.793604 0.000184 0.000214 0.000646 119.119839
1.143584 1528476433.805634 0.000184 0.000217 0.000652 119.083813
1.155848 1528476433.817898 0.000185 0.000214 0.000645 119.424832
1.169008 1528476433.831058 0.000185 0.000214 0.000661 119.618821
1.181117 1528476433.843167 0.000185 0.000214 0.000647 119.952709
1.193836 1528476433.855887 0.000185 0.000215 0.000653 119.940835
1.205719 1528476433.867770 0.000186 0.000213 0.000643 120.249911
1.219224 1528476433.881274 0.000183 0.000215 0.000655 120.013913
1.232615 1528476433.894665 0.000184 0.000214 0.000648 120.349931
1.244429 1528476433.906480 0.000185 0.000216 0.000646 120.395709
1.256946 1528476433.918996 0.000184 0.000215 0.000649 120.528291
1.268707 1528476433.930758 0.000183 0.000216 0.000652 120.681613
1.281104 1528476433.943155 0.000184 0.000217 0.000655 120.780841
1.293416 1528476433.955466 0.000184 0.000216 0.000661 120.831284
1.306051 1528476433.968102 0.000183 0.000216 0.000660 120.980033
1.318142 1528476433.980193 0.000183 0.000217 0.000668 120.929377
1.331417 1528476433.993468 0.000184 0.000217 0.000660 120.946809
1.343776 1528476434.005827 0.000183 0.000218 0.000660 120.807854
1.356896 1528476434.018946 0.000183 0.000217 0.000662 121.060231
1.368752 1528476434.030802 0.000184 0.000218 0.000654 120.989093
1.381519 1528476434.043570 0.000185 0.000217 0.000650 121.061849
1.393854 1528476434.055904 0.000184 0.000217 0.000650 121.138513
1.406675 1528476434.068726 0.000187 0.000219 0.000644 121.366052
1.418860 1528476434.080910 0.000187 0.000218 0.000648 121.423124
1.431106 1528476434.093157 0.000188 0.000219 0.000641 121.435709
1.443814 1528476434.105865 0.000189 0.000219 0.000638 121.479338
1.455877 1528476434.117927 0.000189 0.000219 0.000635 121.674813
1.468470 1528476434.130521 0.000192 0.000220 0.000629 121.764669
1.480567 1528476434.142617 0.000190 0.000218 0.000617 121.699376
1.493216 1528476434.155267 0.000191 0.000219 0.000616 120.842727
1.505929 1528476434.167980 0.000190 0.000220 0.000624 121.071324
1.520234 1528476434.182284 0.000190 0.000221 0.000615 121.220625
1.531856 1528476434.193907 0.000192 0.000221 0.000610 121.473358
1.544660 1528476434.206711 0.000192 0.000221 0.000607 121.305189
1.557247 1528476434.219298 0.000190 0.000222 0.000604 121.230815
1.568313 1528476434.230363 0.000189 0.000226 0.000604 120.921115
1.583117 1528476434.245168 0.000188 0.000226 0.000598 120.209863
1.593904 1528476434.255954 0.000188 0.000228 0.000596 120.134988
1.606025 1528476434.268075 0.000189 0.000226 0.000589 119.489772
1.618762 1528476434.280812 0.000190 0.000225 0.000591 118.986255
1.631026 1528476434.293077 0.000190 0.000224 0.000589 118.607977
1.643876 1528476434.305927 0.000192 0.000224 0.000587 118.232759
1.656749 1528476434.318799 0.000192 0.000224 0.000588 118.104914
1.668799 1528476434.330849 0.000194 0.000225 0.000584 117.931494
1.682740 1528476434.344790 0.000197 0.000224 0.000582 117.819565
1.694307 1528476434.356357 0.000196 0.000225 0.000580 117.492914
1.707018 1528476434.369068 0.000198 0.000225 0.000576 117.490781
1.719676 1528476434.381726 0.000198 0.000225 0.000579 117.152068
1.732641 1528476434.394691 0.000200 0.000224 0.000580 117.282595
1.744062 1528476434.406112 0.000197 0.000225 0.000578 117.164943
1.755939 1528476434.417989 0.000199 0.000224 0.000578 116.815005
1.768293 1528476434.430344 0.000200 0.000224 0.000572 116.838710
1.780695 1528476434.442745 0.000201 0.000224 0.000573 116.921633
1.793780 1528476434.455830 0.000200 0.000224 0.000572 116.775450
1.805939 1528476434.467990 0.000199 0.000225 0.000575 116.498357
1.818565 1528476434.480615 0.000203 0.000224 0.000570 116.369391
1.831674 1528476434.493725 0.000201 0.000224 0.000570 116.103248
1.843691 1528476434.505742 0.000200 0.000224 0.000573 116.241233
1.856133 1528476434.518183 0.000201 0.000223 0.000573 116.079195
1.869352 1528476434.531402 0.000202 0.000222 0.000573 116.000803
1.881447 1528476434.543497 0.000201 0.000220 0.000580 115.746969
1.895102 1528476434.557153 0.000202 0.000220 0.000573 115.866384
1.907293 1528476434.569344 0.000200 0.000222 0.000581 115.725567
1.919178 1528476434.581228 0.000201 0.000221 0.000582 115.751056
1.932663 1528476434.594713 0.000199 0.000223 0.000577 115.348555
1.944166 1528476434.606216 0.000200 0.000222 0.000579 115.488233
1.956394 1528476434.618444 0.000200 0.000221 0.000579 115.846776
1.969295 1528476434.631346 0.000200 0.000221 0.000578 115.703435
1.982269 1528476434.644319 0.000198 0.000222 0.000580 115.463934
1.993900 1528476434.655950 0.000198 0.000220 0.000583 115.461597
2.007558 1528476434.669608 0.000198 0.000221 0.000586 115.427710
2.018244 1528476434.680294 0.000200 0.000221 0.000583 115.433233
2.031095 1528476434.693146 0.000200 0.000220 0.000584 115.090157
2.043515 1528476434.705566 0.000201 0.000221 0.000578 115.379121
2.056135 1528476434.718186 0.000200 0.000223 0.000583 115.523319
2.068275 1528476434.730326 0.000201 0.000221 0.000583 115.277677
2.080840 1528476434.742891 0.000202 0.000221 0.000585 115.399797
2.094687 1528476434.756738 0.000202 0.000222 0.000579 115.771519
2.106770 1528476434.768821 0.000201 0.000222 0.000582 115.366147
2.120347 1528476434.782397 0.000202 0.000223 0.000581 115.538884
2.131153 1528476434.793203 0.000202 0.000222 0.000578 115.433288
2.143226 1528476434.805277 0.000204 0.000224 0.000582 115.661542
2.155746 1528476434.817796 0.000204 0.000223 0.000585 115.626879
2.168903 1528476434.830953 0.000206 0.000223 0.000583 116.085802
2.181165 1528476434.843216 0.000205 0.000223 0.000581 116.283024
2.193354 1528476434.855404 0.000204 0.000223 0.000582 116.369195
2.206130 1528476434.868181 0.000205 0.000222 0.000580 116.629745
2.218311 1528476434.880361 0.000202 0.000225 0.000579 116.307459
2.231062 1528476434.893113 0.000202 0.000224 0.000575 116.485267
2.243404 1528476434.905454 0.000202 0.000225 0.000580 116.620008
2.257008 1528476434.919059 0.000200 0.000223 0.000576 116.537648
2.269528 1528476434.931579 0.000202 0.000223 0.000577 116.405552
2.281934 1528476434.943985 0.000202 0.000223 0.000574 116.147621
2.294738 1528476434.956788 0.000201 0.000223 0.000569 115.813648
2.307358 1528476434.969408 0.000202 0.000221 0.000572 115.590042
2.319622 1528476434.981672 0.000200 0.000223 0.000571 115.225867
2.332279 1528476434.994330 0.000201 0.000223 0.000566 114.835447
2.344046 1528476435.006097 0.000199 0.000223 0.000565 114.246347
2.356242 1528476435.018292 0.000200 0.000221 0.000569 113.932320
2.369278 1528476435.031329 0.000201 0.000221 0.000566 113.250495
2.381332 1528476435.043383 0.000205 0.000217 0.000566 113.514298
2.393843 1528476435.055893 0.000206 0.000221 0.000561 113.030705
2.406799 1528476435.068849 0.000206 0.000227 0.000554 112.292663
2.418772 1528476435.080823 0.000205 0.000231 0.000549 111.836216
2.430976 1528476435.093027 0.000204 0.000234 0.000547 110.455722
2.443819 1528476435.105870 0.000203 0.000235 0.000546 109.820531
2.456151 1528476435.118202 0.000201 0.000237 0.000548 109.040778
2.468718 1528476435.130768 0.000200 0.000237 0.000549 108.275020
2.481893 1528476435.143943 0.000198 0.000238 0.000550 107.518902
2.494273 1528476435.156324 0.000198 0.000237 0.000550 107.096589
2.506069 1528476435.168120 0.000195 0.000237 0.000552 106.556417
2.518410 1528476435.180461 0.000195 0.000239 0.000554 106.001469
2.531289 1528476435.193339 0.000192 0.000237 0.000553 105.382534
2.543760 1528476435.205810 0.000189 0.000231 0.000555 105.086592
2.556530 1528476435.218581 0.000191 0.000234 0.000560 103.648560
2.568735 1528476435.230785 0.000193 0.000230 0.000572 102.410212
2.581182 1528476435.243232 0.000197 0.000222 0.000576 101.129128
2.593748 1528476435.255799 0.000195 0.000218 0.000589 99.988675
2.605923 1528476435.267974 0.000193 0.000211 0.000601 99.114951
2.620181 1528476435.282231 0.000190 0.000203 0.000608 98.020288
2.632557 1528476435.294607 0.000186 0.000196 0.000617 97.101004
2.644799 1528476435.306850 0.000183 0.000195 0.000621 96.482136
2.657067 1528476435.319118 0.000179 0.000195 0.000626 95.700761
2.668659 1528476435.330709 0.000177 0.000195 0.000639 95.423402
2.680756 1528476435.342806 0.000174 0.000195 0.000644 94.554766
2.693331 1528476435.355382 0.000170 0.000196 0.000649 94.166426
2.706141 1528476435.368192 0.000167 0.000197 0.000653 93.607179
2.718372 1528476435.380423 0.000165 0.000197 0.000653 92.944611
2.731024 1528476435.393074 0.000164 0.000195 0.000653 92.631502
2.743735 1528476435.405786 0.000160 0.000194 0.000656 92.265951
2.756030 1528476435.418081 0.000159 0.000193 0.000663 92.140910
2.768420 1528476435.430471 0.000157 0.000192 0.000663 91.957163
2.781080 1528476435.443130 0.000154 0.000191 0.000669 91.828083
2.793844 1528476435.455894 0.000153 0.000191 0.000667 91.756201
2.806178 1528476435.468229 0.000151 0.000190 0.000664 91.431772
2.818701 1528476435.480751 0.000148 0.000190 0.000671 91.399740
2.831665 1528476435.493716 0.000146 0.000189 0.000668 91.182964
2.843765 1528476435.505816 0.000146 0.000187 0.000669 91.139217
2.856692 1528476435.518742 0.000143 0.000186 0.000671 90.948873
2.868962 1528476435.531012 0.000143 0.000184 0.000677 90.926354
2.881305 1528476435.543355 0.000142 0.000181 0.000669 90.684920
2.894314 1528476435.556364 0.000139 0.000181 0.000683 90.559757
2.907889 1528476435.569940 0.000137 0.000177 0.000681 90.399006
2.919578 1528476435.581629 0.000135 0.000177 0.000691 90.290706
2.932465 1528476435.594515 0.000134 0.000173 0.000694 89.876001
2.945138 1528476435.607189 0.000134 0.000170 0.000700 89.385719
2.957704 1528476435.619755 0.000134 0.000166 0.000719 88.065984
2.969486 1528476435.631537 0.000135 0.000163 0.000729 86.955337
2.982363 1528476435.644414 0.000143 0.000153 0.000761 85.690670
2.994323 1528476435.656374 0.000144 0.000154 0.000758 84.003291
3.006702 1528476435.668752 0.000132 0.000158 0.000778 82.724369
3.019086 1528476435.681137 0.000125 0.000157 0.000790 81.753273
3.031844 1528476435.693894 0.000123 0.000154 0.000808 81.174479
3.044886 1528476435.706937 0.000120 0.000154 0.000815 80.403714
3.056876 1528476435.718926 0.000118 0.000151 0.000809 79.741312
3.069579 1528476435.731629 0.000119 0.000147 0.000811 79.500401
3.081584 1528476435.743635 0.000119 0.000145 0.000823 78.932105
3.094322 1528476435.756372 0.000120 0.000145 0.000811 78.354276
3.107249 1528476435.769299 0.000119 0.000143 0.000810 77.778835
3.119553 1528476435.781604 0.000118 0.000140 0.000806 77.209518
3.132426 1528476435.794477 0.000118 0.000141 0.000783 76.761560
3.143539 1528476435.805590 0.000120 0.000139 0.000785 76.419859
3.155772 1528476435.817822 0.000118 0.000139 0.000773 76.167224
3.169211 1528476435.831261 0.000119 0.000137 0.000770 76.115382
3.182495 1528476435.844546 0.000118 0.000136 0.000757 76.004710
3.194401 1528476435.856451 0.000118 0.000137 0.000750 75.890461
3.206852 1528476435.868902 0.000118 0.000136 0.000750 75.822996
3.218864 1528476435.880915 0.000116 0.000136 0.000767 75.893052
3.231186 1528476435.893236 0.000119 0.000137 0.000765 75.800406
3.243290 1528476435.905340 0.000118 0.000136 0.000738 75.633446
3.256001 1528476435.918051 0.000118 0.000136 0.000734 75.489083
3.268512 1528476435.930562 0.000120 0.000135 0.000746 75.286236
3.281448 1528476435.943498 0.000119 0.000136 0.000743 75.253587
3.293854 1528476435.955904 0.000118 0.000136 0.000749 75.073518
3.306105 1528476435.968155 0.000119 0.000136 0.000735 74.930943
3.320715 1528476435.982765 0.000118 0.000136 0.000736 74.822651
3.332313 1528476435.994363 0.000118 0.000135 0.000789 75.031694
3.344523 1528476436.006574 0.000118 0.000136 0.000750 74.694024
3.356971 1528476436.019022 0.000118 0.000137 0.000738 74.622765
3.369751 1528476436.031801 0.000118 0.000136 0.000786 74.734355
3.381588 1528476436.043639 0.000119 0.000135 0.000751 74.516844
3.394107 1528476436.056158 0.000118 0.000135 0.000745 74.259372
3.406544 1528476436.068595 0.000119 0.000136 0.000743 74.279672
3.419031 1528476436.081081 0.000118 0.000136 0.000777 74.522566
3.431403 1528476436.093453 0.000119 0.000137 0.000740 74.085157
3.444746 1528476436.106797 0.000119 0.000135 0.000750 74.180303
3.456718 1528476436.118769 0.000118 0.000136 0.000766 74.192996
3.469321 1528476436.131371 0.000121 0.000134 0.000766 74.290917
3.482191 1528476436.144241 0.000119 0.000136 0.000763 74.165677
3.494286 1528476436.156336 0.000120 0.000137 0.000770 74.086363
3.506616 1528476436.168667 0.000118 0.000135 0.000746 73.873518
3.519843 1528476436.181894 0.000118 0.000134 0.000745 73.988769
3.531775 1528476436.193826 0.000119 0.000135 0.000746 73.902513
3.544267 1528476436.206317 0.000118 0.000135 0.000755 73.931836
3.556891 1528476436.218942 0.000118 0.000134 0.000750 74.024398
3.569439 1528476436.231489 0.000120 0.000135 0.000760 74.070993
3.581966 1528476436.244016 0.000119 0.000134 0.000771 74.107322
3.594091 1528476436.256142 0.000119 0.000134 0.000744 74.008123
3.607286 1528476436.269336 0.000117 0.000133 0.000765 74.038410
3.620077 1528476436.282127 0.000118 0.000134 0.000750 73.922307
3.632369 1528476436.294419 0.000120 0.000133 0.000747 73.940655
3.644935 1528476436.306986 0.000118 0.000133 0.000760 73.946656
3.656746 1528476436.318797 0.000117 0.000133 0.000762 73.816573
3.668778 1528476436.330828 0.000118 0.000134 0.000775 73.746666
3.681690 1528476436.343741 0.000118 0.000134 0.000754 73.735835
3.694496 1528476436.356547 0.000119 0.000134 0.000767 73.735985
3.706133 1528476436.368183 0.000118 0.000134 0.000766 73.629826
3.719094 1528476436.381145 0.000118 0.000133 0.000758 73.585058
3.732953 1528476436.395003 0.000118 0.000133 0.000767 73.540612
3.745021 1528476436.407072 0.000120 0.000134 0.000787 73.549923
3.757632 1528476436.419682 0.000118 0.000134 0.000774 73.484607
3.771120 1528476436.433170 0.000116 0.000134 0.000801 73.471605
3.782803 1528476436.444853 0.000118 0.000133 0.000768 73.384925
3.794348 1528476436.456398 0.000117 0.000133 0.000770 73.345248
3.806737 1528476436.468787 0.000118 0.000133 0.000774 73.293753
3.820285 1528476436.482335 0.000117 0.000132 0.000764 73.417767
3.832527 1528476436.494577 0.000118 0.000132 0.000754 73.322684
3.844923 1528476436.506974 0.000117 0.000132 0.000756 73.290167
3.857127 1528476436.519178 0.000118 0.000132 0.000769 73.309953
3.869878 1528476436.531929 0.000116 0.000132 0.000759 73.202390
3.881485 1528476436.543535 0.000116 0.000131 0.000774 72.881670
3.893950 1528476436.556000 0.000118 0.000129 0.000762 72.470244
3.906737 1528476436.568787 0.000116 0.000125 0.000776 71.954679
3.918865 1528476436.580915 0.000115 0.000122 0.000779 71.871091
3.931354 1528476436.593405 0.000114 0.000122 0.000800 71.824613
3.943962 1528476436.606012 0.000115 0.000120 0.000799 71.659618
3.956181 1528476436.618231 0.000115 0.000120 0.000796 71.566584
3.968521 1528476436.630572 0.000114 0.000120 0.000808 71.496562
3.981102 1528476436.643153 0.000114 0.000123 0.000788 71.451368
3.993877 1528476436.655927 0.000116 0.000122 0.000771 71.369851
4.005929 1528476436.667979 0.000113 0.000123 0.000789 71.240150
4.018706 1528476436.680757 0.000116 0.000121 0.000762 71.243601
4.031234 1528476436.693284 0.000114 0.000125 0.000779 71.134072
4.043986 1528476436.706037 0.000114 0.000121 0.000775 71.166267
4.056257 1528476436.718308 0.000114 0.000122 0.000787 71.153260
4.068764 1528476436.730814 0.000116 0.000121 0.000766 71.093096
4.081114 1528476436.743165 0.000115 0.000122 0.000779 71.106470
4.093350 1528476436.755400 0.000115 0.000121 0.000780 71.044339
4.105841 1528476436.767891 0.000114 0.000123 0.000794 70.929398
4.119176 1528476436.781227 0.000114 0.000122 0.000784 70.988017
4.131483 1528476436.793534 0.000114 0.000122 0.000788 70.960171
4.143951 1528476436.806001 0.000115 0.000123 0.000785 70.993345
4.156258 1528476436.818308 0.000116 0.000122 0.000774 70.938344
4.169660 1528476436.831710 0.000114 0.000124 0.000782 70.847336
4.181292 1528476436.843342 0.000115 0.000123 0.000779 70.818947
4.193582 1528476436.855633 0.000114 0.000124 0.000790 70.698068
4.205887 1528476436.867938 0.000115 0.000124 0.000782 70.659365
4.218808 1528476436.880858 0.000116 0.000123 0.000777 70.635765
4.231260 1528476436.893311 0.000114 0.000125 0.000792 70.579784
4.243686 1528476436.905737 0.000115 0.000124 0.000785 70.471257
4.255932 1528476436.917983 0.000117 0.000123 0.000782 70.299645
4.268622 1528476436.930672 0.000118 0.000124 0.000787 70.173294
4.282741 1528476436.944792 0.000120 0.000124 0.000765 70.046533
4.294413 1528476436.956463 0.000120 0.000129 0.000746 69.343384
4.307362 1528476436.969413 0.000119 0.000133 0.000741 68.554533
4.320016 1528476436.982067 0.000119 0.000134 0.000753 67.816844
4.332861 1528476436.994912 0.000119 0.000135 0.000744 67.099159
4.345129 1528476437.007179 0.000119 0.000133 0.000773 66.701235
4.357963 1528476437.020013 0.000117 0.000135 0.000778 66.222605
4.369404 1528476437.031454 0.000118 0.000134 0.000758 66.000161
4.381585 1528476437.043635 0.000118 0.000134 0.000756 65.873393
4.395086 1528476437.057137 0.000116 0.000134 0.000763 65.577226
4.406502 1528476437.068552 0.000117 0.000132 0.000771 65.450467
4.418937 1528476437.080988 0.000119 0.000131 0.000756 65.484967
4.431724 1528476437.093774 0.000119 0.000131 0.000769 65.253997
4.444293 1528476437.106344 0.000119 0.000130 0.000762 65.156965
4.456414 1528476437.118464 0.000117 0.000131 0.000777 65.173058
4.469749 1528476437.131800 0.000117 0.000132 0.000757 65.187725
4.481462 1528476437.143513 0.000118 0.000131 0.000767 65.010514
4.494030 1528476437.156081 0.000118 0.000130 0.000767 64.992721
4.507729 1528476437.169779 0.000119 0.000131 0.000759 64.973117
4.518864 1528476437.180915 0.000118 0.000130 0.000766 64.882862
4.531908 1528476437.193958 0.000118 0.000130 0.000758 65.047252
4.544376 1528476437.206426 0.000117 0.000130 0.000766 64.832730
4.556864 1528476437.218915 0.000118 0.000130 0.000772 64.798987
4.569245 1528476437.231296 0.000119 0.000129 0.000761 64.822716
4.581791 1528476437.243842 0.000119 0.000129 0.000769 64.722672
4.594241 1528476437.256292 0.000118 0.000129 0.000772 64.791280
4.606599 1528476437.268649 0.000118 0.000129 0.000765 64.604629
4.620089 1528476437.282139 0.000120 0.000130 0.000758 64.557117
4.632137 1528476437.294188 0.000119 0.000129 0.000763 64.553860
4.644234 1528476437.306284 0.000119 0.000129 0.000761 64.565377
4.656545 1528476437.318596 0.000119 0.000129 0.000763 64.522700
4.669266 1528476437.331317 0.000119 0.000129 0.000757 64.568154
4.681494 1528476437.343544 0.000119 0.000128 0.000764 64.524820
4.694247 1528476437.356298 0.000118 0.000130 0.000763 64.517989
4.707066 1528476437.369116 0.000120 0.000129 0.000751 64.549653
4.720136 1528476437.382186 0.000118 0.000125 0.000779 64.414716
4.732444 1528476437.394495 0.000119 0.000122 0.000779 64.143329
4.744391 1528476437.406441 0.000117 0.000121 0.000788 64.010745
4.757664 1528476437.419715 0.000118 0.000121 0.000787 63.994567
4.769868 1528476437.431919 0.000118 0.000122 0.000787 63.768148
4.782664 1528476437.444714 0.000118 0.000122 0.000793 63.434634
4.794645 1528476437.456696 0.000118 0.000121 0.000772 63.324235
4.807235 1528476437.469286 0.000117 0.000122 0.000772 63.116238
4.820050 1528476437.482101 0.000118 0.000123 0.000772 62.615790
4.831882 1528476437.493933 0.000117 0.000121 0.000780 62.564806
4.844733 1528476437.506783 0.000117 0.000121 0.000784 62.447724
4.857498 1528476437.519548 0.000116 0.000123 0.000799 62.320921
4.869965 1528476437.532015 0.000117 0.000120 0.000759 62.301255
4.882305 1528476437.544355 0.000117 0.000121 0.000790 61.991538
4.895442 1528476437.557492 0.000118 0.000122 0.000753 61.794928
4.907626 1528476437.569676 0.000117 0.000122 0.000760 61.844618
4.919518 1528476437.581568 0.000116 0.000122 0.000789 61.677018
4.931546 1528476437.593597 0.000117 0.000122 0.000771 61.609655
4.944279 1528476437.606329 0.000117 0.000122 0.000753 61.674333
4.956603 1528476437.618653 0.000117 0.000122 0.000759 61.427829
4.969476 1528476437.631527 0.000116 0.000122 0.000771 61.424761
4.981566 1528476437.643616 0.000116 0.000123 0.000759 61.266688
4.995938 1528476437.657989 0.000116 0.000121 0.000761 61.314162
5.007721 1528476437.669772 0.000115 0.000123 0.000767 61.314876
5.020339 1528476437.682389 0.000116 0.000121 0.000750 61.405370
5.032880 1528476437.694931 0.000116 0.000122 0.000756 61.416891
5.045243 1528476437.707294 0.000115 0.000121 0.000771 61.310947
5.057328 1528476437.719378 0.000115 0.000122 0.000753 61.398043
5.071451 1528476437.733502 0.000115 0.000122 0.000747 61.230508
5.082625 1528476437.744676 0.000115 0.000122 0.000755 61.326530
5.095113 1528476437.757164 0.000115 0.000123 0.000746 61.187896
5.106750 1528476437.768801 0.000115 0.000121 0.000767 61.355951
5.119224 1528476437.781274 0.000114 0.000121 0.000755 61.178904
5.131574 1528476437.793625 0.000115 0.000120 0.000761 61.271700
5.144301 1528476437.806352 0.000114 0.000122 0.000749 61.110397
5.156596 1528476437.818646 0.000115 0.000121 0.000754 60.994486
5.170491 1528476437.832541 0.000114 0.000121 0.000748 61.185950
5.182717 1528476437.844768 0.000114 0.000123 0.000757 61.010622
5.195016 1528476437.857067 0.000116 0.000123 0.000736 60.893688
5.207618 1528476437.869668 0.000119 0.000121 0.000743 60.829478
5.220180 1528476437.882230 0.000121 0.000123 0.000739 60.631454
5.231863 1528476437.893914 0.000121 0.000123 0.000738 60.332942
5.244209 1528476437.906260 0.000120 0.000123 0.000741 60.510352
5.257908 1528476437.919959 0.000121 0.000123 0.000722 60.586529
5.269541 1528476437.931591 0.000120 0.000124 0.000719 60.468888
5.281903 1528476437.943953 0.000119 0.000124 0.000737 60.357261
5.294404 1528476437.956455 0.000120 0.000124 0.000725 60.425539
5.307516 1528476437.969566 0.000119 0.000124 0.000728 60.277092
5.319607 1528476437.981657 0.000121 0.000124 0.000712 60.285066
5.332299 1528476437.994350 0.000120 0.000124 0.000718 60.014544
5.345372 1528476438.007423 0.000120 0.000123 0.000704 59.911349
5.357224 1528476438.019274 0.000121 0.000124 0.000710 59.749439
5.369159 1528476438.031210 0.000121 0.000123 0.000705 59.739324
5.381835 1528476438.043885 0.000120 0.000123 0.000702 59.823548
5.394452 1528476438.056502 0.000122 0.000123 0.000713 59.471182
5.406716 1528476438.068767 0.000120 0.000123 0.000712 59.711438
5.419181 1528476438.081231 0.000120 0.000123 0.000710 59.784720
5.432380 1528476438.094431 0.000121 0.000123 0.000704 59.617697
5.445895 1528476438.107945 0.000120 0.000123 0.000715 59.366041
5.457224 1528476438.119274 0.000121 0.000123 0.000686 59.489154
5.469287 1528476438.131337 0.000121 0.000123 0.000704 59.444673
5.481459 1528476438.143510 0.000121 0.000122 0.000700 59.632306
5.494349 1528476438.156400 0.000121 0.000122 0.000697 59.573016
5.506353 1528476438.168404 0.000120 0.000122 0.000707 59.661260
5.519211 1528476438.181261 0.000121 0.000123 0.000690 59.452949
5.531981 1528476438.194031 0.000120 0.000122 0.000698 59.442794
5.544374 1528476438.206424 0.000119 0.000122 0.000711 59.819752
5.557454 1528476438.219505 0.000119 0.000120 0.000714 60.112352
5.570361 1528476438.232411 0.000119 0.000124 0.000696 60.407443
5.582763 1528476438.244813 0.000118 0.000126 0.000684 60.341503
5.595948 1528476438.257999 0.000117 0.000127 0.000700 60.228574
5.607386 1528476438.269436 0.000115 0.000127 0.000700 60.049177
5.619459 1528476438.281509 0.000117 0.000127 0.000692 60.034699
5.631933 1528476438.293984 0.000118 0.000125 0.000709 60.238676
5.644259 1528476438.306310 0.000118 0.000127 0.000690 60.131323
5.656811 1528476438.318861 0.000118 0.000125 0.000713 59.990080
5.669556 1528476438.331606 0.000118 0.000125 0.000698 60.186314
5.681573 1528476438.343623 0.000118 0.000124 0.000713 59.994575
5.694187 1528476438.356237 0.000119 0.000124 0.000709 60.226953
5.706584 1528476438.368634 0.000118 0.000123 0.000724 60.136890
5.720259 1528476438.382310 0.000118 0.000124 0.000708 60.150281
5.732270 1528476438.394321 0.000117 0.000124 0.000709 60.007255
5.744632 1528476438.406683 0.000117 0.000122 0.000720 59.867601
5.757008 1528476438.419059 0.000117 0.000124 0.000699 59.915964
5.769862 1528476438.431912 0.000116 0.000125 0.000712 59.762350
5.783024 1528476438.445075 0.000116 0.000124 0.000704 59.714353
5.794890 1528476438.456940 0.000117 0.000124 0.000700 59.827259
5.807163 1528476438.469213 0.000116 0.000121 0.000730 59.710366
5.820014 1528476438.482064 0.000117 0.000123 0.000696 59.579905
5.831950 1528476438.494001 0.000116 0.000122 0.000704 59.606959
5.845047 1528476438.507098 0.000116 0.000126 0.000674 59.292925
5.857302 1528476438.519353 0.000116 0.000123 0.000703 59.539747
5.869646 1528476438.531697 0.000117 0.000122 0.000701 59.683529
5.882620 1528476438.544671 0.000117 0.000121 0.000704 59.386712
5.895155 1528476438.557205 0.000117 0.000124 0.000690 59.275779
5.907592 1528476438.569642 0.000117 0.000122 0.000693 59.286516
5.919926 1528476438.581977 0.000117 0.000122 0.000689 59.323221
5.932065 1528476438.594115 0.000117 0.000123 0.000689 59.500901
5.945361 1528476438.607412 0.000117 0.000123 0.000694 59.448648
5.959116 1528476438.621167 0.000117 0.000124 0.000685 59.337720
5.970852 1528476438.632903 0.000117 0.000123 0.000701 59.236157
5.983196 1528476438.645246 0.000116 0.000123 0.000683 59.395094
5.993941 1528476438.655991 0.000117 0.000121 0.000720 59.357681
6.006538 1528476438.668588 0.000117 0.000123 0.000694 59.608644
6.020960 1528476438.683010 0.000117 0.000122 0.000694 59.380438
6.032509 1528476438.694559 0.000117 0.000123 0.000689 59.206844
6.045899 1528476438.707949 0.000118 0.000122 0.000699 59.169748
6.059005 1528476438.721056 0.000118 0.000123 0.000680 59.262123
6.069659 1528476438.731710 0.000117 0.000123 0.000688 59.023558
6.081728 1528476438.743779 0.000119 0.000124 0.000677 58.643008
6.095413 1528476438.757464 0.000120 0.000127 0.000667 58.366765
6.107962 1528476438.770012 0.000118 0.000127 0.000666 58.494452
6.119757 1528476438.781808 0.000118 0.000126 0.000690 58.271628
6.131800 1528476438.793851 0.000119 0.000127 0.000678 57.796417
6.144086 1528476438.806136 0.000119 0.000127 0.000680 57.598306
6.156542 1528476438.818592 0.000118 0.000127 0.000681 57.501336
6.169427 1528476438.831478 0.000118 0.000127 0.000669 57.318416
6.183471 1528476438.845521 0.000119 0.000126 0.000677 57.176480
6.195043 1528476438.857094 0.000119 0.000127 0.000675 57.048730
6.207991 1528476438.870042 0.000119 0.000128 0.000649 56.750262
6.220501 1528476438.882551 0.000118 0.000127 0.000664 56.747520
6.232744 1528476438.894795 0.000118 0.000127 0.000653 56.639635
6.245022 1528476438.907072 0.000118 0.000127 0.000652 56.539871
6.256552 1528476438.918602 0.000118 0.000128 0.000654 56.628215
6.269442 1528476438.931492 0.000120 0.000128 0.000652 56.498012
6.282060 1528476438.944110 0.000121 0.000127 0.000664 56.475280
6.294262 1528476438.956313 0.000119 0.000127 0.000650 56.266870
6.307034 1528476438.969084 0.000120 0.000127 0.000654 56.324851
6.319329 1528476438.981379 0.000119 0.000127 0.000646 56.195267
6.333441 1528476438.995492 0.000118 0.000127 0.000654 56.308889
6.344873 1528476439.006924 0.000119 0.000127 0.000663 56.491959
6.357400 1528476439.019450 0.000118 0.000126 0.000658 56.423898
6.370303 1528476439.032353 0.000120 0.000127 0.000647 56.216941
6.381968 1528476439.044018 0.000119 0.000127 0.000654 56.324085
6.394640 1528476439.056690 0.000119 0.000127 0.000658 56.496398
6.407458 1528476439.069509 0.000118 0.000126 0.000656 56.391455
6.420340 1528476439.082390 0.000119 0.000127 0.000653 56.404965
6.432984 1528476439.095034 0.000120 0.000127 0.000629 56.365974
6.445586 1528476439.107636 0.000120 0.000127 0.000652 56.182729
6.457034 1528476439.119085 0.000118 0.000126 0.000657 56.386418
6.469669 1528476439.131720 0.000119 0.000126 0.000663 56.526704
6.481888 1528476439.143938 0.000120 0.000126 0.000663 56.286907
6.495524 1528476439.157575 0.000119 0.000126 0.000640 56.472957
6.508063 1528476439.170114 0.000120 0.000127 0.000633 56.344261
6.520198 1528476439.182248 0.000119 0.000126 0.000645 56.426275
6.532501 1528476439.194551 0.000119 0.000126 0.000652 56.472631
6.545099 1528476439.207150 0.000120 0.000127 0.000645 56.570256
6.557966 1528476439.220016 0.000119 0.000127 0.000643 56.466346
6.569962 1528476439.232013 0.000120 0.000126 0.000651 56.367810
6.581877 1528476439.243927 0.000120 0.000127 0.000625 56.103546
6.594496 1528476439.256546 0.000120 0.000127 0.000638 56.282147
6.606955 1528476439.269005 0.000121 0.000127 0.000646 56.449738
6.619031 1528476439.281082 0.000119 0.000127 0.000667 56.436511
6.632159 1528476439.294210 0.000120 0.000127 0.000651 56.278963
6.644935 1528476439.306985 0.000120 0.000127 0.000646 56.140578
6.656839 1528476439.318890 0.000120 0.000127 0.000643 56.122488
6.669165 1528476439.331215 0.000119 0.000127 0.000639 56.145019
6.681818 1528476439.343869 0.000119 0.000127 0.000653 56.251881
6.695283 1528476439.357333 0.000120 0.000127 0.000652 56.286476
6.707595 1528476439.369646 0.000119 0.000127 0.000648 56.259625
6.721229 1528476439.383280 0.000119 0.000128 0.000637 56.166220
6.732928 1528476439.394979 0.000119 0.000127 0.000671 55.841042
6.744561 1528476439.406612 0.000119 0.000126 0.000672 55.714193
6.758123 1528476439.420174 0.000121 0.000126 0.000665 55.284315
6.770359 1528476439.432410 0.000121 0.000125 0.000676 55.267501
6.783738 1528476439.445789 0.000122 0.000125 0.000677 55.202157
6.795448 1528476439.457499 0.000123 0.000125 0.000662 54.837894
6.807428 1528476439.469478 0.000124 0.000127 0.000640 54.674877
6.820441 1528476439.482492 0.000123 0.000125 0.000666 54.637232
6.832275 1528476439.494326 0.000122 0.000126 0.000660 54.615836
6.844507 1528476439.506558 0.000124 0.000125 0.000657 54.346863
6.856884 1528476439.518934 0.000123 0.000125 0.000657 54.383802
6.869565 1528476439.531615 0.000123 0.000125 0.000658 54.328051
6.882521 1528476439.544571 0.000123 0.000125 0.000656 54.299684
6.894493 1528476439.556544 0.000124 0.000126 0.000641 54.208181
6.906976 1528476439.569027 0.000122 0.000125 0.000662 54.205481
6.920217 1528476439.582268 0.000124 0.000125 0.000660 54.258119
6.932208 1528476439.594258 0.000124 0.000125 0.000656 54.227446
6.944603 1528476439.606653 0.000124 0.000126 0.000632 54.044518
6.957031 1528476439.619081 0.000124 0.000126 0.000637 54.086695
6.970060 1528476439.632110 0.000124 0.000126 0.000643 54.037683
6.982596 1528476439.644647 0.000124 0.000126 0.000635 54.034199
6.995284 1528476439.657334 0.000124 0.000126 0.000648 54.131622
7.007224 1528476439.669275 0.000124 0.000126 0.000640 54.027223
7.019756 1528476439.681806 0.000124 0.000126 0.000653 54.122343
7.032138 1528476439.694189 0.000124 0.000126 0.000656 54.249139
7.044926 1528476439.706976 0.000124 0.000126 0.000646 53.906995
7.057817 1528476439.719867 0.000125 0.000127 0.000634 53.950437
7.070051 1528476439.732102 0.000125 0.000127 0.000647 54.025224
7.082243 1528476439.744294 0.000124 0.000126 0.000646 53.967302
7.094478 1528476439.756528 0.000125 0.000127 0.000635 53.834485
7.107198 1528476439.769248 0.000125 0.000128 0.000620 53.715038
7.119853 1528476439.781903 0.000125 0.000127 0.000656 53.898514
7.132077 1528476439.794127 0.000125 0.000126 0.000642 53.934230
7.144290 1528476439.806340 0.000125 0.000128 0.000631 53.880724
7.156779 1528476439.818829 0.000125 0.000127 0.000628 53.816054
7.169475 1528476439.831526 0.000125 0.000126 0.000641 53.947737
7.182043 1528476439.844094 0.000125 0.000126 0.000649 54.105482
7.194803 1528476439.856854 0.000126 0.000128 0.000632 53.798751
7.207024 1528476439.869074 0.000126 0.000127 0.000647 53.886589
7.219326 1528476439.881377 0.000126 0.000128 0.000636 53.582246
7.232268 1528476439.894318 0.000126 0.000129 0.000640 53.254161
7.244269 1528476439.906320 0.000125 0.000131 0.000630 53.067678
7.256769 1528476439.918819 0.000122 0.000131 0.000652 53.743528
7.269478 1528476439.931528 0.000121 0.000133 0.000643 54.114604
7.282187 1528476439.944237 0.000122 0.000134 0.000652 54.513653
7.294461 1528476439.956511 0.000122 0.000138 0.000630 54.411058
7.307035 1528476439.969086 0.000122 0.000140 0.000638 54.758207
7.319309 1528476439.981359 0.000121 0.000141 0.000646 54.403331
7.331887 1528476439.993938 0.000122 0.000143 0.000635 54.142290
7.344631 1528476440.006681 0.000122 0.000143 0.000643 53.832081
7.357124 1528476440.019175 0.000120 0.000144 0.000644 53.524688
7.369583 1528476440.031633 0.000118 0.000144 0.000645 53.456402
7.382413 1528476440.044464 0.000117 0.000144 0.000672 54.019852
7.394715 1528476440.056765 0.000119 0.000147 0.000663 54.489652
7.407545 1528476440.069596 0.000121 0.000144 0.000652 54.495706
7.419526 1528476440.081576 0.000120 0.000142 0.000662 54.333211
7.432264 1528476440.094314 0.000120 0.000143 0.000644 54.242159
7.444603 1528476440.106653 0.000121 0.000143 0.000638 53.866319
7.457178 1528476440.119229 0.000121 0.000143 0.000643 53.687524
7.470260 1528476440.132311 0.000120 0.000143 0.000635 53.369650
7.482900 1528476440.144951 0.000120 0.000144 0.000639 53.423400
7.495464 1528476440.157514 0.000120 0.000143 0.000635 53.387367
7.507891 1528476440.169942 0.000120 0.000144 0.000644 53.337377
7.519933 1528476440.181983 0.000120 0.000144 0.000635 53.196401
7.531981 1528476440.194032 0.000120 0.000143 0.000634 53.081341
7.544358 1528476440.206409 0.000119 0.000144 0.000626 53.238476
7.557247 1528476440.219298 0.000119 0.000142 0.000635 52.979683
7.569288 1528476440.231338 0.000119 0.000143 0.000624 53.087216
7.582991 1528476440.245041 0.000118 0.000143 0.000631 53.078719
7.595405 1528476440.257455 0.000118 0.000143 0.000625 53.055869
7.608078 1528476440.270129 0.000118 0.000143 0.000623 52.968041
7.620271 1528476440.282322 0.000118 0.000141 0.000636 52.864235
7.632194 1528476440.294244 0.000118 0.000142 0.000626 52.721263
7.644366 1528476440.306417 0.000118 0.000142 0.000628 52.718242
7.656841 1528476440.318892 0.000117 0.000143 0.000621 52.778947
7.669245 1528476440.331296 0.000118 0.000143 0.000628 52.729958
7.681714 1528476440.343765 0.000122 0.000141 0.000603 51.914964
7.695471 1528476440.357521 0.000119 0.000144 0.000611 51.809877
7.708476 1528476440.370527 0.000119 0.000142 0.000619 51.349841
7.721699 1528476440.383749 0.000118 0.000141 0.000614 51.457439
7.733581 1528476440.395632 0.000116 0.000141 0.000614 51.565414
7.746474 1528476440.408525 0.000117 0.000142 0.000623 51.760573
7.758090 1528476440.420141 0.000117 0.000142 0.000611 51.724230
7.769919 1528476440.431969 0.000117 0.000142 0.000620 51.889006
7.781912 1528476440.443963 0.000117 0.000142 0.000627 51.848308
7.795217 1528476440.457267 0.000116 0.000142 0.000625 51.843079
7.807720 1528476440.469770 0.000117 0.000142 0.000633 51.820553
7.820471 1528476440.482521 0.000117 0.000141 0.000630 51.675562
7.832815 1528476440.494866 0.000118 0.000142 0.000622 51.733552
7.845307 1528476440.507357 0.000117 0.000141 0.000617 51.649278
7.857949 1528476440.520000 0.000117 0.000141 0.000633 51.834622
7.870213 1528476440.532264 0.000118 0.000142 0.000603 51.548008
7.882305 1528476440.544355 0.000118 0.000141 0.000626 51.674296
7.894247 1528476440.556298 0.000118 0.000142 0.000611 51.660139
7.907791 1528476440.569841 0.000118 0.000142 0.000620 51.815665
7.920307 1528476440.582357 0.000118 0.000142 0.000606 51.654375
7.932640 1528476440.594691 0.000117 0.000141 0.000631 51.946562
7.944586 1528476440.606637 0.000118 0.000141 0.000615 51.725421
7.957436 1528476440.619487 0.000118 0.000141 0.000618 51.752762
7.969963 1528476440.632014 0.000118 0.000141 0.000619 51.718378
7.982716 1528476440.644766 0.000117 0.000141 0.000627 51.915449
7.995394 1528476440.657445 0.000118 0.000141 0.000618 51.895045
8.007579 1528476440.669630 0.000119 0.000141 0.000621 51.683269
8.019666 1528476440.681716 0.000118 0.000142 0.000619 51.755503
8.032294 1528476440.694345 0.000118 0.000142 0.000617 51.665074
8.044685 1528476440.706735 0.000118 0.000142 0.000614 51.550896
8.057354 1528476440.719405 0.000119 0.000142 0.000610 51.578057
8.070055 1528476440.732105 0.000118 0.000142 0.000622 51.580318
8.082588 1528476440.744638 0.000118 0.000141 0.000624 51.679737
8.095021 1528476440.757071 0.000118 0.000141 0.000616 51.522258
8.107372 1528476440.769422 0.000119 0.000141 0.000614 51.515741
8.119744 1528476440.781795 0.000118 0.000141 0.000609 51.438813
8.132284 1528476440.794335 0.000118 0.000141 0.000629 51.574655
8.144733 1528476440.806784 0.000118 0.000142 0.000619 51.376752
8.157597 1528476440.819648 0.000118 0.000141 0.000626 51.567279
8.170735 1528476440.832786 0.000118 0.000141 0.000625 51.533797
8.182440 1528476440.844491 0.000118 0.000140 0.000620 51.394701
8.194947 1528476440.856998 0.000119 0.000143 0.000598 51.436470
8.207834 1528476440.869884 0.000116 0.000145 0.000613 51.790534
8.220538 1528476440.882588 0.000116 0.000145 0.000622 51.972347
8.232119 1528476440.894169 0.000120 0.000144 0.000619 51.673382
8.245416 1528476440.907466 0.000120 0.000142 0.000619 51.511800
8.257593 1528476440.919644 0.000119 0.000141 0.000641 51.409232
8.269850 1528476440.931901 0.000120 0.000140 0.000642 51.230180
8.281938 1528476440.943988 0.000120 0.000140 0.000636 50.883336
8.294588 1528476440.956639 0.000120 0.000140 0.000636 51.019913
8.307941 1528476440.969991 0.000120 0.000141 0.000630 50.836196
8.320724 1528476440.982774 0.000120 0.000141 0.000637 50.810725
8.331901 1528476440.993951 0.000120 0.000141 0.000635 50.780071
8.344639 1528476441.006690 0.000120 0.000141 0.000629 50.683578
8.357397 1528476441.019447 0.000120 0.000140 0.000643 50.722110
8.370556 1528476441.032606 0.000119 0.000140 0.000642 50.512061
8.383167 1528476441.045217 0.000119 0.000141 0.000631 50.436190
8.395055 1528476441.057105 0.000119 0.000141 0.000634 50.400772
8.406917 1528476441.068967 0.000120 0.000141 0.000629 50.303220
8.419382 1528476441.081433 0.000119 0.000140 0.000639 50.406134
8.433263 1528476441.095313 0.000118 0.000140 0.000644 50.427533
8.445473 1528476441.107523 0.000120 0.000140 0.000627 50.324333
8.458176 1528476441.120227 0.000119 0.000140 0.000640 50.389321
8.470736 1528476441.132786 0.000120 0.000141 0.000626 50.258115
8.482849 1528476441.144900 0.000120 0.000141 0.000622 50.109322
8.496183 1528476441.158234 0.000119 0.000140 0.000640 50.290401
8.507889 1528476441.169939 0.000119 0.000141 0.000640 50.365481
8.519795 1528476441.181845 0.000118 0.000140 0.000641 50.319595
8.531772 1528476441.193822 0.000120 0.000140 0.000627 50.195949
8.544631 1528476441.206681 0.000119 0.000140 0.000636 50.277681
8.556771 1528476441.218822 0.000119 0.000140 0.000629 50.183333
8.569599 1528476441.231650 0.000119 0.000140 0.000633 50.298131
8.581936 1528476441.243986 0.000119 0.000139 0.000633 50.258804
8.594870 1528476441.256920 0.000119 0.000140 0.000634 50.205186
8.608475 1528476441.270525 0.000119 0.000139 0.000638 50.400607
8.619577 1528476441.281628 0.000119 0.000140 0.000626 50.330556
8.632320 1528476441.294370 0.000118 0.000139 0.000629 50.259525
8.644725 1528476441.306775 0.000119 0.000139 0.000640 50.519174
8.657295 1528476441.319345 0.000119 0.000139 0.000637 50.253847
8.669802 1528476441.331852 0.000118 0.000139 0.000643 50.373138
8.682642 1528476441.344692 0.000118 0.000139 0.000642 50.317388
8.694544 1528476441.356595 0.000118 0.000138 0.000640 50.271847
8.707152 1528476441.369202 0.000118 0.000138 0.000639 50.481429
8.720973 1528476441.383024 0.000118 0.000139 0.000644 50.332611
8.732756 1528476441.394807 0.000119 0.000140 0.000632 50.383821
8.744674 1528476441.406724 0.000118 0.000139 0.000637 50.336707
8.757059 1528476441.419109 0.000118 0.000139 0.000636 50.118582
8.769653 1528476441.431704 0.000118 0.000139 0.000646 50.389352
8.781817 1528476441.443867 0.000119 0.000139 0.000637 50.282628
8.794489 1528476441.456539 0.000118 0.000139 0.000648 50.381622
8.806935 1528476441.468985 0.000118 0.000139 0.000637 50.292959
8.819235 1528476441.481285 0.000118 0.000139 0.000643 50.291913
8.833401 1528476441.495451 0.000118 0.000140 0.000634 50.327551
8.844644 1528476441.506694 0.000117 0.000138 0.000648 50.304134
8.857372 1528476441.519423 0.000117 0.000139 0.000657 50.364433
8.869290 1528476441.531341 0.000118 0.000139 0.000639 50.302797
8.882259 1528476441.544309 0.000118 0.000139 0.000637 50.233943
8.894588 1528476441.556638 0.000117 0.000139 0.000639 50.336285
8.907472 1528476441.569523 0.000117 0.000139 0.000643 50.243055
8.920686 1528476441.582737 0.000118 0.000139 0.000643 50.181496
8.933159 1528476441.595210 0.000119 0.000139 0.000630 50.036921
8.946316 1528476441.608366 0.000118 0.000139 0.000642 50.159999
8.957254 1528476441.619305 0.000117 0.000139 0.000645 50.150827
8.970092 1528476441.632143 0.000118 0.000139 0.000638 50.013193
8.982575 1528476441.644625 0.000117 0.000140 0.000636 49.872517
8.995266 1528476441.657317 0.000116 0.000140 0.000632 49.883581
9.007900 1528476441.669950 0.000115 0.000140 0.000635 50.215559
9.020248 1528476441.682298 0.000113 0.000139 0.000644 50.378547
9.032578 1528476441.694628 0.000113 0.000138 0.000648 50.552544
9.044953 1528476441.707004 0.000112 0.000138 0.000653 50.707855
9.057642 1528476441.719693 0.000112 0.000137 0.000668 50.861680
9.070690 1528476441.732740 0.000112 0.000136 0.000664 50.559756
9.082470 1528476441.744521 0.000111 0.000136 0.000668 50.654075
9.095211 1528476441.757261 0.000113 0.000137 0.000653 50.453659
9.107530 1528476441.769580 0.000112 0.000137 0.000667 50.575349
9.119977 1528476441.782027 0.000112 0.000136 0.000674 50.558392
9.132613 1528476441.794663 0.000112 0.000137 0.000654 50.370431
9.145076 1528476441.807126 0.000112 0.000137 0.000656 50.446439
9.157853 1528476441.819904 0.000112 0.000137 0.000659 50.492282
9.170302 1528476441.832353 0.000111 0.000136 0.000665 50.307982
9.182811 1528476441.844862 0.000110 0.000135 0.000677 50.439689
9.195403 1528476441.857453 0.000111 0.000136 0.000662 50.340990
9.207985 1528476441.870036 0.000111 0.000136 0.000663 50.321750
9.220272 1528476441.882322 0.000110 0.000136 0.000667 50.172673
9.232033 1528476441.894084 0.000110 0.000136 0.000667 50.191127
9.244523 1528476441.906573 0.000111 0.000136 0.000671 50.374838
9.257543 1528476441.919594 0.000110 0.000136 0.000665 50.132433
9.270022 1528476441.932073 0.000111 0.000136 0.000663 50.265323
9.282670 1528476441.944721 0.000111 0.000136 0.000656 49.992450
9.294533 1528476441.956584 0.000110 0.000135 0.000674 50.198604
9.307773 1528476441.969824 0.000110 0.000135 0.000680 50.197730
9.320625 1528476441.982676 0.000111 0.000136 0.000655 50.037416
9.333564 1528476441.995614 0.000111 0.000136 0.000663 50.087945
9.345609 1528476442.007660 0.000112 0.000136 0.000658 50.085510
9.358050 1528476442.020100 0.000111 0.000136 0.000659 50.116752
9.370123 1528476442.032174 0.000112 0.000137 0.000651 50.084488
9.383079 1528476442.045129 0.000112 0.000136 0.000665 50.313202
9.394778 1528476442.056829 0.000111 0.000136 0.000657 49.971942
9.407767 1528476442.069818 0.000114 0.000137 0.000647 49.822508
9.420525 1528476442.082575 0.000116 0.000136 0.000648 50.302896
9.433614 1528476442.095665 0.000117 0.000135 0.000644 50.448060
9.446455 1528476442.108506 0.000117 0.000134 0.000660 50.390810
9.457819 1528476442.119869 0.000118 0.000135 0.000648 50.483993
9.470654 1528476442.132705 0.000120 0.000135 0.000636 50.274281
9.482738 1528476442.144788 0.000119 0.000136 0.000640 50.284690
9.494536 1528476442.156587 0.000120 0.000135 0.000643 50.320908
9.507374 1528476442.169424 0.000120 0.000136 0.000641 50.297226
9.519498 1528476442.181548 0.000120 0.000135 0.000636 50.261631
9.531999 1528476442.194050 0.000119 0.000135 0.000650 50.243551
9.544345 1528476442.206396 0.000119 0.000134 0.000642 50.241568
9.556886 1528476442.218936 0.000118 0.000134 0.000654 50.102558
9.571705 1528476442.233756 0.000119 0.000135 0.000632 50.001486
9.583622 1528476442.245672 0.000118 0.000134 0.000647 50.057292
9.595840 1528476442.257890 0.000118 0.000134 0.000638 49.950008
9.607504 1528476442.269554 0.000119 0.000134 0.000638 49.995789
9.619833 1528476442.281883 0.000119 0.000134 0.000635 49.853699
9.632540 1528476442.294590 0.000119 0.000134 0.000633 49.709133
9.644834 1528476442.306885 0.000119 0.000134 0.000629 49.857176
9.657052 1528476442.319102 0.000119 0.000134 0.000628 49.742118
9.669497 1528476442.331547 0.000117 0.000133 0.000647 49.873248
9.682273 1528476442.344323 0.000117 0.000133 0.000654 49.898358
9.694375 1528476442.356426 0.000118 0.000134 0.000635 49.757071
9.707118 1528476442.369169 0.000119 0.000134 0.000632 49.788213
9.720695 1528476442.382746 0.000118 0.000134 0.000635 49.850185
9.733324 1528476442.395374 0.000118 0.000134 0.000644 49.917742
9.746647 1528476442.408698 0.000117 0.000134 0.000648 49.984017
9.758354 1528476442.420404 0.000118 0.000134 0.000632 49.828558
9.770712 1528476442.432762 0.000117 0.000134 0.000643 49.985941
9.782901 1528476442.444952 0.000118 0.000134 0.000628 49.810492
9.794434 1528476442.456485 0.000117 0.000133 0.000646 50.011526
9.808331 1528476442.470381 0.000116 0.000132 0.000655 49.933829
9.820548 1528476442.482599 0.000118 0.000133 0.000634 49.844317
9.833675 1528476442.495726 0.000117 0.000132 0.000649 49.983837
9.845675 1528476442.507725 0.000117 0.000134 0.000642 49.853129
9.858340 1528476442.520390 0.000117 0.000133 0.000647 49.877847
9.870898 1528476442.532948 0.000118 0.000134 0.000643 49.923999
9.883318 1528476442.545369 0.000118 0.000134 0.000642 49.946606
9.894633 1528476442.556683 0.000117 0.000133 0.000649 49.814231
9.907227 1528476442.569278 0.000117 0.000134 0.000644 49.965032
9.920294 1528476442.582344 0.000117 0.000132 0.000655 49.855098
9.932329 1528476442.594379 0.000116 0.000133 0.000658 50.000409
9.946061 1528476442.608111 0.000118 0.000134 0.000633 49.906193
9.958355 1528476442.620405 0.000117 0.000133 0.000638 49.753299
9.971394 1528476442.633445 0.000117 0.000133 0.000634 49.771846
9.983145 1528476442.645195 0.000118 0.000133 0.000635 49.712841
9.995042 1528476442.657092 0.000118 0.000134 0.000631 49.708713
10.010810 1528476442.672861 0.000119 0.000134 0.000633 49.714864
10.019574 1528476442.681624 0.000118 0.000134 0.000636 49.642419
10.032122 1528476442.694172 0.000118 0.000133 0.000648 49.739331
10.044775 1528476442.706826 0.000118 0.000134 0.000633 49.748884
10.057151 1528476442.719202 0.000117 0.000133 0.000652 49.803325
10.069847 1528476442.731897 0.000118 0.000133 0.000651 49.882072
10.082052 1528476442.744102 0.000119 0.000134 0.000636 49.527416
10.094812 1528476442.756862 0.000119 0.000134 0.000634 49.722829
10.107218 1528476442.769268 0.000118 0.000135 0.000636 49.581375
10.119383 1528476442.781433 0.000115 0.000135 0.000653 49.937927
10.131886 1528476442.793937 0.000118 0.000137 0.000637 50.106010
10.144789 1528476442.806840 0.000120 0.000138 0.000636 50.173953
10.156869 1528476442.818920 0.000122 0.000136 0.000649 50.299722
10.169408 1528476442.831458 0.000123 0.000136 0.000640 49.883465
10.181783 1528476442.843833 0.000123 0.000135 0.000644 49.825771
10.194915 1528476442.856966 0.000123 0.000136 0.000644 49.768044
10.207217 1528476442.869267 0.000124 0.000135 0.000637 49.501509
10.219498 1528476442.881548 0.000124 0.000136 0.000635 49.572710
10.232121 1528476442.894171 0.000123 0.000135 0.000647 49.617750
10.244462 1528476442.906513 0.000123 0.000136 0.000638 49.348091
10.257144 1528476442.919194 0.000123 0.000135 0.000652 49.419978
10.269732 1528476442.931783 0.000123 0.000135 0.000654 49.449196
10.281908 1528476442.943958 0.000123 0.000135 0.000650 49.315257
10.294694 1528476442.956744 0.000123 0.000135 0.000643 49.293663
10.307388 1528476442.969438 0.000123 0.000136 0.000645 49.210616
10.319696 1528476442.981746 0.000122 0.000135 0.000655 49.059992
10.332083 1528476442.994133 0.000122 0.000135 0.000647 49.052674
10.345202 1528476443.007252 0.000122 0.000135 0.000651 48.865521
10.357306 1528476443.019356 0.000122 0.000135 0.000656 49.066825
10.370215 1528476443.032266 0.000122 0.000135 0.000657 48.912065
10.382150 1528476443.044200 0.000122 0.000136 0.000643 48.896554
10.396778 1528476443.058828 0.000121 0.000135 0.000660 48.933849
10.408901 1528476443.070951 0.000121 0.000135 0.000651 48.801796
10.420680 1528476443.082731 0.000122 0.000135 0.000646 48.805331
10.432966 1528476443.095017 0.000122 0.000136 0.000639 48.612790
10.444687 1528476443.106737 0.000121 0.000135 0.000651 48.892564
10.457375 1528476443.119426 0.000121 0.000135 0.000640 48.548602
10.469755 1528476443.131805 0.000120 0.000135 0.000650 48.684954
10.482523 1528476443.144574 0.000121 0.000135 0.000644 48.683135
10.494736 1528476443.156786 0.000121 0.000135 0.000637 48.616229
10.507716 1528476443.169766 0.000121 0.000134 0.000654 48.806274
10.520121 1528476443.182171 0.000121 0.000135 0.000652 48.780347
10.532931 1528476443.194981 0.000121 0.000135 0.000640 48.500831
10.544864 1528476443.206915 0.000121 0.000135 0.000649 48.620123
10.557855 1528476443.219906 0.000120 0.000134 0.000655 48.620532
10.570147 1528476443.232198 0.000121 0.000135 0.000639 48.625783
10.582482 1528476443.244532 0.000121 0.000135 0.000650 48.634296
10.595212 1528476443.257262 0.000121 0.000135 0.000655 48.757075
10.607525 1528476443.269575 0.000122 0.000135 0.000637 48.657456
10.620018 1528476443.282068 0.000121 0.000135 0.000641 48.729941
10.632795 1528476443.294846 0.000121 0.000135 0.000638 48.628055
10.645735 1528476443.307786 0.000120 0.000134 0.000658 48.780168
10.658398 1528476443.320448 0.000121 0.000135 0.000645 48.776159
10.671182 1528476443.333233 0.000121 0.000135 0.000645 48.848163
10.683466 1528476443.345517 0.000120 0.000134 0.000656 48.758653
10.695790 1528476443.357840 0.000120 0.000134 0.000661 48.772483
10.708153 1528476443.370203 0.000120 0.000135 0.000650 48.876240
10.720267 1528476443.382318 0.000116 0.000134 0.000679 49.275534
10.732268 1528476443.394318 0.000116 0.000135 0.000661 49.295624
10.744796 1528476443.406847 0.000116 0.000134 0.000669 49.277565
10.757483 1528476443.419533 0.000115 0.000134 0.000664 49.090376
10.770024 1528476443.432075 0.000116 0.000134 0.000665 49.040824
10.782957 1528476443.445007 0.000115 0.000133 0.000677 49.061691
10.795954 1528476443.458005 0.000117 0.000133 0.000665 48.774538
10.808364 1528476443.470414 0.000116 0.000132 0.000670 48.546089
10.819766 1528476443.481816 0.000117 0.000132 0.000661 48.466407
10.832071 1528476443.494122 0.000115 0.000132 0.000670 48.376899
10.844801 1528476443.506851 0.000117 0.000133 0.000662 48.351752
10.857411 1528476443.519462 0.000117 0.000133 0.000663 48.365035
10.870405 1528476443.532456 0.000117 0.000132 0.000663 48.235021
10.882448 1528476443.544499 0.000116 0.000134 0.000661 48.322302
10.894840 1528476443.556890 0.000116 0.000133 0.000664 48.272421
10.907472 1528476443.569523 0.000116 0.000133 0.000662 48.268613
10.919614 1528476443.581664 0.000115 0.000132 0.000672 48.310215
10.932929 1528476443.594979 0.000115 0.000132 0.000681 48.420694
10.945297 1528476443.607347 0.000116 0.000133 0.000657 48.139139
10.957615 1528476443.619666 0.000115 0.000132 0.000673 48.236992
10.970031 1528476443.632082 0.000114 0.000133 0.000667 48.075145
10.982879 1528476443.644929 0.000115 0.000132 0.000664 48.025953
10.994849 1528476443.656900 0.000114 0.000132 0.000669 47.915587
11.007528 1528476443.669578 0.000114 0.000132 0.000668 47.956556
11.019821 1528476443.681871 0.000114 0.000132 0.000666 48.059837
11.032980 1528476443.695031 0.000115 0.000132 0.000664 47.827841
11.045253 1528476443.707304 0.000115 0.000133 0.000662 47.918314
11.057553 1528476443.719604 0.000115 0.000132 0.000669 48.051062
11.070081 1528476443.732132 0.000116 0.000132 0.000664 47.975024
11.082943 1528476443.744994 0.000115 0.000132 0.000662 47.954872
11.095112 1528476443.757162 0.000115 0.000132 0.000665 47.991678
11.107919 1528476443.769969 0.000114 0.000132 0.000669 48.072591
11.119921 1528476443.781972 0.000115 0.000133 0.000655 47.854982
11.132659 1528476443.794710 0.000117 0.000135 0.000643 47.462700
11.144891 1528476443.806942 0.000121 0.000133 0.000640 46.810301
11.157762 1528476443.819813 0.000123 0.000131 0.000634 46.852902
11.170458 1528476443.832509 0.000122 0.000131 0.000632 47.002927
11.183202 1528476443.845252 0.000121 0.000130 0.000636 47.211111
11.196005 1528476443.858056 0.000120 0.000130 0.000637 47.370115
11.208048 1528476443.870099 0.000120 0.000130 0.000639 47.470567
11.220521 1528476443.882572 0.000119 0.000130 0.000648 47.647818
11.233461 1528476443.895511 0.000120 0.000129 0.000643 47.588146
11.245452 1528476443.907502 0.000119 0.000130 0.000650 47.558780
11.258462 1528476443.920512 0.000119 0.000130 0.000649 47.581517
11.270597 1528476443.932648 0.000119 0.000130 0.000641 47.410814
11.282961 1528476443.945012 0.000119 0.000130 0.000636 47.412007
11.295338 1528476443.957388 0.000118 0.000129 0.000655 47.462963
11.308013 1528476443.970063 0.000119 0.000130 0.000634 47.228296
11.320474 1528476443.982524 0.000118 0.000129 0.000646 47.251652
11.333459 1528476443.995509 0.000118 0.000129 0.000649 47.229561
11.345851 1528476444.007902 0.000118 0.000129 0.000656 47.413970
11.357810 1528476444.019860 0.000118 0.000130 0.000653 47.290993
11.370048 1528476444.032099 0.000118 0.000129 0.000653 47.210505
11.382267 1528476444.044318 0.000118 0.000130 0.000641 47.105650
11.395355 1528476444.057406 0.000117 0.000129 0.000656 47.054287
11.407500 1528476444.069551 0.000117 0.000130 0.000652 47.000979
11.420024 1528476444.082074 0.000117 0.000129 0.000652 47.067662
11.432894 1528476444.094945 0.000117 0.000128 0.000662 47.016146
11.444938 1528476444.106989 0.000117 0.000129 0.000647 46.974524
11.457786 1528476444.119837 0.000117 0.000129 0.000653 46.907022
11.470402 1528476444.132452 0.000116 0.000129 0.000656 46.741126
11.482534 1528476444.144584 0.000116 0.000129 0.000655 46.817580
11.496232 1528476444.158282 0.000117 0.000129 0.000644 46.593886
11.508560 1528476444.170611 0.000117 0.000129 0.000647 46.527016
11.521150 1528476444.183201 0.000117 0.000129 0.000650 46.599692
11.533351 1528476444.195402 0.000117 0.000129 0.000650 46.593418
11.546324 1528476444.208375 0.000117 0.000128 0.000655 46.592664
11.559366 1528476444.221416 0.000117 0.000129 0.000647 46.527273
11.571170 1528476444.233220 0.000117 0.000129 0.000653 46.450436
11.583978 1528476444.246028 0.000117 0.000129 0.000653 46.650593
11.595238 1528476444.257289 0.000117 0.000129 0.000645 46.622940
11.607576 1528476444.269626 0.000117 0.000129 0.000651 46.713467
11.620448 1528476444.282499 0.000118 0.000129 0.000649 46.710866
11.632562 1528476444.294613 0.000118 0.000129 0.000657 46.819354
11.646274 1528476444.308325 0.000118 0.000129 0.000646 46.751858
11.658454 1528476444.320504 0.000118 0.000129 0.000645 46.721880
11.671170 1528476444.333221 0.000119 0.000129 0.000646 46.885354
11.683619 1528476444.345669 0.000119 0.000130 0.000634 46.817827
11.695257 1528476444.357308 0.000118 0.000129 0.000655 46.912018
11.707414 1528476444.369465 0.000118 0.000129 0.000661 46.943838
11.720366 1528476444.382416 0.000118 0.000130 0.000646 46.806258
11.733041 1528476444.395091 0.000118 0.000130 0.000652 46.823475
11.745106 1528476444.407156 0.000120 0.000130 0.000638 46.810709
11.757653 1528476444.419703 0.000119 0.000129 0.000659 46.931986
11.770409 1528476444.432459 0.000119 0.000130 0.000640 46.872001
11.783039 1528476444.445089 0.000119 0.000130 0.000644 46.819875
11.795324 1528476444.457375 0.000120 0.000130 0.000650 46.861999
11.808847 1528476444.470897 0.000119 0.000129 0.000661 46.902060
11.821264 1528476444.483315 0.000120 0.000130 0.000655 46.863404
11.834301 1528476444.496351 0.000120 0.000130 0.000638 46.745845
11.845330 1528476444.507380 0.000119 0.000130 0.000654 46.818261
11.857790 1528476444.519841 0.000119 0.000129 0.000662 46.929426
11.870245 1528476444.532296 0.000120 0.000130 0.000641 46.757206
11.882880 1528476444.544930 0.000120 0.000130 0.000653 46.818855
11.895672 1528476444.557723 0.000119 0.000130 0.000656 46.785601
11.907634 1528476444.569684 0.000120 0.000130 0.000653 46.747165
11.921413 1528476444.583464 0.000119 0.000130 0.000655 46.655919
11.933769 1528476444.595819 0.000119 0.000129 0.000660 46.630895
11.947206 1528476444.609256 0.000118 0.000130 0.000659 46.609688
11.958440 1528476444.620490 0.000120 0.000131 0.000636 46.474877
11.971215 1528476444.633266 0.000120 0.000131 0.000633 46.299145
11.983584 1528476444.645635 0.000120 0.000130 0.000644 46.500842
11.995720 1528476444.657770 0.000121 0.000131 0.000640 46.471977
12.008054 1528476444.670105 0.000120 0.000130 0.000642 46.434221
12.020737 1528476444.682788 0.000121 0.000131 0.000637 46.418305
12.033109 1528476444.695159 0.000121 0.000131 0.000637 46.394537
12.045329 1528476444.707380 0.000121 0.000131 0.000638 46.566057
12.058229 1528476444.720280 0.000121 0.000131 0.000644 46.442250
12.070586 1528476444.732637 0.000121 0.000132 0.000633 46.435821
12.082866 1528476444.744917 0.000122 0.000131 0.000641 46.497817
12.095928 1528476444.757979 0.000122 0.000132 0.000642 46.442072
12.108278 1528476444.770328 0.000122 0.000132 0.000635 46.509826
12.120755 1528476444.782806 0.000123 0.000131 0.000643 46.533906
12.133351 1528476444.795401 0.000126 0.000131 0.000628 46.513842
12.145836 1528476444.807886 0.000126 0.000132 0.000625 46.345431
12.158324 1528476444.820375 0.000125 0.000133 0.000641 46.800597
12.170063 1528476444.832113 0.000125 0.000133 0.000634 46.879777
12.182848 1528476444.844899 0.000124 0.000135 0.000638 46.891826
12.195192 1528476444.857243 0.000123 0.000134 0.000658 46.937576
12.207691 1528476444.869741 0.000124 0.000136 0.000639 46.875937
12.219863 1528476444.881913 0.000124 0.000136 0.000635 46.776126
12.232895 1528476444.894946 0.000124 0.000136 0.000642 46.764059
12.245344 1528476444.907394 0.000123 0.000136 0.000646 46.695958
12.257851 1528476444.919901 0.000123 0.000135 0.000649 46.655687
12.269904 1528476444.931955 0.000122 0.000134 0.000654 46.743319
12.284493 1528476444.946543 0.000122 0.000134 0.000654 46.726462
12.296837 1528476444.958888 0.000122 0.000134 0.000649 46.614618
12.308431 1528476444.970481 0.000123 0.000136 0.000631 46.620172
12.320205 1528476444.982255 0.000123 0.000135 0.000642 46.696300
12.332392 1528476444.994443 0.000122 0.000135 0.000641 46.591681
12.344951 1528476445.007001 0.000122 0.000135 0.000638 46.604205
12.360073 1528476445.022124 0.000122 0.000134 0.000645 46.691628
12.370919 1528476445.032969 0.000122 0.000135 0.000636 46.614967
12.384209 1528476445.046260 0.000122 0.000136 0.000636 46.680321
12.395575 1528476445.057625 0.000122 0.000135 0.000638 46.690858
12.407559 1528476445.069610 0.000122 0.000134 0.000648 46.710824
12.420128 1528476445.082178 0.000121 0.000133 0.000656 46.762289
12.432722 1528476445.094773 0.000121 0.000134 0.000642 46.590090
12.444856 1528476445.106907 0.000121 0.000134 0.000648 46.624502
12.458755 1528476445.120806 0.000121 0.000134 0.000642 46.535157
12.471407 1528476445.133457 0.000121 0.000134 0.000645 46.566101
12.484751 1528476445.146801 0.000121 0.000133 0.000656 46.745906
12.496397 1528476445.158447 0.000122 0.000134 0.000635 46.410762
12.507699 1528476445.169750 0.000121 0.000135 0.000640 46.558986
12.520671 1528476445.182721 0.000122 0.000134 0.000641 46.500081
12.532634 1528476445.194684 0.000121 0.000134 0.000645 46.472983
12.547231 1528476445.209282 0.000121 0.000134 0.000650 46.432837
12.558816 1528476445.220866 0.000122 0.000134 0.000649 46.268900
12.570509 1528476445.232559 0.000123 0.000134 0.000648 45.934860
12.582431 1528476445.244482 0.000121 0.000135 0.000646 46.074221
12.595406 1528476445.257456 0.000121 0.000135 0.000655 46.276897
12.607477 1528476445.269527 0.000121 0.000137 0.000651 46.471104
12.621038 1528476445.283088 0.000123 0.000136 0.000663 46.277659
12.633627 1528476445.295677 0.000126 0.000137 0.000652 45.817394
12.646491 1528476445.308541 0.000125 0.000138 0.000661 45.846590
12.657770 1528476445.319821 0.000125 0.000138 0.000652 45.567382
12.669963 1528476445.332013 0.000126 0.000138 0.000645 45.471269
12.682439 1528476445.344490 0.000126 0.000139 0.000631 45.147280
12.695084 1528476445.357135 0.000126 0.000138 0.000635 45.316246
12.708086 1528476445.370137 0.000126 0.000139 0.000637 45.185106
12.720249 1528476445.382300 0.000126 0.000139 0.000644 45.194844
12.733117 1528476445.395168 0.000126 0.000139 0.000636 45.226664
12.745008 1528476445.407059 0.000126 0.000138 0.000635 45.176587
12.757650 1528476445.419700 0.000125 0.000139 0.000640 45.235998
12.770640 1528476445.432690 0.000126 0.000138 0.000644 45.200656
12.783088 1528476445.445139 0.000126 0.000138 0.000635 44.991280
12.795213 1528476445.457263 0.000124 0.000138 0.000642 44.844733
12.807750 1528476445.469800 0.000125 0.000138 0.000636 44.976475
12.820616 1528476445.482666 0.000124 0.000138 0.000636 45.013817
12.832785 1528476445.494836 0.000124 0.000138 0.000644 45.120872
12.845411 1528476445.507461 0.000124 0.000138 0.000640 45.093903
12.857573 1528476445.519624 0.000123 0.000138 0.000641 45.169745
12.870337 1528476445.532387 0.000124 0.000138 0.000634 44.918564
12.883281 1528476445.545332 0.000124 0.000138 0.000642 45.017756
12.895409 1528476445.557459 0.000124 0.000138 0.000632 44.759295
12.907833 1528476445.569884 0.000123 0.000138 0.000637 45.180454
12.920965 1528476445.583015 0.000123 0.000138 0.000633 44.907441
12.932607 1528476445.594658 0.000123 0.000137 0.000647 45.070443
12.944607 1528476445.606658 0.000123 0.000137 0.000647 44.971662
12.957186 1528476445.619237 0.000124 0.000137 0.000641 44.975172
12.969912 1528476445.631963 0.000123 0.000136 0.000640 44.948998
12.982496 1528476445.644547 0.000124 0.000138 0.000626 44.798840
