-6.183249 1527871624.809899 0.000110 0.000116 0.000709 46.558802
-6.171148 1527871624.822000 0.000112 0.000120 0.000709 45.924828
-6.158451 1527871624.834697 0.000109 0.000116 0.000713 46.560978
-6.147536 1527871624.845612 0.000111 0.000120 0.000713 45.964590
-6.135295 1527871624.857853 0.000111 0.000119 0.000715 45.994574
-6.122863 1527871624.870285 0.000111 0.000119 0.000712 45.998981
-6.110218 1527871624.882930 0.000112 0.000120 0.000711 45.950266
-6.097800 1527871624.895348 0.000112 0.000119 0.000713 46.086537
-6.085333 1527871624.907815 0.000112 0.000120 0.000709 45.911739
-6.072767 1527871624.920381 0.000112 0.000120 0.000712 46.010676
-6.059554 1527871624.933594 0.000112 0.000120 0.000713 46.053800
-6.047018 1527871624.946130 0.000112 0.000120 0.000714 46.039076
-6.034503 1527871624.958645 0.000112 0.000120 0.000712 46.066888
-6.022548 1527871624.970600 0.000112 0.000120 0.000709 45.953856
-6.009519 1527871624.983629 0.000112 0.000121 0.000710 45.863310
-5.996777 1527871624.996371 0.000112 0.000120 0.000710 45.920974
-5.984805 1527871625.008343 0.000112 0.000120 0.000714 45.965127
-5.971984 1527871625.021163 0.000112 0.000121 0.000709 45.892513
-5.960360 1527871625.032788 0.000112 0.000120 0.000706 45.909386
-5.947419 1527871625.045729 0.000112 0.000120 0.000707 45.916574
-5.934690 1527871625.058457 0.000112 0.000121 0.000710 45.910090
-5.922414 1527871625.070734 0.000112 0.000121 0.000707 45.879047
-5.909761 1527871625.083387 0.000113 0.000121 0.000710 45.956539
-5.897262 1527871625.095886 0.000111 0.000118 0.000704 46.513075
-5.884635 1527871625.108513 0.000113 0.000122 0.000705 45.871575
-5.872355 1527871625.120793 0.000111 0.000118 0.000703 46.359836
-5.859553 1527871625.133595 0.000113 0.000122 0.000708 45.848104
-5.847038 1527871625.146110 0.000113 0.000123 0.000706 45.899369
-5.835415 1527871625.157733 0.000112 0.000119 0.000696 46.259733
-5.821737 1527871625.171411 0.000112 0.000119 0.000698 46.288099
-5.809384 1527871625.183764 0.000114 0.000124 0.000701 45.833736
-5.797802 1527871625.195345 0.000113 0.000120 0.000697 46.395070
-5.784458 1527871625.208690 0.000114 0.000119 0.000698 46.279217
-5.772686 1527871625.220462 0.000115 0.000120 0.000700 46.188503
-5.760720 1527871625.232427 0.000118 0.000124 0.000702 45.935075
-5.748227 1527871625.244921 0.000119 0.000124 0.000697 46.530765
-5.734496 1527871625.258652 0.000119 0.000126 0.000687 46.838398
-5.722297 1527871625.270851 0.000118 0.000129 0.000685 46.873906
-5.710094 1527871625.283053 0.000118 0.000132 0.000678 46.835861
-5.698148 1527871625.295000 0.000117 0.000132 0.000674 46.547578
-5.685893 1527871625.307255 0.000116 0.000132 0.000673 46.158156
-5.673008 1527871625.320140 0.000116 0.000132 0.000671 45.581795
-5.660064 1527871625.333084 0.000116 0.000129 0.000672 45.594674
-5.647498 1527871625.345650 0.000116 0.000128 0.000668 45.337010
-5.634498 1527871625.358650 0.000116 0.000129 0.000668 44.924767
-5.622238 1527871625.370910 0.000116 0.000128 0.000667 44.775054
-5.609656 1527871625.383492 0.000115 0.000128 0.000673 44.689735
-5.597199 1527871625.395949 0.000115 0.000128 0.000672 44.541354
-5.585332 1527871625.407816 0.000115 0.000127 0.000666 44.449828
-5.573068 1527871625.420080 0.000115 0.000128 0.000666 44.408336
-5.560850 1527871625.432298 0.000115 0.000127 0.000669 44.480977
-5.548393 1527871625.444755 0.000115 0.000128 0.000665 44.347644
-5.534609 1527871625.458539 0.000115 0.000127 0.000667 44.238046
-5.522138 1527871625.471009 0.000116 0.000127 0.000664 44.204618
-5.510234 1527871625.482914 0.000116 0.000127 0.000666 44.375849
-5.496723 1527871625.496425 0.000115 0.000127 0.000666 44.435870
-5.484798 1527871625.508349 0.000115 0.000127 0.000665 44.361756
-5.472262 1527871625.520885 0.000115 0.000126 0.000668 44.465664
-5.459141 1527871625.534006 0.000116 0.000125 0.000668 44.380331
-5.447184 1527871625.545964 0.000115 0.000126 0.000670 44.392985
-5.434347 1527871625.558801 0.000115 0.000126 0.000670 44.395145
-5.422172 1527871625.570976 0.000115 0.000126 0.000670 44.562979
-5.409757 1527871625.583391 0.000115 0.000126 0.000672 44.508087
-5.397606 1527871625.595542 0.000115 0.000126 0.000672 44.544773
-5.384115 1527871625.609033 0.000116 0.000126 0.000670 44.375686
-5.373261 1527871625.619887 0.000116 0.000126 0.000672 44.537609
-5.360764 1527871625.632384 0.000116 0.000126 0.000669 44.571127
-5.347250 1527871625.645897 0.000116 0.000126 0.000671 44.597165
-5.334684 1527871625.658464 0.000117 0.000127 0.000670 44.278911
-5.322114 1527871625.671034 0.000117 0.000128 0.000671 44.052028
-5.309760 1527871625.683388 0.000116 0.000129 0.000677 43.927776
-5.296965 1527871625.696183 0.000116 0.000130 0.000688 43.524702
-5.284601 1527871625.708546 0.000117 0.000133 0.000681 43.591686
-5.272497 1527871625.720651 0.000117 0.000139 0.000671 43.320346
-5.260720 1527871625.732427 0.000118 0.000143 0.000662 42.748396
-5.247873 1527871625.745275 0.000118 0.000144 0.000660 42.218276
-5.234469 1527871625.758679 0.000118 0.000145 0.000656 41.706955
-5.221600 1527871625.771548 0.000118 0.000144 0.000659 41.420151
-5.210246 1527871625.782902 0.000118 0.000144 0.000653 41.382889
-5.197992 1527871625.795156 0.000118 0.000144 0.000656 41.170262
-5.185627 1527871625.807521 0.000119 0.000144 0.000655 41.039853
-5.173060 1527871625.820088 0.000118 0.000143 0.000655 41.036564
-5.160924 1527871625.832224 0.000119 0.000142 0.000652 41.075651
-5.148473 1527871625.844675 0.000119 0.000141 0.000657 41.082707
-5.135615 1527871625.857533 0.000119 0.000142 0.000651 41.127594
-5.123250 1527871625.869897 0.000119 0.000140 0.000657 41.196355
-5.109592 1527871625.883556 0.000119 0.000141 0.000651 41.049112
-5.097222 1527871625.895926 0.000119 0.000140 0.000650 40.859138
-5.085001 1527871625.908147 0.000118 0.000139 0.000656 40.867301
-5.071777 1527871625.921371 0.000119 0.000138 0.000658 40.916760
-5.059632 1527871625.933516 0.000119 0.000137 0.000657 40.787218
-5.047020 1527871625.946127 0.000119 0.000136 0.000659 40.787685
-5.035013 1527871625.958135 0.000118 0.000135 0.000661 40.565323
-5.022892 1527871625.970256 0.000118 0.000135 0.000655 40.633497
-5.010142 1527871625.983006 0.000118 0.000134 0.000659 40.503599
-4.997734 1527871625.995414 0.000119 0.000134 0.000656 40.424094
-4.985466 1527871626.007682 0.000118 0.000134 0.000663 40.368057
-4.972625 1527871626.020522 0.000119 0.000133 0.000656 40.162440
-4.959879 1527871626.033269 0.000118 0.000135 0.000651 39.805670
-4.947706 1527871626.045442 0.000117 0.000140 0.000649 38.586314
-4.935059 1527871626.058089 0.000115 0.000141 0.000658 38.089330
-4.922583 1527871626.070565 0.000114 0.000142 0.000668 37.524667
-4.909938 1527871626.083210 0.000113 0.000141 0.000681 37.025250
-4.897682 1527871626.095466 0.000113 0.000140 0.000683 36.533047
-4.885203 1527871626.107945 0.000113 0.000140 0.000685 36.368129
-4.872892 1527871626.120255 0.000111 0.000139 0.000691 36.366522
-4.860180 1527871626.132968 0.000112 0.000139 0.000690 36.295503
-4.847803 1527871626.145345 0.000111 0.000138 0.000692 36.210073
-4.835120 1527871626.158027 0.000111 0.000138 0.000691 36.162052
-4.822882 1527871626.170265 0.000111 0.000138 0.000694 36.131887
-4.809959 1527871626.183189 0.000110 0.000136 0.000694 35.879842
-4.797530 1527871626.195618 0.000111 0.000136 0.000697 35.946715
-4.784873 1527871626.208274 0.000111 0.000136 0.000693 35.859737
-4.772201 1527871626.220947 0.000110 0.000136 0.000693 35.798595
-4.759692 1527871626.233456 0.000111 0.000135 0.000697 35.533068
-4.746995 1527871626.246153 0.000109 0.000135 0.000689 35.817492
-4.735122 1527871626.258026 0.000111 0.000134 0.000692 35.542617
-4.722812 1527871626.270335 0.000110 0.000134 0.000698 35.526938
-4.709567 1527871626.283581 0.000110 0.000134 0.000702 35.437772
-4.696684 1527871626.296464 0.000110 0.000133 0.000697 35.480343
-4.684153 1527871626.308995 0.000110 0.000133 0.000698 35.293800
-4.671730 1527871626.321418 0.000109 0.000133 0.000694 35.538923
-4.659458 1527871626.333690 0.000110 0.000133 0.000697 35.258722
-4.647277 1527871626.345871 0.000110 0.000133 0.000694 35.162343
-4.635558 1527871626.357590 0.000110 0.000133 0.000697 35.278170
-4.622937 1527871626.370211 0.000110 0.000133 0.000696 35.372925
-4.610708 1527871626.382439 0.000109 0.000133 0.000701 35.236886
-4.596520 1527871626.396627 0.000107 0.000133 0.000702 35.118410
-4.584537 1527871626.408611 0.000107 0.000134 0.000706 34.791272
-4.572503 1527871626.420645 0.000106 0.000134 0.000708 34.724688
-4.560441 1527871626.432707 0.000106 0.000134 0.000721 34.319041
-4.546993 1527871626.446155 0.000106 0.000136 0.000728 33.907881
-4.534744 1527871626.458404 0.000106 0.000138 0.000739 33.779217
-4.523091 1527871626.470057 0.000106 0.000138 0.000740 33.483160
-4.510908 1527871626.482239 0.000105 0.000138 0.000743 33.420820
-4.497946 1527871626.495202 0.000106 0.000138 0.000746 33.291874
-4.485328 1527871626.507820 0.000106 0.000138 0.000747 33.355912
-4.472949 1527871626.520199 0.000106 0.000137 0.000741 33.020959
-4.460243 1527871626.532905 0.000106 0.000137 0.000737 33.001015
-4.447993 1527871626.545155 0.000106 0.000136 0.000738 32.818955
-4.434380 1527871626.558768 0.000106 0.000137 0.000742 32.899275
-4.421684 1527871626.571464 0.000106 0.000136 0.000743 32.967257
-4.409180 1527871626.583968 0.000107 0.000136 0.000740 33.079095
-4.396942 1527871626.596206 0.000105 0.000136 0.000743 33.272146
-4.383715 1527871626.609433 0.000106 0.000136 0.000742 33.235033
-4.372103 1527871626.621044 0.000106 0.000136 0.000743 33.241612
-4.358991 1527871626.634157 0.000106 0.000136 0.000738 33.343511
-4.347272 1527871626.645876 0.000106 0.000135 0.000739 33.309614
-4.334649 1527871626.658499 0.000107 0.000136 0.000738 33.195153
-4.322634 1527871626.670514 0.000106 0.000135 0.000736 33.244561
-4.309350 1527871626.683798 0.000106 0.000135 0.000736 33.163212
-4.297049 1527871626.696099 0.000105 0.000135 0.000738 33.388370
-4.285416 1527871626.707732 0.000106 0.000136 0.000740 33.195922
-4.272969 1527871626.720179 0.000105 0.000135 0.000744 33.188001
-4.260240 1527871626.732908 0.000105 0.000135 0.000738 33.433058
-4.247844 1527871626.745304 0.000103 0.000135 0.000741 33.799784
-4.234427 1527871626.758721 0.000101 0.000134 0.000746 34.065801
-4.222015 1527871626.771132 0.000102 0.000131 0.000748 34.427379
-4.209566 1527871626.783582 0.000103 0.000129 0.000753 34.078623
-4.197484 1527871626.795664 0.000107 0.000126 0.000749 33.748724
-4.185515 1527871626.807633 0.000107 0.000124 0.000750 33.921269
-4.172977 1527871626.820171 0.000108 0.000123 0.000755 34.067500
-4.160251 1527871626.832896 0.000109 0.000124 0.000757 34.201126
-4.147881 1527871626.845267 0.000109 0.000123 0.000755 33.995345
-4.135365 1527871626.857783 0.000109 0.000123 0.000754 34.027780
-4.122352 1527871626.870795 0.000107 0.000123 0.000761 33.908825
-4.109651 1527871626.883497 0.000108 0.000123 0.000757 33.799877
-4.097631 1527871626.895516 0.000107 0.000123 0.000757 33.706717
-4.084826 1527871626.908321 0.000107 0.000123 0.000759 33.679178
-4.072690 1527871626.920458 0.000107 0.000123 0.000759 33.635474
-4.060185 1527871626.932963 0.000106 0.000122 0.000764 33.369073
-4.047399 1527871626.945749 0.000105 0.000121 0.000769 32.937994
-4.034365 1527871626.958783 0.000105 0.000120 0.000761 33.195944
-4.021751 1527871626.971397 0.000103 0.000123 0.000751 33.904657
-4.009593 1527871626.983555 0.000101 0.000127 0.000754 35.096795
-3.996966 1527871626.996181 0.000097 0.000131 0.000752 36.221112
-3.984812 1527871627.008336 0.000097 0.000133 0.000755 36.858100
-3.973014 1527871627.020134 0.000097 0.000133 0.000767 37.412680
-3.960497 1527871627.032651 0.000097 0.000133 0.000775 37.660857
-3.947861 1527871627.045287 0.000097 0.000133 0.000776 37.626296
-3.935290 1527871627.057858 0.000097 0.000132 0.000785 37.499909
-3.922786 1527871627.070362 0.000097 0.000133 0.000785 37.541176
-3.910421 1527871627.082727 0.000097 0.000132 0.000786 37.458526
-3.897929 1527871627.095219 0.000097 0.000132 0.000782 37.454129
-3.885495 1527871627.107653 0.000097 0.000131 0.000782 37.453171
-3.872892 1527871627.120256 0.000097 0.000131 0.000784 37.426958
-3.860665 1527871627.132483 0.000098 0.000132 0.000785 37.455543
-3.847756 1527871627.145392 0.000097 0.000131 0.000784 37.430042
-3.835215 1527871627.157933 0.000097 0.000131 0.000787 37.528283
-3.822697 1527871627.170451 0.000097 0.000132 0.000779 37.562975
-3.810000 1527871627.183148 0.000097 0.000134 0.000775 37.997581
-3.797955 1527871627.195193 0.000096 0.000136 0.000777 37.957402
-3.785375 1527871627.207773 0.000097 0.000137 0.000790 37.593591
-3.772654 1527871627.220494 0.000097 0.000137 0.000794 37.334425
-3.760519 1527871627.232629 0.000097 0.000137 0.000795 37.007822
-3.747849 1527871627.245298 0.000097 0.000137 0.000793 36.738149
-3.735471 1527871627.257676 0.000097 0.000137 0.000791 36.630986
-3.722764 1527871627.270384 0.000097 0.000136 0.000789 36.584748
-3.710132 1527871627.283016 0.000097 0.000135 0.000785 36.678404
-3.697821 1527871627.295327 0.000097 0.000136 0.000787 36.731229
-3.685362 1527871627.307786 0.000097 0.000136 0.000790 36.744953
-3.672877 1527871627.320271 0.000096 0.000135 0.000791 36.721802
-3.659448 1527871627.333700 0.000096 0.000136 0.000787 36.924258
-3.647002 1527871627.346146 0.000096 0.000135 0.000789 36.851730
-3.634319 1527871627.358829 0.000095 0.000136 0.000783 37.154514
-3.621951 1527871627.371197 0.000096 0.000135 0.000787 36.977422
-3.609322 1527871627.383826 0.000096 0.000136 0.000790 36.998088
-3.596884 1527871627.396264 0.000096 0.000135 0.000786 37.011068
-3.584815 1527871627.408333 0.000096 0.000135 0.000786 36.816222
-3.572523 1527871627.420625 0.000096 0.000136 0.000779 37.092924
-3.560311 1527871627.432837 0.000095 0.000135 0.000780 36.820859
-3.546958 1527871627.446190 0.000096 0.000136 0.000784 36.858667
-3.534418 1527871627.458730 0.000096 0.000136 0.000783 36.820613
-3.522081 1527871627.471067 0.000096 0.000135 0.000781 36.809560
-3.509592 1527871627.483556 0.000096 0.000136 0.000781 36.811884
-3.497020 1527871627.496127 0.000096 0.000135 0.000783 36.723128
-3.484494 1527871627.508654 0.000096 0.000135 0.000784 36.774660
-3.472071 1527871627.521077 0.000096 0.000135 0.000782 36.780370
-3.459415 1527871627.533733 0.000096 0.000135 0.000786 36.654552
-3.447634 1527871627.545514 0.000096 0.000133 0.000787 36.621577
-3.435501 1527871627.557647 0.000097 0.000132 0.000791 36.999357
-3.422961 1527871627.570187 0.000096 0.000131 0.000775 37.605118
-3.410168 1527871627.582980 0.000098 0.000128 0.000781 37.806807
-3.396977 1527871627.596170 0.000099 0.000125 0.000776 37.338195
-3.384228 1527871627.608920 0.000102 0.000123 0.000757 37.399573
-3.371927 1527871627.621221 0.000104 0.000122 0.000756 37.368983
-3.359686 1527871627.633461 0.000104 0.000120 0.000759 37.352983
-3.347641 1527871627.645507 0.000105 0.000119 0.000758 37.361943
-3.335104 1527871627.658043 0.000105 0.000119 0.000764 37.456171
-3.321857 1527871627.671290 0.000105 0.000119 0.000758 37.414299
-3.309621 1527871627.683527 0.000105 0.000119 0.000758 37.282679
-3.296837 1527871627.696311 0.000105 0.000119 0.000751 37.138215
-3.283634 1527871627.709514 0.000104 0.000120 0.000753 37.081177
-3.272114 1527871627.721034 0.000104 0.000120 0.000746 37.126197
-3.259902 1527871627.733246 0.000104 0.000120 0.000754 37.079796
-3.247597 1527871627.745551 0.000104 0.000120 0.000752 37.051780
-3.235064 1527871627.758084 0.000103 0.000120 0.000754 37.056786
-3.222869 1527871627.770279 0.000103 0.000120 0.000757 36.982186
-3.209392 1527871627.783756 0.000102 0.000120 0.000758 36.864671
-3.196779 1527871627.796369 0.000103 0.000120 0.000755 36.844392
-3.184630 1527871627.808517 0.000103 0.000120 0.000755 36.856139
-3.171808 1527871627.821340 0.000102 0.000120 0.000758 36.582541
-3.159986 1527871627.833162 0.000102 0.000120 0.000755 36.635180
-3.147204 1527871627.845943 0.000103 0.000120 0.000744 36.632029
-3.135211 1527871627.857937 0.000102 0.000120 0.000749 36.411111
-3.122756 1527871627.870392 0.000102 0.000120 0.000754 36.500749
-3.110393 1527871627.882755 0.000102 0.000121 0.000750 36.397417
-3.097821 1527871627.895327 0.000103 0.000121 0.000745 36.549902
-3.085190 1527871627.907958 0.000102 0.000121 0.000751 36.360533
-3.072747 1527871627.920401 0.000102 0.000121 0.000748 36.358740
-3.059786 1527871627.933362 0.000102 0.000121 0.000749 36.293589
-3.046190 1527871627.946958 0.000103 0.000121 0.000750 36.325589
-3.034242 1527871627.958906 0.000102 0.000121 0.000755 36.171086
-3.021782 1527871627.971365 0.000103 0.000122 0.000742 36.472107
-3.009126 1527871627.984022 0.000103 0.000122 0.000749 36.297732
-2.996662 1527871627.996486 0.000103 0.000122 0.000748 36.330256
-2.984730 1527871628.008418 0.000104 0.000122 0.000751 36.158421
-2.972819 1527871628.020329 0.000104 0.000123 0.000752 36.041278
-2.960547 1527871628.032601 0.000104 0.000123 0.000743 36.287135
-2.947597 1527871628.045551 0.000105 0.000123 0.000743 36.331542
-2.935281 1527871628.057867 0.000105 0.000124 0.000746 36.247298
-2.922987 1527871628.070161 0.000106 0.000124 0.000747 36.144737
-2.910480 1527871628.082668 0.000106 0.000125 0.000740 36.306076
-2.897955 1527871628.095193 0.000106 0.000125 0.000738 36.295043
-2.885518 1527871628.107630 0.000106 0.000125 0.000740 36.300277
-2.872974 1527871628.120174 0.000106 0.000125 0.000741 36.244010
-2.860486 1527871628.132662 0.000107 0.000126 0.000740 36.181788
-2.848026 1527871628.145122 0.000107 0.000126 0.000740 36.233568
-2.835258 1527871628.157890 0.000111 0.000127 0.000740 35.978886
-2.822655 1527871628.170493 0.000109 0.000127 0.000734 36.385951
-2.809838 1527871628.183310 0.000109 0.000128 0.000736 36.338166
-2.797231 1527871628.195916 0.000110 0.000128 0.000735 36.370275
-2.784732 1527871628.208416 0.000111 0.000128 0.000731 36.385677
-2.772208 1527871628.220940 0.000111 0.000129 0.000734 36.304366
-2.759362 1527871628.233786 0.000111 0.000129 0.000733 36.336849
-2.747394 1527871628.245754 0.000114 0.000129 0.000728 36.180093
-2.734496 1527871628.258652 0.000113 0.000130 0.000729 36.363006
-2.722112 1527871628.271036 0.000115 0.000131 0.000728 36.336693
-2.709265 1527871628.283883 0.000113 0.000131 0.000725 36.564339
-2.696968 1527871628.296180 0.000115 0.000132 0.000722 36.309668
-2.684729 1527871628.308419 0.000115 0.000132 0.000721 36.782158
-2.672030 1527871628.321118 0.000115 0.000131 0.000720 36.879253
-2.659591 1527871628.333557 0.000116 0.000130 0.000728 37.278802
-2.647271 1527871628.345877 0.000118 0.000129 0.000722 37.943237
-2.634706 1527871628.358442 0.000120 0.000127 0.000716 39.004696
-2.622006 1527871628.371142 0.000123 0.000125 0.000712 39.816599
-2.609152 1527871628.383996 0.000123 0.000125 0.000708 40.400541
-2.597297 1527871628.395850 0.000123 0.000128 0.000694 40.764488
-2.584284 1527871628.408864 0.000122 0.000130 0.000695 40.912307
-2.571556 1527871628.421592 0.000123 0.000131 0.000691 41.092570
-2.559856 1527871628.433291 0.000122 0.000133 0.000693 41.197774
-2.547056 1527871628.446092 0.000123 0.000136 0.000686 40.364377
-2.535239 1527871628.457909 0.000123 0.000136 0.000693 40.313591
-2.522688 1527871628.470460 0.000124 0.000136 0.000686 40.097096
-2.510017 1527871628.483131 0.000124 0.000137 0.000685 40.084973
-2.497495 1527871628.495653 0.000124 0.000138 0.000683 39.869967
-2.484306 1527871628.508842 0.000124 0.000138 0.000680 39.833578
-2.471726 1527871628.521422 0.000124 0.000140 0.000680 39.941554
-2.459300 1527871628.533848 0.000124 0.000140 0.000679 39.757924
-2.446852 1527871628.546295 0.000124 0.000141 0.000678 39.619008
-2.433779 1527871628.559369 0.000124 0.000143 0.000677 39.599218
-2.421672 1527871628.571476 0.000125 0.000143 0.000675 39.648458
-2.409969 1527871628.583179 0.000126 0.000145 0.000671 39.535471
-2.397643 1527871628.595505 0.000126 0.000147 0.000677 39.355213
-2.385276 1527871628.607872 0.000128 0.000149 0.000669 39.214740
-2.372772 1527871628.620376 0.000128 0.000150 0.000669 39.375708
-2.360097 1527871628.633050 0.000130 0.000151 0.000664 39.354981
-2.347754 1527871628.645394 0.000131 0.000152 0.000664 39.568126
-2.334957 1527871628.658191 0.000133 0.000154 0.000665 39.580417
-2.321506 1527871628.671642 0.000133 0.000157 0.000649 40.139929
-2.310136 1527871628.683012 0.000135 0.000160 0.000631 40.860948
-2.297714 1527871628.695434 0.000135 0.000165 0.000622 41.076925
-2.285232 1527871628.707916 0.000136 0.000168 0.000623 41.745421
-2.271342 1527871628.721806 0.000136 0.000173 0.000616 42.102424
-2.259286 1527871628.733862 0.000137 0.000175 0.000617 41.692777
-2.246321 1527871628.746827 0.000137 0.000178 0.000614 41.489211
-2.234360 1527871628.758788 0.000137 0.000181 0.000618 41.357776
-2.222466 1527871628.770682 0.000137 0.000185 0.000610 41.417382
-2.208333 1527871628.784815 0.000139 0.000184 0.000613 41.464527
-2.197153 1527871628.795995 0.000139 0.000182 0.000619 41.468770
-2.184877 1527871628.808270 0.000139 0.000182 0.000620 41.764568
-2.172257 1527871628.820891 0.000139 0.000182 0.000622 41.916734
-2.159652 1527871628.833496 0.000140 0.000182 0.000624 41.976990
-2.146854 1527871628.846293 0.000139 0.000182 0.000624 42.103979
-2.135058 1527871628.858090 0.000139 0.000182 0.000625 42.059545
-2.122297 1527871628.870851 0.000139 0.000182 0.000620 42.019602
-2.109820 1527871628.883328 0.000139 0.000182 0.000628 42.043967
-2.097398 1527871628.895750 0.000139 0.000181 0.000628 41.726284
-2.084833 1527871628.908315 0.000139 0.000178 0.000624 41.762507
-2.071978 1527871628.921170 0.000139 0.000172 0.000632 42.122968
-2.059691 1527871628.933457 0.000139 0.000165 0.000645 42.148523
-2.046927 1527871628.946221 0.000139 0.000163 0.000649 42.496210
-2.034503 1527871628.958645 0.000138 0.000163 0.000649 42.683890
-2.022100 1527871628.971047 0.000137 0.000161 0.000648 42.623505
-2.009694 1527871628.983454 0.000135 0.000162 0.000647 42.720252
-1.997152 1527871628.995996 0.000135 0.000161 0.000646 42.486795
-1.984704 1527871629.008444 0.000134 0.000160 0.000644 42.170553
-1.971903 1527871629.021245 0.000133 0.000158 0.000653 42.073666
-1.959711 1527871629.033437 0.000132 0.000158 0.000650 41.805272
-1.947027 1527871629.046120 0.000131 0.000156 0.000655 41.495218
-1.934758 1527871629.058390 0.000130 0.000156 0.000656 41.350907
-1.922229 1527871629.070919 0.000130 0.000154 0.000651 41.155009
-1.909744 1527871629.083404 0.000129 0.000152 0.000660 40.942392
-1.897384 1527871629.095764 0.000128 0.000151 0.000663 40.870254
-1.884895 1527871629.108253 0.000128 0.000150 0.000667 40.687576
-1.872142 1527871629.121006 0.000127 0.000148 0.000668 40.650359
-1.859241 1527871629.133907 0.000127 0.000147 0.000668 40.498099
-1.846368 1527871629.146780 0.000126 0.000146 0.000667 40.422083
-1.834455 1527871629.158693 0.000125 0.000145 0.000672 40.399183
-1.822495 1527871629.170652 0.000125 0.000145 0.000672 40.394712
-1.810024 1527871629.183124 0.000125 0.000144 0.000673 40.415950
-1.797572 1527871629.195576 0.000125 0.000143 0.000675 40.266886
-1.784908 1527871629.208240 0.000124 0.000142 0.000675 40.240427
-1.772347 1527871629.220800 0.000124 0.000142 0.000672 40.133603
-1.759634 1527871629.233513 0.000124 0.000142 0.000672 40.177002
-1.747580 1527871629.245568 0.000124 0.000141 0.000673 40.147523
-1.735255 1527871629.257893 0.000123 0.000141 0.000676 40.167589
-1.722430 1527871629.270718 0.000123 0.000142 0.000673 40.135866
-1.709890 1527871629.283258 0.000123 0.000141 0.000673 40.097709
-1.697310 1527871629.295838 0.000123 0.000140 0.000677 40.093428
-1.684715 1527871629.308433 0.000123 0.000140 0.000678 40.078081
-1.671488 1527871629.321660 0.000122 0.000140 0.000674 40.048074
-1.658793 1527871629.334354 0.000122 0.000139 0.000675 39.978236
-1.646797 1527871629.346351 0.000122 0.000140 0.000678 40.125592
-1.634972 1527871629.358176 0.000122 0.000138 0.000676 40.016862
-1.622246 1527871629.370902 0.000122 0.000139 0.000677 39.956639
-1.610041 1527871629.383107 0.000122 0.000139 0.000678 39.985818
-1.597272 1527871629.395876 0.000122 0.000137 0.000677 39.932879
-1.584671 1527871629.408477 0.000121 0.000137 0.000682 40.053408
-1.572541 1527871629.420607 0.000121 0.000137 0.000682 39.943577
-1.559856 1527871629.433291 0.000121 0.000138 0.000682 39.918837
-1.546563 1527871629.446585 0.000121 0.000137 0.000685 39.880075
-1.533475 1527871629.459672 0.000121 0.000137 0.000682 39.722269
-1.521290 1527871629.471858 0.000121 0.000137 0.000684 39.957000
-1.508998 1527871629.484150 0.000121 0.000137 0.000684 40.057684
-1.497153 1527871629.495995 0.000121 0.000138 0.000674 39.734014
-1.484872 1527871629.508276 0.000119 0.000139 0.000689 39.867112
-1.472541 1527871629.520607 0.000118 0.000136 0.000708 39.730871
-1.459209 1527871629.533939 0.000119 0.000134 0.000713 39.783997
-1.446724 1527871629.546424 0.000118 0.000134 0.000710 39.788251
-1.433891 1527871629.559257 0.000117 0.000134 0.000711 39.745329
-1.422227 1527871629.570921 0.000117 0.000134 0.000716 39.718600
-1.409781 1527871629.583367 0.000117 0.000133 0.000713 39.842492
-1.396309 1527871629.596839 0.000117 0.000132 0.000713 39.842420
-1.384114 1527871629.609034 0.000116 0.000133 0.000719 39.941622
-1.372082 1527871629.621066 0.000116 0.000132 0.000720 39.974091
-1.359733 1527871629.633415 0.000116 0.000131 0.000720 39.927826
-1.346397 1527871629.646751 0.000116 0.000131 0.000716 39.778244
-1.333741 1527871629.659407 0.000115 0.000132 0.000720 39.987398
-1.322435 1527871629.670713 0.000115 0.000130 0.000714 39.783436
-1.310042 1527871629.683106 0.000115 0.000130 0.000717 39.758550
-1.297290 1527871629.695858 0.000115 0.000130 0.000714 39.649496
-1.285204 1527871629.707944 0.000115 0.000129 0.000715 39.523330
-1.272625 1527871629.720523 0.000117 0.000126 0.000714 39.533603
-1.260193 1527871629.732955 0.000117 0.000123 0.000735 38.911307
-1.246378 1527871629.746770 0.000115 0.000124 0.000742 38.433424
-1.233975 1527871629.759173 0.000112 0.000124 0.000754 38.079751
-1.221652 1527871629.771496 0.000112 0.000122 0.000755 37.962867
-1.208696 1527871629.784452 0.000112 0.000121 0.000754 37.968343
-1.196426 1527871629.796722 0.000111 0.000121 0.000751 37.962310
-1.183868 1527871629.809279 0.000111 0.000120 0.000747 37.891717
-1.171445 1527871629.821702 0.000111 0.000121 0.000750 37.991773
-1.159330 1527871629.833818 0.000110 0.000120 0.000748 38.054430
-1.146616 1527871629.846532 0.000111 0.000121 0.000744 38.068280
-1.134208 1527871629.858940 0.000110 0.000120 0.000747 38.138980
-1.122230 1527871629.870918 0.000110 0.000120 0.000746 38.069537
-1.109711 1527871629.883437 0.000110 0.000120 0.000750 38.210705
-1.097303 1527871629.895845 0.000110 0.000119 0.000751 38.220170
-1.084965 1527871629.908183 0.000109 0.000119 0.000751 38.150007
-1.072343 1527871629.920805 0.000109 0.000118 0.000749 38.133376
-1.058766 1527871629.934382 0.000109 0.000118 0.000747 38.115296
-1.046268 1527871629.946879 0.000109 0.000119 0.000750 38.078566
-1.034205 1527871629.958943 0.000109 0.000118 0.000745 38.090410
-1.022481 1527871629.970667 0.000109 0.000118 0.000747 38.099728
-1.009772 1527871629.983376 0.000109 0.000118 0.000744 37.968410
-0.997512 1527871629.995636 0.000109 0.000117 0.000744 37.873354
-0.984975 1527871630.008173 0.000109 0.000118 0.000740 38.088646
-0.972275 1527871630.020873 0.000109 0.000118 0.000743 37.969022
-0.958991 1527871630.034157 0.000108 0.000117 0.000742 37.902673
-0.946491 1527871630.046657 0.000109 0.000118 0.000741 37.952341
-0.933942 1527871630.059206 0.000109 0.000117 0.000745 37.937474
-0.921372 1527871630.071776 0.000109 0.000118 0.000741 37.979974
-0.908934 1527871630.084214 0.000109 0.000117 0.000746 37.859378
-0.896377 1527871630.096771 0.000109 0.000117 0.000746 38.020690
-0.883760 1527871630.109388 0.000109 0.000117 0.000745 37.969234
-0.871646 1527871630.121502 0.000109 0.000117 0.000744 37.933101
-0.859767 1527871630.133381 0.000109 0.000117 0.000743 38.002455
-0.846970 1527871630.146178 0.000109 0.000117 0.000742 37.839286
-0.834453 1527871630.158695 0.000109 0.000117 0.000744 37.924032
-0.822031 1527871630.171117 0.000109 0.000117 0.000746 37.892137
-0.809263 1527871630.183884 0.000109 0.000117 0.000744 37.768808
-0.797006 1527871630.196142 0.000109 0.000118 0.000749 37.915740
-0.784516 1527871630.208632 0.000109 0.000117 0.000746 37.805419
-0.771882 1527871630.221266 0.000109 0.000117 0.000740 37.861646
-0.759602 1527871630.233546 0.000109 0.000117 0.000743 37.781898
-0.747148 1527871630.246000 0.000109 0.000117 0.000747 37.889940
-0.734596 1527871630.258552 0.000108 0.000117 0.000744 37.772573
-0.721838 1527871630.271310 0.000108 0.000119 0.000739 37.500834
-0.709412 1527871630.283736 0.000108 0.000117 0.000744 37.385277
-0.697075 1527871630.296073 0.000107 0.000116 0.000757 37.452972
-0.684350 1527871630.308798 0.000106 0.000116 0.000760 37.334360
-0.671999 1527871630.321148 0.000106 0.000117 0.000766 37.433831
-0.659463 1527871630.333685 0.000106 0.000117 0.000766 37.382506
-0.646791 1527871630.346357 0.000106 0.000116 0.000761 37.452762
-0.634062 1527871630.359086 0.000106 0.000117 0.000763 37.620955
-0.621554 1527871630.371594 0.000105 0.000117 0.000762 37.580086
-0.609013 1527871630.384135 0.000105 0.000116 0.000764 37.611394
-0.597055 1527871630.396093 0.000105 0.000116 0.000761 37.670183
-0.583745 1527871630.409403 0.000105 0.000117 0.000761 37.606182
-0.571555 1527871630.421593 0.000105 0.000116 0.000760 37.599233
-0.558750 1527871630.434398 0.000105 0.000116 0.000762 37.548355
-0.546255 1527871630.446893 0.000105 0.000117 0.000755 37.459644
-0.533949 1527871630.459199 0.000104 0.000116 0.000759 37.479459
-0.522011 1527871630.471137 0.000105 0.000116 0.000760 37.591930
-0.509534 1527871630.483614 0.000104 0.000116 0.000763 37.483830
-0.495911 1527871630.497237 0.000105 0.000115 0.000758 37.479893
-0.484479 1527871630.508669 0.000105 0.000116 0.000757 37.563812
-0.472029 1527871630.521119 0.000105 0.000115 0.000758 37.569300
-0.459573 1527871630.533575 0.000104 0.000115 0.000760 37.547957
-0.447565 1527871630.545583 0.000105 0.000115 0.000760 37.559913
-0.435165 1527871630.557983 0.000104 0.000115 0.000761 37.428785
-0.422670 1527871630.570478 0.000105 0.000115 0.000758 37.351878
-0.410238 1527871630.582910 0.000105 0.000115 0.000756 37.552972
-0.397804 1527871630.595344 0.000105 0.000115 0.000755 37.364816
-0.383733 1527871630.609415 0.000105 0.000114 0.000764 37.383174
-0.372734 1527871630.620414 0.000107 0.000113 0.000768 37.151315
-0.359997 1527871630.633151 0.000104 0.000116 0.000792 37.069069
-0.347652 1527871630.645496 0.000102 0.000118 0.000797 36.714346
-0.334776 1527871630.658372 0.000102 0.000118 0.000797 36.492913
-0.321318 1527871630.671830 0.000102 0.000118 0.000793 36.277991
-0.308873 1527871630.684274 0.000102 0.000117 0.000796 36.211109
-0.296032 1527871630.697116 0.000102 0.000117 0.000798 36.232602
-0.283270 1527871630.709878 0.000102 0.000117 0.000794 36.316310
-0.270969 1527871630.722179 0.000102 0.000117 0.000796 36.356635
-0.259694 1527871630.733454 0.000102 0.000117 0.000792 36.438391
-0.247242 1527871630.745906 0.000102 0.000116 0.000790 36.527228
-0.234791 1527871630.758357 0.000102 0.000117 0.000787 36.465450
-0.221730 1527871630.771418 0.000102 0.000116 0.000790 36.508980
-0.209577 1527871630.783571 0.000102 0.000116 0.000789 36.617096
-0.196419 1527871630.796729 0.000102 0.000116 0.000788 36.600831
-0.183738 1527871630.809410 0.000101 0.000116 0.000788 36.608019
-0.171241 1527871630.821907 0.000102 0.000116 0.000786 36.544697
-0.157871 1527871630.835277 0.000101 0.000116 0.000788 36.430530
-0.146267 1527871630.846880 0.000101 0.000115 0.000791 36.578815
-0.133936 1527871630.859211 0.000102 0.000115 0.000789 36.478883
-0.121499 1527871630.871649 0.000103 0.000115 0.000789 36.506715
-0.108702 1527871630.884445 0.000102 0.000115 0.000787 36.397577
-0.096801 1527871630.896347 0.000101 0.000115 0.000784 36.356426
-0.084361 1527871630.908787 0.000101 0.000114 0.000788 36.465061
-0.072120 1527871630.921027 0.000101 0.000114 0.000789 36.428135
-0.059877 1527871630.933271 0.000102 0.000115 0.000787 36.451168
-0.047075 1527871630.946073 0.000101 0.000115 0.000788 36.436517
-0.034467 1527871630.958680 0.000102 0.000114 0.000785 36.327215
-0.021779 1527871630.971369 0.000102 0.000115 0.000787 36.279786
-0.009537 1527871630.983611 0.000102 0.000115 0.000786 36.408063
0.003231 1527871630.996379 0.000102 0.000114 0.000790 36.379787
0.015622 1527871631.008770 0.000102 0.000114 0.000784 36.316374
0.028031 1527871631.021179 0.000102 0.000114 0.000783 36.311446
0.040747 1527871631.033895 0.000102 0.000114 0.000784 36.240769
0.053026 1527871631.046174 0.000102 0.000114 0.000781 36.174701
0.066675 1527871631.059823 0.000102 0.000114 0.000784 36.191550
0.079284 1527871631.072432 0.000102 0.000114 0.000783 36.299384
0.091324 1527871631.084472 0.000102 0.000114 0.000783 36.301606
0.103879 1527871631.097027 0.000103 0.000114 0.000781 36.207271
0.116178 1527871631.109326 0.000102 0.000114 0.000785 36.339446
0.128459 1527871631.121607 0.000102 0.000114 0.000787 36.289627
0.141204 1527871631.134351 0.000103 0.000114 0.000787 36.260798
0.153660 1527871631.146808 0.000103 0.000114 0.000785 36.099876
0.165479 1527871631.158627 0.000105 0.000115 0.000777 35.841770
0.177767 1527871631.170914 0.000103 0.000113 0.000769 36.462469
0.190279 1527871631.183427 0.000101 0.000111 0.000767 37.671858
0.203912 1527871631.197060 0.000101 0.000112 0.000779 38.491082
0.216451 1527871631.209599 0.000100 0.000112 0.000785 38.741233
0.228900 1527871631.222048 0.000100 0.000112 0.000789 38.594178
0.241074 1527871631.234222 0.000099 0.000112 0.000791 38.267343
0.253096 1527871631.246244 0.000099 0.000112 0.000790 38.291969
0.265406 1527871631.258554 0.000099 0.000112 0.000793 38.079375
0.277733 1527871631.270881 0.000099 0.000111 0.000789 38.108509
0.290459 1527871631.283607 0.000098 0.000111 0.000794 38.049443
0.302807 1527871631.295955 0.000098 0.000112 0.000786 37.946400
0.315040 1527871631.308187 0.000098 0.000112 0.000781 37.869156
0.327913 1527871631.321061 0.000097 0.000113 0.000788 37.910206
0.340352 1527871631.333500 0.000098 0.000113 0.000784 37.941614
0.352938 1527871631.346086 0.000099 0.000114 0.000777 38.242791
0.365224 1527871631.358371 0.000102 0.000118 0.000769 39.167747
0.377609 1527871631.370757 0.000107 0.000125 0.000790 41.138466
0.390158 1527871631.383306 0.000115 0.000133 0.000816 44.506232
0.403811 1527871631.396958 0.000121 0.000140 0.000823 47.968667
0.416130 1527871631.409278 0.000130 0.000151 0.000817 51.676097
0.428625 1527871631.421773 0.000133 0.000155 0.000802 54.862669
0.441117 1527871631.434265 0.000137 0.000154 0.000801 58.524077
0.453633 1527871631.446781 0.000138 0.000154 0.000807 62.364067
0.466163 1527871631.459311 0.000136 0.000161 0.000815 66.828911
0.478815 1527871631.471962 0.000130 0.000175 0.000807 71.277679
0.491293 1527871631.484441 0.000116 0.000194 0.000762 76.049807
0.503192 1527871631.496340 0.000113 0.000207 0.000761 80.361745
0.515343 1527871631.508491 0.000113 0.000225 0.000718 84.845269
0.528219 1527871631.521367 0.000114 0.000234 0.000692 88.771007
0.540284 1527871631.533432 0.000122 0.000232 0.000709 91.597924
0.553033 1527871631.546181 0.000121 0.000235 0.000728 94.593108
0.566050 1527871631.559198 0.000120 0.000238 0.000735 96.848975
0.578434 1527871631.571581 0.000121 0.000234 0.000705 97.810893
0.591217 1527871631.584365 0.000120 0.000233 0.000714 98.831376
0.603320 1527871631.596468 0.000122 0.000231 0.000702 99.795287
0.615478 1527871631.608625 0.000123 0.000229 0.000695 100.386135
0.627829 1527871631.620977 0.000124 0.000226 0.000691 100.905209
0.640540 1527871631.633688 0.000125 0.000223 0.000689 101.522289
0.652779 1527871631.645927 0.000126 0.000220 0.000680 102.257932
0.665629 1527871631.658777 0.000127 0.000219 0.000669 102.219131
0.678567 1527871631.671715 0.000129 0.000218 0.000665 102.328706
0.691255 1527871631.684403 0.000128 0.000220 0.000664 102.681664
0.703753 1527871631.696900 0.000129 0.000217 0.000663 102.827123
0.716249 1527871631.709397 0.000130 0.000217 0.000663 102.879109
0.728487 1527871631.721635 0.000131 0.000217 0.000650 103.325309
0.740274 1527871631.733422 0.000132 0.000214 0.000667 104.088227
0.753067 1527871631.746215 0.000132 0.000214 0.000654 104.416719
0.765640 1527871631.758787 0.000133 0.000215 0.000662 105.281972
0.778025 1527871631.771173 0.000133 0.000215 0.000657 105.680209
0.790267 1527871631.783414 0.000134 0.000215 0.000647 105.838018
0.802535 1527871631.795683 0.000134 0.000215 0.000652 106.257866
0.815016 1527871631.808164 0.000136 0.000213 0.000648 107.115557
0.827666 1527871631.820813 0.000136 0.000216 0.000640 107.462451
0.840353 1527871631.833501 0.000136 0.000214 0.000644 107.632876
0.853174 1527871631.846322 0.000138 0.000214 0.000641 107.983921
0.865442 1527871631.858590 0.000137 0.000215 0.000647 108.643758
0.877717 1527871631.870865 0.000139 0.000215 0.000635 108.572532
0.891327 1527871631.884475 0.000140 0.000212 0.000643 109.052920
0.904025 1527871631.897172 0.000140 0.000213 0.000638 109.332742
0.916750 1527871631.909898 0.000139 0.000215 0.000640 109.810870
0.928437 1527871631.921585 0.000140 0.000213 0.000643 109.969745
0.940777 1527871631.933924 0.000141 0.000211 0.000636 109.886058
0.953169 1527871631.946316 0.000144 0.000212 0.000638 110.099306
0.965863 1527871631.959011 0.000143 0.000212 0.000633 110.348787
0.978286 1527871631.971434 0.000143 0.000211 0.000628 110.754294
0.990676 1527871631.983824 0.000145 0.000209 0.000628 110.717978
1.003263 1527871631.996411 0.000145 0.000209 0.000624 111.119104
1.015779 1527871632.008927 0.000145 0.000209 0.000626 111.060690
1.028430 1527871632.021578 0.000144 0.000208 0.000626 111.530920
1.041445 1527871632.034593 0.000147 0.000208 0.000615 111.561805
1.054154 1527871632.047302 0.000146 0.000207 0.000619 111.688883
1.066753 1527871632.059901 0.000146 0.000207 0.000615 111.735140
1.078952 1527871632.072100 0.000147 0.000206 0.000621 112.039564
1.090667 1527871632.083815 0.000147 0.000209 0.000606 112.394294
1.103379 1527871632.096527 0.000148 0.000207 0.000616 112.228139
1.115417 1527871632.108565 0.000148 0.000205 0.000608 112.219043
1.128566 1527871632.121714 0.000150 0.000205 0.000605 112.524564
1.140792 1527871632.133940 0.000150 0.000203 0.000609 112.491560
1.153163 1527871632.146311 0.000150 0.000202 0.000602 112.247734
1.165550 1527871632.158698 0.000152 0.000203 0.000602 112.619372
1.178218 1527871632.171366 0.000152 0.000202 0.000599 112.629467
1.190584 1527871632.183732 0.000153 0.000202 0.000553 112.872020
1.203703 1527871632.196851 0.000153 0.000203 0.000555 112.896043
1.215968 1527871632.209116 0.000153 0.000201 0.000606 113.110299
1.228094 1527871632.221242 0.000154 0.000202 0.000550 113.054600
1.240721 1527871632.233869 0.000155 0.000202 0.000549 113.358242
1.253320 1527871632.246468 0.000154 0.000203 0.000554 113.416888
1.265727 1527871632.258874 0.000156 0.000203 0.000549 113.430624
1.278316 1527871632.271464 0.000156 0.000200 0.000546 113.582761
1.290823 1527871632.283971 0.000155 0.000201 0.000591 113.816212
1.303339 1527871632.296487 0.000154 0.000200 0.000584 113.794798
1.316915 1527871632.310063 0.000154 0.000201 0.000584 114.141557
1.328802 1527871632.321950 0.000155 0.000199 0.000585 113.940758
1.341280 1527871632.334428 0.000155 0.000199 0.000586 113.939332
1.352784 1527871632.345932 0.000156 0.000197 0.000582 113.652833
1.365735 1527871632.358883 0.000157 0.000196 0.000578 113.558174
1.378424 1527871632.371572 0.000156 0.000196 0.000537 113.498957
1.390374 1527871632.383522 0.000157 0.000195 0.000535 113.342684
1.402991 1527871632.396138 0.000157 0.000195 0.000536 113.353717
1.416620 1527871632.409768 0.000158 0.000195 0.000536 113.178798
1.429081 1527871632.422229 0.000158 0.000196 0.000540 113.176256
1.441579 1527871632.434727 0.000158 0.000194 0.000539 113.057527
1.454335 1527871632.447483 0.000158 0.000193 0.000541 112.905788
1.466632 1527871632.459780 0.000158 0.000192 0.000535 113.079538
1.479006 1527871632.472154 0.000159 0.000193 0.000536 113.157130
1.491441 1527871632.484589 0.000159 0.000193 0.000539 112.829172
1.503139 1527871632.496287 0.000159 0.000192 0.000540 112.808425
1.515549 1527871632.508697 0.000161 0.000194 0.000538 113.213949
1.528041 1527871632.521188 0.000160 0.000197 0.000545 113.786698
1.540493 1527871632.533641 0.000161 0.000196 0.000539 113.514924
1.553174 1527871632.546322 0.000161 0.000193 0.000538 112.822097
1.565429 1527871632.558577 0.000160 0.000193 0.000536 112.937216
1.578560 1527871632.571707 0.000161 0.000196 0.000540 113.538247
1.590467 1527871632.583615 0.000162 0.000193 0.000538 113.027659
1.602980 1527871632.596128 0.000161 0.000196 0.000539 113.332360
1.615302 1527871632.608450 0.000160 0.000192 0.000588 113.079684
1.628248 1527871632.621396 0.000161 0.000192 0.000589 113.458327
1.640712 1527871632.633860 0.000161 0.000191 0.000584 113.172606
1.653162 1527871632.646310 0.000162 0.000195 0.000584 113.696167
1.665415 1527871632.658563 0.000162 0.000190 0.000584 113.026966
1.677890 1527871632.671038 0.000162 0.000190 0.000584 113.111717
1.690691 1527871632.683839 0.000162 0.000193 0.000582 113.702749
1.703036 1527871632.696184 0.000161 0.000194 0.000589 113.788126
1.715391 1527871632.708539 0.000162 0.000194 0.000585 113.804759
1.728295 1527871632.721443 0.000163 0.000195 0.000591 114.092042
1.741374 1527871632.734522 0.000164 0.000195 0.000588 113.912313
1.754156 1527871632.747303 0.000163 0.000195 0.000593 114.391094
1.766518 1527871632.759665 0.000163 0.000194 0.000595 114.327144
1.778759 1527871632.771907 0.000163 0.000195 0.000587 114.622343
1.792074 1527871632.785222 0.000164 0.000196 0.000588 114.318031
1.803841 1527871632.796989 0.000163 0.000194 0.000592 114.463860
1.816370 1527871632.809517 0.000164 0.000194 0.000585 114.161251
1.829245 1527871632.822393 0.000164 0.000194 0.000583 114.312964
1.841369 1527871632.834517 0.000163 0.000196 0.000583 114.202738
1.853481 1527871632.846629 0.000164 0.000195 0.000582 113.969686
1.865896 1527871632.859043 0.000163 0.000196 0.000585 114.342855
1.877737 1527871632.870885 0.000163 0.000196 0.000581 114.013741
1.890870 1527871632.884018 0.000165 0.000195 0.000576 113.679644
1.903257 1527871632.896405 0.000165 0.000200 0.000583 114.051500
1.915698 1527871632.908846 0.000163 0.000198 0.000579 113.617991
1.928246 1527871632.921394 0.000165 0.000200 0.000583 114.441687
1.940742 1527871632.933890 0.000164 0.000201 0.000586 114.370259
1.953576 1527871632.946724 0.000164 0.000200 0.000590 114.351331
1.965726 1527871632.958874 0.000166 0.000201 0.000587 114.600707
1.978645 1527871632.971793 0.000165 0.000201 0.000594 114.677340
1.991020 1527871632.984168 0.000163 0.000198 0.000603 114.897807
2.003740 1527871632.996887 0.000164 0.000200 0.000595 115.202466
2.015857 1527871633.009004 0.000166 0.000200 0.000588 115.012587
2.027950 1527871633.021098 0.000166 0.000201 0.000589 115.280190
2.040346 1527871633.033494 0.000165 0.000200 0.000584 115.156159
2.052901 1527871633.046048 0.000164 0.000200 0.000587 115.329088
2.065227 1527871633.058375 0.000165 0.000201 0.000586 115.283485
2.077877 1527871633.071025 0.000167 0.000197 0.000583 115.057154
2.090150 1527871633.083298 0.000164 0.000202 0.000581 115.393322
2.102709 1527871633.095857 0.000165 0.000198 0.000582 115.023726
2.115209 1527871633.108357 0.000167 0.000201 0.000571 115.264601
2.127740 1527871633.120888 0.000166 0.000199 0.000564 114.706362
2.141355 1527871633.134503 0.000166 0.000199 0.000566 115.358812
2.154247 1527871633.147395 0.000169 0.000199 0.000558 115.569744
2.166605 1527871633.159753 0.000167 0.000198 0.000557 115.656305
2.178550 1527871633.171698 0.000167 0.000194 0.000545 114.834452
2.191162 1527871633.184310 0.000168 0.000200 0.000547 115.459786
2.203129 1527871633.196277 0.000169 0.000196 0.000545 115.237399
2.215622 1527871633.208770 0.000171 0.000197 0.000550 115.798326
2.228675 1527871633.221823 0.000168 0.000197 0.000552 115.868274
2.242063 1527871633.235210 0.000169 0.000199 0.000555 116.302142
2.253214 1527871633.246362 0.000170 0.000195 0.000551 115.516769
2.265533 1527871633.258681 0.000171 0.000196 0.000553 115.545937
2.278572 1527871633.271720 0.000171 0.000194 0.000553 114.899931
2.290688 1527871633.283836 0.000168 0.000194 0.000553 114.355604
2.303243 1527871633.296391 0.000169 0.000192 0.000554 113.670985
2.316028 1527871633.309176 0.000168 0.000193 0.000556 113.958738
2.328577 1527871633.321725 0.000169 0.000188 0.000556 113.177276
2.341030 1527871633.334177 0.000168 0.000191 0.000558 113.519271
2.353415 1527871633.346563 0.000168 0.000188 0.000557 113.606608
2.366008 1527871633.359156 0.000166 0.000184 0.000559 112.247084
2.378339 1527871633.371487 0.000165 0.000187 0.000564 113.508035
2.390668 1527871633.383816 0.000166 0.000187 0.000562 112.869787
2.403187 1527871633.396335 0.000167 0.000188 0.000565 112.914818
2.415783 1527871633.408931 0.000166 0.000185 0.000571 112.442222
2.428397 1527871633.421545 0.000167 0.000189 0.000573 113.197300
2.440826 1527871633.433974 0.000167 0.000188 0.000568 112.360543
2.453369 1527871633.446517 0.000167 0.000185 0.000573 112.166624
2.466058 1527871633.459206 0.000167 0.000190 0.000573 112.398220
2.478383 1527871633.471531 0.000166 0.000190 0.000578 111.690776
2.490778 1527871633.483926 0.000168 0.000190 0.000572 111.869147
2.503097 1527871633.496244 0.000167 0.000196 0.000581 112.210987
2.515813 1527871633.508961 0.000168 0.000195 0.000580 112.075786
2.528842 1527871633.521990 0.000169 0.000196 0.000584 112.406787
2.540745 1527871633.533892 0.000168 0.000195 0.000579 112.269243
2.553367 1527871633.546515 0.000170 0.000199 0.000580 113.273036
2.565881 1527871633.559029 0.000170 0.000196 0.000571 112.819201
2.578159 1527871633.571307 0.000172 0.000202 0.000563 113.559335
2.590940 1527871633.584088 0.000168 0.000194 0.000573 112.358219
2.603234 1527871633.596382 0.000171 0.000201 0.000573 113.535666
2.616715 1527871633.609863 0.000170 0.000201 0.000574 113.734650
2.629132 1527871633.622280 0.000171 0.000198 0.000565 113.445497
2.641417 1527871633.634565 0.000170 0.000197 0.000570 113.696091
2.654238 1527871633.647385 0.000170 0.000196 0.000562 113.520398
2.666322 1527871633.659470 0.000171 0.000197 0.000569 113.856391
2.678339 1527871633.671487 0.000169 0.000195 0.000570 113.534889
2.690468 1527871633.683616 0.000169 0.000191 0.000564 112.816290
2.702852 1527871633.696000 0.000169 0.000191 0.000566 113.032933
2.715412 1527871633.708560 0.000170 0.000191 0.000566 113.297116
2.728070 1527871633.721217 0.000168 0.000191 0.000571 113.081069
2.740591 1527871633.733739 0.000168 0.000184 0.000564 111.848413
2.753362 1527871633.746510 0.000166 0.000180 0.000569 111.148403
2.766938 1527871633.760086 0.000167 0.000184 0.000575 112.146673
2.778785 1527871633.771933 0.000166 0.000181 0.000575 111.253913
2.791761 1527871633.784909 0.000162 0.000177 0.000577 110.142913
2.803488 1527871633.796636 0.000163 0.000176 0.000584 110.751747
2.815473 1527871633.808620 0.000165 0.000178 0.000585 111.052285
2.828115 1527871633.821263 0.000163 0.000176 0.000585 110.392223
2.840480 1527871633.833628 0.000162 0.000174 0.000580 109.728355
2.854026 1527871633.847174 0.000160 0.000170 0.000576 108.904235
2.866589 1527871633.859736 0.000160 0.000169 0.000580 108.514253
2.879039 1527871633.872187 0.000161 0.000171 0.000577 108.205058
2.891540 1527871633.884688 0.000159 0.000166 0.000524 105.818752
2.904177 1527871633.897325 0.000157 0.000167 0.000519 105.178542
2.916680 1527871633.909827 0.000156 0.000165 0.000526 104.972669
2.929144 1527871633.922292 0.000152 0.000163 0.000589 105.941443
2.941111 1527871633.934259 0.000155 0.000163 0.000595 106.293314
2.953468 1527871633.946616 0.000156 0.000163 0.000594 106.430888
2.967063 1527871633.960211 0.000153 0.000161 0.000602 105.868365
2.979260 1527871633.972408 0.000153 0.000161 0.000609 105.910859
2.991597 1527871633.984745 0.000155 0.000163 0.000609 106.111045
3.004038 1527871633.997186 0.000151 0.000160 0.000610 105.275994
3.016867 1527871634.010015 0.000153 0.000159 0.000612 105.568604
3.028563 1527871634.021711 0.000148 0.000156 0.000606 104.762828
3.040870 1527871634.034018 0.000153 0.000160 0.000614 105.453027
3.054481 1527871634.047629 0.000151 0.000158 0.000614 105.048924
3.066653 1527871634.059801 0.000153 0.000158 0.000617 105.238165
3.079317 1527871634.072465 0.000152 0.000157 0.000619 105.026796
3.091697 1527871634.084845 0.000152 0.000158 0.000618 104.677074
3.104064 1527871634.097212 0.000148 0.000156 0.000620 104.057437
3.116714 1527871634.109862 0.000150 0.000158 0.000630 104.633053
3.129082 1527871634.122230 0.000152 0.000157 0.000623 103.629653
3.141327 1527871634.134475 0.000155 0.000159 0.000637 104.463938
3.153611 1527871634.146759 0.000157 0.000161 0.000637 104.280934
3.166958 1527871634.160106 0.000155 0.000160 0.000613 103.169819
3.179067 1527871634.172215 0.000153 0.000159 0.000621 102.592083
3.191756 1527871634.184904 0.000154 0.000159 0.000613 102.207774
3.204441 1527871634.197588 0.000151 0.000160 0.000616 102.024835
3.216203 1527871634.209351 0.000152 0.000158 0.000620 101.766259
3.228110 1527871634.221258 0.000149 0.000159 0.000621 101.576745
3.240480 1527871634.233628 0.000148 0.000155 0.000611 100.972378
3.253345 1527871634.246493 0.000148 0.000156 0.000615 101.031290
3.265857 1527871634.259005 0.000145 0.000154 0.000614 100.290701
3.278146 1527871634.271294 0.000143 0.000152 0.000619 99.914434
3.290389 1527871634.283537 0.000143 0.000150 0.000618 99.364334
3.303427 1527871634.296574 0.000141 0.000148 0.000623 99.089862
3.315612 1527871634.308760 0.000140 0.000148 0.000625 98.649637
3.328241 1527871634.321389 0.000140 0.000146 0.000632 98.261987
3.340557 1527871634.333705 0.000137 0.000144 0.000635 98.014289
3.353359 1527871634.346507 0.000138 0.000143 0.000640 97.548255
3.365739 1527871634.358887 0.000137 0.000142 0.000641 97.114327
3.377955 1527871634.371103 0.000137 0.000142 0.000644 96.719154
3.390455 1527871634.383603 0.000136 0.000140 0.000639 96.057847
3.403052 1527871634.396200 0.000133 0.000139 0.000639 95.824904
3.415503 1527871634.408651 0.000134 0.000139 0.000644 95.753030
3.427892 1527871634.421040 0.000134 0.000140 0.000641 95.396358
3.440477 1527871634.433625 0.000132 0.000141 0.000641 95.045078
3.453164 1527871634.446312 0.000132 0.000138 0.000648 94.887292
3.465341 1527871634.458488 0.000131 0.000134 0.000651 94.458790
3.477973 1527871634.471121 0.000132 0.000137 0.000655 94.649725
3.490460 1527871634.483608 0.000131 0.000136 0.000651 94.047196
3.503115 1527871634.496263 0.000134 0.000139 0.000655 93.969673
3.515412 1527871634.508560 0.000131 0.000137 0.000647 93.488337
3.529091 1527871634.522238 0.000132 0.000137 0.000654 93.111972
3.541439 1527871634.534587 0.000130 0.000134 0.000648 92.838557
3.553638 1527871634.546786 0.000129 0.000133 0.000651 92.632111
3.565644 1527871634.558792 0.000130 0.000133 0.000653 92.584333
3.578117 1527871634.571265 0.000129 0.000133 0.000643 92.008858
3.590500 1527871634.583647 0.000130 0.000135 0.000655 92.209909
3.602910 1527871634.596058 0.000129 0.000132 0.000649 91.736112
3.615434 1527871634.608582 0.000129 0.000132 0.000647 91.536383
3.628105 1527871634.621253 0.000129 0.000130 0.000648 91.201804
3.640471 1527871634.633618 0.000127 0.000130 0.000647 90.816390
3.653246 1527871634.646394 0.000129 0.000130 0.000658 90.827335
3.665622 1527871634.658770 0.000126 0.000128 0.000656 90.497120
3.678042 1527871634.671190 0.000124 0.000128 0.000645 89.982913
3.690818 1527871634.683966 0.000124 0.000128 0.000647 89.372246
3.703202 1527871634.696350 0.000125 0.000130 0.000640 89.223734
3.715946 1527871634.709094 0.000125 0.000133 0.000654 88.819319
3.729299 1527871634.722446 0.000126 0.000137 0.000644 88.337928
3.741687 1527871634.734835 0.000130 0.000136 0.000651 88.254408
3.754293 1527871634.747441 0.000132 0.000136 0.000644 87.584883
3.766489 1527871634.759637 0.000131 0.000136 0.000649 87.460768
3.778433 1527871634.771580 0.000127 0.000136 0.000665 86.836182
3.790654 1527871634.783802 0.000126 0.000137 0.000664 86.530616
3.803141 1527871634.796289 0.000125 0.000136 0.000661 86.130655
3.815690 1527871634.808838 0.000125 0.000137 0.000669 85.566409
3.829170 1527871634.822318 0.000124 0.000138 0.000669 85.039014
3.841575 1527871634.834723 0.000124 0.000138 0.000674 84.509657
3.854102 1527871634.847250 0.000122 0.000139 0.000672 83.902849
3.865960 1527871634.859108 0.000121 0.000139 0.000686 83.732322
3.878303 1527871634.871451 0.000121 0.000140 0.000686 83.303951
3.890422 1527871634.883569 0.000121 0.000141 0.000689 83.125471
3.903076 1527871634.896224 0.000119 0.000142 0.000690 82.858776
3.915564 1527871634.908712 0.000118 0.000142 0.000694 82.735530
3.928382 1527871634.921530 0.000117 0.000142 0.000705 82.463337
3.941687 1527871634.934834 0.000117 0.000143 0.000703 82.289942
3.954366 1527871634.947514 0.000118 0.000143 0.000704 81.951136
3.966694 1527871634.959842 0.000117 0.000143 0.000699 81.373130
3.979143 1527871634.972291 0.000115 0.000144 0.000711 81.354184
3.992059 1527871634.985207 0.000115 0.000144 0.000714 81.021738
4.003668 1527871634.996816 0.000115 0.000146 0.000709 80.728117
4.017019 1527871635.010167 0.000115 0.000146 0.000719 80.614267
4.029228 1527871635.022376 0.000114 0.000147 0.000721 80.317848
4.041576 1527871635.034724 0.000113 0.000148 0.000717 80.077484
4.053404 1527871635.046551 0.000114 0.000149 0.000709 80.157721
4.066130 1527871635.059278 0.000111 0.000151 0.000721 79.930145
4.078582 1527871635.071730 0.000112 0.000152 0.000721 79.709771
4.091102 1527871635.084250 0.000112 0.000154 0.000718 79.513836
4.103722 1527871635.096870 0.000111 0.000155 0.000727 79.363801
4.116208 1527871635.109356 0.000112 0.000155 0.000718 79.253747
4.128673 1527871635.121820 0.000110 0.000154 0.000717 79.168063
4.141101 1527871635.134249 0.000110 0.000154 0.000719 79.084031
4.153735 1527871635.146883 0.000109 0.000153 0.000718 78.945439
4.166207 1527871635.159355 0.000110 0.000152 0.000717 78.855852
4.178582 1527871635.171730 0.000110 0.000153 0.000721 78.950408
4.191071 1527871635.184219 0.000109 0.000153 0.000715 78.871037
4.203716 1527871635.196864 0.000110 0.000151 0.000712 78.732355
4.216316 1527871635.209464 0.000108 0.000152 0.000710 78.733568
4.228618 1527871635.221766 0.000109 0.000152 0.000715 78.442380
4.240939 1527871635.234087 0.000110 0.000151 0.000715 78.415298
4.253694 1527871635.246842 0.000110 0.000151 0.000714 78.375479
4.266614 1527871635.259762 0.000110 0.000150 0.000719 78.281563
4.278858 1527871635.272006 0.000107 0.000149 0.000722 78.271297
4.291307 1527871635.284455 0.000110 0.000149 0.000720 78.222337
4.304054 1527871635.297202 0.000109 0.000149 0.000713 78.021657
4.316342 1527871635.309489 0.000110 0.000149 0.000713 77.954562
4.328780 1527871635.321928 0.000108 0.000148 0.000715 77.853860
4.341630 1527871635.334778 0.000108 0.000147 0.000720 77.942255
4.354038 1527871635.347186 0.000108 0.000147 0.000717 77.759660
4.366183 1527871635.359331 0.000108 0.000148 0.000711 77.860509
4.378219 1527871635.371367 0.000108 0.000148 0.000715 77.782329
4.391149 1527871635.384297 0.000109 0.000147 0.000719 77.696583
4.403616 1527871635.396764 0.000107 0.000148 0.000716 77.720125
4.416424 1527871635.409572 0.000107 0.000148 0.000720 77.631525
4.428822 1527871635.421969 0.000109 0.000147 0.000727 76.905594
4.441801 1527871635.434949 0.000113 0.000146 0.000716 75.859380
4.454715 1527871635.447863 0.000120 0.000143 0.000725 74.456931
4.467257 1527871635.460405 0.000127 0.000142 0.000706 73.389914
4.479326 1527871635.472474 0.000130 0.000141 0.000647 71.877685
4.491172 1527871635.484319 0.000131 0.000143 0.000649 70.129647
4.503474 1527871635.496622 0.000130 0.000149 0.000726 70.524143
4.515995 1527871635.509143 0.000129 0.000150 0.000740 69.554484
4.528542 1527871635.521690 0.000128 0.000149 0.000727 68.822103
4.541325 1527871635.534473 0.000125 0.000144 0.000738 68.777114
4.553583 1527871635.546731 0.000127 0.000144 0.000745 68.082505
4.566059 1527871635.559207 0.000127 0.000144 0.000743 67.843010
4.579101 1527871635.572249 0.000127 0.000142 0.000747 67.515629
4.591854 1527871635.585002 0.000126 0.000142 0.000749 67.014441
4.603816 1527871635.596964 0.000126 0.000138 0.000751 66.743987
4.616072 1527871635.609220 0.000127 0.000137 0.000759 66.788576
4.628613 1527871635.621761 0.000127 0.000136 0.000764 66.777974
4.641203 1527871635.634351 0.000128 0.000135 0.000763 66.469484
4.653458 1527871635.646606 0.000127 0.000135 0.000767 66.249606
4.667029 1527871635.660177 0.000127 0.000135 0.000762 66.178579
4.679416 1527871635.672564 0.000128 0.000134 0.000757 65.936815
4.691764 1527871635.684911 0.000128 0.000134 0.000759 66.012192
4.703919 1527871635.697067 0.000127 0.000134 0.000766 65.804845
4.716130 1527871635.709278 0.000127 0.000134 0.000765 65.796708
4.728749 1527871635.721896 0.000127 0.000134 0.000769 65.660420
4.741727 1527871635.734875 0.000127 0.000134 0.000770 65.705300
4.753657 1527871635.746805 0.000127 0.000133 0.000765 65.358995
4.765879 1527871635.759027 0.000127 0.000133 0.000769 65.397472
4.779305 1527871635.772453 0.000127 0.000132 0.000770 65.393372
4.792057 1527871635.785204 0.000128 0.000133 0.000772 65.208656
4.804409 1527871635.797557 0.000127 0.000132 0.000773 65.298420
4.816815 1527871635.809963 0.000128 0.000132 0.000767 64.994741
4.829193 1527871635.822340 0.000128 0.000132 0.000772 64.971785
4.841761 1527871635.834908 0.000127 0.000131 0.000776 65.000049
4.854537 1527871635.847685 0.000128 0.000131 0.000782 64.839660
4.865900 1527871635.859048 0.000127 0.000131 0.000794 64.529824
4.878433 1527871635.871581 0.000127 0.000130 0.000804 64.017433
4.890792 1527871635.883940 0.000128 0.000129 0.000807 63.861067
4.904622 1527871635.897770 0.000127 0.000130 0.000805 63.553584
4.916846 1527871635.909994 0.000127 0.000131 0.000799 63.075012
4.929094 1527871635.922242 0.000128 0.000131 0.000791 62.925911
4.941397 1527871635.934545 0.000128 0.000130 0.000779 62.482738
4.953707 1527871635.946855 0.000128 0.000130 0.000789 62.453039
4.967342 1527871635.960490 0.000127 0.000130 0.000789 62.371114
4.978824 1527871635.971972 0.000128 0.000130 0.000786 62.336845
4.991159 1527871635.984307 0.000127 0.000130 0.000782 62.268828
5.003895 1527871635.997043 0.000127 0.000129 0.000787 62.117535
5.016491 1527871636.009639 0.000127 0.000128 0.000786 62.157482
5.028946 1527871636.022094 0.000127 0.000128 0.000781 61.996953
5.041566 1527871636.034714 0.000126 0.000128 0.000783 61.861621
5.054296 1527871636.047444 0.000125 0.000128 0.000788 61.884910
5.066702 1527871636.059850 0.000125 0.000128 0.000787 61.631621
5.080159 1527871636.073307 0.000124 0.000128 0.000798 61.635491
5.091879 1527871636.085027 0.000125 0.000127 0.000785 61.567825
5.104164 1527871636.097311 0.000125 0.000127 0.000792 61.494755
5.116613 1527871636.109761 0.000124 0.000125 0.000795 61.340291
5.129064 1527871636.122212 0.000125 0.000125 0.000797 61.434718
5.141546 1527871636.134694 0.000124 0.000125 0.000795 61.177150
5.154146 1527871636.147294 0.000124 0.000126 0.000792 61.052685
5.166409 1527871636.159557 0.000124 0.000125 0.000788 60.968600
5.179164 1527871636.172312 0.000124 0.000125 0.000796 60.868413
5.191179 1527871636.184326 0.000124 0.000124 0.000791 60.724651
5.203555 1527871636.196702 0.000123 0.000124 0.000796 60.810029
5.216201 1527871636.209349 0.000123 0.000125 0.000796 60.672917
5.228625 1527871636.221772 0.000123 0.000124 0.000793 60.679004
5.241070 1527871636.234218 0.000123 0.000124 0.000791 60.526132
5.253853 1527871636.247001 0.000123 0.000125 0.000793 60.464987
5.266923 1527871636.260071 0.000122 0.000124 0.000794 60.376488
5.279497 1527871636.272645 0.000123 0.000124 0.000793 60.346772
5.291757 1527871636.284905 0.000123 0.000124 0.000792 60.287027
5.304308 1527871636.297456 0.000122 0.000124 0.000795 60.236989
5.316979 1527871636.310127 0.000122 0.000124 0.000793 60.327713
5.329014 1527871636.322162 0.000123 0.000124 0.000791 60.047049
5.341159 1527871636.334307 0.000122 0.000124 0.000787 60.179382
5.353882 1527871636.347030 0.000122 0.000124 0.000790 60.232212
5.366155 1527871636.359303 0.000121 0.000124 0.000793 60.120338
5.378706 1527871636.371854 0.000121 0.000124 0.000797 59.995845
5.391188 1527871636.384336 0.000121 0.000124 0.000792 59.912947
5.403766 1527871636.396914 0.000121 0.000124 0.000795 59.974536
5.416551 1527871636.409698 0.000122 0.000123 0.000795 59.899902
5.428452 1527871636.421599 0.000120 0.000124 0.000796 59.838156
5.441108 1527871636.434256 0.000120 0.000125 0.000795 59.968891
5.453801 1527871636.446949 0.000120 0.000124 0.000794 59.736465
5.467351 1527871636.460499 0.000121 0.000123 0.000800 59.719512
5.479501 1527871636.472649 0.000120 0.000124 0.000799 59.706910
5.491971 1527871636.485119 0.000120 0.000123 0.000795 59.523548
5.504209 1527871636.497357 0.000120 0.000124 0.000792 59.635964
5.516804 1527871636.509952 0.000119 0.000124 0.000795 59.578956
5.528869 1527871636.522017 0.000119 0.000123 0.000799 59.503986
5.541496 1527871636.534644 0.000120 0.000124 0.000800 59.563604
5.554521 1527871636.547669 0.000120 0.000123 0.000799 59.431287
5.567303 1527871636.560451 0.000119 0.000124 0.000795 59.484198
5.579326 1527871636.572474 0.000120 0.000124 0.000788 59.348463
5.591987 1527871636.585135 0.000120 0.000124 0.000796 59.425195
5.603860 1527871636.597008 0.000120 0.000124 0.000794 59.307304
5.616004 1527871636.609152 0.000119 0.000124 0.000794 59.455849
5.628882 1527871636.622030 0.000121 0.000124 0.000796 59.328889
5.641119 1527871636.634267 0.000120 0.000124 0.000793 59.409390
5.653660 1527871636.646807 0.000121 0.000124 0.000796 59.292678
5.666229 1527871636.659377 0.000121 0.000124 0.000797 59.131545
5.678630 1527871636.671778 0.000121 0.000123 0.000799 59.209612
5.691301 1527871636.684449 0.000121 0.000123 0.000798 59.192676
5.703538 1527871636.696686 0.000121 0.000123 0.000797 59.210154
5.716127 1527871636.709275 0.000120 0.000124 0.000794 58.807710
5.728884 1527871636.722032 0.000119 0.000124 0.000790 58.177097
5.741241 1527871636.734389 0.000119 0.000124 0.000796 57.536069
5.753825 1527871636.746973 0.000117 0.000125 0.000804 57.400318
5.766126 1527871636.759274 0.000115 0.000125 0.000816 57.220817
5.778737 1527871636.771884 0.000113 0.000126 0.000828 57.164271
5.791138 1527871636.784286 0.000112 0.000126 0.000833 57.214206
5.803756 1527871636.796904 0.000113 0.000126 0.000834 57.228584
5.816097 1527871636.809244 0.000112 0.000126 0.000834 57.164747
5.829018 1527871636.822165 0.000112 0.000126 0.000821 57.196774
5.841990 1527871636.835138 0.000112 0.000125 0.000818 56.981105
5.854322 1527871636.847470 0.000112 0.000125 0.000823 56.766575
5.867052 1527871636.860200 0.000112 0.000125 0.000815 56.553077
5.879756 1527871636.872904 0.000113 0.000125 0.000817 56.444791
5.892253 1527871636.885401 0.000110 0.000125 0.000821 56.354441
5.904902 1527871636.898049 0.000107 0.000126 0.000832 56.248147
5.916967 1527871636.910115 0.000105 0.000127 0.000842 56.443856
5.929709 1527871636.922857 0.000103 0.000126 0.000844 57.437021
5.942078 1527871636.935226 0.000099 0.000123 0.000853 58.649765
5.953989 1527871636.947136 0.000101 0.000123 0.000827 59.845690
5.966620 1527871636.959768 0.000096 0.000123 0.000840 61.488259
5.979163 1527871636.972311 0.000092 0.000124 0.000848 62.764704
5.991356 1527871636.984504 0.000090 0.000123 0.000875 63.433821
6.004347 1527871636.997494 0.000088 0.000123 0.000884 64.069449
6.016941 1527871637.010089 0.000086 0.000122 0.000880 64.445515
6.029616 1527871637.022764 0.000085 0.000122 0.000896 64.787900
6.041774 1527871637.034922 0.000087 0.000119 0.000902 64.685815
6.053908 1527871637.047056 0.000088 0.000116 0.000901 64.740801
6.066417 1527871637.059565 0.000089 0.000117 0.000892 64.465026
6.079034 1527871637.072182 0.000091 0.000115 0.000880 64.065374
6.091496 1527871637.084644 0.000088 0.000115 0.000877 63.787659
6.104250 1527871637.097398 0.000087 0.000115 0.000875 63.531282
6.116709 1527871637.109857 0.000087 0.000112 0.000868 63.022079
6.128983 1527871637.122131 0.000091 0.000108 0.000872 62.808783
6.142056 1527871637.135203 0.000091 0.000108 0.000855 62.506429
6.154146 1527871637.147294 0.000092 0.000107 0.000840 62.235436
6.166617 1527871637.159765 0.000090 0.000107 0.000836 62.129558
6.179132 1527871637.172279 0.000090 0.000108 0.000837 62.140061
6.191271 1527871637.184419 0.000092 0.000106 0.000845 62.169168
6.203991 1527871637.197139 0.000096 0.000103 0.000836 61.812862
6.221618 1527871637.214766 0.000099 0.000103 0.000823 61.459194
6.229643 1527871637.222791 0.000100 0.000103 0.000807 60.941016
6.242316 1527871637.235464 0.000098 0.000105 0.000802 60.783695
6.253711 1527871637.246859 0.000098 0.000105 0.000812 60.390705
6.266496 1527871637.259644 0.000098 0.000104 0.000814 60.300967
6.278597 1527871637.271744 0.000098 0.000104 0.000808 59.749026
6.291069 1527871637.284216 0.000098 0.000105 0.000798 59.336453
6.303940 1527871637.297088 0.000098 0.000104 0.000799 59.346870
6.317461 1527871637.310609 0.000098 0.000106 0.000792 59.398418
6.329795 1527871637.322943 0.000097 0.000106 0.000816 59.336513
6.341358 1527871637.334506 0.000096 0.000105 0.000828 59.225623
6.353427 1527871637.346575 0.000096 0.000106 0.000804 59.041981
6.366138 1527871637.359285 0.000097 0.000106 0.000802 58.912595
6.378822 1527871637.371970 0.000097 0.000106 0.000794 58.821645
6.391009 1527871637.384157 0.000097 0.000107 0.000793 58.888411
6.404665 1527871637.397813 0.000096 0.000105 0.000821 58.875257
6.416975 1527871637.410123 0.000096 0.000105 0.000811 58.619742
6.429672 1527871637.422820 0.000097 0.000106 0.000798 58.287539
6.442133 1527871637.435281 0.000098 0.000105 0.000793 58.176143
6.454724 1527871637.447872 0.000098 0.000106 0.000778 58.211721
6.467145 1527871637.460293 0.000098 0.000105 0.000787 58.600407
6.479068 1527871637.472216 0.000103 0.000105 0.000796 58.065863
6.490828 1527871637.483976 0.000100 0.000106 0.000784 58.302683
6.503704 1527871637.496852 0.000101 0.000107 0.000781 57.735259
6.516139 1527871637.509287 0.000103 0.000109 0.000780 56.854818
6.528833 1527871637.521981 0.000102 0.000110 0.000791 56.589263
6.541225 1527871637.534373 0.000104 0.000108 0.000790 56.458081
6.554000 1527871637.547148 0.000105 0.000106 0.000791 56.150534
6.565867 1527871637.559015 0.000103 0.000108 0.000777 56.375854
6.578694 1527871637.571842 0.000102 0.000109 0.000773 56.262047
6.591040 1527871637.584188 0.000100 0.000110 0.000786 56.231208
6.603889 1527871637.597037 0.000102 0.000107 0.000798 56.005977
6.615939 1527871637.609087 0.000103 0.000107 0.000776 56.001387
6.629769 1527871637.622917 0.000103 0.000107 0.000771 55.533575
6.641947 1527871637.635095 0.000103 0.000108 0.000775 56.003692
6.654595 1527871637.647743 0.000100 0.000110 0.000775 55.700202
6.667399 1527871637.660547 0.000100 0.000109 0.000801 55.896855
6.679478 1527871637.672626 0.000101 0.000106 0.000802 55.723719
6.692226 1527871637.685374 0.000103 0.000106 0.000774 55.284053
6.704198 1527871637.697346 0.000102 0.000107 0.000764 55.653743
6.716274 1527871637.709422 0.000101 0.000108 0.000772 55.398625
6.728949 1527871637.722097 0.000100 0.000108 0.000775 54.793783
6.741346 1527871637.734494 0.000099 0.000107 0.000794 55.005038
6.754926 1527871637.748074 0.000103 0.000104 0.000783 54.851110
6.766966 1527871637.760114 0.000104 0.000106 0.000769 54.398155
6.779860 1527871637.773007 0.000103 0.000105 0.000762 54.609558
6.792486 1527871637.785634 0.000102 0.000106 0.000770 54.158397
6.804763 1527871637.797910 0.000098 0.000106 0.000796 54.297129
6.817207 1527871637.810355 0.000099 0.000109 0.000792 53.706349
6.829709 1527871637.822857 0.000098 0.000110 0.000775 53.148736
6.842116 1527871637.835264 0.000099 0.000110 0.000770 53.128646
6.853977 1527871637.847125 0.000099 0.000110 0.000766 52.924006
6.866293 1527871637.859441 0.000099 0.000108 0.000767 53.155991
6.878606 1527871637.871754 0.000100 0.000107 0.000786 53.134243
6.892323 1527871637.885470 0.000099 0.000107 0.000799 53.112851
6.905341 1527871637.898489 0.000098 0.000109 0.000787 52.876789
6.917207 1527871637.910354 0.000097 0.000110 0.000781 52.755440
6.928735 1527871637.921883 0.000098 0.000109 0.000772 52.545881
6.941417 1527871637.934564 0.000098 0.000110 0.000762 52.435329
6.953894 1527871637.947042 0.000099 0.000110 0.000760 52.294997
6.966419 1527871637.959567 0.000099 0.000110 0.000742 51.906616
6.979120 1527871637.972268 0.000098 0.000109 0.000751 51.830149
6.991118 1527871637.984266 0.000099 0.000110 0.000747 51.699610
7.003860 1527871637.997008 0.000099 0.000109 0.000748 51.680226
7.017645 1527871638.010792 0.000099 0.000109 0.000731 51.561521
7.028704 1527871638.021852 0.000099 0.000109 0.000739 51.229157
7.041492 1527871638.034640 0.000098 0.000109 0.000743 51.254257
7.054736 1527871638.047884 0.000099 0.000108 0.000744 51.203400
7.067436 1527871638.060584 0.000099 0.000110 0.000745 51.007138
7.080228 1527871638.073376 0.000099 0.000109 0.000738 50.947015
7.092163 1527871638.085311 0.000099 0.000109 0.000742 50.892412
7.104092 1527871638.097240 0.000099 0.000108 0.000742 50.945203
7.116432 1527871638.109580 0.000098 0.000109 0.000739 50.811256
7.130329 1527871638.123477 0.000098 0.000109 0.000746 50.619685
7.141272 1527871638.134419 0.000098 0.000108 0.000737 50.569441
7.153553 1527871638.146701 0.000099 0.000108 0.000737 50.476939
7.166154 1527871638.159302 0.000099 0.000107 0.000734 50.394131
7.179620 1527871638.172767 0.000098 0.000107 0.000738 50.397178
7.192188 1527871638.185336 0.000098 0.000107 0.000732 50.156361
7.204839 1527871638.197987 0.000098 0.000108 0.000736 50.119538
7.217492 1527871638.210640 0.000098 0.000107 0.000743 50.262013
7.229746 1527871638.222894 0.000099 0.000107 0.000738 50.185498
7.242043 1527871638.235191 0.000099 0.000107 0.000734 50.141056
7.254035 1527871638.247183 0.000098 0.000106 0.000733 50.114540
7.266483 1527871638.259630 0.000098 0.000107 0.000732 50.081964
7.279062 1527871638.272210 0.000098 0.000107 0.000731 49.975163
7.292569 1527871638.285717 0.000098 0.000107 0.000733 49.986215
7.304815 1527871638.297963 0.000098 0.000108 0.000738 50.004159
7.316766 1527871638.309914 0.000098 0.000107 0.000730 49.971505
7.328983 1527871638.322130 0.000098 0.000107 0.000735 50.078418
7.341547 1527871638.334695 0.000099 0.000107 0.000730 50.079386
7.353964 1527871638.347112 0.000098 0.000108 0.000736 49.968802
7.367221 1527871638.360369 0.000098 0.000106 0.000736 49.994821
7.379733 1527871638.372881 0.000099 0.000108 0.000735 49.924010
7.392753 1527871638.385901 0.000098 0.000109 0.000731 49.846431
7.404917 1527871638.398064 0.000098 0.000107 0.000728 49.837113
7.417277 1527871638.410425 0.000099 0.000108 0.000728 49.791914
7.430021 1527871638.423169 0.000099 0.000108 0.000728 49.820934
7.442338 1527871638.435485 0.000099 0.000109 0.000726 49.729295
7.454310 1527871638.447458 0.000098 0.000107 0.000722 49.756391
7.466505 1527871638.459653 0.000098 0.000108 0.000726 49.949070
7.478658 1527871638.471806 0.000099 0.000108 0.000726 49.872836
7.491008 1527871638.484156 0.000098 0.000109 0.000728 49.841541
7.503892 1527871638.497040 0.000099 0.000109 0.000724 49.703223
7.516386 1527871638.509534 0.000099 0.000108 0.000727 49.783115
7.528753 1527871638.521900 0.000099 0.000110 0.000722 49.629059
7.542280 1527871638.535428 0.000099 0.000108 0.000723 49.625498
7.554747 1527871638.547894 0.000101 0.000110 0.000731 49.241144
7.567249 1527871638.560396 0.000101 0.000110 0.000739 49.013141
7.579018 1527871638.572166 0.000102 0.000111 0.000730 48.639370
7.591279 1527871638.584426 0.000100 0.000113 0.000736 48.437299
7.604259 1527871638.597407 0.000100 0.000111 0.000736 48.182120
7.616638 1527871638.609786 0.000100 0.000110 0.000732 48.083913
7.629140 1527871638.622288 0.000101 0.000111 0.000722 47.902563
7.641414 1527871638.634562 0.000100 0.000110 0.000741 48.143350
7.654027 1527871638.647174 0.000100 0.000111 0.000732 47.926203
7.666305 1527871638.659453 0.000100 0.000110 0.000735 47.833668
7.679734 1527871638.672882 0.000100 0.000109 0.000736 47.877125
7.692550 1527871638.685698 0.000101 0.000109 0.000730 47.699319
7.704838 1527871638.697985 0.000101 0.000108 0.000737 47.716138
7.717407 1527871638.710555 0.000101 0.000109 0.000735 47.625429
7.729463 1527871638.722610 0.000101 0.000109 0.000735 47.551153
7.742069 1527871638.735217 0.000101 0.000109 0.000729 47.495559
7.754200 1527871638.747347 0.000100 0.000108 0.000734 47.644126
7.766326 1527871638.759474 0.000101 0.000109 0.000730 47.469929
7.778830 1527871638.771978 0.000101 0.000109 0.000731 47.422555
7.791230 1527871638.784378 0.000099 0.000109 0.000732 47.459798
7.803832 1527871638.796979 0.000101 0.000110 0.000730 47.224112
7.816109 1527871638.809257 0.000099 0.000109 0.000732 47.363040
7.829001 1527871638.822149 0.000099 0.000109 0.000735 47.405895
7.841688 1527871638.834836 0.000099 0.000109 0.000735 47.415885
7.854291 1527871638.847439 0.000100 0.000109 0.000729 47.376628
7.867129 1527871638.860277 0.000100 0.000111 0.000729 47.394774
7.879264 1527871638.872412 0.000100 0.000110 0.000730 47.506667
7.892124 1527871638.885272 0.000100 0.000110 0.000729 47.444056
7.904598 1527871638.897745 0.000100 0.000110 0.000732 47.504399
7.916729 1527871638.909877 0.000099 0.000111 0.000731 47.484254
7.929310 1527871638.922458 0.000100 0.000110 0.000724 47.580630
7.941960 1527871638.935108 0.000100 0.000111 0.000729 47.464992
7.954409 1527871638.947557 0.000100 0.000112 0.000726 47.356265
7.966794 1527871638.959942 0.000100 0.000111 0.000728 47.480820
7.979556 1527871638.972704 0.000100 0.000112 0.000724 47.425060
7.991920 1527871638.985068 0.000100 0.000112 0.000731 47.531853
8.004448 1527871638.997596 0.000100 0.000112 0.000735 47.574420
8.016768 1527871639.009916 0.000100 0.000111 0.000729 47.604520
8.029424 1527871639.022572 0.000100 0.000112 0.000730 47.611607
8.042306 1527871639.035454 0.000100 0.000113 0.000730 47.636477
8.054391 1527871639.047539 0.000100 0.000114 0.000733 47.350182
8.066854 1527871639.060002 0.000098 0.000116 0.000730 47.154582
8.079274 1527871639.072422 0.000098 0.000117 0.000721 46.877162
8.091986 1527871639.085134 0.000098 0.000116 0.000731 46.782175
8.104447 1527871639.097595 0.000099 0.000116 0.000732 46.670966
8.117002 1527871639.110150 0.000098 0.000118 0.000731 46.691138
8.129224 1527871639.122372 0.000099 0.000117 0.000730 46.747516
8.142058 1527871639.135206 0.000099 0.000117 0.000732 46.634227
8.154269 1527871639.147417 0.000099 0.000116 0.000735 46.689270
8.167359 1527871639.160507 0.000098 0.000116 0.000734 46.647426
8.178976 1527871639.172123 0.000099 0.000116 0.000731 46.642937
8.191094 1527871639.184242 0.000098 0.000117 0.000730 46.503069
8.203828 1527871639.196976 0.000098 0.000113 0.000729 46.693123
8.216409 1527871639.209557 0.000098 0.000115 0.000731 46.408048
8.228926 1527871639.222074 0.000098 0.000115 0.000732 46.393911
8.241335 1527871639.234483 0.000098 0.000115 0.000732 46.390935
8.253590 1527871639.246737 0.000098 0.000115 0.000732 46.248141
8.270667 1527871639.263814 0.000098 0.000115 0.000734 46.363835
8.278834 1527871639.271981 0.000098 0.000114 0.000739 46.352802
8.291410 1527871639.284558 0.000098 0.000115 0.000743 46.333724
8.304004 1527871639.297152 0.000098 0.000113 0.000738 46.330556
8.316540 1527871639.309687 0.000098 0.000114 0.000741 46.344874
8.329241 1527871639.322388 0.000098 0.000114 0.000738 46.297668
8.341662 1527871639.334810 0.000098 0.000113 0.000735 46.125795
8.354217 1527871639.347365 0.000098 0.000113 0.000739 46.174339
8.367261 1527871639.360409 0.000098 0.000113 0.000741 46.208774
8.379961 1527871639.373109 0.000098 0.000113 0.000744 46.293508
8.392680 1527871639.385828 0.000098 0.000114 0.000744 46.148253
8.404349 1527871639.397497 0.000098 0.000113 0.000741 46.274966
8.416713 1527871639.409861 0.000098 0.000113 0.000747 46.261663
8.428939 1527871639.422087 0.000098 0.000115 0.000751 45.956778
8.441520 1527871639.434668 0.000098 0.000114 0.000747 45.542028
8.453989 1527871639.447137 0.000100 0.000112 0.000750 45.830345
8.467236 1527871639.460384 0.000100 0.000112 0.000759 45.866175
8.479817 1527871639.472965 0.000100 0.000111 0.000765 46.099860
8.492594 1527871639.485742 0.000099 0.000111 0.000765 46.200506
8.504955 1527871639.498102 0.000099 0.000112 0.000773 46.227759
8.517130 1527871639.510278 0.000099 0.000112 0.000773 46.181629
8.529125 1527871639.522273 0.000099 0.000111 0.000772 46.221985
8.541514 1527871639.534662 0.000099 0.000111 0.000773 46.153963
8.553826 1527871639.546974 0.000099 0.000111 0.000770 46.176440
8.566348 1527871639.559496 0.000099 0.000112 0.000768 46.185726
8.580484 1527871639.573632 0.000099 0.000110 0.000772 46.220702
8.592636 1527871639.585784 0.000099 0.000111 0.000771 46.187726
8.605531 1527871639.598679 0.000099 0.000110 0.000769 45.948447
8.616973 1527871639.610121 0.000099 0.000110 0.000771 45.820828
8.628986 1527871639.622133 0.000099 0.000110 0.000772 45.743623
8.641504 1527871639.634651 0.000099 0.000110 0.000772 45.667505
8.654197 1527871639.647345 0.000098 0.000109 0.000774 45.763440
8.666587 1527871639.659735 0.000098 0.000110 0.000770 45.603851
8.678915 1527871639.672062 0.000099 0.000110 0.000772 45.657288
8.691588 1527871639.684736 0.000099 0.000109 0.000769 45.652326
8.704584 1527871639.697731 0.000098 0.000110 0.000774 45.610664
8.717080 1527871639.710228 0.000098 0.000110 0.000774 45.642286
8.730191 1527871639.723339 0.000098 0.000107 0.000773 45.958223
8.743012 1527871639.736160 0.000098 0.000109 0.000762 45.429956
8.755150 1527871639.748298 0.000098 0.000109 0.000770 45.545827
8.766701 1527871639.759849 0.000098 0.000109 0.000768 45.522811
8.779060 1527871639.772207 0.000098 0.000110 0.000767 45.377547
8.791602 1527871639.784750 0.000098 0.000109 0.000764 45.521735
8.804041 1527871639.797189 0.000098 0.000110 0.000768 45.447044
8.816402 1527871639.809550 0.000098 0.000109 0.000769 45.442908
8.828752 1527871639.821899 0.000098 0.000110 0.000771 45.258348
8.841195 1527871639.834343 0.000098 0.000109 0.000768 45.307963
8.854977 1527871639.848125 0.000098 0.000110 0.000772 45.289201
8.867231 1527871639.860379 0.000098 0.000110 0.000771 45.221498
8.880000 1527871639.873147 0.000098 0.000110 0.000772 45.361615
8.892754 1527871639.885902 0.000098 0.000110 0.000770 45.325942
8.904698 1527871639.897846 0.000098 0.000111 0.000770 45.175158
8.916340 1527871639.909488 0.000098 0.000111 0.000767 45.091578
8.929000 1527871639.922148 0.000098 0.000111 0.000770 45.346122
8.942195 1527871639.935343 0.000098 0.000111 0.000770 45.211874
8.955734 1527871639.948881 0.000098 0.000112 0.000773 45.149376
8.967624 1527871639.960772 0.000098 0.000113 0.000764 44.963221
8.979913 1527871639.973061 0.000097 0.000113 0.000767 45.179746
8.992921 1527871639.986068 0.000097 0.000113 0.000760 45.085454
9.005205 1527871639.998353 0.000097 0.000114 0.000766 44.931201
9.016784 1527871640.009932 0.000097 0.000114 0.000765 44.681483
9.028910 1527871640.022058 0.000097 0.000114 0.000766 44.587448
9.041920 1527871640.035068 0.000097 0.000114 0.000770 44.643012
9.053866 1527871640.047014 0.000097 0.000115 0.000766 44.440370
9.067040 1527871640.060188 0.000097 0.000114 0.000763 44.407052
9.079287 1527871640.072434 0.000097 0.000114 0.000766 44.431195
9.091470 1527871640.084618 0.000097 0.000114 0.000763 44.465790
9.103992 1527871640.097140 0.000097 0.000115 0.000769 44.566450
9.116574 1527871640.109722 0.000097 0.000115 0.000768 44.499916
9.129193 1527871640.122341 0.000097 0.000115 0.000763 44.330228
9.141745 1527871640.134892 0.000097 0.000114 0.000763 44.419986
9.153968 1527871640.147116 0.000097 0.000115 0.000761 44.275139
9.166650 1527871640.159797 0.000097 0.000115 0.000765 44.378546
9.179809 1527871640.172957 0.000097 0.000113 0.000767 44.570996
9.192681 1527871640.185829 0.000097 0.000113 0.000763 44.262536
9.204647 1527871640.197795 0.000098 0.000113 0.000766 44.281965
9.217093 1527871640.210241 0.000098 0.000113 0.000759 44.030776
9.229370 1527871640.222518 0.000097 0.000109 0.000762 44.486005
9.242131 1527871640.235279 0.000097 0.000110 0.000767 44.431212
9.254372 1527871640.247520 0.000097 0.000112 0.000762 44.118688
9.267052 1527871640.260200 0.000097 0.000112 0.000769 44.169463
9.279658 1527871640.272806 0.000097 0.000111 0.000766 44.196148
9.292557 1527871640.285705 0.000097 0.000111 0.000769 44.075857
9.304347 1527871640.297495 0.000097 0.000111 0.000765 44.076882
9.317286 1527871640.310434 0.000097 0.000112 0.000761 43.912587
9.329765 1527871640.322912 0.000097 0.000112 0.000762 43.834609
9.342037 1527871640.335185 0.000097 0.000111 0.000770 43.902701
9.354623 1527871640.347770 0.000097 0.000111 0.000767 43.924663
9.367160 1527871640.360307 0.000098 0.000111 0.000766 43.878834
9.379698 1527871640.372846 0.000098 0.000109 0.000764 43.822830
9.392142 1527871640.385290 0.000097 0.000109 0.000766 43.866523
9.405386 1527871640.398534 0.000097 0.000110 0.000766 43.834104
9.417353 1527871640.410501 0.000097 0.000110 0.000768 43.861950
9.429381 1527871640.422529 0.000097 0.000110 0.000762 43.842012
9.441617 1527871640.434765 0.000097 0.000110 0.000768 43.915329
9.453877 1527871640.447025 0.000098 0.000109 0.000767 43.778866
9.466460 1527871640.459608 0.000097 0.000110 0.000767 43.740089
9.479035 1527871640.472183 0.000098 0.000110 0.000764 43.793687
9.491437 1527871640.484585 0.000098 0.000110 0.000764 43.691491
9.503867 1527871640.497015 0.000098 0.000109 0.000764 43.843910
9.517312 1527871640.510460 0.000099 0.000106 0.000765 44.138182
9.528943 1527871640.522091 0.000100 0.000107 0.000770 44.078774
9.542001 1527871640.535149 0.000100 0.000107 0.000787 44.087820
9.554163 1527871640.547311 0.000099 0.000108 0.000788 43.963998
9.566324 1527871640.559472 0.000098 0.000109 0.000782 43.859543
9.579110 1527871640.572258 0.000099 0.000111 0.000773 43.675872
9.591487 1527871640.584635 0.000099 0.000110 0.000769 43.666302
9.604053 1527871640.597201 0.000099 0.000109 0.000770 43.572316
9.616312 1527871640.609460 0.000099 0.000109 0.000770 43.459743
9.629729 1527871640.622876 0.000099 0.000109 0.000775 43.494774
9.641323 1527871640.634471 0.000099 0.000110 0.000766 43.344277
9.653917 1527871640.647065 0.000100 0.000109 0.000768 43.414484
9.666420 1527871640.659567 0.000101 0.000109 0.000764 43.345087
9.679022 1527871640.672170 0.000101 0.000109 0.000765 43.299546
9.691618 1527871640.684766 0.000100 0.000108 0.000771 43.275585
9.703842 1527871640.696990 0.000100 0.000108 0.000769 43.341289
9.716523 1527871640.709671 0.000099 0.000109 0.000769 43.055387
9.728967 1527871640.722115 0.000100 0.000108 0.000774 43.273751
9.742272 1527871640.735420 0.000100 0.000108 0.000767 43.171777
9.753985 1527871640.747133 0.000100 0.000108 0.000770 43.094687
9.766478 1527871640.759626 0.000100 0.000108 0.000771 43.086173
9.779021 1527871640.772169 0.000100 0.000108 0.000769 42.973218
9.791762 1527871640.784910 0.000100 0.000108 0.000764 43.026677
9.804109 1527871640.797257 0.000100 0.000107 0.000766 42.974486
9.816646 1527871640.809794 0.000100 0.000108 0.000766 42.937822
9.829159 1527871640.822306 0.000099 0.000108 0.000767 42.914026
9.841511 1527871640.834659 0.000100 0.000108 0.000769 42.955931
9.855193 1527871640.848341 0.000099 0.000108 0.000764 42.824998
9.867576 1527871640.860724 0.000100 0.000106 0.000769 43.141737
9.880000 1527871640.873148 0.000100 0.000107 0.000767 43.152919
9.892781 1527871640.885929 0.000100 0.000107 0.000766 43.058755
9.904975 1527871640.898123 0.000100 0.000108 0.000769 43.041589
9.917115 1527871640.910263 0.000099 0.000107 0.000769 42.830411
9.930125 1527871640.923273 0.000099 0.000106 0.000755 42.590952
9.943078 1527871640.936226 0.000097 0.000106 0.000762 42.779976
9.955505 1527871640.948653 0.000094 0.000106 0.000773 43.703680
9.967971 1527871640.961119 0.000093 0.000107 0.000788 44.536200
9.979387 1527871640.972535 0.000093 0.000107 0.000784 45.302876
9.991674 1527871640.984822 0.000092 0.000106 0.000790 45.494794
10.004477 1527871640.997625 0.000093 0.000108 0.000800 45.481441
10.017094 1527871641.010242 0.000093 0.000107 0.000792 45.617297
10.029548 1527871641.022696 0.000094 0.000107 0.000790 45.385947
10.041856 1527871641.035004 0.000092 0.000106 0.000796 45.340753
10.054304 1527871641.047452 0.000093 0.000107 0.000794 45.296417
10.066612 1527871641.059760 0.000094 0.000107 0.000790 45.273758
10.080683 1527871641.073831 0.000094 0.000107 0.000791 45.262764
10.092409 1527871641.085557 0.000094 0.000107 0.000788 45.148842
10.104813 1527871641.097961 0.000094 0.000106 0.000787 45.229425
10.117426 1527871641.110574 0.000093 0.000106 0.000788 45.084964
10.129723 1527871641.122870 0.000094 0.000106 0.000783 45.230136
10.142119 1527871641.135267 0.000095 0.000107 0.000781 45.009199
10.154694 1527871641.147841 0.000094 0.000107 0.000782 45.057005
10.167265 1527871641.160413 0.000094 0.000107 0.000784 45.147924
10.179536 1527871641.172684 0.000095 0.000107 0.000788 45.076944
10.192229 1527871641.185377 0.000095 0.000106 0.000785 45.062100
10.204809 1527871641.197957 0.000095 0.000106 0.000790 44.939617
10.217021 1527871641.210169 0.000095 0.000106 0.000783 45.227249
10.229957 1527871641.223104 0.000095 0.000106 0.000782 45.038627
10.242135 1527871641.235283 0.000095 0.000106 0.000786 45.050048
10.254548 1527871641.247695 0.000096 0.000106 0.000783 45.297899
10.267249 1527871641.260397 0.000096 0.000106 0.000786 45.185453
10.279902 1527871641.273050 0.000096 0.000106 0.000789 45.317290
10.292428 1527871641.285576 0.000096 0.000106 0.000781 45.357172
10.304866 1527871641.298013 0.000096 0.000105 0.000781 45.410371
10.317418 1527871641.310566 0.000096 0.000106 0.000783 45.243056
10.329649 1527871641.322797 0.000096 0.000106 0.000798 45.290269
10.342589 1527871641.335737 0.000096 0.000106 0.000793 45.095547
10.354578 1527871641.347726 0.000095 0.000106 0.000788 45.444223
10.367363 1527871641.360511 0.000094 0.000106 0.000802 45.163122
10.379767 1527871641.372915 0.000091 0.000107 0.000820 45.368022
10.392151 1527871641.385298 0.000089 0.000110 0.000839 45.845801
10.404802 1527871641.397950 0.000088 0.000112 0.000845 46.532824
10.417346 1527871641.410494 0.000086 0.000113 0.000853 47.366517
10.429759 1527871641.422907 0.000086 0.000114 0.000860 48.101418
10.442358 1527871641.435505 0.000085 0.000114 0.000857 48.416230
10.454807 1527871641.447955 0.000085 0.000114 0.000857 48.561881
10.467077 1527871641.460225 0.000087 0.000113 0.000853 48.721281
10.479630 1527871641.472777 0.000087 0.000112 0.000846 48.671879
10.492153 1527871641.485301 0.000086 0.000113 0.000850 48.674333
10.505080 1527871641.498228 0.000087 0.000112 0.000840 48.713065
10.517963 1527871641.511111 0.000088 0.000112 0.000832 48.697206
10.530280 1527871641.523427 0.000087 0.000113 0.000853 48.711073
10.541971 1527871641.535119 0.000087 0.000113 0.000846 48.734837
10.554430 1527871641.547578 0.000087 0.000112 0.000839 48.605243
10.566601 1527871641.559748 0.000087 0.000113 0.000841 48.601241
10.579146 1527871641.572294 0.000086 0.000112 0.000844 48.584372
10.591767 1527871641.584915 0.000086 0.000112 0.000849 48.801207
10.604411 1527871641.597559 0.000085 0.000113 0.000849 48.833781
10.616969 1527871641.610117 0.000086 0.000113 0.000839 49.056819
10.629392 1527871641.622540 0.000086 0.000113 0.000830 48.962505
10.641840 1527871641.634988 0.000087 0.000113 0.000813 48.495949
10.654029 1527871641.647177 0.000089 0.000116 0.000798 47.567956
10.666566 1527871641.659714 0.000090 0.000117 0.000797 46.932619
10.679265 1527871641.672413 0.000090 0.000116 0.000805 46.676057
10.692010 1527871641.685158 0.000089 0.000115 0.000807 46.698583
10.704733 1527871641.697881 0.000090 0.000116 0.000803 46.555997
10.717166 1527871641.710314 0.000089 0.000116 0.000809 46.629122
10.729353 1527871641.722501 0.000089 0.000116 0.000808 46.451071
10.741980 1527871641.735128 0.000089 0.000115 0.000810 46.651388
10.754286 1527871641.747433 0.000089 0.000116 0.000813 46.541415
10.767970 1527871641.761118 0.000088 0.000115 0.000810 46.565625
10.780667 1527871641.773814 0.000089 0.000115 0.000807 46.418256
10.792706 1527871641.785854 0.000088 0.000114 0.000808 46.453465
10.804878 1527871641.798026 0.000088 0.000114 0.000804 46.351583
10.817174 1527871641.810322 0.000089 0.000115 0.000808 46.251242
10.829124 1527871641.822272 0.000088 0.000114 0.000817 46.315856
10.841949 1527871641.835097 0.000089 0.000114 0.000812 46.227855
10.854572 1527871641.847720 0.000089 0.000114 0.000811 46.196067
10.866676 1527871641.859823 0.000088 0.000114 0.000813 46.271445
10.879185 1527871641.872333 0.000088 0.000114 0.000811 46.238172
10.891602 1527871641.884750 0.000087 0.000113 0.000815 46.319102
10.904707 1527871641.897855 0.000088 0.000114 0.000813 46.323484
10.917134 1527871641.910281 0.000088 0.000114 0.000812 46.297487
10.929729 1527871641.922876 0.000088 0.000114 0.000812 46.249938
10.942730 1527871641.935878 0.000089 0.000114 0.000812 46.164062
10.955496 1527871641.948644 0.000089 0.000114 0.000813 46.151258
10.967706 1527871641.960854 0.000088 0.000114 0.000813 46.271311
10.980218 1527871641.973366 0.000088 0.000114 0.000813 46.185296
10.993185 1527871641.986332 0.000088 0.000114 0.000811 46.329962
11.005635 1527871641.998783 0.000088 0.000114 0.000812 46.370796
11.016808 1527871642.009956 0.000088 0.000114 0.000811 46.345402
11.029385 1527871642.022532 0.000089 0.000115 0.000811 46.249520
11.041598 1527871642.034746 0.000088 0.000114 0.000814 46.336498
11.054165 1527871642.047312 0.000088 0.000113 0.000815 46.385800
11.066774 1527871642.059922 0.000089 0.000114 0.000807 46.130113
11.079208 1527871642.072356 0.000089 0.000114 0.000810 46.154611
11.091848 1527871642.084996 0.000090 0.000114 0.000812 46.178518
11.104584 1527871642.097732 0.000090 0.000115 0.000810 46.170460
11.117458 1527871642.110605 0.000090 0.000114 0.000807 46.090574
11.129679 1527871642.122827 0.000091 0.000115 0.000811 45.967661
11.142184 1527871642.135332 0.000091 0.000114 0.000810 46.120330
11.155514 1527871642.148662 0.000093 0.000114 0.000801 46.744543
11.167149 1527871642.160297 0.000096 0.000113 0.000786 46.724296
11.180311 1527871642.173459 0.000098 0.000114 0.000781 46.033528
11.192763 1527871642.185911 0.000100 0.000116 0.000765 45.754903
11.205337 1527871642.198485 0.000101 0.000118 0.000756 44.939147
11.217508 1527871642.210655 0.000101 0.000119 0.000758 44.336399
11.229697 1527871642.222844 0.000101 0.000117 0.000752 44.012586
11.243173 1527871642.236321 0.000102 0.000117 0.000755 44.008758
11.255355 1527871642.248503 0.000101 0.000117 0.000762 43.796174
11.267959 1527871642.261107 0.000101 0.000117 0.000762 43.742847
11.280585 1527871642.273733 0.000101 0.000117 0.000759 43.856461
11.293132 1527871642.286280 0.000101 0.000117 0.000763 43.683626
11.304961 1527871642.298109 0.000101 0.000116 0.000755 43.774120
11.316885 1527871642.310033 0.000101 0.000117 0.000764 43.702948
11.329380 1527871642.322528 0.000101 0.000117 0.000763 43.726585
11.341850 1527871642.334998 0.000101 0.000117 0.000761 43.785542
11.354372 1527871642.347520 0.000101 0.000116 0.000760 43.853948
11.367088 1527871642.360236 0.000101 0.000116 0.000767 43.693807
11.379474 1527871642.372622 0.000101 0.000116 0.000762 43.880516
11.392221 1527871642.385369 0.000101 0.000116 0.000764 43.839667
11.404173 1527871642.397321 0.000101 0.000117 0.000760 43.885182
11.416968 1527871642.410116 0.000101 0.000116 0.000759 43.894586
11.429473 1527871642.422621 0.000101 0.000117 0.000762 43.924232
11.442054 1527871642.435202 0.000100 0.000116 0.000770 43.882883
11.454198 1527871642.447346 0.000101 0.000116 0.000759 43.565324
11.467039 1527871642.460187 0.000101 0.000116 0.000763 43.593769
11.479511 1527871642.472658 0.000101 0.000115 0.000760 43.680943
11.491887 1527871642.485035 0.000101 0.000116 0.000755 43.708579
11.504435 1527871642.497583 0.000101 0.000116 0.000760 43.663427
11.517486 1527871642.510633 0.000100 0.000116 0.000761 43.684989
11.529863 1527871642.523011 0.000100 0.000115 0.000763 43.440491
11.542691 1527871642.535839 0.000100 0.000115 0.000762 43.590196
11.555259 1527871642.548407 0.000100 0.000114 0.000762 43.768100
11.567818 1527871642.560966 0.000100 0.000115 0.000765 43.540896
11.579336 1527871642.572484 0.000100 0.000114 0.000770 43.559813
11.592599 1527871642.585747 0.000100 0.000114 0.000765 43.271385
11.604845 1527871642.597993 0.000102 0.000114 0.000756 43.362251
11.617522 1527871642.610669 0.000103 0.000115 0.000753 42.550882
11.630373 1527871642.623520 0.000101 0.000116 0.000751 42.308849
11.642459 1527871642.635607 0.000100 0.000116 0.000759 42.240152
11.654580 1527871642.647728 0.000099 0.000117 0.000758 42.349748
11.667070 1527871642.660218 0.000098 0.000116 0.000765 42.279815
11.679418 1527871642.672565 0.000097 0.000115 0.000756 42.707171
11.692170 1527871642.685318 0.000097 0.000117 0.000764 42.411491
11.704422 1527871642.697569 0.000097 0.000117 0.000761 42.520504
11.717198 1527871642.710346 0.000098 0.000116 0.000761 42.319932
11.729320 1527871642.722468 0.000098 0.000117 0.000756 42.067310
11.742020 1527871642.735168 0.000098 0.000117 0.000756 42.012980
11.754376 1527871642.747524 0.000097 0.000118 0.000757 42.135780
