-4.874470 1528546627.813631 0.000145 0.000167 0.000853 47.214164
-4.862204 1528546627.825897 0.000146 0.000166 0.000851 47.214843
-4.850603 1528546627.837498 0.000145 0.000165 0.000840 47.270441
-4.837800 1528546627.850301 0.000146 0.000164 0.000844 47.345042
-4.825664 1528546627.862437 0.000145 0.000163 0.000857 47.597020
-4.812382 1528546627.875719 0.000146 0.000164 0.000849 47.552530
-4.799917 1528546627.888183 0.000147 0.000167 0.000845 47.342963
-4.786833 1528546627.901268 0.000146 0.000165 0.000861 47.757855
-4.775996 1528546627.912105 0.000146 0.000165 0.000856 47.716729
-4.763748 1528546627.924353 0.000147 0.000166 0.000862 47.832721
-4.750701 1528546627.937400 0.000147 0.000165 0.000868 47.959702
-4.737055 1528546627.951046 0.000148 0.000167 0.000854 47.759086
-4.724795 1528546627.963306 0.000147 0.000166 0.000860 47.863174
-4.712403 1528546627.975698 0.000149 0.000168 0.000868 47.844583
-4.700229 1528546627.987872 0.000149 0.000166 0.000873 48.092732
-4.687809 1528546628.000291 0.000149 0.000166 0.000866 47.978334
-4.674782 1528546628.013319 0.000149 0.000166 0.000862 47.829950
-4.663146 1528546628.024955 0.000150 0.000167 0.000853 47.647561
-4.650544 1528546628.037557 0.000150 0.000167 0.000867 47.946761
-4.638285 1528546628.049816 0.000150 0.000166 0.000868 47.848869
-4.626114 1528546628.061987 0.000150 0.000164 0.000866 47.816339
-4.612524 1528546628.075577 0.000150 0.000165 0.000868 47.737237
-4.600117 1528546628.087983 0.000151 0.000167 0.000869 47.664387
-4.587483 1528546628.100618 0.000151 0.000166 0.000862 47.639478
-4.574697 1528546628.113403 0.000151 0.000167 0.000862 47.544564
-4.562889 1528546628.125212 0.000151 0.000166 0.000865 47.737979
-4.550819 1528546628.137282 0.000152 0.000166 0.000860 47.694154
-4.538474 1528546628.149626 0.000151 0.000168 0.000862 47.341522
-4.525097 1528546628.163003 0.000152 0.000168 0.000872 47.662325
-4.512507 1528546628.175594 0.000154 0.000167 0.000865 48.329125
-4.499900 1528546628.188201 0.000154 0.000170 0.000828 48.700643
-4.486936 1528546628.201165 0.000155 0.000173 0.000835 48.576652
-4.474903 1528546628.213198 0.000156 0.000177 0.000822 48.203886
-4.462250 1528546628.225850 0.000157 0.000176 0.000819 47.969998
-4.450125 1528546628.237976 0.000156 0.000178 0.000806 47.493563
-4.438349 1528546628.249751 0.000156 0.000179 0.000803 47.073941
-4.426004 1528546628.262097 0.000156 0.000176 0.000794 47.147703
-4.413256 1528546628.274844 0.000156 0.000178 0.000796 46.970132
-4.399709 1528546628.288392 0.000158 0.000179 0.000794 46.742644
-4.387432 1528546628.300669 0.000157 0.000182 0.000793 46.682168
-4.375051 1528546628.313050 0.000157 0.000176 0.000790 46.885579
-4.361898 1528546628.326202 0.000157 0.000178 0.000794 46.805342
-4.349640 1528546628.338461 0.000157 0.000178 0.000793 46.918753
-4.338137 1528546628.349963 0.000157 0.000180 0.000791 46.832332
-4.325919 1528546628.362182 0.000157 0.000176 0.000786 46.585581
-4.313476 1528546628.374624 0.000157 0.000178 0.000789 46.564234
-4.300930 1528546628.387171 0.000157 0.000176 0.000786 46.583204
-4.288522 1528546628.399579 0.000156 0.000177 0.000789 46.706161
-4.275857 1528546628.412244 0.000156 0.000175 0.000790 46.795362
-4.263230 1528546628.424870 0.000157 0.000178 0.000788 46.602546
-4.250569 1528546628.437532 0.000157 0.000176 0.000793 46.732282
-4.238023 1528546628.450078 0.000157 0.000178 0.000791 46.584372
-4.225615 1528546628.462486 0.000157 0.000177 0.000789 46.519861
-4.212998 1528546628.475103 0.000156 0.000176 0.000788 46.695674
-4.200394 1528546628.487707 0.000157 0.000178 0.000795 46.644651
-4.187633 1528546628.500468 0.000157 0.000176 0.000789 46.582179
-4.175543 1528546628.512558 0.000157 0.000178 0.000787 46.441304
-4.162651 1528546628.525450 0.000157 0.000174 0.000789 46.685777
-4.149911 1528546628.538190 0.000157 0.000177 0.000793 46.431074
-4.137825 1528546628.550276 0.000157 0.000177 0.000797 46.396227
-4.125193 1528546628.562908 0.000157 0.000175 0.000795 46.430815
-4.112676 1528546628.575425 0.000156 0.000174 0.000789 46.341288
-4.100533 1528546628.587568 0.000156 0.000175 0.000790 46.307282
-4.087913 1528546628.600188 0.000155 0.000177 0.000790 46.384922
-4.075396 1528546628.612705 0.000156 0.000173 0.000793 46.449403
-4.062238 1528546628.625862 0.000155 0.000176 0.000785 46.241058
-4.049507 1528546628.638594 0.000156 0.000177 0.000789 46.003776
-4.037570 1528546628.650531 0.000156 0.000175 0.000796 46.294537
-4.025730 1528546628.662371 0.000156 0.000175 0.000792 46.293359
-4.013363 1528546628.674737 0.000156 0.000175 0.000797 46.343640
-4.000846 1528546628.687255 0.000157 0.000174 0.000793 46.439975
-3.988250 1528546628.699850 0.000157 0.000176 0.000798 46.256753
-3.975646 1528546628.712455 0.000156 0.000176 0.000801 46.389673
-3.963515 1528546628.724586 0.000157 0.000176 0.000801 46.491217
-3.950369 1528546628.737732 0.000156 0.000176 0.000797 46.320346
-3.937644 1528546628.750456 0.000157 0.000176 0.000797 46.396921
-3.925362 1528546628.762739 0.000157 0.000176 0.000795 46.331508
-3.912896 1528546628.775205 0.000157 0.000176 0.000794 46.349319
-3.900511 1528546628.787590 0.000157 0.000175 0.000796 46.394455
-3.888226 1528546628.799875 0.000157 0.000177 0.000794 46.225674
-3.875725 1528546628.812376 0.000157 0.000176 0.000797 46.288590
-3.863103 1528546628.824998 0.000157 0.000178 0.000794 46.229879
-3.850642 1528546628.837459 0.000157 0.000174 0.000810 46.417145
-3.837985 1528546628.850116 0.000159 0.000176 0.000801 46.444812
-3.825741 1528546628.862360 0.000158 0.000179 0.000785 46.454513
-3.812962 1528546628.875139 0.000157 0.000178 0.000779 46.807562
-3.800384 1528546628.887717 0.000154 0.000183 0.000767 46.476894
-3.788014 1528546628.900087 0.000146 0.000189 0.000754 46.134971
-3.774758 1528546628.913342 0.000142 0.000191 0.000752 46.180765
-3.762563 1528546628.925538 0.000139 0.000193 0.000751 46.275140
-3.749918 1528546628.938182 0.000137 0.000193 0.000748 46.427574
-3.737466 1528546628.950635 0.000135 0.000196 0.000744 46.070824
-3.724700 1528546628.963401 0.000133 0.000196 0.000742 45.769288
-3.712587 1528546628.975514 0.000133 0.000192 0.000744 45.435278
-3.700478 1528546628.987623 0.000132 0.000190 0.000739 45.029746
-3.687780 1528546629.000321 0.000131 0.000186 0.000745 44.680625
-3.674908 1528546629.013193 0.000131 0.000190 0.000737 43.814546
-3.662552 1528546629.025548 0.000130 0.000186 0.000735 43.577445
-3.650137 1528546629.037964 0.000129 0.000184 0.000749 43.615868
-3.638466 1528546629.049635 0.000128 0.000185 0.000736 43.251138
-3.626037 1528546629.062064 0.000128 0.000183 0.000748 43.575613
-3.613640 1528546629.074461 0.000128 0.000188 0.000754 43.791533
-3.600776 1528546629.087325 0.000129 0.000192 0.000755 44.671052
-3.588296 1528546629.099804 0.000127 0.000158 0.000743 49.980490
-3.575964 1528546629.112137 0.000130 0.000145 0.000766 51.519946
-3.563374 1528546629.124727 0.000139 0.000153 0.000779 52.245739
-3.549866 1528546629.138235 0.000132 0.000168 0.000799 52.326126
-3.537058 1528546629.151042 0.000128 0.000157 0.000772 53.533561
-3.525570 1528546629.162530 0.000123 0.000149 0.000779 55.064212
-3.512355 1528546629.175746 0.000137 0.000173 0.000888 56.033046
-3.499803 1528546629.188298 0.000138 0.000176 0.000887 57.391546
-3.486753 1528546629.201348 0.000136 0.000174 0.000888 56.914455
-3.474763 1528546629.213338 0.000132 0.000174 0.000860 54.919352
-3.462785 1528546629.225316 0.000128 0.000174 0.000765 52.327121
-3.450394 1528546629.237706 0.000125 0.000176 0.000754 52.231199
-3.437822 1528546629.250279 0.000124 0.000182 0.000771 53.391062
-3.425732 1528546629.262368 0.000122 0.000190 0.000792 55.692762
-3.413108 1528546629.274992 0.000125 0.000190 0.000820 58.571138
-3.400795 1528546629.287306 0.000121 0.000183 0.000877 61.425335
-3.388251 1528546629.299850 0.000133 0.000182 0.000891 64.128855
-3.375597 1528546629.312504 0.000126 0.000185 0.000937 65.468636
-3.362266 1528546629.325835 0.000136 0.000198 0.000893 68.501701
-3.349659 1528546629.338442 0.000141 0.000224 0.000910 72.324982
-3.337013 1528546629.351087 0.000152 0.000247 0.000844 75.493187
-3.325570 1528546629.362530 0.000161 0.000277 0.000841 78.248352
-3.313270 1528546629.374830 0.000166 0.000284 0.000808 78.125008
-3.300990 1528546629.387111 0.000167 0.000282 0.000772 76.807523
-3.287214 1528546629.400887 0.000163 0.000280 0.000760 75.400347
-3.274222 1528546629.413879 0.000158 0.000274 0.000748 73.795256
-3.262254 1528546629.425847 0.000156 0.000270 0.000746 72.654756
-3.249490 1528546629.438611 0.000155 0.000271 0.000738 71.334887
-3.236561 1528546629.451540 0.000153 0.000265 0.000741 69.740254
-3.224541 1528546629.463560 0.000150 0.000255 0.000746 68.298539
-3.212014 1528546629.476087 0.000147 0.000252 0.000793 66.688328
-3.199891 1528546629.488210 0.000145 0.000238 0.000791 65.389737
-3.188083 1528546629.500018 0.000142 0.000231 0.000806 64.370071
-3.175253 1528546629.512848 0.000141 0.000225 0.000787 63.264491
-3.162736 1528546629.525365 0.000140 0.000219 0.000762 62.517491
-3.150338 1528546629.537763 0.000139 0.000217 0.000761 61.908678
-3.137626 1528546629.550475 0.000137 0.000214 0.000742 61.457385
-3.125410 1528546629.562690 0.000137 0.000212 0.000740 60.996157
-3.112798 1528546629.575303 0.000136 0.000209 0.000735 60.436110
-3.100368 1528546629.587732 0.000135 0.000207 0.000732 60.078008
-3.087381 1528546629.600720 0.000134 0.000205 0.000725 59.705144
-3.074958 1528546629.613143 0.000134 0.000204 0.000718 59.233102
-3.062829 1528546629.625272 0.000134 0.000199 0.000722 58.666217
-3.050026 1528546629.638075 0.000132 0.000199 0.000708 58.334673
-3.037751 1528546629.650350 0.000132 0.000199 0.000707 57.862901
-3.024725 1528546629.663376 0.000132 0.000198 0.000706 57.470918
-3.012796 1528546629.675305 0.000132 0.000197 0.000699 57.337647
-3.000215 1528546629.687886 0.000136 0.000198 0.000689 57.437457
-2.987362 1528546629.700739 0.000139 0.000197 0.000691 56.865686
-2.974848 1528546629.713253 0.000142 0.000197 0.000695 56.354037
-2.962986 1528546629.725115 0.000146 0.000198 0.000685 55.670541
-2.950584 1528546629.737516 0.000147 0.000196 0.000683 55.155154
-2.938147 1528546629.749954 0.000147 0.000194 0.000679 54.158917
-2.924681 1528546629.763420 0.000146 0.000192 0.000683 53.702297
-2.912127 1528546629.775974 0.000145 0.000191 0.000678 53.480864
-2.899877 1528546629.788224 0.000142 0.000189 0.000677 53.238545
-2.886892 1528546629.801209 0.000142 0.000189 0.000673 53.459437
-2.874697 1528546629.813404 0.000141 0.000189 0.000677 53.225238
-2.862367 1528546629.825734 0.000141 0.000187 0.000678 53.025001
-2.849765 1528546629.838336 0.000140 0.000188 0.000677 52.967066
-2.837633 1528546629.850468 0.000140 0.000186 0.000683 52.863327
-2.825284 1528546629.862817 0.000139 0.000186 0.000675 52.722962
-2.813112 1528546629.874989 0.000139 0.000186 0.000672 52.672193
-2.800647 1528546629.887454 0.000139 0.000184 0.000673 52.639059
-2.787020 1528546629.901081 0.000138 0.000183 0.000675 52.568274
-2.774531 1528546629.913570 0.000137 0.000183 0.000678 52.529314
-2.762147 1528546629.925954 0.000137 0.000181 0.000676 52.471676
-2.749734 1528546629.938367 0.000135 0.000181 0.000671 52.477999
-2.737490 1528546629.950611 0.000134 0.000180 0.000680 52.238127
-2.724989 1528546629.963111 0.000134 0.000180 0.000673 52.264751
-2.713082 1528546629.975019 0.000134 0.000179 0.000680 52.014050
-2.700203 1528546629.987898 0.000133 0.000179 0.000678 52.239102
-2.687616 1528546630.000484 0.000133 0.000178 0.000680 52.066805
-2.674925 1528546630.013176 0.000133 0.000179 0.000682 52.132377
-2.662487 1528546630.025614 0.000132 0.000178 0.000682 52.205335
-2.650625 1528546630.037476 0.000131 0.000177 0.000679 52.295101
-2.637794 1528546630.050307 0.000133 0.000179 0.000678 52.497645
-2.625361 1528546630.062739 0.000133 0.000178 0.000684 52.512439
-2.613188 1528546630.074913 0.000132 0.000178 0.000678 52.675376
-2.600628 1528546630.087473 0.000132 0.000178 0.000681 52.566630
-2.588087 1528546630.100014 0.000135 0.000179 0.000681 52.657823
-2.575206 1528546630.112895 0.000135 0.000180 0.000678 52.676709
-2.562561 1528546630.125540 0.000132 0.000177 0.000679 52.363990
-2.549775 1528546630.138326 0.000135 0.000180 0.000668 52.944298
-2.537023 1528546630.151078 0.000134 0.000179 0.000678 52.663026
-2.524685 1528546630.163415 0.000135 0.000179 0.000678 52.892526
-2.511884 1528546630.176217 0.000133 0.000180 0.000672 52.720521
-2.500646 1528546630.187455 0.000133 0.000180 0.000678 52.874414
-2.487978 1528546630.200123 0.000133 0.000177 0.000680 52.652484
-2.475775 1528546630.212326 0.000134 0.000180 0.000677 52.828440
-2.462972 1528546630.225129 0.000134 0.000181 0.000676 52.815519
-2.450612 1528546630.237489 0.000134 0.000179 0.000679 52.565107
-2.438047 1528546630.250054 0.000136 0.000180 0.000674 52.735041
-2.425653 1528546630.262447 0.000134 0.000179 0.000677 52.514055
-2.412978 1528546630.275123 0.000133 0.000179 0.000675 52.733465
-2.400447 1528546630.287653 0.000133 0.000178 0.000673 52.836863
-2.387530 1528546630.300571 0.000135 0.000179 0.000678 52.705492
-2.374652 1528546630.313449 0.000133 0.000179 0.000679 52.625282
-2.361804 1528546630.326297 0.000134 0.000180 0.000676 52.531922
-2.350191 1528546630.337910 0.000134 0.000179 0.000674 52.427856
-2.338447 1528546630.349654 0.000133 0.000179 0.000674 52.656474
-2.325473 1528546630.362628 0.000135 0.000181 0.000675 52.469620
-2.312948 1528546630.375153 0.000134 0.000178 0.000675 52.272964
-2.300903 1528546630.387198 0.000134 0.000179 0.000673 52.261850
-2.288548 1528546630.399553 0.000136 0.000181 0.000674 52.376878
-2.275835 1528546630.412266 0.000135 0.000181 0.000670 52.444269
-2.263270 1528546630.424831 0.000134 0.000178 0.000670 52.380032
-2.251017 1528546630.437084 0.000137 0.000182 0.000672 52.324588
-2.238350 1528546630.449750 0.000135 0.000181 0.000670 52.252618
-2.225772 1528546630.462328 0.000137 0.000181 0.000668 52.101778
-2.213603 1528546630.474498 0.000135 0.000181 0.000677 51.907541
-2.200881 1528546630.487219 0.000136 0.000181 0.000669 52.001294
-2.186946 1528546630.501155 0.000135 0.000180 0.000675 51.905210
-2.174439 1528546630.513662 0.000134 0.000182 0.000674 51.921739
-2.161782 1528546630.526319 0.000135 0.000181 0.000671 51.893365
-2.150246 1528546630.537855 0.000134 0.000181 0.000673 52.039440
-2.137269 1528546630.550832 0.000136 0.000181 0.000666 52.031616
-2.124622 1528546630.563479 0.000134 0.000181 0.000670 51.948136
-2.111808 1528546630.576293 0.000135 0.000180 0.000669 51.943347
-2.099692 1528546630.588408 0.000135 0.000179 0.000667 51.895432
-2.086581 1528546630.601519 0.000134 0.000180 0.000666 52.089405
-2.074361 1528546630.613739 0.000134 0.000179 0.000670 51.974605
-2.062501 1528546630.625599 0.000135 0.000179 0.000668 51.891367
-2.049504 1528546630.638597 0.000133 0.000178 0.000674 51.803574
-2.037314 1528546630.650787 0.000134 0.000179 0.000669 51.948846
-2.024681 1528546630.663420 0.000133 0.000180 0.000669 52.044634
-2.012899 1528546630.675202 0.000133 0.000179 0.000671 52.218092
-2.000684 1528546630.687417 0.000134 0.000179 0.000670 52.056584
-1.988052 1528546630.700049 0.000132 0.000178 0.000677 52.013046
-1.975405 1528546630.712696 0.000134 0.000178 0.000672 52.271066
-1.962871 1528546630.725230 0.000132 0.000177 0.000670 52.188083
-1.949335 1528546630.738765 0.000134 0.000178 0.000668 52.163170
-1.937039 1528546630.751061 0.000133 0.000177 0.000672 52.268514
-1.924916 1528546630.763185 0.000132 0.000177 0.000675 52.318246
-1.913110 1528546630.774991 0.000132 0.000178 0.000674 52.101604
-1.900475 1528546630.787626 0.000134 0.000178 0.000675 52.476486
-1.887710 1528546630.800390 0.000133 0.000178 0.000670 52.528941
-1.874640 1528546630.813461 0.000132 0.000177 0.000677 52.286150
-1.862017 1528546630.826084 0.000133 0.000178 0.000675 52.214006
-1.849534 1528546630.838567 0.000131 0.000177 0.000676 52.160814
-1.836705 1528546630.851396 0.000132 0.000178 0.000675 52.031678
-1.825430 1528546630.862671 0.000132 0.000178 0.000675 52.111550
-1.813033 1528546630.875068 0.000133 0.000177 0.000673 52.085922
-1.800384 1528546630.887717 0.000133 0.000178 0.000672 51.938038
-1.787608 1528546630.900493 0.000136 0.000177 0.000674 51.829682
-1.774798 1528546630.913303 0.000141 0.000177 0.000664 51.051861
-1.762116 1528546630.925984 0.000137 0.000177 0.000668 50.935106
-1.749972 1528546630.938129 0.000137 0.000177 0.000677 50.555625
-1.737339 1528546630.950762 0.000137 0.000177 0.000680 50.138663
-1.724778 1528546630.963322 0.000136 0.000175 0.000682 50.267927
-1.712658 1528546630.975443 0.000135 0.000174 0.000683 50.227099
-1.700043 1528546630.988058 0.000135 0.000175 0.000683 50.333399
-1.687474 1528546631.000627 0.000135 0.000173 0.000683 50.360398
-1.674889 1528546631.013212 0.000134 0.000174 0.000685 50.360951
-1.662307 1528546631.025794 0.000134 0.000173 0.000684 50.155912
-1.649854 1528546631.038247 0.000134 0.000173 0.000689 50.177523
-1.637340 1528546631.050761 0.000134 0.000173 0.000683 50.372021
-1.624953 1528546631.063148 0.000134 0.000172 0.000686 50.188362
-1.612655 1528546631.075445 0.000133 0.000173 0.000682 50.341126
-1.600440 1528546631.087661 0.000132 0.000172 0.000682 50.247346
-1.587652 1528546631.100448 0.000132 0.000172 0.000685 50.179953
-1.575486 1528546631.112615 0.000133 0.000171 0.000685 50.204576
-1.562377 1528546631.125724 0.000132 0.000172 0.000682 50.182907
-1.550219 1528546631.137882 0.000133 0.000172 0.000682 50.081635
-1.537452 1528546631.150649 0.000132 0.000171 0.000689 50.089198
-1.525031 1528546631.163070 0.000132 0.000171 0.000686 49.949118
-1.512640 1528546631.175461 0.000132 0.000171 0.000687 50.282195
-1.499952 1528546631.188149 0.000132 0.000170 0.000685 50.002821
-1.487542 1528546631.200559 0.000132 0.000171 0.000685 50.118958
-1.475239 1528546631.212862 0.000131 0.000171 0.000683 50.081384
-1.462350 1528546631.225750 0.000131 0.000171 0.000689 49.863641
-1.449754 1528546631.238347 0.000132 0.000170 0.000684 49.789757
-1.437441 1528546631.250660 0.000130 0.000170 0.000689 49.889328
-1.425067 1528546631.263034 0.000131 0.000170 0.000681 49.771332
-1.412629 1528546631.275472 0.000131 0.000170 0.000687 49.642865
-1.399900 1528546631.288200 0.000130 0.000169 0.000691 49.707029
-1.387706 1528546631.300395 0.000131 0.000169 0.000685 49.636379
-1.374608 1528546631.313493 0.000130 0.000169 0.000688 49.699729
-1.361585 1528546631.326516 0.000130 0.000169 0.000690 49.560367
-1.349898 1528546631.338202 0.000130 0.000169 0.000683 49.639063
-1.337876 1528546631.350225 0.000130 0.000170 0.000687 49.661028
-1.324519 1528546631.363582 0.000131 0.000169 0.000687 49.735005
-1.311501 1528546631.376600 0.000131 0.000170 0.000690 49.778100
-1.299727 1528546631.388374 0.000131 0.000170 0.000682 49.826914
-1.287753 1528546631.400348 0.000131 0.000169 0.000687 49.642040
-1.275343 1528546631.412758 0.000130 0.000169 0.000686 49.558825
-1.261952 1528546631.426148 0.000132 0.000169 0.000681 49.750056
-1.250531 1528546631.437570 0.000131 0.000170 0.000694 49.571141
-1.237688 1528546631.450413 0.000131 0.000168 0.000698 49.119524
-1.225341 1528546631.462760 0.000132 0.000167 0.000703 48.506223
-1.212993 1528546631.475107 0.000133 0.000166 0.000701 48.348089
-1.199700 1528546631.488401 0.000132 0.000165 0.000705 48.152394
-1.187024 1528546631.501077 0.000132 0.000166 0.000700 48.248657
-1.174186 1528546631.513915 0.000132 0.000165 0.000704 48.425377
-1.161491 1528546631.526610 0.000132 0.000164 0.000703 48.345235
-1.149083 1528546631.539017 0.000132 0.000166 0.000696 48.639709
-1.137514 1528546631.550587 0.000131 0.000165 0.000700 48.463079
-1.124732 1528546631.563369 0.000131 0.000165 0.000695 48.559726
-1.112518 1528546631.575583 0.000130 0.000164 0.000701 48.508378
-1.099883 1528546631.588218 0.000130 0.000165 0.000697 48.799842
-1.087584 1528546631.600517 0.000130 0.000164 0.000697 48.729456
-1.075175 1528546631.612926 0.000129 0.000165 0.000698 48.718430
-1.062281 1528546631.625820 0.000130 0.000164 0.000699 48.782237
-1.049998 1528546631.638103 0.000129 0.000164 0.000702 48.640306
-1.036402 1528546631.651699 0.000129 0.000163 0.000699 48.808245
-1.025282 1528546631.662819 0.000128 0.000163 0.000699 48.790273
-1.012685 1528546631.675416 0.000128 0.000163 0.000697 48.842276
-1.000214 1528546631.687887 0.000128 0.000162 0.000702 48.756909
-0.987693 1528546631.700408 0.000130 0.000162 0.000689 48.955229
-0.974919 1528546631.713182 0.000128 0.000159 0.000690 48.861897
-0.962508 1528546631.725593 0.000125 0.000158 0.000691 48.987854
-0.950051 1528546631.738050 0.000124 0.000159 0.000695 48.784702
-0.937612 1528546631.750489 0.000124 0.000159 0.000701 48.866164
-0.925112 1528546631.762989 0.000124 0.000159 0.000698 48.906592
-0.912777 1528546631.775324 0.000124 0.000159 0.000705 49.145740
-0.900090 1528546631.788010 0.000125 0.000159 0.000701 49.047905
-0.887657 1528546631.800444 0.000124 0.000160 0.000705 49.162845
-0.873708 1528546631.814393 0.000124 0.000160 0.000703 49.255155
-0.861592 1528546631.826509 0.000123 0.000158 0.000703 49.295788
-0.849912 1528546631.838188 0.000122 0.000158 0.000705 49.159472
-0.837647 1528546631.850454 0.000122 0.000157 0.000705 49.074767
-0.825363 1528546631.862738 0.000122 0.000157 0.000707 49.180368
-0.812888 1528546631.875213 0.000122 0.000157 0.000706 49.081014
-0.799358 1528546631.888743 0.000121 0.000157 0.000703 49.172805
-0.787058 1528546631.901043 0.000121 0.000157 0.000707 49.177822
-0.774188 1528546631.913913 0.000120 0.000156 0.000710 49.192619
-0.762240 1528546631.925861 0.000120 0.000156 0.000706 49.292398
-0.749902 1528546631.938199 0.000120 0.000157 0.000712 49.134787
-0.737439 1528546631.950662 0.000120 0.000157 0.000708 49.191830
-0.725137 1528546631.962964 0.000120 0.000156 0.000711 49.234303
-0.712649 1528546631.975452 0.000119 0.000156 0.000711 49.252788
-0.700113 1528546631.987988 0.000119 0.000156 0.000703 49.285696
-0.687639 1528546632.000462 0.000116 0.000157 0.000687 49.465556
-0.674003 1528546632.014098 0.000112 0.000157 0.000681 49.735048
-0.661691 1528546632.026410 0.000112 0.000155 0.000675 49.938237
-0.649311 1528546632.038790 0.000112 0.000155 0.000674 51.025914
-0.637103 1528546632.050998 0.000111 0.000153 0.000676 51.085956
-0.625120 1528546632.062980 0.000113 0.000151 0.000683 50.729302
-0.612784 1528546632.075316 0.000115 0.000152 0.000676 50.531707
-0.600463 1528546632.087637 0.000116 0.000151 0.000678 50.081415
-0.587888 1528546632.100213 0.000116 0.000151 0.000679 49.957160
-0.575514 1528546632.112586 0.000117 0.000152 0.000678 49.925438
-0.562432 1528546632.125669 0.000118 0.000150 0.000693 49.852558
-0.550200 1528546632.137901 0.000119 0.000151 0.000683 50.044498
-0.537928 1528546632.150173 0.000119 0.000151 0.000681 50.197652
-0.525206 1528546632.162895 0.000119 0.000150 0.000679 50.338884
-0.511588 1528546632.176513 0.000119 0.000152 0.000681 50.213516
-0.499448 1528546632.188653 0.000118 0.000151 0.000680 50.589116
-0.486569 1528546632.201532 0.000119 0.000151 0.000684 50.222447
-0.473947 1528546632.214154 0.000119 0.000151 0.000686 50.671830
-0.461629 1528546632.226471 0.000119 0.000152 0.000680 50.760931
-0.449193 1528546632.238907 0.000119 0.000153 0.000680 50.684619
-0.436586 1528546632.251515 0.000119 0.000152 0.000678 50.835628
-0.425591 1528546632.262510 0.000119 0.000152 0.000679 50.886166
-0.412692 1528546632.275409 0.000119 0.000153 0.000685 50.905509
-0.400486 1528546632.287615 0.000119 0.000153 0.000684 50.853080
-0.388021 1528546632.300080 0.000119 0.000153 0.000680 51.047015
-0.375556 1528546632.312545 0.000119 0.000153 0.000684 51.128272
-0.361941 1528546632.326160 0.000119 0.000153 0.000681 50.998358
-0.349362 1528546632.338739 0.000118 0.000153 0.000678 51.158307
-0.336723 1528546632.351378 0.000119 0.000153 0.000684 51.163579
-0.325186 1528546632.362915 0.000119 0.000152 0.000686 50.955644
-0.312814 1528546632.375287 0.000119 0.000152 0.000677 51.053726
-0.300531 1528546632.387570 0.000122 0.000151 0.000686 50.585512
-0.287993 1528546632.400107 0.000121 0.000149 0.000692 49.980849
-0.275503 1528546632.412598 0.000119 0.000148 0.000700 49.608323
-0.262803 1528546632.425298 0.000117 0.000147 0.000716 49.076993
-0.249627 1528546632.438474 0.000117 0.000148 0.000711 49.257551
-0.236521 1528546632.451579 0.000117 0.000148 0.000710 49.372817
-0.224991 1528546632.463110 0.000117 0.000147 0.000710 49.531401
-0.212901 1528546632.475199 0.000117 0.000148 0.000709 49.598475
-0.200649 1528546632.487452 0.000117 0.000148 0.000709 49.550000
-0.187993 1528546632.500108 0.000117 0.000148 0.000711 49.689071
-0.174330 1528546632.513770 0.000117 0.000149 0.000706 49.667363
-0.161698 1528546632.526403 0.000117 0.000149 0.000705 49.782652
-0.148944 1528546632.539156 0.000117 0.000148 0.000709 49.938427
-0.137177 1528546632.550924 0.000117 0.000148 0.000705 49.895433
-0.123219 1528546632.564882 0.000116 0.000148 0.000717 49.759195
-0.111610 1528546632.576491 0.000116 0.000147 0.000708 49.893084
-0.099364 1528546632.588737 0.000117 0.000148 0.000703 50.065310
-0.086615 1528546632.601486 0.000116 0.000148 0.000708 49.835776
-0.074989 1528546632.613112 0.000117 0.000148 0.000708 49.899012
-0.062742 1528546632.625359 0.000117 0.000148 0.000707 49.979491
-0.050174 1528546632.637927 0.000117 0.000148 0.000706 49.990366
-0.037493 1528546632.650608 0.000117 0.000148 0.000707 50.008673
-0.024981 1528546632.663120 0.000117 0.000148 0.000707 50.066163
-0.011777 1528546632.676324 0.000117 0.000148 0.000704 50.115482
0.000557 1528546632.688658 0.000117 0.000147 0.000703 50.252696
0.013511 1528546632.701612 0.000117 0.000149 0.000702 50.193835
0.024822 1528546632.712923 0.000117 0.000149 0.000698 50.328992
0.037742 1528546632.725842 0.000118 0.000149 0.000703 50.265946
0.050427 1528546632.738528 0.000118 0.000149 0.000703 50.455625
0.062688 1528546632.750789 0.000118 0.000149 0.000704 50.345077
0.074852 1528546632.762953 0.000118 0.000149 0.000702 50.321551
0.087809 1528546632.775909 0.000118 0.000149 0.000707 50.375578
0.100369 1528546632.788470 0.000118 0.000150 0.000706 50.393990
0.112183 1528546632.800283 0.000118 0.000150 0.000703 50.398176
0.125034 1528546632.813135 0.000119 0.000150 0.000703 50.377344
0.137324 1528546632.825424 0.000119 0.000150 0.000704 50.326370
0.149939 1528546632.838040 0.000119 0.000150 0.000697 50.492576
0.162590 1528546632.850691 0.000119 0.000150 0.000704 50.482842
0.174999 1528546632.863099 0.000119 0.000150 0.000705 50.239464
0.188545 1528546632.876645 0.000120 0.000151 0.000700 50.398334
0.200902 1528546632.889002 0.000121 0.000151 0.000700 50.443515
0.213616 1528546632.901717 0.000120 0.000151 0.000694 50.573516
0.225960 1528546632.914061 0.000122 0.000150 0.000698 50.510251
0.238143 1528546632.926244 0.000121 0.000151 0.000702 50.605998
0.249867 1528546632.937968 0.000121 0.000151 0.000701 50.495650
0.262190 1528546632.950291 0.000122 0.000152 0.000702 50.456782
0.274789 1528546632.962890 0.000122 0.000153 0.000698 50.714800
0.287440 1528546632.975541 0.000122 0.000152 0.000702 50.565358
0.299962 1528546632.988063 0.000122 0.000153 0.000697 50.658674
0.312437 1528546633.000538 0.000123 0.000154 0.000697 50.519228
0.324828 1528546633.012929 0.000122 0.000154 0.000699 50.580097
0.338563 1528546633.026664 0.000123 0.000154 0.000690 50.288453
0.350658 1528546633.038759 0.000123 0.000153 0.000693 50.236981
0.363385 1528546633.051486 0.000122 0.000155 0.000691 50.438444
0.376004 1528546633.064104 0.000119 0.000158 0.000686 51.284833
0.388126 1528546633.076227 0.000117 0.000167 0.000685 52.629405
0.400438 1528546633.088538 0.000115 0.000175 0.000666 53.945942
0.413021 1528546633.101122 0.000116 0.000181 0.000644 55.635788
0.424844 1528546633.112945 0.000117 0.000189 0.000637 56.828252
0.437703 1528546633.125803 0.000114 0.000191 0.000661 57.862934
0.451193 1528546633.139294 0.000111 0.000192 0.000683 58.200091
0.462239 1528546633.150340 0.000108 0.000188 0.000711 58.554876
0.474749 1528546633.162850 0.000106 0.000189 0.000721 59.136003
0.487805 1528546633.175905 0.000105 0.000189 0.000716 59.932606
0.499810 1528546633.187911 0.000106 0.000187 0.000727 60.572733
0.513259 1528546633.201360 0.000107 0.000187 0.000737 60.937394
0.525783 1528546633.213884 0.000107 0.000184 0.000755 61.434532
0.538020 1528546633.226120 0.000108 0.000184 0.000754 61.897818
0.550637 1528546633.238738 0.000108 0.000182 0.000769 62.747183
0.563812 1528546633.251913 0.000108 0.000187 0.000788 64.159342
0.575006 1528546633.263107 0.000109 0.000186 0.000824 65.361001
0.587476 1528546633.275577 0.000109 0.000188 0.000839 66.289372
0.599710 1528546633.287811 0.000110 0.000191 0.000821 66.966410
0.612158 1528546633.300259 0.000112 0.000195 0.000813 67.888626
0.625864 1528546633.313964 0.000113 0.000199 0.000792 69.108667
0.638517 1528546633.326617 0.000116 0.000204 0.000776 69.934850
0.650632 1528546633.338733 0.000119 0.000216 0.000757 70.420300
0.663173 1528546633.351274 0.000121 0.000225 0.000746 71.285726
0.675809 1528546633.363909 0.000127 0.000235 0.000720 72.241561
0.687690 1528546633.375791 0.000132 0.000247 0.000696 73.366551
0.699903 1528546633.388004 0.000135 0.000259 0.000677 75.118329
0.712286 1528546633.400387 0.000136 0.000269 0.000652 76.972150
0.724889 1528546633.412990 0.000136 0.000272 0.000632 79.239082
0.737369 1528546633.425470 0.000132 0.000282 0.000626 82.709596
0.750143 1528546633.438244 0.000129 0.000290 0.000593 85.425047
0.762641 1528546633.450742 0.000130 0.000291 0.000573 88.463543
0.775215 1528546633.463316 0.000130 0.000292 0.000578 90.419782
0.787616 1528546633.475717 0.000135 0.000290 0.000579 92.163099
0.800310 1528546633.488410 0.000136 0.000286 0.000579 93.351724
0.813023 1528546633.501124 0.000139 0.000284 0.000579 94.204620
0.825492 1528546633.513593 0.000140 0.000283 0.000587 94.913571
0.838120 1528546633.526221 0.000142 0.000283 0.000586 95.763065
0.850139 1528546633.538240 0.000142 0.000280 0.000574 95.724158
0.862306 1528546633.550407 0.000142 0.000281 0.000582 96.146374
0.874520 1528546633.562621 0.000145 0.000277 0.000574 96.435902
0.887088 1528546633.575188 0.000145 0.000278 0.000573 96.872262
0.899507 1528546633.587607 0.000149 0.000272 0.000574 97.701639
0.912112 1528546633.600213 0.000153 0.000270 0.000564 98.188063
0.924610 1528546633.612711 0.000153 0.000270 0.000565 98.516536
0.937211 1528546633.625311 0.000156 0.000270 0.000566 99.242212
0.949676 1528546633.637777 0.000157 0.000268 0.000564 99.800593
0.962417 1528546633.650518 0.000160 0.000267 0.000566 100.277785
0.974856 1528546633.662957 0.000162 0.000267 0.000566 100.610931
0.988488 1528546633.676589 0.000164 0.000267 0.000560 100.835399
1.001082 1528546633.689183 0.000167 0.000265 0.000562 101.234716
1.013212 1528546633.701313 0.000169 0.000263 0.000559 101.442087
1.025003 1528546633.713104 0.000172 0.000263 0.000559 102.036732
1.037385 1528546633.725486 0.000173 0.000260 0.000566 102.393531
1.049734 1528546633.737834 0.000175 0.000259 0.000559 102.476084
1.062147 1528546633.750247 0.000176 0.000256 0.000554 102.680167
1.075278 1528546633.763379 0.000175 0.000250 0.000562 103.735220
1.087694 1528546633.775795 0.000177 0.000246 0.000553 104.415800
1.100255 1528546633.788356 0.000180 0.000242 0.000559 104.834242
1.113018 1528546633.801119 0.000186 0.000239 0.000556 104.849146
1.125374 1528546633.813475 0.000188 0.000240 0.000554 104.147581
1.138059 1528546633.826159 0.000189 0.000235 0.000558 104.154525
1.149993 1528546633.838094 0.000190 0.000236 0.000559 104.551561
1.163062 1528546633.851163 0.000189 0.000233 0.000562 104.596143
1.175340 1528546633.863441 0.000189 0.000234 0.000566 105.200200
1.188211 1528546633.876312 0.000189 0.000233 0.000560 105.460608
1.200158 1528546633.888259 0.000190 0.000234 0.000562 105.430757
1.212824 1528546633.900925 0.000191 0.000235 0.000557 105.581824
1.225394 1528546633.913495 0.000192 0.000237 0.000555 106.263056
1.239053 1528546633.927154 0.000190 0.000238 0.000552 106.386773
1.254858 1528546633.942959 0.000193 0.000239 0.000553 106.586970
1.263503 1528546633.951604 0.000190 0.000242 0.000549 105.490566
1.275217 1528546633.963318 0.000190 0.000243 0.000546 105.353939
1.287472 1528546633.975573 0.000189 0.000246 0.000555 104.586468
1.300229 1528546633.988330 0.000188 0.000248 0.000554 103.963953
1.312585 1528546634.000685 0.000188 0.000252 0.000557 103.502701
1.324999 1528546634.013100 0.000183 0.000255 0.000561 102.246514
1.337724 1528546634.025825 0.000182 0.000258 0.000564 101.625564
1.350299 1528546634.038400 0.000181 0.000261 0.000559 100.897531
1.362621 1528546634.050722 0.000182 0.000264 0.000564 100.564008
1.374763 1528546634.062863 0.000182 0.000266 0.000563 100.150136
1.387472 1528546634.075573 0.000181 0.000270 0.000564 98.849758
1.400224 1528546634.088325 0.000182 0.000276 0.000576 97.529228
1.412857 1528546634.100957 0.000182 0.000282 0.000586 96.002719
1.425521 1528546634.113622 0.000188 0.000283 0.000591 93.624900
1.438178 1528546634.126279 0.000188 0.000290 0.000600 92.512408
1.450352 1528546634.138453 0.000192 0.000285 0.000587 90.888677
1.463188 1528546634.151289 0.000192 0.000287 0.000588 89.349789
1.475271 1528546634.163371 0.000194 0.000283 0.000584 88.560562
1.488008 1528546634.176109 0.000196 0.000283 0.000592 88.256324
1.501088 1528546634.189189 0.000194 0.000280 0.000590 88.034998
1.513280 1528546634.201381 0.000193 0.000277 0.000590 88.146679
1.525883 1528546634.213984 0.000192 0.000276 0.000583 87.859232
1.538300 1528546634.226400 0.000192 0.000276 0.000580 87.602396
1.549953 1528546634.238054 0.000189 0.000277 0.000585 88.039175
1.562712 1528546634.250813 0.000189 0.000280 0.000584 88.192420
1.575335 1528546634.263436 0.000188 0.000278 0.000575 87.611476
1.587997 1528546634.276098 0.000186 0.000277 0.000569 87.561086
1.600474 1528546634.288575 0.000185 0.000276 0.000563 87.825013
1.613019 1528546634.301120 0.000184 0.000277 0.000567 87.757079
1.625354 1528546634.313454 0.000188 0.000276 0.000560 87.463476
1.637922 1528546634.326023 0.000186 0.000278 0.000558 88.023177
1.650283 1528546634.338384 0.000183 0.000277 0.000562 87.889258
1.662903 1528546634.351004 0.000185 0.000280 0.000568 88.153224
1.675313 1528546634.363414 0.000184 0.000278 0.000557 87.870154
1.687791 1528546634.375892 0.000185 0.000277 0.000551 87.894749
1.700324 1528546634.388425 0.000187 0.000279 0.000550 88.379222
1.713076 1528546634.401177 0.000187 0.000279 0.000557 88.610815
1.725223 1528546634.413324 0.000186 0.000279 0.000550 88.482218
1.738070 1528546634.426171 0.000186 0.000276 0.000551 88.637511
1.750292 1528546634.438393 0.000188 0.000278 0.000546 88.613520
1.763189 1528546634.451290 0.000187 0.000272 0.000546 88.932341
1.775580 1528546634.463681 0.000186 0.000274 0.000546 88.620621
1.788003 1528546634.476104 0.000186 0.000275 0.000557 88.495039
1.800587 1528546634.488688 0.000187 0.000275 0.000554 88.233072
1.812991 1528546634.501092 0.000186 0.000273 0.000559 87.901351
1.825452 1528546634.513552 0.000186 0.000273 0.000563 88.358035
1.838649 1528546634.526750 0.000185 0.000275 0.000554 87.588451
1.851140 1528546634.539241 0.000185 0.000274 0.000557 88.036086
1.863487 1528546634.551587 0.000183 0.000273 0.000560 87.771972
1.875146 1528546634.563247 0.000181 0.000273 0.000562 87.680738
1.888565 1528546634.576666 0.000180 0.000272 0.000556 87.312459
1.900434 1528546634.588535 0.000183 0.000272 0.000563 86.712532
1.913127 1528546634.601228 0.000179 0.000271 0.000565 86.823369
1.925730 1528546634.613830 0.000177 0.000270 0.000568 86.261162
1.937889 1528546634.625990 0.000179 0.000269 0.000574 86.092814
1.950382 1528546634.638483 0.000179 0.000265 0.000568 85.442093
1.963516 1528546634.651617 0.000177 0.000267 0.000568 84.970813
1.976413 1528546634.664513 0.000177 0.000267 0.000576 84.889121
1.988535 1528546634.676636 0.000180 0.000265 0.000574 84.267780
2.000281 1528546634.688382 0.000179 0.000268 0.000574 84.015779
2.012322 1528546634.700423 0.000180 0.000266 0.000574 83.685762
2.024850 1528546634.712951 0.000177 0.000266 0.000575 83.569763
2.037185 1528546634.725286 0.000178 0.000264 0.000576 83.501906
2.050657 1528546634.738758 0.000176 0.000264 0.000575 83.188805
2.063340 1528546634.751441 0.000175 0.000262 0.000574 82.878487
2.075625 1528546634.763726 0.000173 0.000263 0.000580 82.703783
2.088090 1528546634.776191 0.000173 0.000263 0.000583 82.615763
2.099826 1528546634.787927 0.000170 0.000263 0.000587 82.344780
2.112202 1528546634.800303 0.000169 0.000262 0.000587 81.940466
2.124794 1528546634.812895 0.000170 0.000255 0.000587 81.442008
2.137321 1528546634.825421 0.000167 0.000253 0.000596 81.160068
2.149718 1528546634.837819 0.000168 0.000251 0.000592 80.687432
2.162202 1528546634.850303 0.000166 0.000250 0.000598 80.430470
2.174745 1528546634.862846 0.000164 0.000250 0.000603 80.196565
2.187596 1528546634.875697 0.000162 0.000248 0.000605 79.805314
2.199995 1528546634.888095 0.000161 0.000244 0.000609 79.477456
2.212411 1528546634.900512 0.000159 0.000243 0.000612 79.265596
2.225186 1528546634.913287 0.000159 0.000242 0.000608 79.081490
2.237768 1528546634.925869 0.000157 0.000241 0.000612 78.859934
2.250542 1528546634.938643 0.000155 0.000240 0.000619 78.720404
2.263451 1528546634.951552 0.000155 0.000245 0.000622 78.844985
2.275345 1528546634.963445 0.000154 0.000237 0.000620 78.261259
2.288323 1528546634.976424 0.000153 0.000233 0.000627 77.385028
2.300517 1528546634.988617 0.000153 0.000238 0.000628 76.982552
2.313126 1528546635.001227 0.000157 0.000237 0.000626 76.615239
2.325243 1528546635.013344 0.000161 0.000233 0.000629 76.469938
2.337798 1528546635.025899 0.000161 0.000231 0.000628 76.276603
2.350811 1528546635.038912 0.000160 0.000226 0.000628 75.972018
2.363430 1528546635.051531 0.000158 0.000223 0.000636 76.221793
2.375521 1528546635.063622 0.000155 0.000218 0.000639 76.262582
2.387979 1528546635.076080 0.000155 0.000220 0.000644 76.552622
2.400152 1528546635.088253 0.000152 0.000217 0.000642 76.494507
2.412972 1528546635.101073 0.000151 0.000215 0.000650 76.485378
2.425543 1528546635.113644 0.000151 0.000216 0.000646 76.475029
2.437791 1528546635.125891 0.000149 0.000216 0.000639 76.380103
2.450356 1528546635.138456 0.000147 0.000214 0.000644 76.143870
2.463218 1528546635.151319 0.000147 0.000215 0.000645 75.991176
2.475879 1528546635.163980 0.000145 0.000214 0.000647 75.758084
2.488343 1528546635.176444 0.000145 0.000211 0.000638 75.072826
2.501155 1528546635.189256 0.000143 0.000205 0.000643 75.003235
2.514021 1528546635.202122 0.000142 0.000202 0.000646 74.556216
2.526247 1528546635.214348 0.000141 0.000201 0.000644 74.121090
2.537927 1528546635.226027 0.000141 0.000201 0.000645 73.804207
2.550105 1528546635.238206 0.000138 0.000200 0.000651 73.435060
2.562315 1528546635.250416 0.000137 0.000199 0.000649 73.010459
2.575043 1528546635.263144 0.000136 0.000196 0.000645 72.452598
2.588467 1528546635.276568 0.000135 0.000195 0.000667 72.445930
2.601288 1528546635.289388 0.000135 0.000194 0.000662 72.023509
2.613805 1528546635.301906 0.000135 0.000194 0.000670 71.793337
2.625598 1528546635.313699 0.000134 0.000192 0.000667 71.631012
2.637671 1528546635.325772 0.000134 0.000191 0.000674 71.622342
2.650101 1528546635.338202 0.000134 0.000192 0.000676 71.480488
2.662723 1528546635.350823 0.000132 0.000190 0.000682 71.347266
2.675479 1528546635.363580 0.000132 0.000191 0.000675 71.239956
2.688396 1528546635.376497 0.000132 0.000189 0.000683 71.219269
2.701260 1528546635.389361 0.000132 0.000187 0.000679 70.998909
2.713706 1528546635.401807 0.000131 0.000189 0.000682 71.175250
2.726412 1528546635.414512 0.000132 0.000188 0.000680 71.010201
2.737995 1528546635.426096 0.000131 0.000190 0.000688 71.258771
2.750681 1528546635.438782 0.000132 0.000189 0.000685 71.106720
2.763155 1528546635.451255 0.000132 0.000189 0.000685 71.094818
2.775694 1528546635.463795 0.000131 0.000188 0.000687 71.009344
2.788255 1528546635.476356 0.000133 0.000190 0.000683 71.016499
2.800767 1528546635.488868 0.000132 0.000188 0.000689 70.904079
2.814004 1528546635.502105 0.000132 0.000188 0.000684 70.699785
2.826530 1528546635.514630 0.000131 0.000187 0.000692 70.627514
2.839552 1528546635.527653 0.000132 0.000187 0.000694 70.582551
2.850675 1528546635.538776 0.000131 0.000188 0.000696 70.397231
2.862965 1528546635.551066 0.000133 0.000187 0.000694 70.449102
2.875614 1528546635.563715 0.000132 0.000186 0.000696 70.333355
2.888031 1528546635.576132 0.000132 0.000186 0.000698 70.097953
2.900429 1528546635.588529 0.000132 0.000185 0.000703 70.016329
2.913226 1528546635.601327 0.000132 0.000188 0.000699 69.959209
2.926192 1528546635.614293 0.000132 0.000187 0.000700 69.824518
2.938438 1528546635.626539 0.000133 0.000187 0.000698 69.817787
2.950934 1528546635.639035 0.000131 0.000185 0.000705 69.893290
2.963623 1528546635.651724 0.000132 0.000187 0.000710 69.921150
2.975407 1528546635.663507 0.000131 0.000186 0.000710 69.953393
2.987509 1528546635.675609 0.000131 0.000185 0.000711 69.731996
3.000283 1528546635.688384 0.000132 0.000186 0.000716 69.746056
3.012550 1528546635.700651 0.000133 0.000185 0.000716 69.636613
3.025720 1528546635.713821 0.000132 0.000189 0.000718 69.540418
3.037848 1528546635.725949 0.000133 0.000185 0.000719 69.567438
3.050189 1528546635.738289 0.000133 0.000184 0.000722 69.452980
3.062822 1528546635.750923 0.000133 0.000186 0.000724 69.470797
3.075374 1528546635.763475 0.000133 0.000184 0.000718 69.250252
3.088558 1528546635.776659 0.000134 0.000183 0.000721 69.326727
3.101267 1528546635.789368 0.000133 0.000185 0.000723 69.220453
3.114018 1528546635.802119 0.000133 0.000184 0.000727 69.086047
3.125681 1528546635.813782 0.000132 0.000186 0.000727 69.134736
3.137595 1528546635.825696 0.000133 0.000184 0.000727 69.129555
3.150302 1528546635.838403 0.000133 0.000184 0.000727 69.136547
3.162714 1528546635.850815 0.000131 0.000184 0.000727 69.156544
3.175451 1528546635.863552 0.000133 0.000184 0.000727 69.073432
3.187717 1528546635.875818 0.000133 0.000189 0.000730 69.040885
3.200207 1528546635.888308 0.000133 0.000184 0.000727 68.916890
3.212588 1528546635.900689 0.000133 0.000182 0.000726 68.808382
3.225096 1528546635.913196 0.000132 0.000182 0.000739 68.773437
3.237841 1528546635.925942 0.000133 0.000182 0.000736 68.457309
3.250146 1528546635.938247 0.000137 0.000182 0.000736 68.183574
3.262734 1528546635.950835 0.000136 0.000181 0.000745 67.779872
3.275580 1528546635.963681 0.000140 0.000185 0.000730 67.421997
3.287883 1528546635.975984 0.000141 0.000178 0.000742 67.217682
3.301675 1528546635.989776 0.000144 0.000178 0.000735 67.029647
3.313152 1528546636.001253 0.000144 0.000177 0.000730 67.010557
3.325239 1528546636.013340 0.000145 0.000181 0.000742 66.880178
3.337927 1528546636.026028 0.000144 0.000175 0.000730 66.429925
3.349999 1528546636.038100 0.000143 0.000175 0.000734 66.769718
3.362640 1528546636.050740 0.000143 0.000175 0.000730 66.814189
3.374945 1528546636.063046 0.000143 0.000174 0.000734 66.593112
3.387380 1528546636.075481 0.000143 0.000175 0.000725 66.881274
3.400076 1528546636.088177 0.000142 0.000174 0.000721 67.100470
3.412365 1528546636.100466 0.000142 0.000174 0.000716 66.794950
3.424975 1528546636.113076 0.000141 0.000174 0.000730 66.728527
3.437452 1528546636.125553 0.000140 0.000172 0.000733 66.617078
3.449853 1528546636.137954 0.000139 0.000172 0.000749 66.477843
3.462381 1528546636.150482 0.000138 0.000171 0.000748 66.197697
3.475010 1528546636.163110 0.000139 0.000171 0.000749 65.863880
3.487622 1528546636.175723 0.000138 0.000171 0.000756 65.885439
3.500189 1528546636.188290 0.000137 0.000170 0.000759 65.648296
3.512282 1528546636.200383 0.000137 0.000170 0.000762 65.648018
3.525015 1528546636.213115 0.000137 0.000170 0.000766 65.715469
3.537596 1528546636.225697 0.000136 0.000170 0.000774 65.631509
3.550018 1528546636.238119 0.000136 0.000170 0.000768 65.572083
3.562673 1528546636.250774 0.000137 0.000170 0.000769 65.476735
3.575046 1528546636.263147 0.000137 0.000170 0.000764 65.518485
3.587629 1528546636.275729 0.000138 0.000170 0.000766 65.616350
3.599966 1528546636.288067 0.000139 0.000170 0.000763 65.377649
3.612612 1528546636.300713 0.000142 0.000174 0.000762 65.437672
3.624966 1528546636.313066 0.000146 0.000171 0.000762 64.984929
3.637340 1528546636.325441 0.000149 0.000169 0.000766 64.204677
3.649878 1528546636.337979 0.000149 0.000168 0.000783 63.871926
3.662393 1528546636.350494 0.000148 0.000169 0.000787 63.771725
3.675227 1528546636.363328 0.000147 0.000166 0.000785 63.563115
3.687524 1528546636.375624 0.000147 0.000168 0.000789 63.672731
3.701051 1528546636.389152 0.000146 0.000165 0.000794 63.545598
3.713836 1528546636.401937 0.000147 0.000167 0.000800 63.558914
3.726022 1528546636.414123 0.000148 0.000164 0.000792 63.542808
3.738613 1528546636.426714 0.000147 0.000167 0.000791 63.620388
3.750600 1528546636.438701 0.000147 0.000166 0.000787 63.615491
3.762518 1528546636.450619 0.000148 0.000166 0.000789 63.628804
3.775169 1528546636.463270 0.000147 0.000166 0.000787 63.715025
3.788086 1528546636.476187 0.000146 0.000161 0.000790 63.588796
3.800105 1528546636.488206 0.000146 0.000161 0.000786 63.490541
3.813087 1528546636.501188 0.000145 0.000161 0.000788 63.481619
3.825119 1528546636.513220 0.000146 0.000161 0.000790 63.521565
3.837999 1528546636.526100 0.000146 0.000168 0.000782 63.501133
3.850240 1528546636.538341 0.000146 0.000160 0.000796 63.582189
3.862845 1528546636.550946 0.000146 0.000166 0.000786 63.481328
3.875175 1528546636.563276 0.000146 0.000164 0.000788 63.469874
3.889190 1528546636.577291 0.000145 0.000160 0.000793 63.420667
3.901748 1528546636.589849 0.000145 0.000160 0.000788 63.370813
3.914283 1528546636.602383 0.000145 0.000160 0.000789 63.476254
3.926531 1528546636.614631 0.000144 0.000160 0.000788 63.499795
3.938129 1528546636.626230 0.000144 0.000161 0.000790 63.415976
3.950117 1528546636.638218 0.000145 0.000160 0.000786 63.425165
3.962415 1528546636.650516 0.000145 0.000160 0.000784 63.412874
3.976450 1528546636.664551 0.000145 0.000160 0.000787 63.398239
3.988533 1528546636.676634 0.000146 0.000161 0.000783 63.388185
4.001481 1528546636.689582 0.000146 0.000160 0.000783 63.446438
4.013797 1528546636.701898 0.000145 0.000160 0.000781 63.398227
4.025431 1528546636.713531 0.000146 0.000166 0.000779 63.706856
4.038213 1528546636.726314 0.000145 0.000161 0.000787 63.517856
4.051153 1528546636.739254 0.000145 0.000161 0.000788 63.541883
4.063449 1528546636.751550 0.000147 0.000166 0.000777 63.478583
4.076561 1528546636.764662 0.000146 0.000166 0.000779 63.547009
4.088713 1528546636.776814 0.000146 0.000167 0.000777 63.399967
4.101223 1528546636.789324 0.000146 0.000166 0.000775 63.534000
4.113477 1528546636.801578 0.000146 0.000167 0.000783 63.625223
4.126248 1528546636.814349 0.000146 0.000167 0.000780 63.721011
4.138474 1528546636.826574 0.000146 0.000163 0.000786 63.576757
4.150704 1528546636.838804 0.000147 0.000169 0.000776 63.560249
4.163079 1528546636.851180 0.000148 0.000163 0.000777 63.518328
4.176547 1528546636.864648 0.000149 0.000163 0.000777 63.447320
4.188309 1528546636.876410 0.000148 0.000167 0.000774 63.580757
4.201155 1528546636.889256 0.000148 0.000169 0.000774 63.584373
4.213730 1528546636.901830 0.000149 0.000169 0.000768 63.495710
4.226186 1528546636.914286 0.000148 0.000168 0.000774 63.589588
4.238426 1528546636.926527 0.000149 0.000170 0.000777 63.594014
4.251030 1528546636.939131 0.000149 0.000170 0.000773 63.710755
4.263581 1528546636.951682 0.000149 0.000170 0.000775 63.724330
4.276859 1528546636.964960 0.000150 0.000169 0.000772 63.490365
4.288143 1528546636.976244 0.000150 0.000171 0.000776 63.603072
4.300166 1528546636.988267 0.000150 0.000168 0.000777 63.548621
4.312813 1528546637.000914 0.000147 0.000163 0.000787 63.919850
4.325977 1528546637.014078 0.000146 0.000165 0.000796 63.507331
4.338683 1528546637.026784 0.000147 0.000165 0.000807 62.930699
4.351290 1528546637.039391 0.000146 0.000159 0.000831 62.872182
4.363984 1528546637.052085 0.000146 0.000159 0.000822 62.425012
4.376204 1528546637.064305 0.000145 0.000160 0.000824 62.435439
4.388497 1528546637.076598 0.000144 0.000161 0.000822 62.724489
4.401751 1528546637.089851 0.000145 0.000161 0.000806 62.795883
4.413924 1528546637.102025 0.000145 0.000161 0.000805 62.829364
4.425660 1528546637.113761 0.000145 0.000161 0.000803 62.770623
4.437880 1528546637.125981 0.000142 0.000162 0.000821 63.077242
4.450639 1528546637.138740 0.000146 0.000161 0.000811 63.016906
4.463772 1528546637.151873 0.000146 0.000162 0.000809 63.068749
4.476890 1528546637.164990 0.000145 0.000167 0.000808 63.139263
4.489056 1528546637.177156 0.000142 0.000167 0.000816 63.534774
4.501890 1528546637.189991 0.000137 0.000162 0.000823 63.979641
4.514255 1528546637.202355 0.000132 0.000163 0.000826 64.758729
4.526377 1528546637.214478 0.000121 0.000166 0.000848 66.724203
4.538750 1528546637.226851 0.000114 0.000170 0.000853 69.001838
4.550852 1528546637.238953 0.000110 0.000177 0.000843 71.930620
4.564179 1528546637.252280 0.000111 0.000183 0.000849 75.078478
4.576919 1528546637.265020 0.000105 0.000185 0.000869 77.534274
4.588092 1528546637.276193 0.000103 0.000186 0.000883 79.851255
4.600187 1528546637.288288 0.000100 0.000184 0.000917 81.632520
4.613013 1528546637.301113 0.000098 0.000182 0.000942 83.128700
4.625313 1528546637.313414 0.000095 0.000182 0.000960 84.054485
4.637886 1528546637.325987 0.000098 0.000185 0.000953 85.040039
4.651336 1528546637.339437 0.000098 0.000185 0.000957 85.461062
4.663632 1528546637.351733 0.000098 0.000184 0.000979 86.342741
4.676155 1528546637.364256 0.000098 0.000189 0.000977 87.096297
4.688054 1528546637.376155 0.000099 0.000191 0.000952 87.883627
4.701665 1528546637.389766 0.000100 0.000189 0.000955 88.435970
4.714191 1528546637.402292 0.000103 0.000189 0.000939 88.529532
4.726723 1528546637.414824 0.000103 0.000187 0.000952 88.350795
4.739196 1528546637.427297 0.000101 0.000187 0.000951 88.135602
4.751773 1528546637.439874 0.000100 0.000186 0.000962 87.601197
4.764023 1528546637.452124 0.000097 0.000186 0.000975 87.567111
4.775840 1528546637.463941 0.000098 0.000184 0.000964 87.315611
4.787952 1528546637.476053 0.000095 0.000184 0.000971 87.469356
4.800186 1528546637.488287 0.000099 0.000182 0.000978 87.400708
4.812936 1528546637.501037 0.000097 0.000182 0.000957 87.458675
4.825632 1528546637.513733 0.000097 0.000180 0.000963 87.629143
4.837938 1528546637.526038 0.000096 0.000179 0.000957 87.733434
4.850219 1528546637.538320 0.000095 0.000179 0.000959 87.749425
4.862966 1528546637.551067 0.000094 0.000179 0.000943 87.668365
4.876429 1528546637.564530 0.000094 0.000182 0.000928 87.449588
4.888721 1528546637.576822 0.000098 0.000184 0.000907 87.356693
4.901302 1528546637.589403 0.000096 0.000186 0.000904 87.507359
4.914223 1528546637.602324 0.000094 0.000187 0.000895 87.273934
4.926211 1528546637.614312 0.000092 0.000189 0.000879 87.241608
4.938877 1528546637.626978 0.000097 0.000187 0.000882 87.023847
4.951512 1528546637.639612 0.000099 0.000186 0.000871 87.050508
4.964071 1528546637.652172 0.000097 0.000186 0.000870 86.950703
4.976527 1528546637.664628 0.000098 0.000186 0.000867 86.921991
4.988625 1528546637.676726 0.000096 0.000185 0.000862 87.141580
5.001330 1528546637.689431 0.000096 0.000185 0.000870 87.009481
5.013134 1528546637.701235 0.000095 0.000186 0.000870 87.089059
5.025300 1528546637.713401 0.000098 0.000184 0.000864 86.947460
5.038027 1528546637.726128 0.000096 0.000184 0.000867 86.982423
5.050378 1528546637.738479 0.000095 0.000184 0.000866 87.089082
5.063117 1528546637.751217 0.000096 0.000184 0.000877 86.974625
5.075581 1528546637.763681 0.000098 0.000184 0.000860 87.050279
5.088005 1528546637.776105 0.000097 0.000184 0.000869 86.929268
5.100537 1528546637.788638 0.000097 0.000184 0.000870 87.042665
5.113775 1528546637.801876 0.000100 0.000184 0.000856 86.923047
5.125627 1528546637.813728 0.000099 0.000184 0.000858 86.963980
5.138396 1528546637.826497 0.000099 0.000184 0.000864 86.938825
5.150825 1528546637.838926 0.000100 0.000184 0.000859 87.131256
5.163593 1528546637.851693 0.000099 0.000185 0.000863 87.110986
5.175763 1528546637.863863 0.000100 0.000184 0.000852 87.193778
5.188211 1528546637.876312 0.000100 0.000185 0.000856 87.439157
5.200860 1528546637.888960 0.000100 0.000185 0.000849 87.303020
5.213129 1528546637.901230 0.000102 0.000186 0.000842 87.313002
5.225948 1528546637.914049 0.000101 0.000186 0.000844 87.249781
5.238163 1528546637.926264 0.000100 0.000187 0.000847 87.491061
5.250458 1528546637.938558 0.000099 0.000192 0.000850 87.505850
5.263090 1528546637.951191 0.000099 0.000194 0.000875 87.857888
5.275826 1528546637.963927 0.000096 0.000196 0.000897 88.783507
5.287898 1528546637.975999 0.000096 0.000197 0.000911 89.579183
5.300829 1528546637.988930 0.000096 0.000194 0.000934 90.026460
5.313642 1528546638.001743 0.000097 0.000192 0.000938 90.196259
5.326048 1528546638.014149 0.000097 0.000191 0.000958 90.235440
5.338314 1528546638.026414 0.000098 0.000190 0.000952 90.330873
5.351016 1528546638.039117 0.000097 0.000189 0.000951 90.433631
5.363408 1528546638.051508 0.000100 0.000188 0.000944 90.601687
5.375780 1528546638.063881 0.000097 0.000189 0.000950 90.810140
5.388373 1528546638.076474 0.000099 0.000188 0.000949 90.922960
5.400779 1528546638.088880 0.000100 0.000190 0.000947 90.781255
5.413334 1528546638.101435 0.000101 0.000189 0.000941 90.902912
5.425824 1528546638.113925 0.000100 0.000189 0.000941 91.184146
5.438526 1528546638.126627 0.000102 0.000190 0.000933 91.408636
5.450975 1528546638.139076 0.000100 0.000191 0.000938 91.713160
5.463216 1528546638.151317 0.000101 0.000190 0.000922 92.198811
5.475708 1528546638.163809 0.000098 0.000189 0.000936 93.674206
5.488243 1528546638.176344 0.000098 0.000190 0.000936 95.283906
5.500874 1528546638.188975 0.000098 0.000195 0.000943 96.527163
5.513568 1528546638.201669 0.000101 0.000200 0.001002 97.198912
5.525688 1528546638.213789 0.000099 0.000193 0.001069 100.494732
5.538079 1528546638.226180 0.000099 0.000182 0.001012 105.766376
5.550796 1528546638.238897 0.000099 0.000190 0.001077 110.712471
5.563396 1528546638.251497 0.000099 0.000184 0.001062 114.110006
5.576570 1528546638.264671 0.000106 0.000180 0.001037 117.017558
5.588950 1528546638.277051 0.000111 0.000179 0.001020 118.973884
5.601913 1528546638.290014 0.000112 0.000177 0.001022 120.308577
5.613399 1528546638.301499 0.000114 0.000175 0.000996 120.484820
5.625454 1528546638.313555 0.000120 0.000171 0.000987 120.837699
5.638012 1528546638.326113 0.000126 0.000172 0.000949 121.517676
5.650704 1528546638.338805 0.000131 0.000170 0.000933 121.535695
5.663274 1528546638.351375 0.000135 0.000169 0.000951 121.756697
5.675692 1528546638.363793 0.000148 0.000165 0.000940 121.537671
5.688043 1528546638.376144 0.000142 0.000169 0.000940 120.702542
5.700350 1528546638.388450 0.000130 0.000211 0.000929 121.128053
5.713409 1528546638.401510 0.000142 0.000272 0.000891 119.873650
5.726526 1528546638.414626 0.000149 0.000403 0.000849 114.230012
5.739417 1528546638.427518 0.000086 0.000308 0.000939 114.332996
5.751703 1528546638.439804 0.000117 0.000335 0.001006 105.895097
5.764140 1528546638.452241 0.000220 0.000858 0.001576 97.492018
5.775796 1528546638.463897 0.000158 0.000389 0.001300 97.042667
5.787991 1528546638.476092 0.000076 0.000239 0.000669 136.292061
5.800357 1528546638.488457 0.000279 0.000432 0.002709 101.367706
5.812868 1528546638.500969 0.000022 0.000179 0.000346 75.628568
5.825876 1528546638.513976 0.000073 0.000160 0.000396 113.415021
5.838173 1528546638.526274 0.000131 0.000550 0.003500 69.441832
5.851048 1528546638.539149 0.000062 0.000360 0.000384 102.914300
5.863540 1528546638.551641 0.000133 0.000611 0.000865 105.158486
5.875992 1528546638.564093 0.000093 0.000476 0.000823 85.985823
5.889482 1528546638.577583 0.000043 0.000121 0.000637 70.531181
5.901700 1528546638.589801 0.000115 0.000752 0.002952 78.844728
5.962993 1528546638.651094 0.000008 0.000024 0.000053 70.877368
6.763487 1528546639.451588 0.000047 0.000057 0.000189 84.743300
6.775970 1528546639.464070 0.000043 0.000057 0.000688 55.020617
6.788318 1528546639.476419 0.000079 0.000272 0.001642 50.916428
6.801121 1528546639.489222 0.000108 0.000393 0.000745 52.069453
6.813448 1528546639.501549 0.000180 0.000285 0.000332 91.855806
6.825623 1528546639.513724 0.000166 0.000240 0.000281 99.675170
6.838780 1528546639.526881 0.000124 0.000227 0.000417 113.809186
6.850892 1528546639.538993 0.000151 0.000237 0.001196 160.656666
6.863364 1528546639.551465 0.000127 0.000149 0.001705 165.992141
6.876049 1528546639.564150 0.000107 0.000130 0.001629 167.190174
6.888780 1528546639.576881 0.000113 0.000125 0.001465 167.518560
6.901141 1528546639.589242 0.000118 0.000140 0.001188 166.147002
6.913590 1528546639.601691 0.000127 0.000136 0.000440 163.336161
6.926264 1528546639.614365 0.000129 0.000135 0.000494 160.951111
6.938726 1528546639.626827 0.000131 0.000134 0.000556 157.051644
6.950987 1528546639.639088 0.000127 0.000136 0.000627 152.657585
6.964683 1528546639.652783 0.000125 0.000140 0.000716 148.885636
6.976750 1528546639.664851 0.000129 0.000145 0.000787 145.338029
6.989283 1528546639.677384 0.000130 0.000153 0.000815 141.672995
7.001619 1528546639.689720 0.000128 0.000149 0.000823 139.204538
7.014620 1528546639.702721 0.000130 0.000152 0.000814 137.195204
7.025992 1528546639.714093 0.000130 0.000150 0.000815 136.544244
7.038564 1528546639.726665 0.000135 0.000149 0.000813 136.704792
7.051101 1528546639.739202 0.000134 0.000146 0.000801 137.066227
7.063421 1528546639.751521 0.000130 0.000144 0.000786 137.271366
7.075852 1528546639.763953 0.000129 0.000144 0.000780 136.784700
7.088586 1528546639.776687 0.000131 0.000145 0.000769 136.798166
7.100898 1528546639.788998 0.000133 0.000143 0.000760 136.571280
7.113761 1528546639.801862 0.000131 0.000142 0.000756 136.077498
7.126273 1528546639.814374 0.000130 0.000142 0.000731 135.894451
7.138977 1528546639.827077 0.000130 0.000142 0.000723 135.461811
7.151364 1528546639.839465 0.000137 0.000143 0.000728 136.002522
7.163643 1528546639.851744 0.000140 0.000146 0.000731 136.420916
7.176593 1528546639.864693 0.000133 0.000149 0.000737 135.723390
7.189179 1528546639.877280 0.000134 0.000149 0.000738 136.080725
7.201522 1528546639.889622 0.000133 0.000149 0.000742 136.209450
7.213734 1528546639.901835 0.000135 0.000148 0.000731 136.227492
7.225719 1528546639.913820 0.000135 0.000149 0.000731 136.316931
7.238486 1528546639.926587 0.000136 0.000148 0.000728 136.613327
7.251147 1528546639.939247 0.000137 0.000149 0.000721 136.642550
7.263229 1528546639.951329 0.000136 0.000148 0.000722 136.248341
7.277567 1528546639.965668 0.000137 0.000149 0.000726 135.717073
7.289516 1528546639.977617 0.000137 0.000149 0.000728 135.176627
7.302165 1528546639.990266 0.000136 0.000150 0.000730 134.947440
7.315125 1528546640.003226 0.000136 0.000151 0.000720 134.800648
7.326665 1528546640.014766 0.000136 0.000152 0.000731 134.223914
7.339411 1528546640.027512 0.000135 0.000151 0.000728 134.171056
7.350813 1528546640.038913 0.000135 0.000151 0.000728 133.884958
7.363326 1528546640.051427 0.000136 0.000151 0.000718 134.335682
7.375856 1528546640.063956 0.000134 0.000150 0.000730 133.822035
7.388027 1528546640.076128 0.000135 0.000150 0.000728 133.713104
7.400720 1528546640.088821 0.000134 0.000150 0.000724 133.730026
7.413345 1528546640.101446 0.000134 0.000150 0.000729 133.676139
7.425787 1528546640.113888 0.000134 0.000149 0.000726 133.649048
7.438535 1528546640.126636 0.000135 0.000149 0.000727 133.406795
7.451005 1528546640.139106 0.000135 0.000150 0.000715 133.161363
7.464273 1528546640.152374 0.000135 0.000149 0.000739 133.288756
7.476769 1528546640.164870 0.000134 0.000149 0.000733 133.440311
7.489252 1528546640.177353 0.000134 0.000148 0.000742 133.340441
7.501420 1528546640.189521 0.000134 0.000148 0.000734 133.477283
7.513891 1528546640.201992 0.000134 0.000147 0.000743 133.200703
7.526193 1528546640.214294 0.000134 0.000149 0.000739 133.258998
7.538822 1528546640.226923 0.000134 0.000148 0.000742 133.146742
7.551372 1528546640.239472 0.000135 0.000149 0.000737 133.314696
7.563683 1528546640.251784 0.000134 0.000149 0.000749 133.223017
7.576338 1528546640.264438 0.000135 0.000149 0.000742 133.019804
7.588839 1528546640.276939 0.000134 0.000149 0.000740 132.887567
7.601507 1528546640.289608 0.000135 0.000150 0.000750 132.872471
7.613981 1528546640.302082 0.000135 0.000150 0.000743 132.873512
7.626573 1528546640.314673 0.000135 0.000150 0.000740 132.945446
7.638922 1528546640.327023 0.000135 0.000150 0.000746 132.729491
7.651446 1528546640.339547 0.000135 0.000151 0.000750 132.485803
7.663711 1528546640.351811 0.000135 0.000153 0.000743 132.734561
7.677162 1528546640.365263 0.000136 0.000150 0.000742 132.558970
7.689798 1528546640.377899 0.000136 0.000152 0.000750 132.271029
7.701664 1528546640.389765 0.000136 0.000152 0.000746 132.428878
7.714268 1528546640.402369 0.000136 0.000153 0.000741 132.560949
7.726631 1528546640.414732 0.000136 0.000152 0.000743 132.335282
7.739262 1528546640.427362 0.000136 0.000152 0.000747 132.183015
7.751629 1528546640.439730 0.000135 0.000153 0.000751 132.272385
7.764515 1528546640.452616 0.000135 0.000153 0.000751 132.208256
7.776376 1528546640.464477 0.000135 0.000153 0.000749 132.256996
7.788918 1528546640.477019 0.000136 0.000153 0.000750 132.232735
7.801052 1528546640.489152 0.000136 0.000154 0.000753 132.138978
7.813665 1528546640.501766 0.000136 0.000155 0.000751 132.280915
7.826184 1528546640.514284 0.000135 0.000154 0.000753 132.315196
7.838653 1528546640.526754 0.000136 0.000155 0.000749 132.245857
7.852001 1528546640.540102 0.000137 0.000155 0.000754 132.345214
7.863535 1528546640.551636 0.000136 0.000154 0.000754 132.270148
7.876215 1528546640.564316 0.000136 0.000154 0.000757 132.338263
7.888535 1528546640.576636 0.000136 0.000156 0.000753 132.482092
7.901172 1528546640.589273 0.000137 0.000156 0.000756 132.318641
7.914827 1528546640.602928 0.000136 0.000156 0.000752 132.618054
7.926950 1528546640.615051 0.000136 0.000155 0.000757 132.363965
7.939255 1528546640.627356 0.000136 0.000156 0.000755 132.488295
7.951236 1528546640.639337 0.000136 0.000156 0.000752 132.430632
7.964610 1528546640.652711 0.000137 0.000156 0.000758 132.550288
7.975848 1528546640.663949 0.000136 0.000157 0.000757 132.360559
7.988382 1528546640.676483 0.000137 0.000156 0.000756 132.446847
8.001414 1528546640.689514 0.000138 0.000158 0.000745 133.045913
8.013525 1528546640.701626 0.000136 0.000160 0.000761 133.071978
8.025629 1528546640.713729 0.000136 0.000158 0.000757 133.197146
8.038651 1528546640.726752 0.000137 0.000159 0.000756 133.415645
8.051001 1528546640.739102 0.000137 0.000159 0.000758 133.081675
8.064554 1528546640.752655 0.000139 0.000162 0.000755 133.413360
8.076880 1528546640.764981 0.000137 0.000160 0.000756 133.423985
8.089587 1528546640.777688 0.000138 0.000160 0.000747 133.558971
8.101842 1528546640.789943 0.000138 0.000162 0.000744 133.530840
8.114752 1528546640.802853 0.000138 0.000161 0.000743 133.428673
8.127646 1528546640.815747 0.000138 0.000162 0.000740 133.390174
8.138876 1528546640.826977 0.000137 0.000162 0.000740 133.336944
8.151103 1528546640.839203 0.000138 0.000161 0.000738 133.195575
8.163456 1528546640.851557 0.000137 0.000161 0.000748 132.905083
8.175806 1528546640.863907 0.000138 0.000162 0.000739 132.923483
8.187901 1528546640.876002 0.000138 0.000162 0.000739 132.897867
8.200631 1528546640.888732 0.000138 0.000163 0.000742 132.836708
8.213065 1528546640.901166 0.000137 0.000161 0.000744 132.624695
8.225742 1528546640.913843 0.000137 0.000162 0.000738 132.730598
8.238294 1528546640.926395 0.000137 0.000162 0.000740 132.665656
8.250753 1528546640.938854 0.000137 0.000162 0.000740 132.745514
8.263265 1528546640.951365 0.000137 0.000162 0.000740 132.685025
8.275659 1528546640.963759 0.000137 0.000160 0.000740 132.428559
8.289475 1528546640.977576 0.000136 0.000161 0.000742 132.674975
8.302369 1528546640.990470 0.000137 0.000159 0.000741 132.481359
8.314671 1528546641.002771 0.000136 0.000160 0.000746 132.505757
8.326952 1528546641.015052 0.000137 0.000160 0.000745 132.547893
8.339914 1528546641.028015 0.000136 0.000159 0.000747 132.382879
8.352148 1528546641.040249 0.000136 0.000160 0.000743 132.664591
8.363755 1528546641.051856 0.000136 0.000159 0.000747 132.493735
8.376059 1528546641.064160 0.000135 0.000158 0.000753 132.558859
8.389739 1528546641.077840 0.000135 0.000159 0.000751 132.603802
8.401967 1528546641.090068 0.000136 0.000158 0.000750 132.548341
8.414789 1528546641.102890 0.000136 0.000159 0.000753 132.489394
8.426583 1528546641.114684 0.000136 0.000157 0.000749 132.298840
8.438960 1528546641.127061 0.000136 0.000157 0.000749 132.350003
8.451345 1528546641.139446 0.000135 0.000158 0.000749 132.359498
8.464857 1528546641.152958 0.000136 0.000158 0.000747 132.356923
8.477283 1528546641.165384 0.000136 0.000156 0.000746 132.298608
8.489478 1528546641.177579 0.000136 0.000159 0.000751 132.481781
8.501366 1528546641.189467 0.000135 0.000159 0.000753 132.501823
8.513639 1528546641.201740 0.000135 0.000158 0.000751 132.417253
8.525764 1528546641.213864 0.000136 0.000159 0.000750 132.381034
8.538720 1528546641.226821 0.000136 0.000158 0.000750 132.210654
8.551467 1528546641.239568 0.000135 0.000158 0.000752 132.293769
8.563397 1528546641.251498 0.000135 0.000160 0.000752 132.415598
8.576175 1528546641.264276 0.000136 0.000158 0.000752 132.317084
8.588751 1528546641.276852 0.000136 0.000159 0.000752 132.312468
8.601029 1528546641.289129 0.000136 0.000160 0.000751 132.429711
8.613417 1528546641.301518 0.000135 0.000159 0.000746 132.511961
8.626289 1528546641.314390 0.000136 0.000158 0.000749 132.301302
8.638687 1528546641.326788 0.000135 0.000159 0.000753 132.438480
8.650993 1528546641.339093 0.000136 0.000159 0.000753 132.406170
8.663703 1528546641.351804 0.000135 0.000159 0.000757 132.364977
8.676171 1528546641.364272 0.000136 0.000158 0.000755 132.353801
8.689518 1528546641.377619 0.000135 0.000159 0.000755 132.395538
8.701475 1528546641.389576 0.000135 0.000158 0.000752 132.316506
8.714824 1528546641.402925 0.000135 0.000159 0.000752 132.587255
8.727368 1528546641.415469 0.000135 0.000158 0.000754 132.331413
8.739595 1528546641.427696 0.000135 0.000159 0.000756 132.579260
8.751653 1528546641.439754 0.000136 0.000158 0.000753 132.515845
8.763575 1528546641.451675 0.000136 0.000158 0.000756 132.453166
8.776344 1528546641.464444 0.000135 0.000158 0.000752 132.592557
8.788502 1528546641.476603 0.000135 0.000159 0.000757 132.534599
8.801227 1528546641.489327 0.000136 0.000160 0.000751 132.631061
8.813463 1528546641.501564 0.000136 0.000165 0.000729 133.568816
8.826091 1528546641.514192 0.000136 0.000166 0.000732 133.895235
8.838512 1528546641.526613 0.000137 0.000163 0.000735 134.451429
8.850979 1528546641.539080 0.000137 0.000160 0.000742 134.146712
8.863535 1528546641.551636 0.000138 0.000161 0.000742 134.211672
8.876168 1528546641.564269 0.000137 0.000160 0.000746 133.959026
8.888668 1528546641.576768 0.000138 0.000162 0.000748 133.898858
8.900868 1528546641.588969 0.000138 0.000160 0.000749 133.821828
8.913464 1528546641.601565 0.000138 0.000160 0.000742 134.056637
8.926249 1528546641.614350 0.000138 0.000161 0.000742 134.074834
8.938728 1528546641.626829 0.000138 0.000161 0.000747 133.912872
8.951690 1528546641.639791 0.000138 0.000160 0.000740 133.767438
8.963918 1528546641.652019 0.000138 0.000159 0.000742 133.735570
8.976218 1528546641.664319 0.000138 0.000159 0.000739 133.736122
8.988816 1528546641.676917 0.000138 0.000160 0.000740 133.746258
9.001256 1528546641.689357 0.000138 0.000160 0.000738 133.895889
9.013607 1528546641.701707 0.000138 0.000159 0.000744 133.743989
9.027281 1528546641.715382 0.000137 0.000158 0.000744 133.625911
9.039680 1528546641.727780 0.000138 0.000159 0.000743 133.687394
9.051388 1528546641.739488 0.000138 0.000159 0.000743 133.641485
9.063800 1528546641.751901 0.000138 0.000160 0.000744 133.630962
9.075978 1528546641.764079 0.000138 0.000159 0.000742 133.742056
9.088341 1528546641.776442 0.000137 0.000159 0.000746 133.742739
9.101215 1528546641.789316 0.000138 0.000158 0.000739 133.586872
9.114040 1528546641.802140 0.000138 0.000159 0.000742 133.645468
9.126975 1528546641.815075 0.000138 0.000159 0.000744 133.700395
9.138995 1528546641.827096 0.000138 0.000158 0.000740 133.643640
9.151097 1528546641.839198 0.000138 0.000159 0.000740 133.652568
9.163687 1528546641.851788 0.000138 0.000159 0.000740 133.693970
9.176174 1528546641.864275 0.000137 0.000159 0.000745 133.706013
9.188789 1528546641.876890 0.000138 0.000158 0.000740 133.582261
9.201195 1528546641.889296 0.000138 0.000159 0.000741 133.622657
9.213558 1528546641.901659 0.000139 0.000160 0.000731 133.392667
9.226477 1528546641.914578 0.000139 0.000160 0.000741 133.796789
9.239006 1528546641.927107 0.000138 0.000160 0.000740 133.813451
9.251298 1528546641.939399 0.000139 0.000159 0.000737 133.679543
9.263579 1528546641.951680 0.000139 0.000159 0.000740 133.667237
9.275906 1528546641.964007 0.000139 0.000158 0.000741 133.737893
9.288785 1528546641.976886 0.000139 0.000159 0.000739 133.826480
9.301836 1528546641.989937 0.000139 0.000158 0.000742 133.697207
9.314615 1528546642.002715 0.000139 0.000160 0.000736 133.952783
9.327765 1528546642.015866 0.000140 0.000160 0.000739 133.807601
9.339791 1528546642.027892 0.000140 0.000160 0.000743 133.629289
9.351516 1528546642.039617 0.000139 0.000160 0.000740 133.797924
9.363541 1528546642.051641 0.000139 0.000160 0.000743 133.835852
9.376824 1528546642.064925 0.000139 0.000160 0.000743 133.690421
9.389446 1528546642.077547 0.000139 0.000160 0.000745 133.642453
9.401238 1528546642.089339 0.000139 0.000159 0.000745 133.713266
9.413780 1528546642.101881 0.000139 0.000160 0.000746 133.632134
9.426227 1528546642.114327 0.000139 0.000159 0.000752 133.624084
9.438251 1528546642.126352 0.000139 0.000159 0.000750 133.608765
9.450808 1528546642.138909 0.000139 0.000158 0.000747 133.714559
9.463434 1528546642.151535 0.000139 0.000160 0.000750 133.582308
9.475965 1528546642.164066 0.000139 0.000159 0.000753 133.484994
9.488211 1528546642.176311 0.000139 0.000159 0.000748 133.574656
9.500724 1528546642.188824 0.000140 0.000159 0.000745 133.633794
9.513359 1528546642.201460 0.000139 0.000159 0.000753 133.499970
9.525884 1528546642.213985 0.000140 0.000159 0.000749 133.523688
9.538388 1528546642.226489 0.000139 0.000161 0.000751 133.717708
9.550998 1528546642.239099 0.000140 0.000159 0.000748 133.694039
9.563234 1528546642.251335 0.000139 0.000161 0.000747 133.636023
9.575958 1528546642.264059 0.000139 0.000160 0.000750 133.731741
9.588475 1528546642.276575 0.000139 0.000161 0.000752 133.760822
9.600816 1528546642.288917 0.000139 0.000159 0.000752 133.635467
9.613241 1528546642.301342 0.000140 0.000159 0.000753 133.613991
9.625971 1528546642.314071 0.000139 0.000160 0.000751 133.699532
9.638510 1528546642.326611 0.000139 0.000161 0.000750 133.922308
9.650875 1528546642.338975 0.000140 0.000160 0.000750 133.607935
9.663353 1528546642.351454 0.000140 0.000160 0.000751 133.583450
9.675766 1528546642.363867 0.000140 0.000160 0.000749 133.567670
9.688518 1528546642.376619 0.000139 0.000160 0.000751 133.764022
9.701060 1528546642.389160 0.000140 0.000161 0.000748 133.773098
9.713451 1528546642.401552 0.000140 0.000161 0.000751 133.698234
9.725895 1528546642.413996 0.000140 0.000160 0.000749 133.643152
9.738645 1528546642.426746 0.000140 0.000160 0.000752 133.524217
9.750883 1528546642.438983 0.000140 0.000161 0.000752 133.618836
9.763558 1528546642.451659 0.000140 0.000161 0.000749 133.784260
9.775895 1528546642.463996 0.000140 0.000161 0.000749 133.797008
9.788414 1528546642.476515 0.000140 0.000161 0.000752 133.641940
9.802518 1528546642.490619 0.000140 0.000161 0.000746 133.664159
9.814301 1528546642.502402 0.000139 0.000161 0.000749 133.705237
9.826612 1528546642.514713 0.000139 0.000161 0.000750 133.707958
9.838870 1528546642.526970 0.000139 0.000161 0.000749 133.835668
9.851156 1528546642.539257 0.000139 0.000161 0.000749 133.785399
9.864544 1528546642.552645 0.000140 0.000161 0.000750 133.792960
9.877249 1528546642.565349 0.000140 0.000162 0.000750 133.744658
9.889019 1528546642.577120 0.000140 0.000161 0.000752 133.706057
9.901728 1528546642.589829 0.000139 0.000162 0.000752 134.026336
9.913426 1528546642.601526 0.000138 0.000162 0.000763 134.167757
9.926166 1528546642.614266 0.000138 0.000160 0.000760 133.663126
9.938473 1528546642.626574 0.000137 0.000161 0.000753 133.347065
9.951005 1528546642.639106 0.000137 0.000165 0.000752 133.377607
9.963537 1528546642.651637 0.000137 0.000165 0.000754 133.380213
9.976028 1528546642.664129 0.000137 0.000165 0.000748 133.495687
9.988660 1528546642.676761 0.000137 0.000166 0.000743 133.432896
10.001189 1528546642.689290 0.000137 0.000166 0.000743 133.421077
10.013731 1528546642.701832 0.000138 0.000167 0.000744 133.407139
10.026253 1528546642.714354 0.000137 0.000167 0.000746 133.337023
10.040252 1528546642.728353 0.000138 0.000166 0.000746 133.357816
10.052061 1528546642.740162 0.000138 0.000166 0.000741 133.322672
10.064758 1528546642.752859 0.000138 0.000168 0.000737 133.709738
10.077183 1528546642.765284 0.000138 0.000167 0.000742 133.266182
10.089496 1528546642.777596 0.000138 0.000166 0.000741 133.318091
10.102262 1528546642.790363 0.000138 0.000166 0.000734 133.490915
10.114253 1528546642.802354 0.000138 0.000167 0.000738 133.444353
10.126417 1528546642.814518 0.000138 0.000167 0.000738 133.485737
10.139140 1528546642.827241 0.000137 0.000166 0.000737 133.290680
10.151363 1528546642.839464 0.000138 0.000167 0.000739 133.262066
10.164087 1528546642.852188 0.000138 0.000167 0.000739 133.175321
10.176572 1528546642.864673 0.000138 0.000168 0.000729 133.392207
10.189191 1528546642.877292 0.000138 0.000167 0.000737 133.339554
10.201502 1528546642.889603 0.000138 0.000167 0.000735 133.365308
10.214491 1528546642.902592 0.000138 0.000168 0.000732 133.439595
10.226780 1528546642.914881 0.000138 0.000165 0.000737 133.160958
10.238699 1528546642.926800 0.000138 0.000166 0.000735 133.373840
10.251578 1528546642.939679 0.000138 0.000166 0.000738 133.268928
10.264105 1528546642.952206 0.000138 0.000165 0.000739 133.311256
10.277460 1528546642.965560 0.000138 0.000166 0.000736 133.287475
10.289876 1528546642.977977 0.000138 0.000166 0.000740 133.377729
10.302387 1528546642.990488 0.000137 0.000165 0.000735 133.436381
10.315098 1528546643.003199 0.000138 0.000164 0.000739 133.206878
10.327343 1528546643.015444 0.000137 0.000163 0.000743 133.327924
10.339857 1528546643.027958 0.000138 0.000164 0.000740 133.275392
10.352266 1528546643.040367 0.000138 0.000164 0.000730 133.126041
10.365067 1528546643.053168 0.000137 0.000166 0.000735 133.702700
10.377140 1528546643.065241 0.000138 0.000164 0.000736 133.545077
10.389391 1528546643.077492 0.000137 0.000165 0.000737 133.649952
10.401622 1528546643.089723 0.000138 0.000163 0.000738 133.323738
10.414046 1528546643.102146 0.000137 0.000164 0.000738 133.453440
10.426640 1528546643.114740 0.000138 0.000164 0.000734 133.677837
10.439042 1528546643.127143 0.000137 0.000162 0.000743 133.664624
10.451813 1528546643.139914 0.000137 0.000164 0.000737 133.653580
10.464628 1528546643.152729 0.000137 0.000163 0.000736 133.476216
10.476538 1528546643.164639 0.000137 0.000164 0.000736 133.580923
10.489411 1528546643.177512 0.000137 0.000163 0.000739 133.477680
10.502003 1528546643.190104 0.000137 0.000164 0.000734 133.705249
10.514427 1528546643.202528 0.000137 0.000165 0.000737 133.625842
10.526747 1528546643.214848 0.000137 0.000164 0.000737 133.672520
10.539340 1528546643.227440 0.000137 0.000164 0.000735 133.548297
10.551856 1528546643.239956 0.000137 0.000163 0.000737 133.446655
10.564365 1528546643.252465 0.000137 0.000164 0.000733 133.487498
10.577410 1528546643.265511 0.000137 0.000164 0.000738 133.543509
10.589374 1528546643.277475 0.000137 0.000164 0.000738 133.542486
10.601792 1528546643.289893 0.000137 0.000164 0.000735 133.423526
10.614507 1528546643.302608 0.000137 0.000163 0.000735 133.440224
10.626998 1528546643.315099 0.000137 0.000163 0.000737 133.539065
10.639060 1528546643.327160 0.000137 0.000164 0.000734 133.463226
10.651185 1528546643.339286 0.000137 0.000164 0.000735 133.548431
10.663856 1528546643.351957 0.000136 0.000164 0.000740 133.547885
10.676457 1528546643.364558 0.000135 0.000163 0.000748 133.776611
10.690264 1528546643.378365 0.000133 0.000163 0.000753 134.340441
10.701734 1528546643.389834 0.000133 0.000160 0.000756 134.179680
10.714731 1528546643.402832 0.000132 0.000162 0.000753 134.245709
10.726694 1528546643.414794 0.000132 0.000163 0.000757 134.828639
10.739269 1528546643.427370 0.000131 0.000163 0.000754 134.767804
10.751581 1528546643.439682 0.000131 0.000163 0.000746 135.132760
10.764392 1528546643.452493 0.000132 0.000164 0.000745 135.564291
10.776551 1528546643.464652 0.000131 0.000165 0.000743 135.826317
10.789397 1528546643.477498 0.000132 0.000165 0.000742 135.624940
10.802595 1528546643.490696 0.000131 0.000164 0.000741 135.839740
10.814640 1528546643.502740 0.000130 0.000165 0.000735 136.112219
10.826411 1528546643.514512 0.000132 0.000165 0.000734 135.942969
10.838747 1528546643.526848 0.000130 0.000164 0.000737 135.931471
10.851441 1528546643.539541 0.000130 0.000163 0.000733 135.743857
10.863796 1528546643.551897 0.000131 0.000164 0.000732 135.793822
10.876280 1528546643.564381 0.000130 0.000164 0.000735 136.201209
10.888807 1528546643.576908 0.000130 0.000164 0.000735 136.085719
10.901326 1528546643.589427 0.000130 0.000164 0.000735 136.170378
10.914085 1528546643.602186 0.000130 0.000163 0.000734 135.991032
10.926503 1528546643.614604 0.000131 0.000163 0.000728 136.163231
10.939149 1528546643.627249 0.000130 0.000164 0.000738 136.050234
10.951483 1528546643.639583 0.000131 0.000162 0.000723 135.792087
10.963850 1528546643.651950 0.000131 0.000163 0.000730 135.974616
10.976110 1528546643.664211 0.000130 0.000165 0.000727 136.106021
10.989216 1528546643.677317 0.000130 0.000165 0.000726 136.174534
11.001602 1528546643.689703 0.000130 0.000164 0.000729 136.085750
11.014484 1528546643.702585 0.000130 0.000165 0.000731 135.993423
11.026649 1528546643.714750 0.000130 0.000165 0.000735 136.234087
11.039313 1528546643.727413 0.000130 0.000164 0.000722 136.297685
11.051774 1528546643.739874 0.000131 0.000163 0.000730 136.344945
11.064289 1528546643.752389 0.000131 0.000162 0.000734 136.107715
11.076552 1528546643.764653 0.000131 0.000162 0.000735 136.334083
11.089064 1528546643.777164 0.000130 0.000161 0.000734 136.254416
11.101610 1528546643.789711 0.000129 0.000163 0.000730 136.611572
11.114218 1528546643.802319 0.000129 0.000161 0.000737 136.448448
11.126601 1528546643.814702 0.000129 0.000162 0.000737 136.331056
11.138917 1528546643.827018 0.000130 0.000161 0.000733 135.830550
11.151684 1528546643.839784 0.000129 0.000162 0.000732 136.311388
11.164310 1528546643.852411 0.000129 0.000162 0.000727 136.137973
11.176724 1528546643.864825 0.000129 0.000162 0.000734 136.110335
11.189234 1528546643.877335 0.000128 0.000161 0.000733 136.276015
11.201845 1528546643.889946 0.000128 0.000163 0.000731 136.312880
11.214322 1528546643.902423 0.000129 0.000161 0.000736 135.898835
11.227656 1528546643.915757 0.000129 0.000161 0.000728 136.001391
11.240072 1528546643.928173 0.000128 0.000163 0.000737 136.062395
11.251688 1528546643.939789 0.000129 0.000162 0.000729 136.271337
11.264062 1528546643.952163 0.000129 0.000162 0.000738 136.166186
11.276412 1528546643.964513 0.000128 0.000162 0.000736 136.159916
11.289010 1528546643.977111 0.000129 0.000162 0.000733 136.083778
11.301567 1528546643.989668 0.000130 0.000162 0.000739 135.990763
11.314229 1528546644.002330 0.000130 0.000162 0.000721 135.976601
11.327415 1528546644.015516 0.000133 0.000163 0.000712 135.489285
11.340047 1528546644.028148 0.000134 0.000167 0.000700 136.135994
11.351799 1528546644.039900 0.000135 0.000168 0.000704 136.340959
11.363805 1528546644.051906 0.000135 0.000167 0.000703 136.590975
11.376468 1528546644.064569 0.000135 0.000167 0.000702 136.545176
11.389772 1528546644.077873 0.000134 0.000168 0.000711 136.732166
11.402513 1528546644.090614 0.000135 0.000168 0.000705 136.641888
11.414764 1528546644.102865 0.000135 0.000168 0.000699 136.736730
11.427485 1528546644.115586 0.000135 0.000167 0.000706 136.771279
11.440177 1528546644.128278 0.000135 0.000167 0.000703 136.628523
11.451739 1528546644.139839 0.000135 0.000167 0.000705 136.479715
11.464049 1528546644.152150 0.000135 0.000167 0.000708 136.186074
11.477371 1528546644.165472 0.000135 0.000168 0.000705 136.667597
11.493835 1528546644.181936 0.000135 0.000168 0.000706 136.536338
11.502845 1528546644.190946 0.000135 0.000167 0.000703 136.088388
11.514093 1528546644.202194 0.000135 0.000167 0.000707 136.485430
11.526733 1528546644.214834 0.000135 0.000167 0.000706 136.075792
11.539411 1528546644.227512 0.000135 0.000167 0.000710 136.361831
11.551487 1528546644.239588 0.000135 0.000166 0.000708 136.366016
11.564446 1528546644.252547 0.000135 0.000166 0.000705 135.996374
11.577000 1528546644.265101 0.000135 0.000167 0.000706 136.537180
11.589420 1528546644.277520 0.000135 0.000167 0.000707 136.425312
11.601493 1528546644.289594 0.000135 0.000168 0.000705 136.536313
11.614234 1528546644.302335 0.000135 0.000166 0.000705 136.339189
11.626608 1528546644.314709 0.000135 0.000167 0.000711 136.383872
11.639511 1528546644.327612 0.000135 0.000167 0.000706 136.513325
11.651896 1528546644.339997 0.000136 0.000167 0.000710 136.458366
11.664568 1528546644.352669 0.000136 0.000167 0.000708 136.523550
11.676837 1528546644.364938 0.000135 0.000167 0.000708 136.475836
11.689238 1528546644.377339 0.000136 0.000168 0.000709 136.430993
11.701810 1528546644.389911 0.000135 0.000168 0.000711 136.407503
11.714482 1528546644.402583 0.000135 0.000168 0.000710 136.580407
11.726518 1528546644.414619 0.000135 0.000167 0.000709 136.571822
11.740167 1528546644.428268 0.000135 0.000168 0.000710 136.532300
11.752555 1528546644.440655 0.000135 0.000167 0.000711 136.488558
11.765514 1528546644.453615 0.000135 0.000168 0.000708 136.626890
11.777560 1528546644.465661 0.000135 0.000168 0.000710 136.635945
11.789791 1528546644.477892 0.000136 0.000167 0.000705 136.564888
11.802743 1528546644.490844 0.000136 0.000168 0.000705 136.587696
11.814528 1528546644.502629 0.000136 0.000168 0.000704 136.672986
11.826455 1528546644.514556 0.000136 0.000169 0.000706 136.754806
11.839196 1528546644.527297 0.000136 0.000169 0.000703 136.557385
11.851645 1528546644.539746 0.000136 0.000168 0.000703 136.360155
11.864170 1528546644.552270 0.000136 0.000168 0.000706 136.595712
11.876556 1528546644.564657 0.000137 0.000168 0.000698 136.284901
11.888956 1528546644.577057 0.000136 0.000169 0.000704 136.245303
11.901427 1528546644.589528 0.000136 0.000170 0.000707 136.714338
11.913845 1528546644.601946 0.000136 0.000169 0.000708 136.463690
11.926618 1528546644.614718 0.000136 0.000169 0.000706 136.417227
11.940562 1528546644.628663 0.000137 0.000170 0.000705 136.562304
11.952480 1528546644.640581 0.000136 0.000170 0.000705 136.488087
11.964306 1528546644.652407 0.000136 0.000170 0.000711 136.460936
11.976658 1528546644.664759 0.000136 0.000171 0.000707 136.470627
11.989007 1528546644.677107 0.000137 0.000171 0.000708 136.460969
12.001360 1528546644.689461 0.000136 0.000171 0.000708 136.391243
12.014393 1528546644.702493 0.000137 0.000171 0.000707 136.433740
12.026671 1528546644.714772 0.000137 0.000170 0.000704 136.352921
12.038934 1528546644.727035 0.000137 0.000170 0.000704 136.439834
12.051535 1528546644.739636 0.000136 0.000170 0.000706 136.336767
12.064896 1528546644.752997 0.000136 0.000170 0.000706 136.206981
12.077284 1528546644.765385 0.000137 0.000170 0.000705 136.341631
12.089822 1528546644.777923 0.000136 0.000170 0.000710 136.285785
12.102139 1528546644.790240 0.000137 0.000170 0.000714 136.279142
12.114807 1528546644.802908 0.000137 0.000170 0.000707 136.277247
12.127018 1528546644.815119 0.000137 0.000170 0.000705 136.306628
12.139080 1528546644.827181 0.000137 0.000171 0.000706 136.343118
12.151541 1528546644.839642 0.000137 0.000173 0.000701 136.750689
12.164064 1528546644.852165 0.000137 0.000174 0.000695 136.289525
12.180198 1528546644.868299 0.000138 0.000172 0.000697 136.643915
12.189245 1528546644.877346 0.000139 0.000172 0.000702 136.491915
12.201195 1528546644.889295 0.000139 0.000171 0.000703 136.265088
12.213886 1528546644.901987 0.000139 0.000171 0.000702 136.248586
12.226592 1528546644.914692 0.000139 0.000170 0.000708 136.087018
12.238802 1528546644.926903 0.000139 0.000172 0.000705 136.465217
12.251116 1528546644.939217 0.000139 0.000172 0.000702 136.489155
12.263716 1528546644.951817 0.000138 0.000172 0.000706 136.512785
12.276327 1528546644.964427 0.000138 0.000172 0.000706 136.432980
12.288816 1528546644.976917 0.000138 0.000172 0.000701 136.630705
12.301494 1528546644.989595 0.000139 0.000172 0.000703 136.420660
12.314114 1528546645.002215 0.000139 0.000172 0.000702 136.532252
12.326246 1528546645.014347 0.000138 0.000172 0.000701 136.518202
12.338988 1528546645.027089 0.000138 0.000172 0.000701 136.707324
12.351627 1528546645.039728 0.000138 0.000171 0.000702 136.593528
12.364059 1528546645.052160 0.000138 0.000171 0.000703 136.580528
12.376678 1528546645.064779 0.000138 0.000170 0.000706 136.552794
12.390272 1528546645.078373 0.000138 0.000170 0.000703 136.512285
12.403100 1528546645.091201 0.000138 0.000170 0.000704 136.556783
12.414965 1528546645.103065 0.000138 0.000171 0.000703 136.579203
12.427540 1528546645.115641 0.000138 0.000170 0.000696 136.520171
12.439688 1528546645.127789 0.000138 0.000170 0.000702 136.644153
12.451573 1528546645.139674 0.000138 0.000171 0.000700 136.805985
