-3.332438 1529524028.969506 0.000018 0.000115 0.000499 56.556625
-3.319958 1529524028.981986 0.000080 0.000470 0.000475 77.401869
-3.307415 1529524028.994530 0.000079 0.000553 0.001048 74.241295
-3.295202 1529524029.006742 0.000371 0.000602 0.001258 94.067960
-3.282478 1529524029.019467 0.000267 0.000604 0.001124 49.157962
-3.270129 1529524029.031815 0.000289 0.000762 0.000843 43.867556
-3.257780 1529524029.044164 0.000250 0.000546 0.000749 36.900073
-3.244865 1529524029.057079 0.000288 0.000500 0.001251 51.582483
-3.232236 1529524029.069708 0.000191 0.000783 0.001787 74.308045
-3.219917 1529524029.082027 0.000123 0.001075 0.001719 77.173385
-3.207218 1529524029.094726 0.000139 0.001010 0.001856 80.528113
-3.194579 1529524029.107365 0.000154 0.000915 0.001474 70.959646
-3.182352 1529524029.119592 0.000142 0.000710 0.001017 55.869883
-3.170088 1529524029.131856 0.000178 0.000600 0.000878 57.303685
-3.156554 1529524029.145390 0.000175 0.000464 0.000890 65.592282
-3.144272 1529524029.157672 0.000162 0.000291 0.000937 61.625448
-3.131641 1529524029.170303 0.000156 0.000250 0.000938 60.682009
-3.119509 1529524029.182435 0.000168 0.000257 0.000822 59.611931
-3.107579 1529524029.194366 0.000213 0.000326 0.000793 62.104191
-3.095157 1529524029.206787 0.000208 0.000610 0.000658 24.218553
-3.082644 1529524029.219301 0.000260 0.000311 0.000665 65.385614
-3.070117 1529524029.231827 0.000183 0.000442 0.000733 88.170172
-3.057648 1529524029.244296 0.000174 0.000765 0.000893 97.854497
-3.045359 1529524029.256585 0.000183 0.000484 0.000675 62.438786
-3.032830 1529524029.269115 0.000174 0.000286 0.000673 67.503570
-3.020411 1529524029.281533 0.000175 0.000264 0.000587 65.782414
-3.007811 1529524029.294134 0.000180 0.000207 0.000567 60.341196
-2.994947 1529524029.306998 0.000163 0.000194 0.000590 58.477564
-2.982317 1529524029.319627 0.000148 0.000190 0.000612 57.545035
-2.969486 1529524029.332458 0.000146 0.000186 0.000632 57.323343
-2.956596 1529524029.345348 0.000146 0.000183 0.000636 57.226441
-2.944570 1529524029.357374 0.000145 0.000183 0.000647 57.363974
-2.932150 1529524029.369795 0.000144 0.000185 0.000653 57.068269
-2.919268 1529524029.382676 0.000143 0.000185 0.000631 56.561853
-2.907136 1529524029.394808 0.000142 0.000185 0.000612 55.690076
-2.894466 1529524029.407478 0.000141 0.000180 0.000599 54.645291
-2.881675 1529524029.420269 0.000141 0.000180 0.000581 54.249616
-2.869560 1529524029.432385 0.000141 0.000177 0.000572 53.583316
-2.857294 1529524029.444650 0.000141 0.000177 0.000567 53.288210
-2.844803 1529524029.457141 0.000141 0.000176 0.000561 52.297458
-2.832515 1529524029.469429 0.000139 0.000174 0.000564 52.464692
-2.820109 1529524029.481835 0.000137 0.000170 0.000574 52.101600
-2.807395 1529524029.494549 0.000139 0.000169 0.000561 50.744929
-2.795108 1529524029.506836 0.000139 0.000167 0.000561 49.524184
-2.782360 1529524029.519584 0.000139 0.000164 0.000553 49.085486
-2.769876 1529524029.532068 0.000139 0.000164 0.000550 48.706932
-2.757488 1529524029.544456 0.000138 0.000163 0.000558 48.667226
-2.744140 1529524029.557805 0.000138 0.000165 0.000554 48.288798
-2.731759 1529524029.570185 0.000137 0.000163 0.000559 48.499905
-2.719752 1529524029.582192 0.000137 0.000164 0.000558 48.641540
-2.706703 1529524029.595241 0.000135 0.000162 0.000559 48.694433
-2.694322 1529524029.607622 0.000134 0.000162 0.000555 48.449712
-2.682150 1529524029.619795 0.000134 0.000162 0.000550 48.358237
-2.669393 1529524029.632551 0.000134 0.000163 0.000549 48.438263
-2.657290 1529524029.644654 0.000132 0.000160 0.000546 47.979849
-2.644869 1529524029.657076 0.000132 0.000161 0.000541 47.904155
-2.631934 1529524029.670010 0.000131 0.000161 0.000542 48.000212
-2.619398 1529524029.682546 0.000132 0.000159 0.000540 48.023777
-2.607353 1529524029.694591 0.000131 0.000159 0.000535 47.781412
-2.594680 1529524029.707264 0.000131 0.000160 0.000531 47.255060
-2.582009 1529524029.719935 0.000129 0.000158 0.000536 47.686112
-2.569792 1529524029.732152 0.000130 0.000158 0.000531 47.489483
-2.556463 1529524029.745481 0.000129 0.000158 0.000528 47.559521
-2.544633 1529524029.757312 0.000129 0.000158 0.000530 47.444822
-2.532179 1529524029.769765 0.000128 0.000160 0.000522 47.387715
-2.520001 1529524029.781943 0.000129 0.000159 0.000524 46.966565
-2.507204 1529524029.794740 0.000129 0.000158 0.000521 47.147752
-2.494732 1529524029.807213 0.000128 0.000158 0.000516 46.987335
-2.482221 1529524029.819723 0.000127 0.000156 0.000517 47.163521
-2.469737 1529524029.832207 0.000128 0.000156 0.000519 46.563594
-2.457183 1529524029.844761 0.000127 0.000156 0.000520 46.806017
-2.443548 1529524029.858396 0.000127 0.000156 0.000516 46.726206
-2.432327 1529524029.869618 0.000127 0.000156 0.000514 46.483908
-2.420237 1529524029.881707 0.000128 0.000157 0.000509 46.080028
-2.407732 1529524029.894212 0.000127 0.000157 0.000514 46.304979
-2.394979 1529524029.906965 0.000127 0.000158 0.000513 46.032593
-2.382597 1529524029.919347 0.000126 0.000156 0.000511 45.894481
-2.370111 1529524029.931833 0.000127 0.000157 0.000513 45.799585
-2.357694 1529524029.944250 0.000127 0.000155 0.000510 45.827412
-2.344948 1529524029.956997 0.000127 0.000156 0.000511 45.696496
-2.332621 1529524029.969324 0.000126 0.000155 0.000509 45.920511
-2.320139 1529524029.981806 0.000127 0.000156 0.000509 45.709788
-2.307554 1529524029.994390 0.000126 0.000155 0.000511 45.727613
-2.294916 1529524030.007029 0.000127 0.000156 0.000511 45.501578
-2.282659 1529524030.019285 0.000125 0.000155 0.000506 45.450282
-2.269730 1529524030.032215 0.000126 0.000156 0.000505 45.237297
-2.257587 1529524030.044357 0.000125 0.000156 0.000509 45.183195
-2.244810 1529524030.057135 0.000125 0.000154 0.000509 45.357263
-2.232468 1529524030.069476 0.000124 0.000154 0.000508 45.552712
-2.220075 1529524030.081869 0.000124 0.000154 0.000510 45.339680
-2.207671 1529524030.094273 0.000124 0.000155 0.000506 44.917086
-2.194835 1529524030.107109 0.000123 0.000154 0.000511 45.375751
-2.182442 1529524030.119502 0.000125 0.000156 0.000500 45.336111
-2.169724 1529524030.132221 0.000123 0.000154 0.000507 45.021574
-2.157355 1529524030.144589 0.000124 0.000154 0.000507 45.334578
-2.144876 1529524030.157068 0.000123 0.000154 0.000508 45.118769
-2.132406 1529524030.169538 0.000123 0.000154 0.000509 44.754611
-2.119990 1529524030.181955 0.000123 0.000154 0.000503 45.111480
-2.106965 1529524030.194979 0.000122 0.000153 0.000505 44.841438
-2.094554 1529524030.207390 0.000121 0.000154 0.000509 44.858393
-2.082333 1529524030.219611 0.000122 0.000153 0.000504 44.574720
-2.069958 1529524030.231986 0.000121 0.000152 0.000506 44.759355
-2.057652 1529524030.244292 0.000121 0.000151 0.000505 44.359262
-2.044510 1529524030.257434 0.000120 0.000153 0.000507 44.569936
-2.031966 1529524030.269978 0.000120 0.000152 0.000503 44.553223
-2.020053 1529524030.281892 0.000119 0.000151 0.000510 44.604072
-2.007064 1529524030.294880 0.000120 0.000151 0.000509 44.617217
-1.994633 1529524030.307312 0.000119 0.000152 0.000506 44.487409
-1.982266 1529524030.319678 0.000119 0.000152 0.000502 44.691347
-1.969109 1529524030.332836 0.000119 0.000152 0.000506 44.693842
-1.956533 1529524030.345412 0.000118 0.000151 0.000507 44.513929
-1.943916 1529524030.358028 0.000118 0.000150 0.000506 44.457751
-1.932148 1529524030.369796 0.000118 0.000149 0.000507 44.361808
-1.919939 1529524030.382005 0.000118 0.000149 0.000509 44.329238
-1.907336 1529524030.394608 0.000118 0.000148 0.000506 43.916820
-1.894796 1529524030.407148 0.000117 0.000149 0.000507 44.206914
-1.882409 1529524030.419535 0.000117 0.000149 0.000506 44.311925
-1.870219 1529524030.431725 0.000117 0.000148 0.000507 43.871005
-1.857520 1529524030.444424 0.000117 0.000149 0.000506 44.009236
-1.844699 1529524030.457245 0.000118 0.000148 0.000507 44.042356
-1.832403 1529524030.469541 0.000120 0.000149 0.000496 43.868852
-1.820129 1529524030.481815 0.000122 0.000148 0.000497 43.313913
-1.807596 1529524030.494348 0.000119 0.000150 0.000508 43.084645
-1.794702 1529524030.507243 0.000118 0.000150 0.000515 42.844499
-1.782188 1529524030.519757 0.000119 0.000151 0.000510 42.506390
-1.769579 1529524030.532365 0.000119 0.000150 0.000512 42.633609
-1.757095 1529524030.544849 0.000119 0.000149 0.000510 42.118131
-1.744630 1529524030.557314 0.000119 0.000151 0.000508 42.530623
-1.731936 1529524030.570008 0.000119 0.000151 0.000510 42.194824
-1.719418 1529524030.582526 0.000119 0.000152 0.000512 42.546744
-1.706925 1529524030.595019 0.000120 0.000151 0.000518 42.965345
-1.694649 1529524030.607295 0.000120 0.000153 0.000509 42.626677
-1.682013 1529524030.619932 0.000120 0.000152 0.000510 42.855761
-1.669657 1529524030.632287 0.000121 0.000152 0.000515 42.681537
-1.657287 1529524030.644657 0.000121 0.000156 0.000506 42.820431
-1.644649 1529524030.657295 0.000121 0.000153 0.000511 42.717221
-1.632240 1529524030.669704 0.000122 0.000153 0.000510 42.704691
-1.619792 1529524030.682153 0.000121 0.000153 0.000511 42.509099
-1.607369 1529524030.694575 0.000120 0.000152 0.000507 42.543583
-1.594808 1529524030.707137 0.000121 0.000152 0.000503 42.798707
-1.582074 1529524030.719870 0.000120 0.000151 0.000511 42.672279
-1.569811 1529524030.732133 0.000119 0.000152 0.000515 42.646039
-1.557235 1529524030.744709 0.000119 0.000154 0.000506 42.381381
-1.544736 1529524030.757208 0.000120 0.000151 0.000512 42.360857
-1.532028 1529524030.769916 0.000120 0.000152 0.000506 42.294289
-1.519743 1529524030.782202 0.000120 0.000154 0.000505 42.301612
-1.506942 1529524030.795002 0.000120 0.000154 0.000506 42.127449
-1.494504 1529524030.807441 0.000121 0.000153 0.000508 42.226159
-1.482410 1529524030.819534 0.000120 0.000154 0.000500 42.159116
-1.469953 1529524030.831991 0.000121 0.000152 0.000510 42.592121
-1.457303 1529524030.844641 0.000120 0.000154 0.000507 42.457877
-1.444154 1529524030.857790 0.000120 0.000155 0.000508 42.084309
-1.431350 1529524030.870594 0.000120 0.000154 0.000506 42.442871
-1.419270 1529524030.882674 0.000121 0.000155 0.000508 42.343846
-1.406892 1529524030.895052 0.000121 0.000154 0.000509 42.374743
-1.394175 1529524030.907769 0.000116 0.000155 0.000514 42.851829
-1.381768 1529524030.920177 0.000110 0.000159 0.000510 43.393842
-1.369215 1529524030.932730 0.000105 0.000160 0.000513 45.012723
-1.356276 1529524030.945669 0.000104 0.000162 0.000517 45.253765
-1.344133 1529524030.957811 0.000104 0.000162 0.000523 45.367813
-1.332410 1529524030.969534 0.000102 0.000161 0.000529 45.347669
-1.319149 1529524030.982795 0.000103 0.000162 0.000525 45.254961
-1.306790 1529524030.995154 0.000103 0.000160 0.000526 45.127098
-1.294106 1529524031.007838 0.000103 0.000160 0.000529 45.050613
-1.282325 1529524031.019619 0.000104 0.000161 0.000525 44.988079
-1.269949 1529524031.031996 0.000104 0.000161 0.000531 45.074714
-1.257475 1529524031.044469 0.000105 0.000161 0.000528 45.146784
-1.243840 1529524031.058105 0.000105 0.000161 0.000531 45.039899
-1.231518 1529524031.070427 0.000106 0.000161 0.000526 44.960249
-1.218812 1529524031.083133 0.000107 0.000162 0.000525 45.268489
-1.206591 1529524031.095353 0.000108 0.000160 0.000530 44.845345
-1.194064 1529524031.107880 0.000107 0.000164 0.000525 44.663518
-1.182045 1529524031.119900 0.000108 0.000160 0.000529 44.680764
-1.169424 1529524031.132521 0.000107 0.000161 0.000527 44.949615
-1.156541 1529524031.145403 0.000107 0.000161 0.000529 44.749890
-1.144515 1529524031.157429 0.000107 0.000160 0.000539 44.721110
-1.132402 1529524031.169542 0.000109 0.000159 0.000557 45.261100
-1.119087 1529524031.182857 0.000112 0.000159 0.000557 45.002241
-1.106740 1529524031.195204 0.000115 0.000159 0.000554 44.054919
-1.094791 1529524031.207153 0.000116 0.000158 0.000558 43.939526
-1.082439 1529524031.219505 0.000116 0.000158 0.000553 43.849144
-1.070131 1529524031.231813 0.000116 0.000157 0.000560 43.809829
-1.057577 1529524031.244367 0.000115 0.000158 0.000557 44.003929
-1.044944 1529524031.257000 0.000115 0.000159 0.000549 43.657691
-1.032704 1529524031.269240 0.000114 0.000160 0.000549 43.904874
-1.019314 1529524031.282630 0.000114 0.000160 0.000547 43.693656
-1.007356 1529524031.294588 0.000114 0.000159 0.000547 43.866993
-0.995031 1529524031.306913 0.000112 0.000158 0.000547 43.680180
-0.982582 1529524031.319362 0.000112 0.000156 0.000553 43.697923
-0.970160 1529524031.331784 0.000111 0.000158 0.000543 43.601847
-0.957763 1529524031.344182 0.000110 0.000155 0.000547 43.451815
-0.944927 1529524031.357018 0.000109 0.000156 0.000545 43.187553
-0.931307 1529524031.370637 0.000109 0.000153 0.000557 43.152665
-0.918951 1529524031.382993 0.000109 0.000155 0.000541 43.174094
-0.905400 1529524031.396544 0.000109 0.000157 0.000542 43.202109
-0.894428 1529524031.407516 0.000109 0.000156 0.000542 43.262554
-0.882439 1529524031.419505 0.000108 0.000157 0.000539 43.077262
-0.869974 1529524031.431970 0.000108 0.000155 0.000548 43.388378
-0.857643 1529524031.444301 0.000108 0.000155 0.000551 43.293153
-0.845006 1529524031.456939 0.000109 0.000154 0.000542 43.221782
-0.832466 1529524031.469478 0.000108 0.000156 0.000542 43.298267
-0.819940 1529524031.482005 0.000108 0.000156 0.000547 43.655770
-0.807386 1529524031.494559 0.000108 0.000155 0.000544 43.528636
-0.795140 1529524031.506804 0.000108 0.000156 0.000546 43.721169
-0.782688 1529524031.519257 0.000108 0.000153 0.000553 43.684714
-0.768742 1529524031.533202 0.000109 0.000156 0.000544 43.705827
-0.756434 1529524031.545510 0.000108 0.000154 0.000548 43.611002
-0.743677 1529524031.558267 0.000109 0.000155 0.000546 43.826535
-0.731594 1529524031.570350 0.000108 0.000154 0.000546 43.653166
-0.718713 1529524031.583231 0.000109 0.000152 0.000550 43.841819
-0.706180 1529524031.595765 0.000108 0.000154 0.000553 43.870151
-0.694289 1529524031.607655 0.000108 0.000156 0.000539 43.729256
-0.681808 1529524031.620136 0.000108 0.000156 0.000541 43.713079
-0.669580 1529524031.632364 0.000108 0.000156 0.000546 43.652170
-0.656783 1529524031.645161 0.000107 0.000155 0.000543 43.729280
-0.644237 1529524031.657707 0.000108 0.000155 0.000547 43.621036
-0.631656 1529524031.670288 0.000107 0.000154 0.000549 43.520610
-0.618543 1529524031.683401 0.000107 0.000154 0.000546 43.599473
-0.605583 1529524031.696361 0.000108 0.000154 0.000549 43.824672
-0.594409 1529524031.707535 0.000108 0.000155 0.000548 43.632476
-0.582209 1529524031.719735 0.000107 0.000152 0.000550 43.978191
-0.569807 1529524031.732137 0.000107 0.000153 0.000547 44.040708
-0.556973 1529524031.744972 0.000108 0.000155 0.000549 43.842657
-0.544675 1529524031.757269 0.000108 0.000154 0.000545 43.831747
-0.532073 1529524031.769871 0.000107 0.000156 0.000541 43.494592
-0.519386 1529524031.782559 0.000108 0.000155 0.000551 43.803329
-0.507254 1529524031.794691 0.000107 0.000156 0.000549 43.834067
-0.494645 1529524031.807300 0.000108 0.000154 0.000552 43.705228
-0.482390 1529524031.819555 0.000108 0.000155 0.000552 43.846836
-0.469478 1529524031.832466 0.000108 0.000155 0.000548 43.720827
-0.457345 1529524031.844599 0.000108 0.000155 0.000552 43.672346
-0.444563 1529524031.857381 0.000108 0.000157 0.000548 43.579342
-0.432315 1529524031.869630 0.000109 0.000153 0.000548 44.087152
-0.419317 1529524031.882627 0.000109 0.000155 0.000549 43.610484
-0.406754 1529524031.895190 0.000109 0.000155 0.000545 43.918272
-0.394759 1529524031.907185 0.000108 0.000155 0.000542 43.653759
-0.381759 1529524031.920185 0.000108 0.000156 0.000544 43.782338
-0.369733 1529524031.932212 0.000109 0.000155 0.000547 43.859002
-0.356947 1529524031.944997 0.000109 0.000157 0.000543 43.756768
-0.344432 1529524031.957513 0.000109 0.000157 0.000543 43.608935
-0.332156 1529524031.969789 0.000109 0.000155 0.000544 43.624423
-0.319444 1529524031.982500 0.000109 0.000157 0.000546 43.847088
-0.306688 1529524031.995256 0.000110 0.000157 0.000541 43.661963
-0.293545 1529524032.008400 0.000110 0.000156 0.000544 43.830337
-0.281114 1529524032.020830 0.000109 0.000157 0.000544 43.605465
-0.268740 1529524032.033205 0.000110 0.000157 0.000544 43.791310
-0.256699 1529524032.045245 0.000110 0.000157 0.000544 43.854750
-0.244954 1529524032.056990 0.000110 0.000156 0.000540 43.758985
-0.232333 1529524032.069612 0.000109 0.000156 0.000545 44.107417
-0.219979 1529524032.081965 0.000109 0.000156 0.000542 43.954691
-0.207454 1529524032.094490 0.000109 0.000157 0.000546 43.754352
-0.194905 1529524032.107039 0.000109 0.000155 0.000542 43.774090
-0.182424 1529524032.119520 0.000109 0.000156 0.000543 43.890999
-0.169792 1529524032.132152 0.000109 0.000155 0.000545 44.007385
-0.156587 1529524032.145357 0.000109 0.000157 0.000545 44.024054
-0.143599 1529524032.158345 0.000109 0.000155 0.000549 43.620056
-0.131561 1529524032.170383 0.000108 0.000156 0.000547 44.017610
-0.119053 1529524032.182891 0.000109 0.000156 0.000539 43.918268
-0.106410 1529524032.195535 0.000108 0.000154 0.000550 44.017392
-0.094479 1529524032.207466 0.000109 0.000156 0.000546 43.923375
-0.082050 1529524032.219895 0.000109 0.000155 0.000545 43.937419
-0.069701 1529524032.232243 0.000108 0.000157 0.000542 43.676851
-0.056953 1529524032.244992 0.000110 0.000157 0.000530 44.163454
-0.043756 1529524032.258188 0.000117 0.000152 0.000525 43.217886
-0.031164 1529524032.270781 0.000122 0.000152 0.000511 42.347832
-0.018379 1529524032.283565 0.000121 0.000150 0.000517 41.891882
-0.006135 1529524032.295809 0.000119 0.000148 0.000522 41.447279
0.005686 1529524032.307630 0.000121 0.000149 0.000520 41.667587
0.017957 1529524032.319902 0.000119 0.000149 0.000517 41.264924
0.030183 1529524032.332127 0.000118 0.000149 0.000517 41.330929
0.042740 1529524032.344684 0.000118 0.000148 0.000521 41.588164
0.055177 1529524032.357122 0.000118 0.000148 0.000515 41.479301
0.067564 1529524032.369508 0.000117 0.000149 0.000514 41.450870
0.080809 1529524032.382753 0.000117 0.000148 0.000507 41.299746
0.093244 1529524032.395188 0.000117 0.000147 0.000512 41.467642
0.105605 1529524032.407549 0.000117 0.000148 0.000514 41.396770
0.118323 1529524032.420267 0.000116 0.000147 0.000514 40.992140
0.130578 1529524032.432522 0.000116 0.000147 0.000518 41.298745
0.143370 1529524032.445314 0.000116 0.000147 0.000514 41.211763
0.155790 1529524032.457734 0.000115 0.000147 0.000514 41.019245
0.168544 1529524032.470489 0.000115 0.000145 0.000520 41.214411
0.180496 1529524032.482440 0.000114 0.000145 0.000517 40.822172
0.193923 1529524032.495868 0.000114 0.000146 0.000516 40.884655
0.206325 1529524032.508269 0.000114 0.000146 0.000511 40.665757
0.218596 1529524032.520541 0.000113 0.000144 0.000515 40.688660
0.230466 1529524032.532410 0.000113 0.000143 0.000520 41.024408
0.243720 1529524032.545665 0.000113 0.000145 0.000514 40.810357
0.256334 1529524032.558279 0.000113 0.000140 0.000511 40.815241
0.268407 1529524032.570351 0.000109 0.000139 0.000528 40.987741
0.280705 1529524032.582650 0.000106 0.000138 0.000536 40.291006
0.293521 1529524032.595465 0.000105 0.000137 0.000538 40.389371
0.305544 1529524032.607488 0.000105 0.000136 0.000533 40.448151
0.318456 1529524032.620400 0.000104 0.000134 0.000539 40.394365
0.330891 1529524032.632835 0.000104 0.000134 0.000535 40.135859
0.343420 1529524032.645365 0.000104 0.000135 0.000533 39.799444
0.355679 1529524032.657624 0.000104 0.000135 0.000532 39.741596
0.368337 1529524032.670282 0.000104 0.000135 0.000530 39.981388
0.380846 1529524032.682790 0.000104 0.000133 0.000531 39.668404
0.393103 1529524032.695048 0.000103 0.000134 0.000528 39.532369
0.405753 1529524032.707697 0.000103 0.000133 0.000536 39.718219
0.418492 1529524032.720436 0.000103 0.000133 0.000531 39.451526
0.430647 1529524032.732592 0.000103 0.000132 0.000530 39.813005
0.443340 1529524032.745284 0.000102 0.000132 0.000533 39.607474
0.455765 1529524032.757709 0.000103 0.000133 0.000529 39.522380
0.468174 1529524032.770118 0.000103 0.000133 0.000528 39.367339
0.480818 1529524032.782763 0.000102 0.000132 0.000533 39.655982
0.493088 1529524032.795033 0.000102 0.000132 0.000536 39.900431
0.505879 1529524032.807823 0.000102 0.000132 0.000534 39.558308
0.518237 1529524032.820181 0.000102 0.000131 0.000533 39.627021
0.530675 1529524032.832619 0.000101 0.000131 0.000535 39.636333
0.543956 1529524032.845900 0.000101 0.000131 0.000534 39.539218
0.555663 1529524032.857607 0.000101 0.000132 0.000530 39.811037
0.568449 1529524032.870393 0.000100 0.000131 0.000534 39.490457
0.580688 1529524032.882632 0.000100 0.000131 0.000535 39.243519
0.593520 1529524032.895465 0.000102 0.000131 0.000524 38.910421
0.606190 1529524032.908134 0.000101 0.000129 0.000527 38.527195
0.618643 1529524032.920588 0.000098 0.000130 0.000515 38.621653
0.631217 1529524032.933161 0.000096 0.000129 0.000520 39.513195
0.644112 1529524032.946056 0.000095 0.000128 0.000521 39.685957
0.656149 1529524032.958094 0.000095 0.000128 0.000525 39.306019
0.667929 1529524032.969873 0.000094 0.000127 0.000525 39.485530
0.680313 1529524032.982257 0.000093 0.000127 0.000529 39.511051
0.692932 1529524032.994876 0.000094 0.000127 0.000523 39.453023
0.705705 1529524033.007649 0.000094 0.000127 0.000522 39.625005
0.718108 1529524033.020052 0.000093 0.000125 0.000526 39.453278
0.730816 1529524033.032760 0.000093 0.000125 0.000527 39.788973
0.744128 1529524033.046072 0.000093 0.000125 0.000530 39.685486
0.755653 1529524033.057598 0.000094 0.000125 0.000526 39.525574
0.768532 1529524033.070476 0.000094 0.000126 0.000520 39.221135
0.781178 1529524033.083122 0.000093 0.000126 0.000525 39.370019
0.794344 1529524033.096288 0.000093 0.000126 0.000525 39.293421
0.806035 1529524033.107979 0.000093 0.000125 0.000524 39.580885
0.818493 1529524033.120438 0.000093 0.000126 0.000523 39.373336
0.830730 1529524033.132674 0.000093 0.000125 0.000524 39.515622
0.843505 1529524033.145449 0.000093 0.000125 0.000522 39.478930
0.856195 1529524033.158139 0.000092 0.000126 0.000522 39.535348
0.868658 1529524033.170602 0.000093 0.000126 0.000522 39.130962
0.880879 1529524033.182823 0.000093 0.000126 0.000525 39.571882
0.893723 1529524033.195667 0.000094 0.000128 0.000530 40.085086
0.905907 1529524033.207851 0.000095 0.000129 0.000544 41.814577
0.918310 1529524033.220254 0.000098 0.000136 0.000557 43.557912
0.931221 1529524033.233165 0.000101 0.000137 0.000570 45.973126
0.943462 1529524033.245406 0.000104 0.000144 0.000594 50.404766
0.955976 1529524033.257920 0.000107 0.000154 0.000613 54.210391
0.968685 1529524033.270629 0.000112 0.000166 0.000636 56.982432
0.981664 1529524033.283608 0.000114 0.000175 0.000620 59.558643
0.993830 1529524033.295774 0.000116 0.000188 0.000628 62.626382
1.005951 1529524033.307895 0.000117 0.000197 0.000618 64.773465
1.018379 1529524033.320323 0.000117 0.000208 0.000622 67.274989
1.030793 1529524033.332737 0.000114 0.000214 0.000645 69.606640
1.043744 1529524033.345688 0.000115 0.000224 0.000664 71.192080
1.056147 1529524033.358091 0.000116 0.000231 0.000690 72.844288
1.068359 1529524033.370303 0.000116 0.000236 0.000725 74.018807
1.080551 1529524033.382495 0.000116 0.000245 0.000753 75.418791
1.093770 1529524033.395714 0.000117 0.000252 0.000768 77.124834
1.106568 1529524033.408513 0.000118 0.000264 0.000744 78.858250
1.118795 1529524033.420739 0.000116 0.000269 0.000721 81.444769
1.131207 1529524033.433151 0.000115 0.000269 0.000700 84.802178
1.143252 1529524033.445196 0.000118 0.000251 0.000677 87.180717
1.155542 1529524033.457487 0.000121 0.000241 0.000680 88.850591
1.167997 1529524033.469941 0.000124 0.000235 0.000679 90.984563
1.181675 1529524033.483620 0.000126 0.000232 0.000676 92.049191
1.194662 1529524033.496606 0.000128 0.000233 0.000665 93.590286
1.206511 1529524033.508456 0.000128 0.000229 0.000660 93.830249
1.218296 1529524033.520241 0.000128 0.000228 0.000655 94.129908
1.231951 1529524033.533895 0.000129 0.000229 0.000651 94.605918
1.244423 1529524033.546368 0.000130 0.000230 0.000648 94.662057
1.256617 1529524033.558561 0.000132 0.000224 0.000649 94.736117
1.267931 1529524033.569875 0.000131 0.000223 0.000654 94.411434
1.280239 1529524033.582183 0.000130 0.000223 0.000654 93.880859
1.292980 1529524033.594924 0.000130 0.000219 0.000654 93.596635
1.305286 1529524033.607230 0.000129 0.000219 0.000654 93.401622
1.318124 1529524033.620068 0.000130 0.000219 0.000651 93.096416
1.330419 1529524033.632363 0.000128 0.000219 0.000653 92.744582
1.342812 1529524033.644756 0.000128 0.000220 0.000660 92.709703
1.355392 1529524033.657336 0.000127 0.000220 0.000655 92.532715
1.367873 1529524033.669818 0.000128 0.000222 0.000662 92.645153
1.380403 1529524033.682348 0.000128 0.000224 0.000658 92.536323
1.392833 1529524033.694778 0.000129 0.000225 0.000659 92.521612
1.405456 1529524033.707401 0.000127 0.000227 0.000663 92.344200
1.417940 1529524033.719884 0.000127 0.000225 0.000655 92.396601
1.431091 1529524033.733035 0.000128 0.000225 0.000656 92.450333
1.443034 1529524033.744978 0.000127 0.000228 0.000654 92.417727
1.455592 1529524033.757536 0.000128 0.000225 0.000643 92.853010
1.468984 1529524033.770928 0.000128 0.000229 0.000646 93.300148
1.481550 1529524033.783495 0.000128 0.000226 0.000643 93.463395
1.494176 1529524033.796120 0.000129 0.000222 0.000635 94.177331
1.506208 1529524033.808152 0.000130 0.000223 0.000622 95.155125
1.519012 1529524033.820956 0.000132 0.000222 0.000616 95.694519
1.530591 1529524033.832535 0.000132 0.000222 0.000611 96.240002
1.543379 1529524033.845323 0.000133 0.000223 0.000613 96.551577
1.555370 1529524033.857315 0.000131 0.000226 0.000612 96.674968
1.567755 1529524033.869699 0.000132 0.000225 0.000608 96.740632
1.580479 1529524033.882424 0.000136 0.000226 0.000611 97.395327
1.592868 1529524033.894812 0.000133 0.000229 0.000613 96.859523
1.605253 1529524033.907197 0.000136 0.000227 0.000613 97.369557
1.617770 1529524033.919715 0.000138 0.000226 0.000620 97.545370
1.631673 1529524033.933617 0.000137 0.000225 0.000611 97.681896
1.644368 1529524033.946312 0.000136 0.000229 0.000613 98.265986
1.656644 1529524033.958588 0.000137 0.000229 0.000619 97.970839
1.669681 1529524033.971625 0.000138 0.000230 0.000620 97.384022
1.682009 1529524033.983953 0.000139 0.000228 0.000619 97.532505
1.693981 1529524033.995925 0.000141 0.000229 0.000615 97.578362
1.705226 1529524034.007170 0.000142 0.000230 0.000610 97.322875
1.718071 1529524034.020015 0.000142 0.000231 0.000612 97.381009
1.730547 1529524034.032492 0.000144 0.000232 0.000611 97.514741
1.742908 1529524034.044852 0.000148 0.000233 0.000604 97.682820
1.755384 1529524034.057328 0.000148 0.000236 0.000606 97.819078
1.768004 1529524034.069948 0.000153 0.000236 0.000608 97.818000
1.780928 1529524034.082872 0.000155 0.000233 0.000606 98.125289
1.793289 1529524034.095233 0.000158 0.000232 0.000600 98.168466
1.805645 1529524034.107589 0.000160 0.000231 0.000598 98.148537
1.818683 1529524034.120628 0.000160 0.000231 0.000598 97.727925
1.831147 1529524034.133091 0.000160 0.000229 0.000605 97.418318
1.843734 1529524034.145679 0.000161 0.000229 0.000597 97.307699
1.855890 1529524034.157834 0.000162 0.000231 0.000605 96.880901
1.868762 1529524034.170707 0.000160 0.000227 0.000617 96.223904
1.881347 1529524034.183291 0.000162 0.000232 0.000614 95.974665
1.893328 1529524034.195273 0.000162 0.000231 0.000620 95.292945
1.905923 1529524034.207867 0.000161 0.000232 0.000623 94.707496
1.918209 1529524034.220153 0.000158 0.000231 0.000628 93.847996
1.930845 1529524034.232789 0.000157 0.000232 0.000632 92.889030
1.942926 1529524034.244870 0.000155 0.000235 0.000644 92.165810
1.955653 1529524034.257597 0.000154 0.000234 0.000644 91.544576
1.967948 1529524034.269893 0.000152 0.000236 0.000644 90.997930
1.980818 1529524034.282763 0.000152 0.000237 0.000642 90.446079
1.994007 1529524034.295951 0.000152 0.000239 0.000642 90.138707
2.006360 1529524034.308305 0.000151 0.000241 0.000635 89.338800
2.019274 1529524034.321218 0.000151 0.000241 0.000633 88.970077
2.031906 1529524034.333850 0.000152 0.000242 0.000629 88.693877
2.043626 1529524034.345571 0.000151 0.000242 0.000632 88.464489
2.055833 1529524034.357777 0.000149 0.000243 0.000635 88.188849
2.068367 1529524034.370311 0.000150 0.000247 0.000640 88.083251
2.080784 1529524034.382728 0.000150 0.000247 0.000634 87.571719
2.093356 1529524034.395301 0.000148 0.000246 0.000628 87.287778
2.105618 1529524034.407562 0.000148 0.000248 0.000625 87.224688
2.118024 1529524034.419968 0.000148 0.000249 0.000613 87.129453
2.130665 1529524034.432609 0.000148 0.000247 0.000612 87.118680
2.143730 1529524034.445674 0.000149 0.000246 0.000611 87.415927
2.156016 1529524034.457960 0.000149 0.000249 0.000610 87.501125
2.168524 1529524034.470468 0.000151 0.000252 0.000616 88.620859
2.181306 1529524034.483250 0.000154 0.000246 0.000595 88.262155
2.193240 1529524034.495184 0.000155 0.000245 0.000603 88.994321
2.205956 1529524034.507900 0.000156 0.000243 0.000592 90.133106
2.219104 1529524034.521049 0.000159 0.000246 0.000598 91.683457
2.231602 1529524034.533546 0.000160 0.000247 0.000594 92.520948
2.243689 1529524034.545633 0.000161 0.000245 0.000588 92.719451
2.256400 1529524034.558345 0.000160 0.000241 0.000587 93.373324
2.269272 1529524034.571216 0.000162 0.000241 0.000589 94.391693
2.281243 1529524034.583188 0.000163 0.000241 0.000583 94.588336
2.293301 1529524034.595246 0.000162 0.000240 0.000592 95.094902
2.305829 1529524034.607773 0.000164 0.000239 0.000600 95.376344
2.318060 1529524034.620004 0.000163 0.000237 0.000586 94.996739
2.330491 1529524034.632436 0.000162 0.000236 0.000592 94.819695
2.343242 1529524034.645186 0.000164 0.000239 0.000597 94.194802
2.355772 1529524034.657716 0.000164 0.000236 0.000583 94.358744
2.368407 1529524034.670352 0.000162 0.000240 0.000591 94.516199
2.381098 1529524034.683043 0.000162 0.000244 0.000590 94.172279
2.393544 1529524034.695488 0.000161 0.000244 0.000585 93.598620
2.405728 1529524034.707673 0.000160 0.000241 0.000584 93.514900
2.419301 1529524034.721245 0.000159 0.000240 0.000588 93.488883
2.431839 1529524034.733784 0.000159 0.000240 0.000586 93.346701
2.444206 1529524034.746150 0.000159 0.000239 0.000587 93.059146
2.456535 1529524034.758479 0.000158 0.000240 0.000595 93.086800
2.468462 1529524034.770406 0.000159 0.000240 0.000590 93.057587
2.480306 1529524034.782250 0.000157 0.000240 0.000589 92.933816
2.494133 1529524034.796077 0.000159 0.000239 0.000591 93.047081
2.506364 1529524034.808308 0.000158 0.000239 0.000596 92.705949
2.518246 1529524034.820190 0.000158 0.000239 0.000581 92.559492
2.530521 1529524034.832465 0.000157 0.000241 0.000588 92.327561
2.543394 1529524034.845339 0.000158 0.000241 0.000588 92.229094
2.556512 1529524034.858457 0.000156 0.000243 0.000581 91.894076
2.568985 1529524034.870930 0.000155 0.000240 0.000582 91.766452
2.581651 1529524034.883596 0.000154 0.000242 0.000588 91.606484
2.594523 1529524034.896467 0.000154 0.000244 0.000579 90.982420
2.607028 1529524034.908972 0.000152 0.000241 0.000573 90.705239
2.618699 1529524034.920643 0.000153 0.000242 0.000579 90.450422
2.630471 1529524034.932415 0.000152 0.000244 0.000584 90.150370
2.643194 1529524034.945138 0.000151 0.000243 0.000581 90.065555
2.656123 1529524034.958068 0.000151 0.000241 0.000573 89.720457
2.668896 1529524034.970840 0.000148 0.000241 0.000573 89.308488
2.681752 1529524034.983696 0.000148 0.000240 0.000572 89.192773
2.693696 1529524034.995641 0.000146 0.000239 0.000581 88.629819
2.705802 1529524035.007746 0.000147 0.000242 0.000584 88.342584
2.718464 1529524035.020408 0.000145 0.000242 0.000579 87.736777
2.730579 1529524035.032523 0.000143 0.000240 0.000582 87.335503
2.743380 1529524035.045324 0.000142 0.000239 0.000585 86.841820
2.756274 1529524035.058218 0.000140 0.000239 0.000593 86.067834
2.768418 1529524035.070362 0.000140 0.000239 0.000595 85.437713
2.780693 1529524035.082637 0.000135 0.000238 0.000609 85.076466
2.793027 1529524035.094972 0.000134 0.000238 0.000614 84.617342
2.805443 1529524035.107387 0.000133 0.000237 0.000612 84.156327
2.817909 1529524035.119853 0.000132 0.000236 0.000613 83.603353
2.830533 1529524035.132477 0.000130 0.000236 0.000616 83.169455
2.842794 1529524035.144738 0.000129 0.000235 0.000617 82.852863
2.855429 1529524035.157373 0.000127 0.000235 0.000618 82.487954
2.868055 1529524035.169999 0.000126 0.000237 0.000630 82.197774
2.880515 1529524035.182460 0.000124 0.000233 0.000623 81.808319
2.893241 1529524035.195185 0.000126 0.000235 0.000631 81.273094
2.905368 1529524035.207312 0.000119 0.000237 0.000634 81.151445
2.918060 1529524035.220005 0.000121 0.000239 0.000639 80.743788
2.930620 1529524035.232564 0.000119 0.000240 0.000642 80.573632
2.944489 1529524035.246433 0.000116 0.000241 0.000641 80.516126
2.957188 1529524035.259132 0.000114 0.000240 0.000646 80.369372
2.969135 1529524035.271079 0.000115 0.000242 0.000645 80.228045
2.981097 1529524035.283041 0.000114 0.000242 0.000649 80.044289
2.993729 1529524035.295673 0.000112 0.000242 0.000646 79.705173
3.005969 1529524035.307913 0.000114 0.000245 0.000655 79.482729
3.018510 1529524035.320454 0.000110 0.000246 0.000654 79.214449
3.030916 1529524035.332860 0.000110 0.000246 0.000661 79.237626
3.043491 1529524035.345435 0.000110 0.000246 0.000662 78.729996
3.055800 1529524035.357744 0.000110 0.000245 0.000657 78.611579
3.069083 1529524035.371027 0.000110 0.000247 0.000655 78.449883
3.081555 1529524035.383499 0.000108 0.000247 0.000664 78.356293
3.094661 1529524035.396606 0.000108 0.000246 0.000659 78.409004
3.106816 1529524035.408760 0.000106 0.000246 0.000659 78.313298
3.118871 1529524035.420815 0.000108 0.000246 0.000660 77.974944
3.131562 1529524035.433507 0.000106 0.000248 0.000673 77.797447
3.143956 1529524035.445900 0.000106 0.000249 0.000666 77.599166
3.155867 1529524035.457812 0.000108 0.000248 0.000675 76.803330
3.168876 1529524035.470820 0.000110 0.000245 0.000686 75.872348
3.180923 1529524035.482867 0.000109 0.000237 0.000690 75.035142
3.193400 1529524035.495344 0.000110 0.000231 0.000704 74.170164
3.205799 1529524035.507743 0.000114 0.000224 0.000710 73.295814
3.218266 1529524035.520210 0.000109 0.000215 0.000723 73.003078
3.231104 1529524035.533049 0.000111 0.000210 0.000719 72.269119
3.243414 1529524035.545358 0.000110 0.000206 0.000723 71.964733
3.255815 1529524035.557759 0.000113 0.000202 0.000730 71.299750
3.268346 1529524035.570290 0.000111 0.000201 0.000727 71.166653
3.281700 1529524035.583644 0.000111 0.000198 0.000719 70.808132
3.294862 1529524035.596807 0.000109 0.000196 0.000722 70.698696
3.306755 1529524035.608699 0.000110 0.000194 0.000721 70.310327
3.318532 1529524035.620477 0.000109 0.000193 0.000720 70.091608
3.331463 1529524035.633407 0.000108 0.000191 0.000718 69.818489
3.344016 1529524035.645961 0.000109 0.000190 0.000702 69.480626
3.356477 1529524035.658421 0.000109 0.000187 0.000694 68.949951
3.368450 1529524035.670394 0.000109 0.000186 0.000690 68.633708
3.380882 1529524035.682826 0.000107 0.000184 0.000685 68.545549
3.393263 1529524035.695207 0.000109 0.000182 0.000672 68.147166
3.405926 1529524035.707870 0.000108 0.000182 0.000667 67.929017
3.418327 1529524035.720271 0.000108 0.000180 0.000671 67.755675
3.430989 1529524035.732933 0.000108 0.000180 0.000666 67.602199
3.443456 1529524035.745400 0.000107 0.000180 0.000671 67.733467
3.455853 1529524035.757797 0.000108 0.000179 0.000663 67.387668
3.468269 1529524035.770214 0.000107 0.000178 0.000664 67.307035
3.481038 1529524035.782982 0.000107 0.000178 0.000659 67.200890
3.493428 1529524035.795372 0.000108 0.000176 0.000650 66.686152
3.506044 1529524035.807988 0.000107 0.000176 0.000642 66.840971
3.518766 1529524035.820711 0.000107 0.000176 0.000653 66.590408
3.530900 1529524035.832844 0.000106 0.000177 0.000652 66.606891
3.543721 1529524035.845665 0.000107 0.000176 0.000634 66.614832
3.555978 1529524035.857922 0.000108 0.000176 0.000636 66.392099
3.568585 1529524035.870529 0.000107 0.000175 0.000639 66.191332
3.580842 1529524035.882786 0.000105 0.000173 0.000641 66.231504
3.593617 1529524035.895561 0.000108 0.000174 0.000627 66.051576
3.605979 1529524035.907923 0.000107 0.000175 0.000643 66.047577
3.618352 1529524035.920297 0.000104 0.000175 0.000637 66.363531
3.630935 1529524035.932879 0.000108 0.000174 0.000635 65.499837
3.643577 1529524035.945521 0.000109 0.000173 0.000611 65.604118
3.656421 1529524035.958366 0.000106 0.000172 0.000631 65.607377
3.668703 1529524035.970647 0.000109 0.000173 0.000622 65.306195
3.681317 1529524035.983261 0.000107 0.000171 0.000615 65.283386
3.693902 1529524035.995846 0.000106 0.000172 0.000615 65.359089
3.706335 1529524036.008279 0.000109 0.000172 0.000608 65.021090
3.718222 1529524036.020166 0.000107 0.000171 0.000623 64.874541
3.730960 1529524036.032905 0.000107 0.000171 0.000617 65.118337
3.743344 1529524036.045288 0.000108 0.000171 0.000606 64.922939
3.755948 1529524036.057892 0.000108 0.000171 0.000611 64.712069
3.768292 1529524036.070237 0.000106 0.000170 0.000614 65.058260
3.780959 1529524036.082903 0.000109 0.000171 0.000617 64.590402
3.793514 1529524036.095459 0.000108 0.000170 0.000606 64.703900
3.806672 1529524036.108616 0.000109 0.000172 0.000605 64.721412
3.819363 1529524036.121308 0.000107 0.000170 0.000620 64.467180
3.831849 1529524036.133794 0.000109 0.000170 0.000606 64.281963
3.844869 1529524036.146814 0.000108 0.000170 0.000600 64.358796
3.856118 1529524036.158063 0.000108 0.000170 0.000601 64.295195
3.868610 1529524036.170554 0.000108 0.000170 0.000604 64.315359
3.881560 1529524036.183504 0.000110 0.000171 0.000597 64.073159
3.893966 1529524036.195910 0.000109 0.000170 0.000603 63.872540
3.906277 1529524036.208221 0.000109 0.000168 0.000605 63.881652
3.918613 1529524036.220557 0.000109 0.000170 0.000602 63.924713
3.931350 1529524036.233294 0.000108 0.000169 0.000603 63.950520
3.943805 1529524036.245749 0.000109 0.000169 0.000600 63.758909
3.956342 1529524036.258286 0.000109 0.000169 0.000596 63.639853
3.968748 1529524036.270692 0.000109 0.000168 0.000595 63.542109
3.981196 1529524036.283141 0.000107 0.000169 0.000600 63.789732
3.994423 1529524036.296367 0.000109 0.000167 0.000592 63.379567
4.007184 1529524036.309128 0.000111 0.000169 0.000579 63.396435
4.019480 1529524036.321424 0.000110 0.000168 0.000585 63.229436
4.031230 1529524036.333174 0.000109 0.000168 0.000582 63.303233
4.043548 1529524036.345493 0.000110 0.000165 0.000589 62.495449
4.056060 1529524036.358004 0.000111 0.000165 0.000586 61.574657
4.068044 1529524036.369989 0.000112 0.000165 0.000595 60.944290
4.080699 1529524036.382643 0.000111 0.000164 0.000603 60.419051
4.093262 1529524036.395206 0.000112 0.000163 0.000605 60.138603
4.105498 1529524036.407442 0.000114 0.000160 0.000602 59.586767
4.118287 1529524036.420232 0.000113 0.000160 0.000598 59.358549
4.130579 1529524036.432523 0.000112 0.000158 0.000601 59.000845
4.143245 1529524036.445189 0.000111 0.000159 0.000621 59.142307
4.155438 1529524036.457383 0.000112 0.000157 0.000605 58.522368
4.168303 1529524036.470247 0.000113 0.000158 0.000580 58.591632
4.180393 1529524036.482338 0.000112 0.000157 0.000602 58.452002
4.193144 1529524036.495089 0.000111 0.000158 0.000600 58.348481
4.205781 1529524036.507725 0.000113 0.000156 0.000598 57.896744
4.218146 1529524036.520091 0.000112 0.000157 0.000595 57.878699
4.230942 1529524036.532887 0.000111 0.000157 0.000600 57.958198
4.242946 1529524036.544890 0.000111 0.000155 0.000595 57.522751
4.255899 1529524036.557843 0.000112 0.000155 0.000586 57.343663
4.268088 1529524036.570032 0.000112 0.000155 0.000585 57.154380
4.280705 1529524036.582649 0.000111 0.000156 0.000596 57.622449
4.293165 1529524036.595109 0.000111 0.000157 0.000595 57.447215
4.305568 1529524036.607512 0.000111 0.000157 0.000593 57.498604
4.318140 1529524036.620085 0.000111 0.000155 0.000590 57.326013
4.330647 1529524036.632591 0.000111 0.000154 0.000589 56.966679
4.343309 1529524036.645253 0.000111 0.000154 0.000590 57.003848
4.355798 1529524036.657742 0.000110 0.000153 0.000590 57.007172
4.368284 1529524036.670228 0.000110 0.000152 0.000591 56.883328
4.380656 1529524036.682600 0.000111 0.000155 0.000592 56.907042
4.393313 1529524036.695257 0.000112 0.000154 0.000585 56.766016
4.405516 1529524036.707460 0.000110 0.000154 0.000594 56.919904
4.418112 1529524036.720056 0.000111 0.000154 0.000580 56.423601
4.431112 1529524036.733056 0.000111 0.000153 0.000583 56.630125
4.443495 1529524036.745439 0.000110 0.000152 0.000587 56.317737
4.456865 1529524036.758810 0.000111 0.000153 0.000582 56.613861
4.469506 1529524036.771451 0.000109 0.000153 0.000591 56.717462
4.482752 1529524036.784697 0.000108 0.000153 0.000595 56.572335
4.494266 1529524036.796210 0.000108 0.000153 0.000601 56.679036
4.506918 1529524036.808862 0.000110 0.000153 0.000595 56.409511
4.519643 1529524036.821587 0.000110 0.000154 0.000592 56.315940
4.531903 1529524036.833847 0.000110 0.000154 0.000589 56.399696
4.544662 1529524036.846606 0.000111 0.000153 0.000585 56.181400
4.556924 1529524036.858868 0.000110 0.000154 0.000594 56.505178
4.568722 1529524036.870667 0.000110 0.000154 0.000595 56.677621
4.581227 1529524036.883171 0.000110 0.000153 0.000588 56.368357
4.593688 1529524036.895632 0.000110 0.000154 0.000590 56.388618
4.606286 1529524036.908231 0.000110 0.000152 0.000592 56.475415
4.619342 1529524036.921286 0.000110 0.000153 0.000597 56.353083
4.631364 1529524036.933309 0.000110 0.000153 0.000587 56.174554
4.643823 1529524036.945768 0.000110 0.000153 0.000586 56.136618
4.656294 1529524036.958238 0.000110 0.000154 0.000591 56.285893
4.668800 1529524036.970744 0.000110 0.000152 0.000587 56.223902
4.681208 1529524036.983153 0.000110 0.000152 0.000589 56.286579
4.693711 1529524036.995655 0.000111 0.000148 0.000597 55.892425
4.706659 1529524037.008603 0.000113 0.000146 0.000585 56.146306
4.718942 1529524037.020886 0.000114 0.000146 0.000574 55.872459
4.732070 1529524037.034014 0.000113 0.000145 0.000587 55.662802
4.743781 1529524037.045725 0.000114 0.000147 0.000586 55.363539
4.756172 1529524037.058117 0.000112 0.000146 0.000594 55.861192
4.768894 1529524037.070838 0.000112 0.000147 0.000581 55.701454
4.781905 1529524037.083849 0.000112 0.000146 0.000589 55.495060
4.794419 1529524037.096363 0.000113 0.000146 0.000585 55.393577
4.806349 1529524037.108294 0.000113 0.000147 0.000580 55.296649
4.818320 1529524037.120264 0.000112 0.000147 0.000588 55.455978
4.831329 1529524037.133273 0.000113 0.000147 0.000583 55.241785
4.844443 1529524037.146388 0.000113 0.000149 0.000580 55.000992
4.856335 1529524037.158279 0.000112 0.000147 0.000587 55.127761
4.868676 1529524037.170620 0.000113 0.000148 0.000582 55.093872
4.881215 1529524037.183159 0.000113 0.000147 0.000576 54.846100
4.894585 1529524037.196530 0.000113 0.000147 0.000586 54.768760
4.907259 1529524037.209203 0.000114 0.000147 0.000576 54.489418
4.919054 1529524037.220998 0.000114 0.000146 0.000574 54.366379
4.931129 1529524037.233073 0.000114 0.000145 0.000566 53.914031
4.944990 1529524037.246935 0.000112 0.000146 0.000579 54.295674
4.957586 1529524037.259530 0.000114 0.000147 0.000574 53.699368
4.969281 1529524037.271226 0.000113 0.000147 0.000570 53.370861
4.982237 1529524037.284181 0.000114 0.000147 0.000567 52.748611
4.994835 1529524037.296779 0.000114 0.000149 0.000555 52.462710
5.006127 1529524037.308071 0.000114 0.000148 0.000554 52.067997
5.018407 1529524037.320351 0.000114 0.000146 0.000563 51.889893
5.031255 1529524037.333200 0.000115 0.000149 0.000555 51.939947
5.045422 1529524037.347367 0.000115 0.000148 0.000551 51.503735
5.057259 1529524037.359204 0.000114 0.000148 0.000563 51.787247
5.069374 1529524037.371318 0.000115 0.000146 0.000559 51.402891
5.082331 1529524037.384275 0.000116 0.000148 0.000549 51.280868
5.094273 1529524037.396217 0.000116 0.000146 0.000556 51.101357
5.106259 1529524037.408203 0.000115 0.000148 0.000556 51.298385
5.119917 1529524037.421861 0.000116 0.000147 0.000545 50.952657
5.132061 1529524037.434005 0.000114 0.000148 0.000552 51.200755
5.143814 1529524037.445758 0.000114 0.000144 0.000554 50.900725
5.156589 1529524037.458533 0.000114 0.000148 0.000545 50.894184
5.169148 1529524037.471092 0.000114 0.000147 0.000544 50.711595
5.181447 1529524037.483391 0.000114 0.000146 0.000546 50.589339
5.194040 1529524037.495985 0.000114 0.000147 0.000545 50.408638
5.206301 1529524037.508245 0.000114 0.000147 0.000551 50.739965
5.218866 1529524037.520810 0.000115 0.000146 0.000544 50.627636
5.231456 1529524037.533400 0.000114 0.000148 0.000543 50.627653
5.243870 1529524037.545814 0.000115 0.000148 0.000543 50.436396
5.256311 1529524037.558256 0.000115 0.000148 0.000548 50.532765
5.268762 1529524037.570706 0.000115 0.000148 0.000545 50.787320
5.281738 1529524037.583682 0.000116 0.000149 0.000541 50.627447
5.293993 1529524037.595937 0.000115 0.000148 0.000549 50.675254
5.306360 1529524037.608304 0.000116 0.000149 0.000548 50.561976
5.319313 1529524037.621258 0.000113 0.000151 0.000543 51.287358
5.331876 1529524037.633820 0.000111 0.000154 0.000556 51.702921
5.343853 1529524037.645797 0.000110 0.000153 0.000567 52.070004
5.356508 1529524037.658453 0.000111 0.000153 0.000570 51.436323
5.368966 1529524037.670911 0.000113 0.000154 0.000582 51.207086
5.381635 1529524037.683579 0.000113 0.000157 0.000576 50.911556
5.394058 1529524037.696002 0.000114 0.000155 0.000575 50.960927
5.406449 1529524037.708393 0.000115 0.000158 0.000573 51.347925
5.418956 1529524037.720901 0.000115 0.000157 0.000576 51.123931
5.431300 1529524037.733244 0.000116 0.000157 0.000581 51.234055
5.444051 1529524037.745996 0.000115 0.000158 0.000576 51.370933
5.456603 1529524037.758547 0.000115 0.000158 0.000565 51.349899
5.469006 1529524037.770951 0.000117 0.000157 0.000567 51.203514
5.481990 1529524037.783935 0.000117 0.000161 0.000567 50.978408
5.495077 1529524037.797021 0.000117 0.000158 0.000577 51.434260
5.506866 1529524037.808810 0.000118 0.000159 0.000569 51.244951
5.519811 1529524037.821755 0.000117 0.000160 0.000561 51.071670
5.532100 1529524037.834044 0.000117 0.000162 0.000560 50.982596
5.544921 1529524037.846865 0.000118 0.000160 0.000564 51.209783
5.556076 1529524037.858020 0.000117 0.000159 0.000568 51.209687
5.568576 1529524037.870520 0.000116 0.000157 0.000568 51.081782
5.582199 1529524037.884143 0.000116 0.000160 0.000565 51.366237
5.594457 1529524037.896402 0.000116 0.000157 0.000567 51.212993
5.606847 1529524037.908791 0.000115 0.000158 0.000568 51.401979
5.619521 1529524037.921466 0.000116 0.000161 0.000550 50.871621
5.632029 1529524037.933973 0.000116 0.000159 0.000555 50.763819
5.644365 1529524037.946310 0.000116 0.000159 0.000555 50.819458
5.657041 1529524037.958985 0.000116 0.000160 0.000556 51.218577
5.669633 1529524037.971577 0.000115 0.000158 0.000555 51.129093
5.682246 1529524037.984191 0.000115 0.000158 0.000563 51.157506
5.694407 1529524037.996351 0.000115 0.000160 0.000549 51.061690
5.706115 1529524038.008060 0.000115 0.000158 0.000561 51.378206
5.718694 1529524038.020638 0.000115 0.000156 0.000565 51.065023
5.732085 1529524038.034029 0.000115 0.000157 0.000563 50.890239
5.745111 1529524038.047055 0.000116 0.000160 0.000554 50.953876
5.757609 1529524038.059553 0.000115 0.000158 0.000561 50.657021
5.769281 1529524038.071225 0.000116 0.000159 0.000553 50.633500
5.781459 1529524038.083403 0.000116 0.000158 0.000563 50.529376
5.793750 1529524038.095694 0.000115 0.000157 0.000555 50.244561
5.806065 1529524038.108009 0.000115 0.000157 0.000563 50.601392
5.819672 1529524038.121617 0.000116 0.000157 0.000557 50.529046
5.832311 1529524038.134255 0.000115 0.000157 0.000557 50.533770
5.844581 1529524038.146525 0.000115 0.000157 0.000558 50.333549
5.857234 1529524038.159178 0.000115 0.000157 0.000556 50.472522
5.873313 1529524038.175258 0.000115 0.000158 0.000550 50.305782
5.881360 1529524038.183304 0.000115 0.000158 0.000554 50.222889
5.894291 1529524038.196235 0.000114 0.000157 0.000560 50.319268
5.906373 1529524038.208317 0.000114 0.000157 0.000559 50.403834
5.919299 1529524038.221243 0.000114 0.000156 0.000564 50.297994
5.931851 1529524038.233795 0.000114 0.000158 0.000554 50.133253
5.944149 1529524038.246094 0.000114 0.000159 0.000555 50.366131
5.956557 1529524038.258502 0.000114 0.000158 0.000551 50.039201
5.969793 1529524038.271738 0.000114 0.000159 0.000558 49.997860
5.981792 1529524038.283736 0.000113 0.000157 0.000556 50.565417
5.993863 1529524038.295807 0.000114 0.000157 0.000559 50.036873
6.006766 1529524038.308710 0.000113 0.000155 0.000550 50.512605
6.018979 1529524038.320923 0.000113 0.000157 0.000564 50.235587
6.031925 1529524038.333869 0.000113 0.000155 0.000561 50.284597
6.043733 1529524038.345678 0.000114 0.000158 0.000558 50.158293
6.056230 1529524038.358175 0.000113 0.000158 0.000554 50.387603
6.069022 1529524038.370966 0.000114 0.000158 0.000553 50.332713
6.081452 1529524038.383396 0.000114 0.000157 0.000552 50.144318
6.094758 1529524038.396703 0.000114 0.000159 0.000550 49.958265
6.106773 1529524038.408717 0.000115 0.000158 0.000550 49.820260
6.118788 1529524038.420732 0.000114 0.000161 0.000550 50.272336
6.132445 1529524038.434389 0.000112 0.000161 0.000563 49.953583
6.144200 1529524038.446145 0.000112 0.000163 0.000569 49.741162
6.156282 1529524038.458226 0.000111 0.000163 0.000573 49.968367
6.168725 1529524038.470669 0.000111 0.000164 0.000590 49.824792
6.181299 1529524038.483244 0.000111 0.000167 0.000582 49.827649
6.194506 1529524038.496450 0.000112 0.000171 0.000588 49.770516
6.206986 1529524038.508930 0.000112 0.000168 0.000594 49.716934
6.219631 1529524038.521576 0.000112 0.000170 0.000593 49.707436
6.231395 1529524038.533339 0.000113 0.000168 0.000592 50.057075
6.243974 1529524038.545918 0.000112 0.000168 0.000594 49.899128
6.256456 1529524038.558400 0.000112 0.000171 0.000590 49.780093
6.269068 1529524038.571012 0.000112 0.000171 0.000589 49.876847
6.281558 1529524038.583502 0.000112 0.000170 0.000592 49.736954
6.294340 1529524038.596284 0.000113 0.000170 0.000586 49.932681
6.306452 1529524038.608396 0.000112 0.000173 0.000582 49.778228
6.319101 1529524038.621046 0.000112 0.000170 0.000584 49.615751
6.332207 1529524038.634151 0.000112 0.000170 0.000583 49.590228
6.344100 1529524038.646044 0.000111 0.000168 0.000587 49.672954
6.356316 1529524038.658261 0.000111 0.000170 0.000583 49.693167
6.368773 1529524038.670717 0.000110 0.000169 0.000584 49.406004
6.381463 1529524038.683407 0.000110 0.000169 0.000586 49.513209
6.394043 1529524038.695987 0.000110 0.000168 0.000583 49.712144
6.407121 1529524038.709065 0.000110 0.000168 0.000583 49.731747
6.419825 1529524038.721769 0.000110 0.000171 0.000577 49.793100
6.432154 1529524038.734098 0.000110 0.000170 0.000583 49.514164
6.445333 1529524038.747277 0.000110 0.000170 0.000582 49.507129
6.457057 1529524038.759001 0.000110 0.000169 0.000583 49.482445
6.469586 1529524038.771530 0.000110 0.000170 0.000577 49.556224
6.481257 1529524038.783202 0.000110 0.000170 0.000579 49.565497
6.493939 1529524038.795883 0.000110 0.000168 0.000578 49.613161
6.506176 1529524038.808120 0.000110 0.000168 0.000584 49.472294
6.518809 1529524038.820753 0.000110 0.000168 0.000578 49.461877
6.531760 1529524038.833704 0.000110 0.000169 0.000582 49.441788
6.544474 1529524038.846418 0.000109 0.000170 0.000580 49.529268
6.559633 1529524038.861578 0.000110 0.000169 0.000582 49.391566
6.570025 1529524038.871969 0.000110 0.000170 0.000575 49.457877
6.582171 1529524038.884115 0.000110 0.000169 0.000574 49.292346
6.595181 1529524038.897125 0.000110 0.000170 0.000575 49.210383
6.606737 1529524038.908681 0.000110 0.000171 0.000574 49.060471
6.618722 1529524038.920666 0.000109 0.000170 0.000581 49.032245
6.631294 1529524038.933238 0.000109 0.000172 0.000579 49.250063
6.643618 1529524038.945562 0.000109 0.000170 0.000578 49.146300
6.656183 1529524038.958127 0.000110 0.000170 0.000575 49.065003
6.668896 1529524038.970840 0.000110 0.000172 0.000577 49.152881
6.681241 1529524038.983185 0.000109 0.000169 0.000579 49.144141
6.694684 1529524038.996628 0.000110 0.000167 0.000583 48.889997
6.707003 1529524039.008947 0.000109 0.000167 0.000583 48.889044
6.719700 1529524039.021644 0.000109 0.000171 0.000574 48.931835
6.732224 1529524039.034168 0.000109 0.000173 0.000571 48.909368
6.744783 1529524039.046727 0.000109 0.000170 0.000579 49.020207
6.756905 1529524039.058849 0.000109 0.000171 0.000574 49.021143
6.768860 1529524039.070804 0.000109 0.000169 0.000577 48.807819
6.781130 1529524039.083074 0.000109 0.000172 0.000576 48.695199
6.793924 1529524039.095869 0.000109 0.000172 0.000577 48.885708
6.806336 1529524039.108280 0.000111 0.000174 0.000576 48.894930
6.818523 1529524039.120468 0.000111 0.000177 0.000580 48.944540
6.831165 1529524039.133109 0.000113 0.000178 0.000577 49.281392
6.843513 1529524039.145458 0.000114 0.000180 0.000561 50.689191
6.856812 1529524039.158756 0.000122 0.000177 0.000545 52.725903
6.869885 1529524039.171829 0.000129 0.000181 0.000538 53.228275
6.882127 1529524039.184071 0.000133 0.000187 0.000535 55.086021
6.894479 1529524039.196423 0.000138 0.000190 0.000544 55.627507
6.907320 1529524039.209264 0.000139 0.000192 0.000539 56.879076
6.920040 1529524039.221984 0.000142 0.000189 0.000554 55.794177
6.932368 1529524039.234312 0.000145 0.000184 0.000564 54.405399
6.944705 1529524039.246649 0.000141 0.000182 0.000575 53.260431
6.957263 1529524039.259207 0.000136 0.000182 0.000600 53.312847
6.968885 1529524039.270830 0.000132 0.000185 0.000631 54.297917
6.981605 1529524039.283550 0.000127 0.000194 0.000682 55.721164
6.994415 1529524039.296359 0.000126 0.000218 0.000715 57.253396
7.006710 1529524039.308654 0.000136 0.000267 0.000691 59.398490
7.019023 1529524039.320967 0.000190 0.000296 0.000609 63.995166
7.031614 1529524039.333558 0.000239 0.000406 0.000599 83.961077
7.044275 1529524039.346219 0.000180 0.000515 0.000705 4.572846
7.056387 1529524039.358332 0.000204 0.000416 0.000906 9.509468
7.069131 1529524039.371075 0.000113 0.000554 0.001172 46.454602
7.081806 1529524039.383751 0.000264 0.001205 0.001601 97.395694
7.094800 1529524039.396744 0.000297 0.000333 0.001125 59.930159
7.107623 1529524039.409567 0.000194 0.000221 0.001201 39.358446
7.119925 1529524039.421870 0.000261 0.000614 0.000876 43.092463
7.132252 1529524039.434196 0.000343 0.000829 0.002064 50.371915
7.144743 1529524039.446687 0.000126 0.000696 0.001886 82.840847
7.156572 1529524039.458516 0.000134 0.000336 0.001249 57.767801
7.169731 1529524039.471676 0.000135 0.000171 0.001172 56.182989
7.182189 1529524039.484133 0.000132 0.000333 0.001156 63.036899
7.194964 1529524039.496908 0.000100 0.000547 0.001031 73.937090
7.206491 1529524039.508435 0.000080 0.000654 0.001943 100.018847
7.218682 1529524039.520626 0.000340 0.000449 0.001396 86.081633
7.232371 1529524039.534316 0.000193 0.000393 0.001196 54.540424
7.244497 1529524039.546441 0.000222 0.000302 0.001345 52.858354
7.257093 1529524039.559037 0.000125 0.000441 0.001361 57.847621
7.269691 1529524039.571635 0.000073 0.000528 0.000916 66.013617
7.281806 1529524039.583750 0.000234 0.000666 0.001095 90.825608
7.294460 1529524039.596405 0.000263 0.000505 0.000848 69.875343
7.307194 1529524039.609138 0.000132 0.000280 0.001036 46.088725
7.319235 1529524039.621179 0.000193 0.000559 0.001057 25.859299
7.332681 1529524039.634625 0.000162 0.000474 0.000986 34.719459
7.344726 1529524039.646671 0.000070 0.000677 0.000848 57.443530
7.356316 1529524039.658260 0.000241 0.000918 0.001040 85.858558
7.368983 1529524039.670927 0.000283 0.000475 0.001043 45.234567
7.381219 1529524039.683163 0.000203 0.000392 0.001345 26.898656
7.394350 1529524039.696294 0.000237 0.000500 0.001283 7.099723
7.407389 1529524039.709334 0.000258 0.000631 0.001020 46.115050
7.420132 1529524039.722076 0.000102 0.000862 0.001169 91.634139
7.432466 1529524039.734410 0.000332 0.000583 0.001290 67.184236
7.444960 1529524039.746904 0.000225 0.000355 0.001238 30.152853
7.457346 1529524039.759290 0.000250 0.000355 0.001277 24.043761
7.469650 1529524039.771594 0.000171 0.000610 0.001403 18.616514
7.482533 1529524039.784477 0.000370 0.000592 0.001047 58.991082
7.494538 1529524039.796482 0.000189 0.000723 0.001450 79.414879
7.506693 1529524039.808637 0.000366 0.000707 0.001284 64.317255
7.519039 1529524039.820983 0.000250 0.000446 0.001067 21.445230
7.531667 1529524039.833611 0.000209 0.000233 0.001298 8.177366
7.544754 1529524039.846699 0.000152 0.000531 0.001473 22.087539
7.557320 1529524039.859264 0.000251 0.000497 0.000982 5.621336
7.569178 1529524039.871122 0.000273 0.000576 0.001079 75.090224
7.581439 1529524039.883384 0.000210 0.000830 0.001235 49.757541
7.594160 1529524039.896104 0.000274 0.000674 0.001114 51.716266
7.606390 1529524039.908334 0.000224 0.000385 0.000858 30.175998
7.619033 1529524039.920977 0.000116 0.000443 0.001034 30.408969
7.631789 1529524039.933733 0.000127 0.000415 0.000693 42.524623
7.644421 1529524039.946365 0.000086 0.000662 0.001215 97.958719
7.656878 1529524039.958822 0.000175 0.000893 0.001059 80.357969
7.669176 1529524039.971120 0.000304 0.000469 0.001093 70.248513
7.681501 1529524039.983445 0.000248 0.000313 0.000991 37.779324
7.694380 1529524039.996324 0.000155 0.000636 0.001313 11.370711
7.706907 1529524040.008851 0.000341 0.000435 0.000880 36.484819
7.719229 1529524040.021173 0.000163 0.000947 0.001515 97.565921
7.731578 1529524040.033522 0.000323 0.000632 0.001361 82.258563
7.744148 1529524040.046092 0.000188 0.000370 0.001048 42.271664
7.756571 1529524040.058515 0.000216 0.000743 0.000893 21.695773
7.768956 1529524040.070901 0.000264 0.000640 0.000880 30.082944
7.781796 1529524040.083741 0.000115 0.000690 0.001878 98.944438
7.794439 1529524040.096383 0.000211 0.001080 0.001272 77.916311
7.806594 1529524040.108538 0.000280 0.000625 0.001125 75.902211
7.819100 1529524040.121045 0.000178 0.000653 0.000988 63.498384
7.831970 1529524040.133914 0.000182 0.000559 0.000825 58.862171
7.844281 1529524040.146225 0.000200 0.000295 0.000923 57.257196
7.856607 1529524040.158551 0.000182 0.000210 0.000900 58.520694
7.869191 1529524040.171135 0.000162 0.000170 0.000959 56.616249
7.881878 1529524040.183822 0.000149 0.000170 0.000973 56.168570
7.894665 1529524040.196609 0.000149 0.000157 0.000995 55.493698
7.906939 1529524040.208883 0.000140 0.000151 0.001005 55.026190
7.919092 1529524040.221037 0.000109 0.000144 0.000988 55.372684
7.932001 1529524040.233946 0.000125 0.000145 0.000981 53.169661
7.944737 1529524040.246681 0.000103 0.000135 0.000947 53.307760
7.957182 1529524040.259127 0.000123 0.000150 0.000980 50.399971
7.969998 1529524040.271942 0.000119 0.000140 0.001008 49.320833
7.981998 1529524040.283943 0.000120 0.000140 0.001011 47.755684
7.994658 1529524040.296602 0.000120 0.000139 0.001035 47.677191
8.008281 1529524040.310225 0.000122 0.000137 0.001025 47.346877
8.020213 1529524040.322157 0.000123 0.000136 0.001018 47.021678
8.032469 1529524040.334413 0.000126 0.000138 0.001027 46.886202
8.044818 1529524040.346762 0.000125 0.000138 0.001016 46.809937
8.056779 1529524040.358723 0.000125 0.000138 0.001005 47.024525
8.069172 1529524040.371117 0.000125 0.000139 0.000994 47.590081
8.081721 1529524040.383665 0.000126 0.000142 0.000940 49.344532
8.094198 1529524040.396142 0.000128 0.000145 0.000917 51.052353
8.106452 1529524040.408396 0.000131 0.000150 0.000870 52.181871
8.119371 1529524040.421315 0.000137 0.000156 0.000835 52.743186
8.131673 1529524040.433618 0.000141 0.000162 0.000802 53.708584
8.144229 1529524040.446173 0.000146 0.000163 0.000795 53.953388
8.156847 1529524040.458791 0.000151 0.000160 0.000781 53.955156
8.169441 1529524040.471385 0.000150 0.000158 0.000787 53.897694
8.181795 1529524040.483739 0.000141 0.000154 0.000776 53.213587
8.194460 1529524040.496405 0.000137 0.000157 0.000759 52.192715
8.206884 1529524040.508828 0.000134 0.000157 0.000739 51.251759
8.219739 1529524040.521683 0.000132 0.000156 0.000735 50.879118
8.232077 1529524040.534021 0.000131 0.000155 0.000728 50.842238
8.244465 1529524040.546409 0.000129 0.000157 0.000731 50.899520
8.257086 1529524040.559030 0.000129 0.000158 0.000732 51.076750
8.269500 1529524040.571445 0.000129 0.000158 0.000732 50.664753
8.282132 1529524040.584076 0.000128 0.000159 0.000729 50.302629
8.294854 1529524040.596799 0.000127 0.000159 0.000723 50.396779
8.307034 1529524040.608978 0.000126 0.000159 0.000719 50.294770
8.319084 1529524040.621029 0.000126 0.000158 0.000712 50.006846
8.331599 1529524040.633543 0.000125 0.000158 0.000711 49.791730
8.344119 1529524040.646064 0.000124 0.000159 0.000708 49.396822
8.356699 1529524040.658643 0.000125 0.000160 0.000703 49.003965
8.369126 1529524040.671070 0.000123 0.000162 0.000700 48.525477
8.381787 1529524040.683731 0.000123 0.000156 0.000700 48.947478
8.395222 1529524040.697166 0.000124 0.000160 0.000697 48.039413
8.407624 1529524040.709568 0.000123 0.000154 0.000696 48.317400
8.420024 1529524040.721968 0.000123 0.000155 0.000695 48.046626
8.431880 1529524040.733824 0.000123 0.000153 0.000694 48.113021
8.444170 1529524040.746114 0.000123 0.000152 0.000695 48.208675
8.456757 1529524040.758701 0.000124 0.000152 0.000693 47.975297
8.469395 1529524040.771340 0.000123 0.000152 0.000693 48.057355
8.481562 1529524040.783506 0.000123 0.000147 0.000690 48.475693
8.494560 1529524040.796504 0.000124 0.000147 0.000693 48.252050
8.506492 1529524040.808436 0.000124 0.000146 0.000694 47.865501
8.519437 1529524040.821381 0.000124 0.000146 0.000693 47.914619
8.531686 1529524040.833630 0.000124 0.000145 0.000693 47.568986
8.544217 1529524040.846162 0.000123 0.000142 0.000692 47.690094
8.556453 1529524040.858397 0.000123 0.000144 0.000691 47.669733
8.569166 1529524040.871110 0.000123 0.000141 0.000691 47.858202
8.581906 1529524040.883850 0.000123 0.000142 0.000695 47.651956
8.594269 1529524040.896213 0.000123 0.000141 0.000695 47.609596
8.607039 1529524040.908984 0.000123 0.000142 0.000696 47.310422
8.619099 1529524040.921044 0.000123 0.000140 0.000695 47.491952
8.631834 1529524040.933779 0.000123 0.000142 0.000694 47.207964
8.644224 1529524040.946169 0.000122 0.000139 0.000691 47.470877
8.656721 1529524040.958665 0.000123 0.000142 0.000692 47.067615
8.669262 1529524040.971206 0.000122 0.000140 0.000692 47.414617
8.681617 1529524040.983561 0.000122 0.000141 0.000691 47.171812
8.695162 1529524040.997106 0.000121 0.000141 0.000696 47.029536
8.708170 1529524041.010114 0.000121 0.000142 0.000694 47.064028
8.720426 1529524041.022371 0.000121 0.000139 0.000692 47.358371
8.731830 1529524041.033774 0.000121 0.000140 0.000691 47.269902
8.743949 1529524041.045893 0.000121 0.000138 0.000691 47.499227
8.756840 1529524041.058784 0.000120 0.000140 0.000693 47.230370
8.768920 1529524041.070864 0.000120 0.000141 0.000696 47.404312
8.781931 1529524041.083875 0.000120 0.000141 0.000694 46.895244
8.794453 1529524041.096397 0.000120 0.000141 0.000692 46.813913
8.806589 1529524041.108533 0.000120 0.000140 0.000693 47.055210
8.819276 1529524041.121220 0.000120 0.000139 0.000685 47.119265
8.832808 1529524041.134752 0.000120 0.000140 0.000686 46.620446
8.844252 1529524041.146197 0.000120 0.000141 0.000685 46.742442
8.856803 1529524041.158748 0.000120 0.000140 0.000685 46.857462
8.869191 1529524041.171136 0.000121 0.000141 0.000683 46.756227
8.881076 1529524041.183020 0.000121 0.000140 0.000681 46.760659
8.894294 1529524041.196238 0.000120 0.000144 0.000685 46.489028
8.906474 1529524041.208418 0.000121 0.000144 0.000684 46.506379
8.918973 1529524041.220917 0.000121 0.000142 0.000684 46.637393
8.931398 1529524041.233343 0.000120 0.000144 0.000685 46.258812
8.944955 1529524041.246899 0.000121 0.000144 0.000688 46.292649
8.956347 1529524041.258291 0.000122 0.000145 0.000692 46.945500
8.968878 1529524041.270823 0.000122 0.000147 0.000703 47.566110
8.981456 1529524041.283400 0.000121 0.000147 0.000698 48.132802
8.993856 1529524041.295800 0.000121 0.000151 0.000702 47.839914
9.006451 1529524041.308395 0.000120 0.000148 0.000699 48.253766
9.019320 1529524041.321264 0.000120 0.000149 0.000695 47.960755
9.031876 1529524041.333820 0.000120 0.000153 0.000689 46.434240
9.044441 1529524041.346385 0.000117 0.000155 0.000703 45.540778
9.057286 1529524041.359230 0.000116 0.000156 0.000713 44.504210
9.069483 1529524041.371427 0.000116 0.000152 0.000715 43.878591
9.081752 1529524041.383696 0.000114 0.000149 0.000705 43.080027
9.094302 1529524041.396247 0.000114 0.000148 0.000701 42.496736
9.106900 1529524041.408844 0.000115 0.000146 0.000700 42.111420
9.119509 1529524041.421453 0.000115 0.000144 0.000699 42.004697
9.131922 1529524041.433866 0.000114 0.000142 0.000698 41.877983
9.144534 1529524041.446479 0.000114 0.000141 0.000694 41.676101
9.156916 1529524041.458860 0.000115 0.000140 0.000695 41.542651
9.170381 1529524041.472325 0.000114 0.000138 0.000693 41.515800
9.181823 1529524041.483767 0.000114 0.000138 0.000691 41.295414
9.194186 1529524041.496131 0.000114 0.000136 0.000689 41.364655
9.206648 1529524041.508592 0.000113 0.000136 0.000689 41.198269
9.219129 1529524041.521074 0.000113 0.000136 0.000689 40.960498
9.231869 1529524041.533813 0.000113 0.000136 0.000689 40.873897
9.245374 1529524041.547318 0.000113 0.000135 0.000688 40.820518
9.257651 1529524041.559596 0.000113 0.000136 0.000693 40.623713
9.270216 1529524041.572160 0.000112 0.000134 0.000694 40.746862
9.283065 1529524041.585009 0.000112 0.000133 0.000693 40.819706
9.294391 1529524041.596335 0.000112 0.000134 0.000692 40.573893
9.306543 1529524041.608487 0.000111 0.000133 0.000693 40.576768
9.319224 1529524041.621168 0.000111 0.000132 0.000690 40.513540
9.331822 1529524041.633766 0.000111 0.000133 0.000692 40.236555
9.344471 1529524041.646415 0.000111 0.000133 0.000696 39.959842
9.356892 1529524041.658836 0.000111 0.000134 0.000695 39.692211
9.369390 1529524041.671334 0.000110 0.000136 0.000698 39.022123
9.381910 1529524041.683854 0.000109 0.000137 0.000708 38.046074
9.395665 1529524041.697610 0.000109 0.000137 0.000705 37.605295
9.406723 1529524041.708667 0.000109 0.000134 0.000705 37.421072
9.419404 1529524041.721348 0.000108 0.000134 0.000704 37.211657
9.431838 1529524041.733783 0.000108 0.000135 0.000705 37.094902
9.444252 1529524041.746197 0.000108 0.000134 0.000706 36.976623
9.456710 1529524041.758654 0.000108 0.000134 0.000702 36.961745
9.469329 1529524041.771273 0.000108 0.000132 0.000702 37.105961
9.481866 1529524041.783810 0.000108 0.000133 0.000701 36.660435
9.494262 1529524041.796206 0.000108 0.000133 0.000700 36.633630
9.508167 1529524041.810112 0.000108 0.000134 0.000703 36.537220
9.519155 1529524041.821099 0.000108 0.000135 0.000703 36.411339
9.531746 1529524041.833691 0.000108 0.000133 0.000700 36.527787
9.544735 1529524041.846679 0.000107 0.000134 0.000701 36.430858
9.557056 1529524041.859001 0.000108 0.000133 0.000701 36.421492
9.569432 1529524041.871377 0.000107 0.000133 0.000697 36.401336
9.581883 1529524041.883828 0.000107 0.000132 0.000698 36.391426
9.595206 1529524041.897150 0.000107 0.000134 0.000700 36.117121
9.607857 1529524041.909801 0.000107 0.000133 0.000700 36.067276
9.620437 1529524041.922381 0.000108 0.000133 0.000697 36.188064
9.632416 1529524041.934361 0.000107 0.000133 0.000699 36.151206
9.644416 1529524041.946360 0.000107 0.000132 0.000700 36.044877
9.656918 1529524041.958862 0.000107 0.000132 0.000698 36.172464
9.669597 1529524041.971541 0.000107 0.000133 0.000698 36.028093
9.682055 1529524041.983999 0.000107 0.000133 0.000701 35.869428
9.694683 1529524041.996627 0.000107 0.000133 0.000700 35.904185
9.707291 1529524042.009236 0.000107 0.000133 0.000702 35.781681
9.719504 1529524042.021448 0.000107 0.000133 0.000699 35.942011
9.731801 1529524042.033745 0.000107 0.000132 0.000698 35.865200
9.744426 1529524042.046370 0.000107 0.000132 0.000698 35.858060
9.757125 1529524042.059069 0.000107 0.000131 0.000698 36.003095
9.769671 1529524042.071616 0.000107 0.000132 0.000700 35.889264
9.782273 1529524042.084217 0.000107 0.000132 0.000698 35.969811
9.794984 1529524042.096928 0.000106 0.000132 0.000699 35.966941
9.807868 1529524042.109812 0.000107 0.000133 0.000702 35.685829
9.820244 1529524042.122189 0.000107 0.000133 0.000695 35.966853
9.832547 1529524042.134491 0.000106 0.000132 0.000698 35.945867
9.845319 1529524042.147263 0.000107 0.000132 0.000699 35.853504
9.857778 1529524042.159723 0.000106 0.000133 0.000697 35.919743
9.870240 1529524042.172185 0.000106 0.000132 0.000699 36.087469
9.882119 1529524042.184063 0.000106 0.000132 0.000700 36.043533
9.894206 1529524042.196150 0.000106 0.000133 0.000699 36.019305
9.908132 1529524042.210076 0.000106 0.000133 0.000700 36.092778
9.920009 1529524042.221954 0.000106 0.000133 0.000701 36.058671
9.932400 1529524042.234344 0.000106 0.000134 0.000701 35.958235
9.945517 1529524042.247461 0.000106 0.000134 0.000703 35.806442
9.957561 1529524042.259505 0.000106 0.000133 0.000702 35.977190
9.971047 1529524042.272991 0.000106 0.000133 0.000704 35.889575
9.982037 1529524042.283981 0.000106 0.000133 0.000700 35.965024
9.994536 1529524042.296480 0.000106 0.000134 0.000704 35.768358
10.007234 1529524042.309179 0.000106 0.000133 0.000702 35.841121
10.020566 1529524042.322510 0.000106 0.000134 0.000702 35.869147
10.033089 1529524042.335033 0.000107 0.000132 0.000700 36.048197
10.045545 1529524042.347489 0.000106 0.000133 0.000701 36.016761
10.057815 1529524042.359759 0.000106 0.000133 0.000698 35.877540
10.070147 1529524042.372091 0.000106 0.000133 0.000699 36.036405
10.082493 1529524042.384437 0.000106 0.000133 0.000700 35.916238
10.094399 1529524042.396343 0.000106 0.000133 0.000699 36.047105
10.106780 1529524042.408725 0.000106 0.000133 0.000700 36.064737
10.119221 1529524042.421165 0.000106 0.000133 0.000701 35.958876
10.131382 1529524042.433326 0.000106 0.000132 0.000709 36.007041
10.144187 1529524042.446131 0.000105 0.000131 0.000717 36.153331
10.156479 1529524042.458424 0.000105 0.000130 0.000727 36.299420
10.168656 1529524042.470600 0.000105 0.000130 0.000739 36.455805
10.181408 1529524042.483352 0.000104 0.000130 0.000745 36.536985
10.193941 1529524042.495885 0.000105 0.000130 0.000747 36.628874
10.206404 1529524042.508348 0.000105 0.000130 0.000747 36.720136
10.219181 1529524042.521125 0.000105 0.000130 0.000747 36.780953
10.231735 1529524042.533679 0.000105 0.000131 0.000748 36.616503
10.244349 1529524042.546293 0.000105 0.000130 0.000746 36.767808
10.256633 1529524042.558577 0.000105 0.000130 0.000748 36.724836
10.269248 1529524042.571192 0.000105 0.000132 0.000748 36.576514
10.281610 1529524042.583554 0.000105 0.000131 0.000745 36.753420
10.294154 1529524042.596098 0.000105 0.000132 0.000747 36.675448
10.306482 1529524042.608426 0.000105 0.000133 0.000746 36.713658
10.319206 1529524042.621150 0.000105 0.000132 0.000743 36.886162
10.332606 1529524042.634550 0.000105 0.000133 0.000745 36.778196
10.344355 1529524042.646300 0.000105 0.000133 0.000743 36.866788
10.356587 1529524042.658532 0.000105 0.000133 0.000742 36.891152
10.369088 1529524042.671033 0.000105 0.000134 0.000742 36.792929
10.381578 1529524042.683522 0.000105 0.000134 0.000744 36.862649
10.394330 1529524042.696274 0.000105 0.000134 0.000744 36.708735
10.406891 1529524042.708835 0.000105 0.000135 0.000745 36.746281
10.419038 1529524042.720983 0.000106 0.000134 0.000739 36.930480
10.431542 1529524042.733486 0.000105 0.000134 0.000739 36.874103
10.444030 1529524042.745974 0.000106 0.000135 0.000742 36.598267
10.456647 1529524042.758591 0.000106 0.000134 0.000739 36.807992
10.469271 1529524042.771215 0.000106 0.000133 0.000739 36.913365
10.481599 1529524042.783543 0.000106 0.000133 0.000742 36.852183
10.494064 1529524042.796008 0.000106 0.000133 0.000740 36.751706
10.506528 1529524042.808472 0.000106 0.000134 0.000735 36.816684
10.519314 1529524042.821258 0.000106 0.000134 0.000739 36.647638
10.531733 1529524042.833677 0.000106 0.000134 0.000737 36.649232
10.544068 1529524042.846013 0.000106 0.000133 0.000735 36.964798
10.557148 1529524042.859093 0.000106 0.000134 0.000733 36.887107
10.569924 1529524042.871868 0.000106 0.000133 0.000734 36.774597
10.582750 1529524042.884694 0.000106 0.000134 0.000741 36.631422
10.595337 1529524042.897281 0.000106 0.000134 0.000738 36.762553
10.608078 1529524042.910022 0.000106 0.000134 0.000737 36.814076
10.619934 1529524042.921879 0.000106 0.000134 0.000738 36.813085
10.632795 1529524042.934739 0.000106 0.000135 0.000739 36.755980
10.644656 1529524042.946600 0.000106 0.000134 0.000736 37.025851
10.657031 1529524042.958975 0.000106 0.000135 0.000738 36.784646
10.669361 1529524042.971306 0.000106 0.000136 0.000737 36.692836
10.681895 1529524042.983840 0.000106 0.000134 0.000739 36.796217
10.694478 1529524042.996422 0.000106 0.000134 0.000736 36.859143
10.706865 1529524043.008809 0.000106 0.000134 0.000738 36.713695
10.719819 1529524043.021763 0.000106 0.000134 0.000737 36.857499
10.732212 1529524043.034156 0.000106 0.000133 0.000736 36.876355
10.744946 1529524043.046891 0.000106 0.000134 0.000739 36.726781
10.757772 1529524043.059716 0.000106 0.000134 0.000734 36.850800
10.770177 1529524043.072121 0.000106 0.000135 0.000739 36.929152
10.781977 1529524043.083922 0.000106 0.000134 0.000733 37.061569
10.794151 1529524043.096095 0.000107 0.000134 0.000727 37.421268
10.806744 1529524043.108688 0.000109 0.000134 0.000725 38.365397
10.819270 1529524043.121214 0.000109 0.000134 0.000719 39.255502
10.831709 1529524043.133654 0.000109 0.000138 0.000715 39.380558
10.845366 1529524043.147310 0.000110 0.000140 0.000705 39.664584
10.857640 1529524043.159584 0.000110 0.000142 0.000704 39.798058
10.870291 1529524043.172236 0.000110 0.000142 0.000701 39.775356
10.882541 1529524043.184485 0.000111 0.000145 0.000699 39.731675
10.895237 1529524043.197181 0.000111 0.000144 0.000699 39.886088
10.907653 1529524043.209598 0.000111 0.000144 0.000698 39.911922
10.919988 1529524043.221932 0.000111 0.000144 0.000702 39.960452
10.932750 1529524043.234694 0.000112 0.000145 0.000700 39.757745
10.945032 1529524043.246976 0.000111 0.000145 0.000701 39.786981
10.956946 1529524043.258890 0.000111 0.000145 0.000700 39.761429
10.969438 1529524043.271382 0.000112 0.000144 0.000697 39.648182
10.981924 1529524043.283868 0.000112 0.000146 0.000700 39.586500
10.994415 1529524043.296359 0.000111 0.000143 0.000704 39.755895
11.007032 1529524043.308976 0.000112 0.000143 0.000704 39.888573
11.019653 1529524043.321597 0.000112 0.000145 0.000703 39.695089
11.032357 1529524043.334301 0.000112 0.000145 0.000699 39.723235
11.045138 1529524043.347082 0.000112 0.000143 0.000700 39.810286
11.057509 1529524043.359453 0.000112 0.000145 0.000698 39.677288
11.070200 1529524043.372144 0.000112 0.000145 0.000699 39.652239
11.082562 1529524043.384506 0.000112 0.000144 0.000699 39.843918
11.095040 1529524043.396984 0.000112 0.000145 0.000701 39.698071
11.107350 1529524043.409294 0.000112 0.000146 0.000702 39.863450
11.119944 1529524043.421888 0.000113 0.000146 0.000700 40.463421
11.132445 1529524043.434389 0.000113 0.000148 0.000708 41.868632
11.144632 1529524043.446576 0.000113 0.000153 0.000705 44.244275
11.157042 1529524043.458986 0.000112 0.000160 0.000707 46.700262
11.169661 1529524043.471606 0.000114 0.000164 0.000779 48.282542
11.182378 1529524043.484322 0.000122 0.000163 0.000799 49.662226
11.194790 1529524043.496734 0.000140 0.000171 0.000821 51.589010
11.207162 1529524043.509107 0.000147 0.000181 0.000902 53.344338
11.219629 1529524043.521574 0.000164 0.000190 0.000878 55.528878
11.232227 1529524043.534171 0.000173 0.000197 0.000870 57.293041
11.244491 1529524043.546435 0.000164 0.000284 0.000795 57.663608
11.257063 1529524043.559007 0.000147 0.000633 0.000684 70.641780
11.269676 1529524043.571620 0.000133 0.000557 0.000966 19.036385
11.282458 1529524043.584402 0.000323 0.000539 0.000729 38.706468
11.295228 1529524043.597172 0.000099 0.000780 0.001061 83.689365
11.307972 1529524043.609916 0.000230 0.000912 0.001229 82.618432
11.320257 1529524043.622202 0.000356 0.000438 0.000680 86.790430
11.332221 1529524043.634165 0.000182 0.000286 0.000644 42.122681
11.344701 1529524043.646645 0.000358 0.000426 0.000659 80.857626
11.357413 1529524043.659358 0.000288 0.000673 0.001360 59.649431
11.369880 1529524043.671824 0.000221 0.000814 0.001690 104.832698
11.382540 1529524043.684485 0.000298 0.000449 0.000948 41.108047
11.394801 1529524043.696746 0.000148 0.000289 0.000935 36.124315
11.407279 1529524043.709223 0.000211 0.000520 0.001102 109.792184
11.419913 1529524043.721858 0.000122 0.000367 0.001036 57.193537
11.432214 1529524043.734159 0.000123 0.000499 0.001596 87.169137
11.444274 1529524043.746218 0.000139 0.000323 0.000976 58.306549
11.456496 1529524043.758440 0.000105 0.000210 0.001011 61.612906
11.469479 1529524043.771423 0.000149 0.000409 0.000979 65.257224
11.481995 1529524043.783939 0.000098 0.000271 0.001049 66.477120
11.494317 1529524043.796261 0.000267 0.000524 0.001563 106.789214
11.507480 1529524043.809424 0.000168 0.000525 0.001032 78.360010
11.520359 1529524043.822303 0.000121 0.000345 0.000976 53.890483
11.532877 1529524043.834821 0.000145 0.000259 0.000874 55.133784
11.545199 1529524043.847144 0.000132 0.000460 0.000966 49.961930
11.557553 1529524043.859497 0.000127 0.000579 0.001171 64.303647
11.570247 1529524043.872191 0.000081 0.000616 0.001091 73.233747
11.582218 1529524043.884162 0.000247 0.000432 0.001278 90.283040
11.594515 1529524043.896459 0.000196 0.000388 0.001018 49.307015
11.607217 1529524043.909161 0.000221 0.000358 0.001510 25.265708
11.619541 1529524043.921485 0.000221 0.000487 0.001787 9.374572
11.632268 1529524043.934213 0.000218 0.000529 0.001154 40.550838
11.644788 1529524043.946732 0.000081 0.000697 0.000976 60.298553
11.656901 1529524043.958845 0.000302 0.000810 0.001326 68.437351
11.669348 1529524043.971292 0.000152 0.000495 0.001356 33.401262
11.682193 1529524043.984137 0.000211 0.000463 0.001206 24.677715
11.694672 1529524043.996616 0.000145 0.000613 0.001036 3.211299
11.707366 1529524044.009310 0.000252 0.000647 0.001046 63.517067
11.720488 1529524044.022433 0.000118 0.000884 0.001713 88.968751
11.733006 1529524044.034950 0.000340 0.000811 0.001176 73.463982
11.745232 1529524044.047176 0.000256 0.000590 0.001170 40.976122
11.758404 1529524044.060349 0.000277 0.000423 0.001027 25.651233
11.770407 1529524044.072351 0.000124 0.000641 0.001368 9.099735
11.781961 1529524044.083905 0.000238 0.000508 0.001220 17.425692
11.794510 1529524044.096454 0.000295 0.000865 0.001066 45.703474
11.807128 1529524044.109073 0.000183 0.000921 0.001477 77.980306
11.819626 1529524044.121570 0.000232 0.000842 0.001351 67.594692
11.833072 1529524044.135016 0.000190 0.000813 0.001132 60.457451
11.846171 1529524044.148115 0.000196 0.000618 0.000858 44.624716
11.857937 1529524044.159881 0.000217 0.000278 0.000973 47.962431
11.869431 1529524044.171375 0.000141 0.000239 0.000974 47.827049
11.882940 1529524044.184885 0.000127 0.000207 0.000963 44.666121
11.894883 1529524044.196827 0.000123 0.000183 0.001015 43.048740
11.907527 1529524044.209472 0.000122 0.000168 0.001042 43.037860
11.919603 1529524044.221547 0.000123 0.000166 0.001017 42.252275
11.932330 1529524044.234274 0.000123 0.000165 0.001003 41.675553
11.944736 1529524044.246680 0.000123 0.000160 0.000986 41.321640
11.957353 1529524044.259298 0.000122 0.000162 0.000985 40.641340
11.969777 1529524044.271722 0.000121 0.000155 0.000979 39.853555
11.982363 1529524044.284307 0.000120 0.000157 0.000976 39.164732
11.994875 1529524044.296819 0.000120 0.000151 0.000967 39.043792
12.007501 1529524044.309445 0.000119 0.000153 0.000961 38.580361
12.019581 1529524044.321526 0.000119 0.000150 0.000964 38.480183
12.032256 1529524044.334200 0.000119 0.000150 0.000957 38.228981
12.044689 1529524044.346633 0.000118 0.000151 0.000957 38.006405
12.057181 1529524044.359126 0.000117 0.000152 0.000955 37.711339
12.070693 1529524044.372637 0.000117 0.000150 0.000953 37.506377
12.082898 1529524044.384842 0.000117 0.000149 0.000949 37.502110
12.095619 1529524044.397563 0.000117 0.000147 0.000953 37.367533
12.107482 1529524044.409427 0.000116 0.000147 0.000949 37.176730
12.119652 1529524044.421597 0.000116 0.000147 0.000945 37.017448
12.133059 1529524044.435003 0.000116 0.000145 0.000943 37.008726
12.145953 1529524044.447897 0.000115 0.000146 0.000950 37.145889
12.158376 1529524044.460320 0.000115 0.000147 0.000952 37.109646
12.170913 1529524044.472857 0.000115 0.000148 0.000947 37.157364
12.182570 1529524044.484514 0.000114 0.000145 0.000952 37.383850
12.194768 1529524044.496712 0.000114 0.000147 0.000951 37.374648
12.207274 1529524044.509218 0.000114 0.000146 0.000951 37.508873
12.219592 1529524044.521536 0.000114 0.000147 0.000948 37.269418
12.232421 1529524044.534366 0.000114 0.000147 0.000955 37.286801
12.245544 1529524044.547488 0.000114 0.000146 0.000949 37.155494
12.258207 1529524044.560151 0.000114 0.000147 0.000943 36.857865
12.270890 1529524044.572834 0.000115 0.000145 0.000946 36.946686
12.283263 1529524044.585207 0.000115 0.000148 0.000940 36.995827
12.296159 1529524044.598104 0.000118 0.000149 0.000925 37.670002
12.308433 1529524044.610377 0.000121 0.000152 0.000883 39.681650
12.320547 1529524044.622491 0.000125 0.000159 0.000846 42.052097
12.332757 1529524044.634702 0.000133 0.000175 0.000822 44.516364
12.344788 1529524044.646733 0.000143 0.000168 0.000765 48.946381
12.358017 1529524044.659962 0.000156 0.000180 0.000733 50.886253
12.369573 1529524044.671518 0.000160 0.000184 0.000738 52.964762
12.382117 1529524044.684061 0.000164 0.000193 0.000734 54.254289
12.394858 1529524044.696802 0.000168 0.000190 0.000697 54.228183
12.407508 1529524044.709452 0.000155 0.000182 0.000712 55.105496
12.419988 1529524044.721932 0.000137 0.000190 0.000797 56.519898
12.432524 1529524044.734468 0.000129 0.000199 0.000924 58.595394
12.445304 1529524044.747248 0.000135 0.000210 0.000952 58.934607
12.457566 1529524044.759510 0.000143 0.000204 0.000951 58.833414
12.470639 1529524044.772583 0.000145 0.000199 0.000969 59.973277
12.482632 1529524044.784577 0.000156 0.000197 0.000947 61.996171
12.494922 1529524044.796867 0.000161 0.000230 0.000873 62.787541
12.507488 1529524044.809432 0.000176 0.000425 0.000835 61.950277
12.520069 1529524044.822014 0.000152 0.000551 0.001113 27.391775
12.532432 1529524044.834377 0.000153 0.000527 0.000977 64.166583
12.544902 1529524044.846846 0.000244 0.000912 0.001366 84.183495
12.558197 1529524044.860142 0.000305 0.000361 0.001302 51.294916
12.570860 1529524044.872804 0.000224 0.000322 0.001402 15.646143
12.583925 1529524044.885870 0.000586 0.000656 0.001281 31.697815
12.595378 1529524044.897323 0.000314 0.001138 0.001907 64.546896
12.607400 1529524044.909344 0.000311 0.000723 0.001007 34.273300
12.619627 1529524044.921571 0.000228 0.000352 0.000870 40.112461
12.632235 1529524044.934180 0.000178 0.000290 0.001172 57.307770
12.644832 1529524044.946776 0.000179 0.000418 0.000982 67.195791
12.657527 1529524044.959471 0.000193 0.000470 0.002633 70.303976
12.669660 1529524044.971604 0.000162 0.000521 0.001336 71.293522
12.682150 1529524044.984094 0.000138 0.000227 0.001121 56.638513
12.696102 1529524044.998046 0.000117 0.000284 0.000939 61.982967
12.707476 1529524045.009420 0.000123 0.000444 0.000842 65.267107
12.719828 1529524045.021772 0.000132 0.000439 0.000708 73.148357
12.732504 1529524045.034448 0.000087 0.000597 0.001025 87.612174
12.744909 1529524045.046854 0.000417 0.000583 0.001247 96.587301
12.757666 1529524045.059611 0.000215 0.000346 0.001025 60.324221
12.770133 1529524045.072078 0.000170 0.000343 0.001247 49.341934
12.782727 1529524045.084671 0.000184 0.000342 0.001390 41.748796
12.795037 1529524045.096982 0.000223 0.000424 0.001365 40.710378
12.808713 1529524045.110657 0.000106 0.000337 0.001069 57.123171
12.819357 1529524045.121301 0.000199 0.000821 0.001188 84.485981
12.831747 1529524045.133691 0.000383 0.000564 0.001418 58.395928
12.844276 1529524045.146220 0.000253 0.000324 0.001514 22.884062
12.856993 1529524045.158938 0.000223 0.000636 0.001288 14.178482
12.869571 1529524045.171515 0.000436 0.000632 0.000850 100.769196
12.882037 1529524045.183981 0.000173 0.001038 0.001219 96.559669
12.894578 1529524045.196523 0.000338 0.000938 0.001269 98.239574
12.906970 1529524045.208915 0.000264 0.000561 0.001040 51.661734
12.920963 1529524045.222907 0.000321 0.000392 0.000996 37.273214
12.931894 1529524045.233838 0.000153 0.000642 0.000844 32.071445
12.944724 1529524045.246668 0.000252 0.000344 0.000811 49.375738
12.957155 1529524045.259099 0.000153 0.000761 0.001295 73.732912
12.969549 1529524045.271494 0.000318 0.000738 0.001016 84.447833
12.982063 1529524045.284007 0.000136 0.000658 0.000795 55.898175
12.994480 1529524045.296424 0.000307 0.000487 0.000695 44.718527
13.007182 1529524045.309126 0.000145 0.000502 0.000890 27.110715
13.019745 1529524045.321689 0.000261 0.000455 0.000917 41.105912
13.031705 1529524045.333650 0.000108 0.000661 0.001307 74.851635
13.044673 1529524045.346617 0.000176 0.000764 0.001200 82.087098
13.057199 1529524045.359143 0.000264 0.000660 0.000805 47.437942
13.069512 1529524045.371457 0.000212 0.000569 0.000792 50.625462
13.082226 1529524045.384170 0.000227 0.000448 0.000797 58.208671
13.095629 1529524045.397573 0.000195 0.000244 0.000872 61.957570
13.108100 1529524045.410044 0.000163 0.000242 0.000887 64.204486
13.120510 1529524045.422454 0.000163 0.000240 0.000875 65.310100
13.133433 1529524045.435377 0.000162 0.000229 0.000848 64.867337
13.145464 1529524045.447409 0.000150 0.000220 0.000883 64.453811
13.157645 1529524045.459590 0.000146 0.000191 0.000833 59.896751
13.170161 1529524045.472105 0.000143 0.000174 0.000822 57.488498
13.182499 1529524045.484443 0.000140 0.000164 0.000827 54.124663
13.195492 1529524045.497436 0.000138 0.000156 0.000870 52.392464
13.208251 1529524045.510195 0.000133 0.000148 0.000872 49.912109
13.220014 1529524045.521958 0.000129 0.000140 0.000858 47.329087
13.232270 1529524045.534214 0.000125 0.000135 0.000918 46.150752
13.244625 1529524045.546569 0.000123 0.000132 0.000913 44.149475
13.257407 1529524045.559351 0.000122 0.000161 0.000976 41.338191
13.270060 1529524045.572004 0.000121 0.000158 0.001016 40.816394
13.282240 1529524045.584185 0.000120 0.000152 0.001021 39.949567
13.295077 1529524045.597021 0.000118 0.000123 0.001001 41.270575
13.307742 1529524045.609687 0.000118 0.000150 0.001016 38.830484
13.320207 1529524045.622151 0.000114 0.000120 0.001004 40.142648
13.332392 1529524045.634336 0.000116 0.000144 0.001031 37.898269
13.344938 1529524045.646882 0.000111 0.000118 0.001002 39.347382
13.357326 1529524045.659270 0.000114 0.000141 0.001033 37.260633
13.369795 1529524045.671739 0.000113 0.000139 0.001047 36.994947
13.382339 1529524045.684283 0.000112 0.000140 0.001058 36.664889
13.395350 1529524045.697294 0.000112 0.000137 0.001062 36.582865
13.408658 1529524045.710602 0.000111 0.000136 0.001066 36.300311
13.420648 1529524045.722592 0.000111 0.000135 0.001068 36.118855
13.433216 1529524045.735161 0.000110 0.000136 0.001077 36.013598
13.445818 1529524045.747763 0.000110 0.000136 0.001070 35.944504
13.458442 1529524045.760387 0.000110 0.000135 0.001070 35.968019
13.469883 1529524045.771827 0.000109 0.000133 0.001063 35.950802
13.483733 1529524045.785677 0.000110 0.000135 0.001062 35.912789
13.495900 1529524045.797844 0.000110 0.000134 0.001068 35.905496
13.508418 1529524045.810363 0.000109 0.000135 0.001064 35.818616
13.520410 1529524045.822355 0.000109 0.000134 0.001054 35.852939
13.532758 1529524045.834702 0.000110 0.000135 0.001057 35.839963
13.545574 1529524045.847518 0.000109 0.000136 0.001059 35.809442
13.557934 1529524045.859879 0.000109 0.000136 0.001056 35.743641
13.570194 1529524045.872138 0.000109 0.000137 0.001052 35.639616
13.582700 1529524045.884644 0.000109 0.000138 0.001050 35.584081
13.595615 1529524045.897559 0.000109 0.000137 0.001053 35.616528
13.607944 1529524045.909888 0.000109 0.000136 0.001047 35.594193
13.620401 1529524045.922345 0.000109 0.000136 0.001036 35.488608
13.632858 1529524045.934802 0.000109 0.000138 0.001049 35.399449
13.645320 1529524045.947264 0.000109 0.000136 0.001037 35.405973
