-5.005366 1528557427.762743 0.000128 0.000141 0.000665 44.851390
-4.944474 1528557427.823634 0.000131 0.000140 0.000668 44.777274
-4.940169 1528557427.827939 0.000130 0.000141 0.000667 44.882994
-4.920909 1528557427.847199 0.000130 0.000141 0.000662 45.011808
-4.908809 1528557427.859299 0.000130 0.000141 0.000664 44.978681
-4.896580 1528557427.871528 0.000129 0.000141 0.000667 45.047004
-4.884149 1528557427.883960 0.000130 0.000140 0.000669 44.901077
-4.871665 1528557427.896443 0.000129 0.000140 0.000666 45.108257
-4.859235 1528557427.908873 0.000129 0.000140 0.000667 44.962896
-4.846707 1528557427.921402 0.000128 0.000140 0.000668 45.123791
-4.834463 1528557427.933645 0.000127 0.000140 0.000671 45.218972
-4.821432 1528557427.946676 0.000128 0.000140 0.000664 45.339357
-4.808800 1528557427.959308 0.000128 0.000140 0.000672 44.913866
-4.795374 1528557427.972734 0.000127 0.000140 0.000668 45.101871
-4.782659 1528557427.985449 0.000127 0.000140 0.000669 45.110135
-4.770170 1528557427.997938 0.000126 0.000139 0.000670 45.156994
-4.757955 1528557428.010153 0.000127 0.000140 0.000666 45.291551
-4.746332 1528557428.021776 0.000127 0.000139 0.000670 44.968045
-4.734033 1528557428.034075 0.000125 0.000140 0.000670 45.198219
-4.721219 1528557428.046889 0.000125 0.000140 0.000670 45.443654
-4.709252 1528557428.058856 0.000128 0.000139 0.000669 45.101907
-4.695510 1528557428.072598 0.000127 0.000139 0.000668 45.208983
-4.683045 1528557428.085063 0.000126 0.000139 0.000668 45.413787
-4.670216 1528557428.097893 0.000125 0.000139 0.000671 45.322987
-4.657121 1528557428.110987 0.000127 0.000139 0.000667 45.157692
-4.646119 1528557428.121989 0.000126 0.000139 0.000671 45.183529
-4.634001 1528557428.134107 0.000125 0.000139 0.000669 45.365981
-4.621383 1528557428.146725 0.000129 0.000138 0.000667 44.891553
-4.609190 1528557428.158918 0.000127 0.000139 0.000668 45.114230
-4.596428 1528557428.171680 0.000126 0.000139 0.000671 45.215946
-4.583677 1528557428.184432 0.000126 0.000139 0.000672 45.185875
-4.571112 1528557428.196996 0.000126 0.000139 0.000673 44.942091
-4.558784 1528557428.209324 0.000127 0.000139 0.000667 45.294845
-4.546262 1528557428.221846 0.000127 0.000140 0.000666 45.280621
-4.533867 1528557428.234241 0.000124 0.000140 0.000670 45.425375
-4.521152 1528557428.246956 0.000126 0.000140 0.000667 45.221941
-4.508798 1528557428.259310 0.000126 0.000140 0.000670 45.138951
-4.495719 1528557428.272389 0.000128 0.000140 0.000668 45.206407
-4.483749 1528557428.284359 0.000126 0.000141 0.000668 45.379261
-4.471194 1528557428.296914 0.000126 0.000140 0.000671 45.283214
-4.458462 1528557428.309646 0.000126 0.000141 0.000667 45.445951
-4.446187 1528557428.321921 0.000126 0.000141 0.000668 45.405812
-4.433411 1528557428.334697 0.000125 0.000141 0.000673 45.307751
-4.421458 1528557428.346650 0.000127 0.000141 0.000669 45.277717
-4.409047 1528557428.359061 0.000127 0.000141 0.000667 45.383433
-4.396387 1528557428.371721 0.000125 0.000142 0.000669 45.504860
-4.383924 1528557428.384184 0.000126 0.000141 0.000668 45.439087
-4.371003 1528557428.397105 0.000126 0.000141 0.000671 45.254265
-4.358008 1528557428.410100 0.000129 0.000141 0.000666 45.163672
-4.345431 1528557428.422677 0.000128 0.000141 0.000663 45.204728
-4.333058 1528557428.435050 0.000126 0.000142 0.000667 45.376469
-4.320441 1528557428.447667 0.000127 0.000141 0.000670 45.224280
-4.307414 1528557428.460695 0.000126 0.000142 0.000662 45.397661
-4.295439 1528557428.472670 0.000128 0.000143 0.000655 45.107729
-4.282523 1528557428.485585 0.000129 0.000144 0.000634 45.428463
-4.270699 1528557428.497410 0.000132 0.000144 0.000626 45.053476
-4.259147 1528557428.508961 0.000132 0.000144 0.000625 44.947462
-4.246284 1528557428.521824 0.000131 0.000144 0.000629 44.931323
-4.233131 1528557428.534977 0.000131 0.000144 0.000627 45.142500
-4.220668 1528557428.547441 0.000130 0.000143 0.000633 45.117364
-4.208225 1528557428.559883 0.000131 0.000143 0.000629 45.131374
-4.196189 1528557428.571919 0.000129 0.000143 0.000632 45.299060
-4.183912 1528557428.584196 0.000130 0.000142 0.000633 45.182006
-4.171623 1528557428.596485 0.000129 0.000142 0.000633 45.219125
-4.159190 1528557428.608918 0.000130 0.000142 0.000633 45.303972
-4.146322 1528557428.621786 0.000130 0.000142 0.000631 45.450505
-4.133822 1528557428.634286 0.000129 0.000143 0.000631 45.264255
-4.120459 1528557428.647649 0.000130 0.000143 0.000630 45.331175
-4.107979 1528557428.660129 0.000130 0.000142 0.000631 45.285565
-4.095383 1528557428.672725 0.000131 0.000142 0.000632 45.232612
-4.082690 1528557428.685418 0.000129 0.000142 0.000632 45.365772
-4.070118 1528557428.697990 0.000129 0.000142 0.000633 45.330585
-4.058392 1528557428.709716 0.000129 0.000142 0.000631 45.432958
-4.046167 1528557428.721941 0.000130 0.000142 0.000631 45.395650
-4.034160 1528557428.733948 0.000130 0.000142 0.000633 45.269872
-4.020859 1528557428.747249 0.000130 0.000142 0.000632 45.370825
-4.008524 1528557428.759584 0.000129 0.000142 0.000631 45.308893
-3.996265 1528557428.771843 0.000128 0.000141 0.000635 45.410530
-3.983783 1528557428.784325 0.000130 0.000141 0.000633 45.298008
-3.969882 1528557428.798226 0.000130 0.000142 0.000629 45.365047
-3.957767 1528557428.810341 0.000129 0.000141 0.000632 45.367229
-3.945396 1528557428.822712 0.000129 0.000142 0.000630 45.394694
-3.933636 1528557428.834472 0.000129 0.000141 0.000630 45.273389
-3.921461 1528557428.846647 0.000130 0.000141 0.000633 45.131899
-3.907878 1528557428.860230 0.000129 0.000142 0.000631 45.256969
-3.895111 1528557428.872997 0.000129 0.000142 0.000635 45.215206
-3.882699 1528557428.885409 0.000128 0.000142 0.000634 45.242074
-3.870948 1528557428.897161 0.000129 0.000141 0.000634 45.166481
-3.858755 1528557428.909353 0.000129 0.000142 0.000632 45.175529
-3.846071 1528557428.922037 0.000129 0.000142 0.000634 45.280952
-3.832491 1528557428.935617 0.000131 0.000141 0.000630 45.133492
-3.820581 1528557428.947527 0.000129 0.000142 0.000632 45.239442
-3.807796 1528557428.960312 0.000129 0.000142 0.000633 45.291880
-3.795779 1528557428.972329 0.000129 0.000142 0.000633 45.234986
-3.782984 1528557428.985124 0.000129 0.000142 0.000634 45.313071
-3.771006 1528557428.997102 0.000127 0.000142 0.000634 45.373487
-3.758613 1528557429.009495 0.000128 0.000142 0.000634 45.367575
-3.746444 1528557429.021665 0.000130 0.000142 0.000630 45.252709
-3.732902 1528557429.035206 0.000131 0.000142 0.000630 45.149269
-3.720197 1528557429.047911 0.000130 0.000142 0.000630 45.219469
-3.707965 1528557429.060143 0.000129 0.000143 0.000631 45.347011
-3.695343 1528557429.072765 0.000129 0.000143 0.000634 45.270851
-3.682857 1528557429.085252 0.000130 0.000143 0.000630 45.279905
-3.670142 1528557429.097966 0.000129 0.000143 0.000634 45.357089
-3.657961 1528557429.110147 0.000129 0.000143 0.000633 45.284103
-3.645953 1528557429.122155 0.000129 0.000143 0.000631 45.283644
-3.634009 1528557429.134099 0.000131 0.000143 0.000631 45.222178
-3.621076 1528557429.147032 0.000129 0.000143 0.000633 45.295568
-3.607670 1528557429.160439 0.000129 0.000143 0.000633 45.223617
-3.595274 1528557429.172834 0.000129 0.000143 0.000633 45.287402
-3.582753 1528557429.185355 0.000132 0.000142 0.000631 45.064150
-3.569921 1528557429.198187 0.000128 0.000143 0.000633 45.272156
-3.557796 1528557429.210312 0.000131 0.000142 0.000630 45.108117
-3.546179 1528557429.221929 0.000128 0.000143 0.000635 45.314443
-3.533846 1528557429.234262 0.000129 0.000143 0.000634 45.271415
-3.520491 1528557429.247617 0.000129 0.000143 0.000632 45.191857
-3.508185 1528557429.259923 0.000130 0.000143 0.000632 45.033887
-3.495454 1528557429.272655 0.000128 0.000143 0.000634 45.206852
-3.483717 1528557429.284391 0.000132 0.000143 0.000628 44.852744
-3.470840 1528557429.297269 0.000131 0.000142 0.000628 44.912824
-3.457574 1528557429.310534 0.000132 0.000141 0.000640 44.312644
-3.445718 1528557429.322391 0.000131 0.000140 0.000646 44.462507
-3.433178 1528557429.334930 0.000132 0.000140 0.000645 44.611642
-3.421090 1528557429.347018 0.000132 0.000139 0.000647 44.722598
-3.409045 1528557429.359063 0.000132 0.000139 0.000646 44.730373
-3.396226 1528557429.371882 0.000132 0.000139 0.000643 44.790293
-3.383642 1528557429.384466 0.000131 0.000138 0.000642 45.007168
-3.370809 1528557429.397300 0.000132 0.000138 0.000640 45.016807
-3.357996 1528557429.410112 0.000133 0.000137 0.000641 45.101249
-3.346039 1528557429.422070 0.000131 0.000137 0.000642 45.324822
-3.333244 1528557429.434864 0.000132 0.000137 0.000637 45.111385
-3.320776 1528557429.447332 0.000131 0.000137 0.000637 45.013373
-3.308452 1528557429.459656 0.000132 0.000137 0.000640 44.497820
-3.295640 1528557429.472468 0.000132 0.000138 0.000639 44.301543
-3.283483 1528557429.484625 0.000131 0.000138 0.000638 44.471341
-3.270856 1528557429.497252 0.000130 0.000138 0.000644 44.397826
-3.258565 1528557429.509543 0.000129 0.000137 0.000646 44.299501
-3.245056 1528557429.523052 0.000129 0.000137 0.000648 44.095552
-3.233567 1528557429.534541 0.000129 0.000138 0.000647 44.109868
-3.220415 1528557429.547693 0.000129 0.000137 0.000649 44.103537
-3.207670 1528557429.560438 0.000129 0.000137 0.000652 44.105343
-3.195776 1528557429.572332 0.000128 0.000138 0.000653 44.307070
-3.183688 1528557429.584420 0.000129 0.000138 0.000651 44.207100
-3.171429 1528557429.596679 0.000128 0.000138 0.000653 44.217759
-3.158588 1528557429.609520 0.000128 0.000138 0.000649 44.270623
-3.146349 1528557429.621759 0.000129 0.000138 0.000650 44.107293
-3.131902 1528557429.636206 0.000128 0.000138 0.000648 44.116493
-3.120151 1528557429.647957 0.000128 0.000137 0.000645 43.974507
-3.107647 1528557429.660461 0.000128 0.000137 0.000649 44.136266
-3.095678 1528557429.672430 0.000129 0.000137 0.000642 43.949832
-3.082745 1528557429.685363 0.000128 0.000137 0.000647 44.102243
-3.070431 1528557429.697677 0.000129 0.000137 0.000648 44.032316
-3.058166 1528557429.709943 0.000128 0.000137 0.000651 44.174427
-3.046078 1528557429.722030 0.000128 0.000136 0.000647 44.198038
-3.033537 1528557429.734571 0.000127 0.000134 0.000653 44.522332
-3.020240 1528557429.747868 0.000125 0.000134 0.000665 44.930982
-3.007650 1528557429.760458 0.000126 0.000133 0.000675 44.830401
-2.996432 1528557429.771677 0.000125 0.000134 0.000677 45.026021
-2.983536 1528557429.784573 0.000126 0.000134 0.000672 44.961984
-2.970739 1528557429.797369 0.000126 0.000135 0.000670 44.952843
-2.958490 1528557429.809618 0.000125 0.000135 0.000668 44.938676
-2.946059 1528557429.822049 0.000125 0.000135 0.000666 44.832320
-2.933656 1528557429.834453 0.000125 0.000135 0.000667 44.878621
-2.921068 1528557429.847040 0.000125 0.000135 0.000665 44.787228
-2.908750 1528557429.859358 0.000126 0.000135 0.000665 44.705844
-2.894945 1528557429.873163 0.000126 0.000135 0.000665 44.645387
-2.883441 1528557429.884667 0.000127 0.000134 0.000666 44.566466
-2.871054 1528557429.897054 0.000125 0.000135 0.000665 44.665869
-2.858421 1528557429.909687 0.000127 0.000135 0.000663 44.545426
-2.845936 1528557429.922173 0.000126 0.000135 0.000668 44.690788
-2.833552 1528557429.934556 0.000126 0.000135 0.000664 44.760572
-2.820903 1528557429.947205 0.000124 0.000135 0.000667 44.878355
-2.807496 1528557429.960613 0.000126 0.000136 0.000665 44.830123
-2.795125 1528557429.972984 0.000126 0.000136 0.000662 44.916003
-2.781890 1528557429.986218 0.000126 0.000136 0.000663 44.966544
-2.769706 1528557429.998402 0.000124 0.000136 0.000663 44.997097
-2.757841 1528557430.010267 0.000126 0.000136 0.000666 44.846763
-2.746023 1528557430.022085 0.000127 0.000136 0.000662 44.973279
-2.733593 1528557430.034516 0.000127 0.000136 0.000662 44.795557
-2.721035 1528557430.047073 0.000126 0.000136 0.000662 44.805937
-2.708207 1528557430.059901 0.000126 0.000136 0.000661 44.944536
-2.695511 1528557430.072597 0.000126 0.000137 0.000659 45.008491
-2.682765 1528557430.085343 0.000126 0.000137 0.000659 45.036441
-2.670847 1528557430.097261 0.000125 0.000137 0.000665 44.970709
-2.658237 1528557430.109871 0.000127 0.000137 0.000661 44.904181
-2.645787 1528557430.122321 0.000126 0.000137 0.000661 45.014263
-2.633439 1528557430.134669 0.000126 0.000137 0.000661 44.951379
-2.620701 1528557430.147407 0.000127 0.000136 0.000662 44.733872
-2.608311 1528557430.159797 0.000127 0.000137 0.000660 44.866848
-2.595786 1528557430.172322 0.000127 0.000137 0.000659 44.864878
-2.582861 1528557430.185247 0.000127 0.000137 0.000660 44.840164
-2.570691 1528557430.197417 0.000127 0.000136 0.000662 44.735665
-2.557918 1528557430.210191 0.000126 0.000137 0.000662 44.923310
-2.545640 1528557430.222469 0.000128 0.000137 0.000658 44.793076
-2.532312 1528557430.235796 0.000126 0.000137 0.000662 44.885047
-2.520624 1528557430.247484 0.000127 0.000137 0.000663 44.830878
-2.508509 1528557430.259599 0.000126 0.000138 0.000661 44.820010
-2.496342 1528557430.271766 0.000127 0.000138 0.000661 44.786069
-2.483767 1528557430.284341 0.000126 0.000138 0.000661 44.773738
-2.469874 1528557430.298234 0.000127 0.000137 0.000664 44.700394
-2.457501 1528557430.310607 0.000127 0.000138 0.000665 44.647134
-2.446145 1528557430.321963 0.000126 0.000137 0.000664 44.637001
-2.433915 1528557430.334193 0.000127 0.000138 0.000663 44.530649
-2.421456 1528557430.346652 0.000126 0.000138 0.000666 44.558468
-2.408920 1528557430.359188 0.000127 0.000138 0.000661 44.658296
-2.396269 1528557430.371839 0.000128 0.000138 0.000663 44.518611
-2.383945 1528557430.384163 0.000127 0.000138 0.000665 44.523320
-2.371037 1528557430.397071 0.000129 0.000139 0.000658 44.522431
-2.358523 1528557430.409585 0.000127 0.000139 0.000660 44.615103
-2.345114 1528557430.422994 0.000128 0.000139 0.000662 44.518441
-2.332651 1528557430.435457 0.000128 0.000139 0.000660 44.640443
-2.320415 1528557430.447693 0.000127 0.000140 0.000660 44.712340
-2.307657 1528557430.460451 0.000128 0.000139 0.000660 44.697815
-2.294667 1528557430.473441 0.000131 0.000139 0.000658 44.594490
-2.282375 1528557430.485734 0.000129 0.000139 0.000661 44.560908
-2.270077 1528557430.498031 0.000128 0.000140 0.000659 44.885583
-2.258363 1528557430.509745 0.000128 0.000140 0.000659 44.852081
-2.245860 1528557430.522248 0.000131 0.000140 0.000657 44.743126
-2.233527 1528557430.534581 0.000129 0.000142 0.000653 44.954183
-2.221126 1528557430.546983 0.000132 0.000143 0.000628 45.045974
-2.208544 1528557430.559564 0.000133 0.000142 0.000638 44.494141
-2.196178 1528557430.571930 0.000134 0.000142 0.000644 43.838548
-2.183441 1528557430.584667 0.000134 0.000141 0.000659 43.412473
-2.170478 1528557430.597631 0.000135 0.000140 0.000664 43.387760
-2.158336 1528557430.609772 0.000135 0.000140 0.000663 43.413311
-2.145869 1528557430.622239 0.000135 0.000140 0.000664 43.416216
-2.133302 1528557430.634806 0.000133 0.000140 0.000669 43.442406
-2.120779 1528557430.647330 0.000134 0.000139 0.000667 43.191436
-2.107958 1528557430.660150 0.000134 0.000139 0.000669 43.259781
-2.095786 1528557430.672323 0.000133 0.000139 0.000670 43.323981
-2.083438 1528557430.684670 0.000134 0.000139 0.000667 43.290894
-2.070392 1528557430.697716 0.000133 0.000138 0.000673 43.265356
-2.057781 1528557430.710327 0.000133 0.000138 0.000669 43.205207
-2.044929 1528557430.723179 0.000133 0.000138 0.000669 43.142337
-2.032993 1528557430.735115 0.000132 0.000138 0.000670 43.058438
-2.020877 1528557430.747231 0.000133 0.000138 0.000671 43.024804
-2.008591 1528557430.759517 0.000133 0.000138 0.000668 42.946755
-1.996006 1528557430.772102 0.000133 0.000137 0.000669 43.048872
-1.983766 1528557430.784342 0.000130 0.000137 0.000673 43.132943
-1.971258 1528557430.796850 0.000131 0.000137 0.000675 43.075162
-1.958807 1528557430.809301 0.000130 0.000137 0.000672 43.139571
-1.944665 1528557430.823443 0.000132 0.000137 0.000672 43.003482
-1.932116 1528557430.835992 0.000132 0.000137 0.000672 43.021319
-1.920412 1528557430.847696 0.000129 0.000138 0.000669 43.578343
-1.908190 1528557430.859918 0.000127 0.000138 0.000682 43.651798
-1.896111 1528557430.871997 0.000127 0.000138 0.000687 43.562954
-1.883366 1528557430.884742 0.000127 0.000138 0.000688 43.370522
-1.870425 1528557430.897683 0.000127 0.000137 0.000687 43.286918
-1.856997 1528557430.911111 0.000126 0.000137 0.000687 43.315656
-1.845713 1528557430.922395 0.000127 0.000137 0.000684 43.396173
-1.833799 1528557430.934309 0.000128 0.000137 0.000682 43.455384
-1.821339 1528557430.946769 0.000125 0.000137 0.000687 43.624397
-1.808707 1528557430.959401 0.000127 0.000137 0.000680 43.539536
-1.796042 1528557430.972066 0.000127 0.000136 0.000681 43.587276
-1.783398 1528557430.984710 0.000125 0.000136 0.000685 43.812997
-1.770992 1528557430.997117 0.000126 0.000136 0.000681 43.744471
-1.758367 1528557431.009742 0.000128 0.000135 0.000681 43.525057
-1.746114 1528557431.021994 0.000126 0.000135 0.000683 43.720022
-1.733354 1528557431.034755 0.000124 0.000135 0.000687 43.735623
-1.721149 1528557431.046959 0.000127 0.000134 0.000683 43.581921
-1.706870 1528557431.061239 0.000125 0.000134 0.000685 43.739688
-1.695231 1528557431.072877 0.000123 0.000133 0.000702 43.750454
-1.682291 1528557431.085818 0.000123 0.000133 0.000705 43.937221
-1.670726 1528557431.097383 0.000122 0.000132 0.000701 44.312977
-1.657835 1528557431.110273 0.000126 0.000132 0.000692 44.131370
-1.645074 1528557431.123034 0.000124 0.000132 0.000701 44.154338
-1.632997 1528557431.135112 0.000125 0.000132 0.000694 44.025430
-1.620259 1528557431.147849 0.000124 0.000132 0.000694 44.051592
-1.607404 1528557431.160705 0.000124 0.000131 0.000692 43.962014
-1.595997 1528557431.172112 0.000124 0.000132 0.000693 44.242217
-1.583441 1528557431.184668 0.000123 0.000132 0.000693 44.248135
-1.569886 1528557431.198222 0.000124 0.000131 0.000688 44.213174
-1.557413 1528557431.210695 0.000121 0.000132 0.000692 44.459807
-1.545927 1528557431.222182 0.000121 0.000131 0.000696 44.332140
-1.533647 1528557431.234461 0.000123 0.000131 0.000692 44.364935
-1.521072 1528557431.247036 0.000121 0.000131 0.000695 44.369547
-1.508420 1528557431.259689 0.000124 0.000131 0.000689 44.309552
-1.496041 1528557431.272067 0.000124 0.000131 0.000692 44.176228
-1.483558 1528557431.284550 0.000125 0.000131 0.000690 44.107074
-1.471034 1528557431.297074 0.000124 0.000131 0.000689 44.508200
-1.457830 1528557431.310278 0.000123 0.000132 0.000687 44.373338
-1.445811 1528557431.322297 0.000126 0.000133 0.000657 44.013539
-1.433601 1528557431.334507 0.000125 0.000132 0.000664 43.901221
-1.421194 1528557431.346914 0.000124 0.000132 0.000671 43.635686
-1.408369 1528557431.359739 0.000124 0.000134 0.000671 43.759245
-1.395295 1528557431.372813 0.000123 0.000133 0.000673 44.119598
-1.382048 1528557431.386060 0.000126 0.000133 0.000673 43.907867
-1.370291 1528557431.397818 0.000125 0.000133 0.000671 43.892067
-1.357591 1528557431.410517 0.000123 0.000133 0.000669 44.034486
-1.345345 1528557431.422764 0.000125 0.000132 0.000669 43.769153
-1.333211 1528557431.434897 0.000126 0.000133 0.000665 43.730096
-1.321143 1528557431.446965 0.000125 0.000132 0.000670 43.851232
-1.308709 1528557431.459399 0.000124 0.000132 0.000667 43.826281
-1.294696 1528557431.473412 0.000123 0.000133 0.000672 43.955116
-1.282525 1528557431.485584 0.000125 0.000132 0.000669 43.870523
-1.270388 1528557431.497720 0.000124 0.000132 0.000670 43.910516
-1.258261 1528557431.509847 0.000124 0.000132 0.000670 43.755494
-1.245584 1528557431.522524 0.000123 0.000132 0.000671 43.768143
-1.233088 1528557431.535020 0.000122 0.000132 0.000674 43.808660
-1.220748 1528557431.547360 0.000121 0.000132 0.000674 43.813316
-1.208029 1528557431.560079 0.000123 0.000132 0.000672 43.781323
-1.195614 1528557431.572494 0.000126 0.000132 0.000671 43.559785
-1.182722 1528557431.585386 0.000125 0.000132 0.000670 43.647670
-1.170426 1528557431.597682 0.000123 0.000132 0.000673 43.596442
-1.157996 1528557431.610112 0.000121 0.000132 0.000676 43.682078
-1.145295 1528557431.622813 0.000124 0.000132 0.000670 43.516212
-1.132136 1528557431.635972 0.000121 0.000132 0.000674 43.535380
-1.120234 1528557431.647874 0.000122 0.000132 0.000673 43.541996
-1.108379 1528557431.659729 0.000123 0.000132 0.000672 43.594727
-1.095772 1528557431.672336 0.000123 0.000132 0.000673 43.533600
-1.083347 1528557431.684762 0.000122 0.000132 0.000674 43.597694
-1.070916 1528557431.697192 0.000124 0.000132 0.000671 43.457861
-1.058515 1528557431.709593 0.000123 0.000132 0.000672 43.634813
-1.046238 1528557431.721870 0.000123 0.000132 0.000673 43.583232
-1.033299 1528557431.734809 0.000122 0.000132 0.000674 43.670455
-1.020701 1528557431.747407 0.000120 0.000133 0.000677 43.795250
-1.007835 1528557431.760273 0.000126 0.000132 0.000667 43.457681
-0.995596 1528557431.772512 0.000124 0.000132 0.000669 43.552962
-0.983169 1528557431.784939 0.000122 0.000132 0.000672 43.797594
-0.970521 1528557431.797587 0.000123 0.000132 0.000671 43.740005
-0.958445 1528557431.809663 0.000123 0.000133 0.000667 43.793804
-0.945621 1528557431.822487 0.000122 0.000132 0.000672 43.924144
-0.932945 1528557431.835164 0.000124 0.000132 0.000673 43.921599
-0.920600 1528557431.847508 0.000124 0.000132 0.000669 43.900938
-0.908358 1528557431.859750 0.000126 0.000132 0.000670 43.780054
-0.895618 1528557431.872490 0.000123 0.000132 0.000672 43.860830
-0.882050 1528557431.886059 0.000123 0.000132 0.000673 43.917709
-0.869634 1528557431.898474 0.000125 0.000131 0.000669 43.848902
-0.856802 1528557431.911306 0.000126 0.000132 0.000667 43.722079
-0.844349 1528557431.923759 0.000126 0.000131 0.000667 43.689891
-0.833005 1528557431.935103 0.000125 0.000132 0.000666 43.830314
-0.820879 1528557431.947229 0.000123 0.000132 0.000673 43.854069
-0.808537 1528557431.959571 0.000124 0.000132 0.000673 43.791440
-0.795839 1528557431.972269 0.000126 0.000132 0.000669 43.654227
-0.783497 1528557431.984611 0.000128 0.000132 0.000667 43.247390
-0.770960 1528557431.997148 0.000128 0.000132 0.000666 42.608259
-0.758882 1528557432.009226 0.000124 0.000130 0.000687 42.592806
-0.746066 1528557432.022042 0.000125 0.000130 0.000696 42.304024
-0.732107 1528557432.036001 0.000122 0.000130 0.000706 42.597602
-0.720996 1528557432.047112 0.000122 0.000130 0.000707 42.808072
-0.708521 1528557432.059587 0.000125 0.000130 0.000705 42.881785
-0.695994 1528557432.072114 0.000122 0.000130 0.000708 43.198287
-0.683246 1528557432.084862 0.000124 0.000130 0.000700 43.120797
-0.670239 1528557432.097869 0.000122 0.000129 0.000705 43.271943
-0.658011 1528557432.110097 0.000123 0.000130 0.000704 43.253607
-0.645419 1528557432.122689 0.000122 0.000129 0.000704 43.253248
-0.633109 1528557432.135000 0.000123 0.000130 0.000702 43.181965
-0.619012 1528557432.149096 0.000124 0.000130 0.000702 43.056154
-0.608102 1528557432.160006 0.000122 0.000130 0.000703 43.242395
-0.595462 1528557432.172646 0.000124 0.000129 0.000699 43.038796
-0.582842 1528557432.185266 0.000124 0.000130 0.000699 43.024861
-0.570305 1528557432.197803 0.000122 0.000129 0.000703 43.249210
-0.557837 1528557432.210271 0.000124 0.000130 0.000697 43.005796
-0.545346 1528557432.222762 0.000121 0.000128 0.000704 43.263560
-0.532956 1528557432.235152 0.000123 0.000128 0.000700 43.101821
-0.519778 1528557432.248330 0.000123 0.000128 0.000700 43.110741
-0.506903 1528557432.261205 0.000124 0.000128 0.000704 43.032672
-0.494839 1528557432.273269 0.000124 0.000128 0.000702 43.123004
-0.482145 1528557432.285963 0.000124 0.000128 0.000701 43.085942
-0.469639 1528557432.298469 0.000122 0.000127 0.000704 43.341283
-0.458007 1528557432.310101 0.000121 0.000128 0.000698 44.109096
-0.445867 1528557432.322241 0.000120 0.000129 0.000705 43.969888
-0.433425 1528557432.334683 0.000120 0.000131 0.000709 43.668395
-0.420758 1528557432.347350 0.000121 0.000131 0.000707 43.308512
-0.408434 1528557432.359674 0.000119 0.000131 0.000710 43.343934
-0.395984 1528557432.372124 0.000122 0.000130 0.000704 43.029069
-0.383395 1528557432.384713 0.000120 0.000130 0.000709 43.210287
-0.370902 1528557432.397207 0.000122 0.000130 0.000707 43.166374
-0.358468 1528557432.409640 0.000120 0.000130 0.000710 43.369346
-0.345930 1528557432.422178 0.000122 0.000130 0.000706 43.300924
-0.332953 1528557432.435155 0.000120 0.000130 0.000706 43.410910
-0.320277 1528557432.447831 0.000118 0.000130 0.000710 43.513809
-0.307795 1528557432.460314 0.000120 0.000130 0.000707 43.443135
-0.295252 1528557432.472856 0.000119 0.000130 0.000708 43.451526
-0.282786 1528557432.485322 0.000120 0.000130 0.000703 43.387802
-0.270270 1528557432.497838 0.000118 0.000130 0.000707 43.427198
-0.257720 1528557432.510388 0.000118 0.000129 0.000707 43.459769
-0.245219 1528557432.522889 0.000121 0.000129 0.000707 43.347311
-0.232346 1528557432.535762 0.000121 0.000129 0.000700 43.219481
-0.220529 1528557432.547579 0.000121 0.000130 0.000702 43.221378
-0.207643 1528557432.560465 0.000119 0.000129 0.000706 43.309524
-0.195141 1528557432.572967 0.000120 0.000129 0.000707 43.227860
-0.182237 1528557432.585871 0.000120 0.000129 0.000706 43.237112
-0.170238 1528557432.597870 0.000120 0.000129 0.000704 43.165792
-0.158199 1528557432.609910 0.000121 0.000129 0.000704 43.137977
-0.145635 1528557432.622473 0.000119 0.000129 0.000708 43.321232
-0.132796 1528557432.635313 0.000118 0.000129 0.000708 43.317098
-0.120713 1528557432.647396 0.000118 0.000128 0.000708 43.405163
-0.108088 1528557432.660020 0.000121 0.000128 0.000706 43.213394
-0.095792 1528557432.672316 0.000122 0.000128 0.000705 43.059660
-0.083046 1528557432.685062 0.000121 0.000128 0.000704 43.172045
-0.070699 1528557432.697409 0.000121 0.000128 0.000703 43.137172
-0.058027 1528557432.710082 0.000122 0.000128 0.000704 43.114958
-0.045587 1528557432.722521 0.000121 0.000128 0.000705 43.167282
-0.032120 1528557432.735988 0.000120 0.000128 0.000707 43.154322
-0.019596 1528557432.748512 0.000121 0.000127 0.000706 43.093757
-0.007303 1528557432.760805 0.000120 0.000127 0.000707 43.115738
0.005318 1528557432.773426 0.000121 0.000127 0.000705 43.054398
0.017084 1528557432.785192 0.000121 0.000127 0.000705 42.961353
0.029754 1528557432.797862 0.000121 0.000127 0.000706 43.015154
0.042312 1528557432.810421 0.000121 0.000127 0.000707 42.979728
0.054898 1528557432.823006 0.000119 0.000127 0.000709 43.047869
0.066880 1528557432.834989 0.000120 0.000127 0.000708 43.021775
0.079857 1528557432.847965 0.000120 0.000127 0.000709 43.073398
0.092224 1528557432.860332 0.000119 0.000127 0.000709 43.032117
0.104711 1528557432.872819 0.000119 0.000127 0.000709 43.084321
0.117037 1528557432.885145 0.000120 0.000127 0.000709 42.971185
0.129934 1528557432.898042 0.000119 0.000127 0.000713 43.157330
0.142328 1528557432.910436 0.000120 0.000128 0.000709 43.016038
0.154906 1528557432.923014 0.000121 0.000127 0.000709 43.025637
0.167342 1528557432.935450 0.000121 0.000127 0.000709 43.087550
0.179664 1528557432.947772 0.000120 0.000127 0.000709 43.113811
0.192389 1528557432.960497 0.000122 0.000127 0.000701 43.015100
0.204838 1528557432.972946 0.000122 0.000127 0.000676 42.945678
0.216931 1528557432.985039 0.000121 0.000126 0.000672 42.917243
0.229381 1528557432.997489 0.000118 0.000125 0.000682 43.329323
0.242061 1528557433.010170 0.000116 0.000123 0.000698 44.410720
0.254353 1528557433.022461 0.000116 0.000122 0.000692 44.478529
0.266782 1528557433.034890 0.000115 0.000122 0.000702 44.835537
0.279508 1528557433.047616 0.000117 0.000122 0.000701 44.855347
0.291808 1528557433.059916 0.000116 0.000122 0.000703 45.045368
0.304406 1528557433.072514 0.000115 0.000122 0.000705 45.274662
0.317048 1528557433.085156 0.000119 0.000123 0.000699 45.091917
0.329746 1528557433.097854 0.000117 0.000122 0.000701 45.226653
0.342182 1528557433.110290 0.000117 0.000121 0.000698 45.085957
0.354249 1528557433.122357 0.000117 0.000121 0.000701 45.229519
0.367007 1528557433.135115 0.000118 0.000122 0.000696 45.039217
0.379425 1528557433.147533 0.000118 0.000123 0.000695 45.151162
0.392918 1528557433.161026 0.000118 0.000122 0.000695 45.209215
0.405234 1528557433.173342 0.000118 0.000122 0.000693 45.292454
0.417751 1528557433.185859 0.000117 0.000124 0.000698 45.641747
0.430444 1528557433.198552 0.000118 0.000124 0.000701 46.058909
0.442051 1528557433.210159 0.000118 0.000125 0.000702 46.625259
0.454505 1528557433.222613 0.000118 0.000127 0.000707 47.082101
0.466928 1528557433.235036 0.000117 0.000130 0.000710 47.970741
0.479444 1528557433.247552 0.000116 0.000133 0.000717 48.798792
0.491940 1528557433.260048 0.000117 0.000137 0.000729 49.287473
0.504290 1528557433.272398 0.000119 0.000139 0.000731 49.505204
0.516861 1528557433.284970 0.000120 0.000139 0.000737 49.956241
0.530828 1528557433.298937 0.000122 0.000140 0.000733 50.269919
0.543551 1528557433.311659 0.000124 0.000141 0.000725 50.993500
0.555791 1528557433.323899 0.000128 0.000139 0.000706 53.359394
0.568294 1528557433.336402 0.000133 0.000139 0.000679 56.794493
0.579642 1528557433.347750 0.000134 0.000141 0.000668 61.350349
0.591910 1528557433.360018 0.000132 0.000149 0.000667 65.631201
0.604162 1528557433.372271 0.000130 0.000151 0.000690 68.187925
0.616800 1528557433.384908 0.000129 0.000154 0.000696 69.390800
0.630368 1528557433.398476 0.000128 0.000157 0.000708 70.249653
0.642761 1528557433.410869 0.000127 0.000158 0.000733 70.642211
0.655519 1528557433.423628 0.000134 0.000158 0.000725 71.585622
0.667877 1528557433.435986 0.000133 0.000158 0.000736 73.195308
0.679515 1528557433.447623 0.000134 0.000157 0.000727 74.403023
0.692024 1528557433.460133 0.000136 0.000159 0.000721 75.776932
0.704202 1528557433.472310 0.000137 0.000163 0.000693 77.469829
0.717149 1528557433.485257 0.000138 0.000168 0.000678 79.797963
0.730728 1528557433.498837 0.000136 0.000180 0.000670 81.821774
0.742933 1528557433.511041 0.000136 0.000190 0.000654 83.908116
0.755422 1528557433.523530 0.000137 0.000196 0.000649 86.193251
0.767296 1528557433.535404 0.000140 0.000199 0.000637 87.332722
0.779666 1528557433.547774 0.000139 0.000200 0.000644 88.702124
0.791908 1528557433.560016 0.000140 0.000205 0.000645 90.072049
0.804468 1528557433.572576 0.000141 0.000204 0.000646 91.196223
0.816740 1528557433.584848 0.000142 0.000201 0.000646 92.178745
0.829143 1528557433.597251 0.000144 0.000198 0.000643 93.293535
0.841342 1528557433.609450 0.000146 0.000193 0.000641 94.308868
0.854088 1528557433.622196 0.000150 0.000189 0.000637 95.930516
0.866458 1528557433.634566 0.000155 0.000189 0.000628 97.305111
0.879100 1528557433.647208 0.000155 0.000193 0.000624 98.285663
0.892888 1528557433.660996 0.000157 0.000190 0.000620 99.554677
0.905468 1528557433.673576 0.000160 0.000192 0.000612 100.306151
0.918204 1528557433.686312 0.000161 0.000194 0.000602 101.409761
0.930401 1528557433.698509 0.000163 0.000194 0.000592 102.332085
0.943323 1528557433.711432 0.000164 0.000192 0.000597 102.938955
0.955580 1528557433.723689 0.000166 0.000190 0.000597 103.609699
0.967435 1528557433.735543 0.000167 0.000191 0.000591 104.616606
0.980040 1528557433.748148 0.000169 0.000191 0.000589 104.888230
0.992538 1528557433.760647 0.000169 0.000193 0.000593 105.578520
1.004835 1528557433.772943 0.000171 0.000192 0.000586 105.899991
1.016529 1528557433.784637 0.000172 0.000192 0.000579 105.969516
1.028939 1528557433.797047 0.000174 0.000191 0.000585 106.429095
1.041694 1528557433.809803 0.000173 0.000193 0.000577 106.589820
1.054314 1528557433.822422 0.000174 0.000193 0.000573 106.668257
1.066978 1528557433.835086 0.000176 0.000193 0.000580 107.020243
1.080078 1528557433.848186 0.000175 0.000195 0.000584 107.833377
1.092039 1528557433.860147 0.000176 0.000195 0.000585 107.421983
1.105067 1528557433.873175 0.000176 0.000194 0.000579 107.438726
1.117659 1528557433.885767 0.000179 0.000194 0.000573 107.814561
1.129998 1528557433.898107 0.000177 0.000194 0.000587 107.767007
1.142246 1528557433.910354 0.000177 0.000196 0.000582 108.254545
1.154202 1528557433.922310 0.000178 0.000195 0.000578 108.339568
1.166920 1528557433.935028 0.000177 0.000195 0.000589 108.396175
1.179519 1528557433.947627 0.000179 0.000197 0.000585 108.586326
1.191749 1528557433.959857 0.000177 0.000198 0.000589 109.296762
1.203988 1528557433.972096 0.000177 0.000199 0.000584 109.616940
1.217062 1528557433.985170 0.000176 0.000199 0.000595 110.007052
1.230572 1528557433.998680 0.000178 0.000200 0.000599 110.719517
1.243143 1528557434.011251 0.000178 0.000201 0.000588 110.781398
1.254909 1528557434.023017 0.000177 0.000201 0.000588 110.798774
1.266861 1528557434.034970 0.000178 0.000201 0.000594 110.896954
1.279239 1528557434.047347 0.000178 0.000200 0.000596 111.254632
1.293190 1528557434.061298 0.000178 0.000202 0.000591 111.352743
1.305371 1528557434.073479 0.000177 0.000202 0.000592 111.205633
1.317827 1528557434.085935 0.000177 0.000201 0.000603 110.999374
1.329353 1528557434.097461 0.000177 0.000202 0.000580 111.133893
1.341925 1528557434.110034 0.000177 0.000201 0.000594 111.082990
1.354437 1528557434.122545 0.000178 0.000201 0.000590 110.745641
1.367157 1528557434.135265 0.000178 0.000201 0.000595 110.742472
1.379530 1528557434.147638 0.000177 0.000202 0.000597 110.870564
1.391987 1528557434.160095 0.000177 0.000202 0.000596 111.165801
1.404189 1528557434.172297 0.000176 0.000203 0.000600 110.779080
1.416841 1528557434.184949 0.000176 0.000204 0.000591 110.715684
1.429937 1528557434.198045 0.000176 0.000202 0.000603 110.536063
1.442980 1528557434.211088 0.000177 0.000203 0.000599 110.576908
1.454844 1528557434.222952 0.000176 0.000203 0.000599 110.247749
1.466821 1528557434.234929 0.000175 0.000203 0.000600 110.124241
1.479067 1528557434.247175 0.000174 0.000201 0.000605 109.891746
1.491775 1528557434.259883 0.000173 0.000201 0.000611 109.942111
1.505524 1528557434.273632 0.000173 0.000202 0.000606 109.609230
1.518286 1528557434.286394 0.000173 0.000201 0.000602 109.464937
1.530583 1528557434.298691 0.000173 0.000201 0.000598 109.322159
1.542587 1528557434.310695 0.000173 0.000202 0.000596 109.613324
1.554456 1528557434.322564 0.000173 0.000203 0.000592 109.386339
1.566945 1528557434.335053 0.000173 0.000202 0.000596 109.523874
1.579633 1528557434.347741 0.000173 0.000201 0.000595 109.242211
1.592069 1528557434.360177 0.000173 0.000204 0.000589 109.447967
1.604377 1528557434.372485 0.000174 0.000202 0.000590 109.059657
1.617052 1528557434.385160 0.000175 0.000205 0.000589 108.919216
1.629749 1528557434.397857 0.000175 0.000205 0.000587 108.912090
1.642061 1528557434.410169 0.000175 0.000205 0.000586 108.914672
1.654936 1528557434.423044 0.000175 0.000207 0.000589 109.238677
1.668661 1528557434.436769 0.000174 0.000206 0.000592 109.308026
1.680481 1528557434.448589 0.000175 0.000207 0.000595 109.348525
1.693548 1528557434.461656 0.000173 0.000209 0.000598 109.326643
1.705432 1528557434.473540 0.000173 0.000210 0.000585 108.708355
1.717223 1528557434.485331 0.000172 0.000209 0.000589 108.787233
1.729681 1528557434.497789 0.000172 0.000209 0.000601 109.019943
1.742638 1528557434.510746 0.000171 0.000210 0.000592 108.842825
1.755055 1528557434.523163 0.000171 0.000208 0.000595 109.084560
1.768175 1528557434.536283 0.000169 0.000208 0.000599 108.912973
1.780654 1528557434.548762 0.000169 0.000209 0.000597 108.852058
1.792895 1528557434.561003 0.000170 0.000209 0.000595 109.205312
1.804866 1528557434.572974 0.000170 0.000208 0.000586 109.062226
1.816945 1528557434.585053 0.000170 0.000208 0.000596 108.821470
1.829326 1528557434.597434 0.000170 0.000209 0.000595 108.836227
1.841801 1528557434.609909 0.000170 0.000208 0.000592 108.894121
1.854675 1528557434.622783 0.000170 0.000207 0.000590 109.056867
1.867165 1528557434.635273 0.000168 0.000209 0.000579 109.253783
1.879496 1528557434.647604 0.000169 0.000209 0.000570 108.665488
1.892016 1528557434.660124 0.000168 0.000208 0.000581 108.903737
1.905918 1528557434.674026 0.000168 0.000209 0.000585 108.938677
1.918002 1528557434.686110 0.000168 0.000207 0.000591 109.186052
1.930004 1528557434.698112 0.000167 0.000209 0.000586 109.487134
1.941959 1528557434.710067 0.000167 0.000209 0.000580 109.024432
1.954582 1528557434.722690 0.000168 0.000209 0.000585 108.995924
1.967114 1528557434.735222 0.000167 0.000209 0.000595 108.748651
1.979633 1528557434.747741 0.000167 0.000207 0.000591 108.850025
1.991855 1528557434.759964 0.000165 0.000209 0.000585 108.325220
2.004503 1528557434.772611 0.000165 0.000209 0.000583 107.732523
2.016995 1528557434.785103 0.000163 0.000208 0.000575 106.873905
2.029754 1528557434.797862 0.000161 0.000207 0.000580 106.511592
2.042138 1528557434.810246 0.000162 0.000207 0.000574 106.355472
2.054404 1528557434.822512 0.000161 0.000208 0.000568 106.409899
2.067020 1528557434.835128 0.000160 0.000211 0.000563 105.592356
2.079297 1528557434.847405 0.000159 0.000211 0.000562 104.968425
2.091619 1528557434.859727 0.000158 0.000211 0.000558 104.109014
2.104170 1528557434.872278 0.000158 0.000210 0.000561 104.052237
2.116739 1528557434.884847 0.000157 0.000210 0.000552 103.659505
2.129236 1528557434.897344 0.000157 0.000207 0.000566 103.910488
2.141793 1528557434.909902 0.000156 0.000210 0.000559 103.509535
2.154337 1528557434.922445 0.000155 0.000208 0.000562 103.276336
2.167143 1528557434.935251 0.000156 0.000205 0.000563 102.624256
2.180384 1528557434.948492 0.000156 0.000204 0.000565 102.419783
2.193198 1528557434.961307 0.000158 0.000200 0.000562 102.287814
2.205837 1528557434.973945 0.000157 0.000202 0.000562 101.545310
2.217367 1528557434.985475 0.000158 0.000200 0.000556 101.239185
2.229412 1528557434.997520 0.000157 0.000199 0.000551 100.589676
2.242053 1528557435.010161 0.000157 0.000196 0.000562 100.115223
2.254646 1528557435.022754 0.000156 0.000196 0.000565 99.749461
2.267131 1528557435.035239 0.000155 0.000195 0.000556 99.264263
2.279562 1528557435.047670 0.000153 0.000194 0.000560 99.092022
2.292185 1528557435.060293 0.000153 0.000193 0.000559 98.315412
2.304497 1528557435.072605 0.000152 0.000193 0.000551 97.723158
2.317713 1528557435.085821 0.000153 0.000192 0.000558 97.436500
2.330657 1528557435.098765 0.000151 0.000190 0.000558 97.771200
2.342582 1528557435.110690 0.000152 0.000189 0.000556 97.523144
2.355635 1528557435.123743 0.000151 0.000187 0.000569 97.673713
2.367194 1528557435.135302 0.000151 0.000188 0.000559 96.789771
2.380327 1528557435.148435 0.000151 0.000187 0.000569 96.980656
2.392192 1528557435.160300 0.000151 0.000185 0.000568 97.028649
2.405403 1528557435.173511 0.000150 0.000185 0.000569 96.754002
2.418092 1528557435.186200 0.000149 0.000183 0.000581 97.129901
2.430833 1528557435.198941 0.000149 0.000183 0.000576 96.858054
2.442971 1528557435.211079 0.000149 0.000182 0.000577 96.497995
2.454909 1528557435.223017 0.000148 0.000181 0.000570 96.137353
2.467017 1528557435.235126 0.000148 0.000179 0.000582 96.191965
2.479739 1528557435.247847 0.000147 0.000178 0.000583 96.290759
2.492068 1528557435.260176 0.000147 0.000178 0.000579 95.819848
2.504735 1528557435.272844 0.000146 0.000177 0.000579 95.634304
2.516911 1528557435.285019 0.000146 0.000176 0.000588 95.283075
2.529620 1528557435.297728 0.000146 0.000175 0.000582 95.195267
2.542150 1528557435.310258 0.000145 0.000175 0.000593 94.927400
2.554775 1528557435.322883 0.000146 0.000173 0.000604 94.064527
2.567158 1528557435.335266 0.000147 0.000173 0.000612 92.209418
2.579844 1528557435.347952 0.000153 0.000172 0.000630 90.421881
2.592355 1528557435.360463 0.000161 0.000171 0.000642 88.693439
2.604936 1528557435.373044 0.000168 0.000169 0.000656 86.372535
2.617348 1528557435.385456 0.000168 0.000171 0.000680 83.765015
2.629931 1528557435.398039 0.000163 0.000175 0.000705 81.179972
2.642280 1528557435.410388 0.000157 0.000170 0.000705 79.611786
2.655053 1528557435.423161 0.000152 0.000167 0.000729 78.167975
2.668260 1528557435.436368 0.000149 0.000165 0.000736 77.701812
2.680390 1528557435.448498 0.000146 0.000163 0.000722 77.038192
2.693353 1528557435.461461 0.000144 0.000161 0.000727 76.170351
2.705719 1528557435.473828 0.000144 0.000160 0.000722 75.712796
2.718328 1528557435.486436 0.000142 0.000157 0.000726 75.314067
2.730650 1528557435.498758 0.000141 0.000156 0.000727 75.107835
2.743223 1528557435.511331 0.000140 0.000156 0.000725 74.838078
2.755687 1528557435.523796 0.000140 0.000154 0.000726 74.700723
2.768283 1528557435.536391 0.000139 0.000154 0.000731 74.433868
2.779897 1528557435.548005 0.000138 0.000153 0.000726 74.396732
2.791904 1528557435.560013 0.000136 0.000153 0.000732 74.240335
2.805905 1528557435.574013 0.000136 0.000152 0.000735 74.601350
2.817923 1528557435.586031 0.000135 0.000152 0.000738 74.783312
2.830603 1528557435.598711 0.000136 0.000151 0.000733 74.849048
2.843048 1528557435.611156 0.000135 0.000150 0.000731 74.765139
2.855605 1528557435.623713 0.000135 0.000150 0.000734 74.936480
2.867985 1528557435.636093 0.000134 0.000149 0.000735 74.848877
2.880080 1528557435.648188 0.000133 0.000148 0.000740 74.764167
2.892516 1528557435.660624 0.000132 0.000148 0.000741 74.693871
2.904936 1528557435.673044 0.000131 0.000147 0.000745 74.452303
2.917321 1528557435.685429 0.000131 0.000147 0.000742 74.443709
2.930277 1528557435.698385 0.000130 0.000146 0.000745 74.391581
2.942420 1528557435.710528 0.000130 0.000147 0.000745 74.501908
2.955095 1528557435.723203 0.000130 0.000146 0.000743 74.497706
2.967114 1528557435.735222 0.000129 0.000146 0.000750 74.491648
2.979903 1528557435.748012 0.000128 0.000146 0.000753 74.179186
2.993173 1528557435.761281 0.000128 0.000145 0.000752 74.208093
3.005809 1528557435.773917 0.000127 0.000145 0.000753 74.253521
3.018215 1528557435.786323 0.000127 0.000145 0.000753 74.315434
3.030420 1528557435.798528 0.000127 0.000145 0.000755 74.264057
3.042349 1528557435.810457 0.000127 0.000144 0.000753 74.298181
3.055511 1528557435.823619 0.000126 0.000144 0.000758 74.343543
3.067210 1528557435.835318 0.000125 0.000143 0.000758 74.100117
3.079607 1528557435.847715 0.000125 0.000144 0.000753 73.768034
3.092112 1528557435.860220 0.000126 0.000143 0.000755 73.785337
3.104644 1528557435.872752 0.000125 0.000142 0.000751 73.712633
3.117312 1528557435.885420 0.000126 0.000142 0.000748 73.622594
3.129690 1528557435.897798 0.000125 0.000141 0.000746 73.512905
3.142194 1528557435.910302 0.000125 0.000141 0.000749 73.360077
3.154922 1528557435.923031 0.000125 0.000142 0.000749 73.407563
3.167538 1528557435.935646 0.000125 0.000142 0.000740 73.352063
3.179823 1528557435.947931 0.000125 0.000141 0.000752 73.129186
3.192216 1528557435.960324 0.000125 0.000142 0.000746 73.112296
3.205081 1528557435.973189 0.000124 0.000141 0.000746 72.905150
3.217103 1528557435.985212 0.000125 0.000142 0.000747 73.075282
3.230017 1528557435.998125 0.000125 0.000142 0.000744 72.956497
3.242365 1528557436.010473 0.000125 0.000141 0.000745 72.876126
3.254737 1528557436.022845 0.000124 0.000142 0.000745 72.631347
3.267472 1528557436.035580 0.000125 0.000142 0.000739 72.681695
3.279669 1528557436.047777 0.000124 0.000142 0.000747 72.704167
3.292301 1528557436.060409 0.000125 0.000142 0.000744 72.626361
3.304562 1528557436.072670 0.000125 0.000143 0.000742 72.605081
3.317121 1528557436.085229 0.000124 0.000143 0.000747 72.570728
3.329546 1528557436.097654 0.000124 0.000143 0.000744 72.489332
3.341981 1528557436.110089 0.000125 0.000142 0.000743 72.396306
3.354486 1528557436.122594 0.000124 0.000143 0.000743 72.303082
3.367787 1528557436.135895 0.000125 0.000143 0.000746 72.310309
3.379377 1528557436.147485 0.000125 0.000143 0.000743 72.320653
3.391824 1528557436.159932 0.000125 0.000143 0.000745 72.296775
3.404526 1528557436.172635 0.000125 0.000143 0.000748 72.233265
3.416904 1528557436.185013 0.000125 0.000143 0.000747 72.209091
3.429376 1528557436.197484 0.000125 0.000143 0.000750 72.113733
3.441802 1528557436.209910 0.000125 0.000143 0.000746 72.031306
3.454483 1528557436.222591 0.000125 0.000142 0.000749 71.900428
3.466985 1528557436.235094 0.000126 0.000143 0.000747 71.818701
3.480026 1528557436.248134 0.000125 0.000142 0.000747 71.774477
3.491835 1528557436.259943 0.000125 0.000143 0.000747 71.788283
3.504497 1528557436.272605 0.000125 0.000143 0.000745 71.689278
3.516933 1528557436.285041 0.000126 0.000143 0.000749 71.722476
3.529358 1528557436.297466 0.000125 0.000143 0.000747 71.671912
3.542001 1528557436.310109 0.000126 0.000143 0.000747 71.684562
3.554551 1528557436.322659 0.000125 0.000143 0.000744 71.646945
3.567065 1528557436.335174 0.000125 0.000142 0.000750 71.536929
3.579226 1528557436.347335 0.000123 0.000143 0.000748 71.570461
3.592132 1528557436.360240 0.000121 0.000140 0.000764 71.105194
3.604474 1528557436.372582 0.000118 0.000139 0.000789 71.002935
3.617027 1528557436.385135 0.000115 0.000140 0.000807 72.014794
3.629502 1528557436.397610 0.000110 0.000145 0.000825 73.309234
3.641856 1528557436.409965 0.000106 0.000148 0.000836 74.545454
3.654491 1528557436.422599 0.000104 0.000151 0.000848 75.637388
3.667146 1528557436.435255 0.000101 0.000156 0.000852 76.450749
3.679761 1528557436.447869 0.000099 0.000157 0.000854 76.804225
3.692248 1528557436.460356 0.000100 0.000155 0.000846 77.064602
3.704807 1528557436.472915 0.000100 0.000153 0.000834 76.990170
3.717357 1528557436.485465 0.000100 0.000151 0.000830 76.976292
3.730011 1528557436.498119 0.000100 0.000151 0.000825 77.078966
3.742775 1528557436.510883 0.000101 0.000150 0.000818 77.210076
3.755242 1528557436.523350 0.000100 0.000151 0.000817 77.206820
3.768044 1528557436.536152 0.000100 0.000151 0.000813 77.230008
3.780136 1528557436.548244 0.000100 0.000150 0.000816 77.226388
3.793023 1528557436.561131 0.000100 0.000150 0.000815 77.259975
3.804939 1528557436.573047 0.000100 0.000150 0.000810 77.079796
3.818099 1528557436.586208 0.000100 0.000150 0.000809 77.013878
3.830100 1528557436.598208 0.000099 0.000149 0.000809 76.836721
3.843167 1528557436.611275 0.000099 0.000148 0.000814 76.668791
3.855179 1528557436.623287 0.000099 0.000147 0.000817 76.546180
3.867733 1528557436.635841 0.000100 0.000141 0.000809 76.379648
3.881333 1528557436.649441 0.000102 0.000139 0.000781 76.492457
3.893677 1528557436.661785 0.000106 0.000137 0.000765 76.067997
3.906378 1528557436.674486 0.000109 0.000137 0.000762 75.458622
3.918469 1528557436.686578 0.000114 0.000136 0.000757 74.311175
3.930856 1528557436.698965 0.000116 0.000136 0.000764 73.168861
3.943200 1528557436.711308 0.000115 0.000135 0.000767 72.090891
3.955241 1528557436.723349 0.000116 0.000134 0.000769 71.561297
3.967747 1528557436.735855 0.000117 0.000134 0.000764 71.327355
3.980319 1528557436.748428 0.000117 0.000134 0.000769 71.034281
3.992400 1528557436.760508 0.000116 0.000134 0.000769 70.943675
4.004615 1528557436.772723 0.000116 0.000133 0.000770 70.829599
4.017352 1528557436.785460 0.000116 0.000133 0.000771 70.705934
4.029549 1528557436.797657 0.000116 0.000133 0.000777 70.483780
4.043602 1528557436.811710 0.000116 0.000132 0.000775 70.300869
4.054624 1528557436.822732 0.000115 0.000132 0.000777 70.127116
4.068152 1528557436.836260 0.000115 0.000132 0.000775 69.943566
4.081204 1528557436.849313 0.000115 0.000132 0.000783 69.886911
4.093337 1528557436.861445 0.000115 0.000131 0.000775 69.719501
4.104850 1528557436.872958 0.000115 0.000131 0.000780 69.618326
4.117297 1528557436.885406 0.000115 0.000130 0.000782 69.640840
4.129797 1528557436.897905 0.000115 0.000131 0.000780 69.655087
4.142332 1528557436.910440 0.000115 0.000131 0.000779 69.598892
4.156254 1528557436.924362 0.000114 0.000131 0.000780 69.508854
4.167596 1528557436.935704 0.000114 0.000130 0.000779 69.437973
4.180166 1528557436.948274 0.000115 0.000130 0.000781 69.283172
4.192613 1528557436.960721 0.000114 0.000130 0.000782 69.301229
4.205150 1528557436.973258 0.000114 0.000131 0.000780 69.316975
4.217591 1528557436.985699 0.000115 0.000130 0.000779 69.281256
4.230403 1528557436.998511 0.000115 0.000131 0.000781 69.350241
4.242652 1528557437.010760 0.000114 0.000130 0.000785 69.278724
4.255485 1528557437.023593 0.000114 0.000130 0.000782 69.141925
4.269151 1528557437.037259 0.000114 0.000130 0.000783 69.006704
4.280741 1528557437.048849 0.000113 0.000130 0.000789 68.693624
4.293167 1528557437.061275 0.000113 0.000130 0.000798 68.287407
4.304714 1528557437.072822 0.000114 0.000130 0.000804 67.774194
4.317190 1528557437.085298 0.000117 0.000132 0.000794 67.084178
4.330122 1528557437.098230 0.000120 0.000136 0.000787 66.198056
4.342419 1528557437.110527 0.000121 0.000140 0.000782 65.083338
4.354974 1528557437.123082 0.000122 0.000143 0.000779 63.999059
4.367510 1528557437.135618 0.000120 0.000143 0.000783 62.739573
4.379839 1528557437.147948 0.000121 0.000143 0.000781 61.953370
4.392510 1528557437.160618 0.000121 0.000142 0.000773 61.310394
4.405253 1528557437.173361 0.000121 0.000142 0.000768 60.824445
4.418186 1528557437.186295 0.000121 0.000141 0.000760 60.468775
4.430420 1528557437.198528 0.000121 0.000141 0.000758 60.144238
4.443840 1528557437.211948 0.000121 0.000140 0.000753 59.941303
4.456024 1528557437.224132 0.000121 0.000140 0.000749 59.708558
4.468260 1528557437.236368 0.000121 0.000140 0.000749 59.614566
4.481458 1528557437.249566 0.000120 0.000140 0.000752 59.578157
4.493750 1528557437.261858 0.000120 0.000139 0.000751 59.510071
4.506742 1528557437.274851 0.000120 0.000139 0.000749 59.504525
4.518200 1528557437.286308 0.000119 0.000139 0.000751 59.448972
4.530970 1528557437.299078 0.000119 0.000139 0.000751 59.399964
4.542978 1528557437.311086 0.000119 0.000139 0.000749 59.432039
4.555061 1528557437.323169 0.000119 0.000138 0.000750 59.287371
4.567658 1528557437.335766 0.000119 0.000139 0.000749 59.278907
4.580030 1528557437.348138 0.000119 0.000137 0.000749 59.204556
4.592468 1528557437.360576 0.000119 0.000137 0.000751 59.219319
4.605159 1528557437.373267 0.000119 0.000136 0.000752 59.220504
4.617664 1528557437.385772 0.000119 0.000136 0.000754 59.235181
4.630134 1528557437.398242 0.000118 0.000135 0.000751 59.080868
4.643100 1528557437.411208 0.000119 0.000136 0.000750 59.087083
4.655483 1528557437.423591 0.000118 0.000136 0.000751 59.005408
4.668218 1528557437.436326 0.000119 0.000135 0.000748 58.977587
4.681292 1528557437.449400 0.000119 0.000135 0.000748 58.856380
4.693464 1528557437.461572 0.000118 0.000135 0.000752 58.777176
4.705841 1528557437.473949 0.000118 0.000135 0.000752 58.746120
4.717236 1528557437.485344 0.000119 0.000136 0.000748 58.743638
4.729891 1528557437.497999 0.000118 0.000135 0.000748 58.730082
4.742311 1528557437.510419 0.000118 0.000135 0.000748 58.732361
4.755233 1528557437.523341 0.000118 0.000134 0.000747 58.670712
4.767551 1528557437.535659 0.000119 0.000135 0.000744 58.652255
4.781012 1528557437.549120 0.000118 0.000135 0.000744 58.612005
4.793666 1528557437.561774 0.000117 0.000134 0.000746 58.659386
4.806154 1528557437.574262 0.000118 0.000134 0.000745 58.587427
4.818639 1528557437.586747 0.000118 0.000134 0.000743 58.613729
4.831154 1528557437.599262 0.000118 0.000134 0.000744 58.564892
4.843293 1528557437.611401 0.000118 0.000133 0.000745 58.513710
4.855256 1528557437.623364 0.000118 0.000134 0.000745 58.615372
4.867730 1528557437.635838 0.000118 0.000134 0.000744 58.577495
4.880052 1528557437.648160 0.000118 0.000133 0.000747 58.518236
4.892332 1528557437.660440 0.000118 0.000133 0.000746 58.555018
4.904902 1528557437.673010 0.000118 0.000134 0.000746 58.484790
4.917592 1528557437.685700 0.000118 0.000133 0.000746 58.472971
4.930018 1528557437.698126 0.000118 0.000133 0.000745 58.445774
4.942447 1528557437.710555 0.000118 0.000133 0.000745 58.455884
4.955130 1528557437.723238 0.000118 0.000133 0.000745 58.404484
4.967775 1528557437.735883 0.000118 0.000133 0.000748 58.445566
4.980155 1528557437.748263 0.000118 0.000133 0.000746 58.426885
4.992875 1528557437.760983 0.000118 0.000133 0.000740 58.370131
5.005154 1528557437.773262 0.000119 0.000134 0.000736 58.358096
5.018000 1528557437.786108 0.000119 0.000134 0.000741 58.360086
5.030610 1528557437.798718 0.000119 0.000134 0.000740 58.482070
5.042975 1528557437.811083 0.000120 0.000135 0.000739 58.483985
5.055043 1528557437.823151 0.000119 0.000134 0.000741 58.481296
5.067580 1528557437.835688 0.000121 0.000132 0.000736 58.225460
5.080029 1528557437.848137 0.000122 0.000131 0.000723 57.915008
5.092601 1528557437.860709 0.000121 0.000130 0.000733 57.492958
5.105076 1528557437.873184 0.000119 0.000127 0.000750 57.366610
5.118143 1528557437.886251 0.000117 0.000125 0.000763 57.617521
5.129989 1528557437.898098 0.000118 0.000127 0.000764 57.866054
5.142974 1528557437.911082 0.000118 0.000126 0.000764 57.893650
5.155138 1528557437.923246 0.000117 0.000126 0.000767 57.981541
5.167527 1528557437.935635 0.000117 0.000126 0.000765 57.909168
5.179851 1528557437.947959 0.000118 0.000126 0.000762 57.983876
5.192384 1528557437.960492 0.000118 0.000126 0.000761 57.955702
5.204878 1528557437.972986 0.000116 0.000126 0.000764 57.954908
5.217563 1528557437.985672 0.000118 0.000126 0.000759 57.926974
5.230154 1528557437.998262 0.000117 0.000126 0.000764 57.944149
5.242922 1528557438.011030 0.000119 0.000127 0.000756 57.980168
5.255198 1528557438.023306 0.000117 0.000126 0.000763 57.988360
5.267779 1528557438.035887 0.000118 0.000127 0.000757 57.939705
5.280091 1528557438.048199 0.000117 0.000127 0.000760 57.929470
5.292603 1528557438.060711 0.000120 0.000128 0.000750 57.944456
5.305947 1528557438.074055 0.000118 0.000127 0.000760 57.909346
5.319003 1528557438.087111 0.000117 0.000127 0.000759 57.906870
5.331348 1528557438.099456 0.000117 0.000126 0.000760 57.893047
5.342674 1528557438.110782 0.000117 0.000125 0.000762 57.825885
5.355173 1528557438.123281 0.000116 0.000126 0.000761 57.756660
5.367243 1528557438.135351 0.000117 0.000126 0.000762 57.765200
5.379768 1528557438.147876 0.000117 0.000125 0.000761 57.786133
5.392457 1528557438.160565 0.000118 0.000125 0.000762 57.732004
5.405032 1528557438.173141 0.000117 0.000125 0.000762 57.846014
5.417143 1528557438.185251 0.000117 0.000124 0.000763 57.668050
5.429667 1528557438.197776 0.000116 0.000124 0.000766 57.663565
5.442609 1528557438.210717 0.000116 0.000124 0.000767 57.642078
5.456233 1528557438.224341 0.000117 0.000125 0.000764 57.687980
5.468870 1528557438.236978 0.000116 0.000124 0.000769 57.744057
5.480731 1528557438.248840 0.000117 0.000125 0.000762 57.671786
5.493354 1528557438.261462 0.000116 0.000124 0.000767 57.639511
5.506295 1528557438.274403 0.000118 0.000124 0.000761 57.697214
5.518806 1528557438.286915 0.000117 0.000125 0.000763 57.693333
5.531149 1528557438.299258 0.000116 0.000124 0.000765 57.709132
5.543474 1528557438.311583 0.000117 0.000124 0.000764 57.761285
5.555812 1528557438.323920 0.000118 0.000125 0.000757 57.736533
5.567896 1528557438.336004 0.000117 0.000125 0.000760 57.719226
5.580189 1528557438.348297 0.000117 0.000124 0.000763 57.708593
5.592781 1528557438.360889 0.000116 0.000124 0.000764 57.768636
5.605033 1528557438.373141 0.000117 0.000124 0.000761 57.729548
5.617694 1528557438.385803 0.000118 0.000124 0.000760 57.729126
5.631272 1528557438.399380 0.000117 0.000124 0.000762 57.753863
5.643612 1528557438.411720 0.000116 0.000123 0.000765 57.661321
5.655257 1528557438.423365 0.000119 0.000124 0.000761 57.735613
5.667526 1528557438.435634 0.000116 0.000123 0.000765 57.683784
5.679893 1528557438.448001 0.000116 0.000123 0.000766 57.641859
5.692472 1528557438.460580 0.000118 0.000124 0.000765 57.715586
5.705186 1528557438.473294 0.000118 0.000123 0.000765 57.653453
5.717752 1528557438.485860 0.000117 0.000124 0.000766 57.673640
5.730140 1528557438.498249 0.000117 0.000124 0.000767 57.626189
5.743245 1528557438.511353 0.000117 0.000124 0.000770 57.723473
5.756423 1528557438.524531 0.000117 0.000125 0.000769 57.722414
5.769071 1528557438.537179 0.000118 0.000124 0.000769 57.699790
5.781451 1528557438.549559 0.000119 0.000125 0.000762 57.631224
5.793287 1528557438.561395 0.000118 0.000123 0.000763 57.345577
5.805235 1528557438.573343 0.000118 0.000125 0.000751 57.504768
5.817674 1528557438.585782 0.000118 0.000124 0.000757 57.395646
5.830197 1528557438.598305 0.000121 0.000124 0.000756 57.365225
5.842643 1528557438.610751 0.000122 0.000125 0.000746 57.176461
5.854976 1528557438.623084 0.000120 0.000127 0.000747 57.064175
5.869114 1528557438.637222 0.000118 0.000128 0.000744 56.917094
5.880141 1528557438.648249 0.000116 0.000128 0.000745 56.681423
5.892962 1528557438.661070 0.000116 0.000129 0.000740 56.517140
5.905384 1528557438.673492 0.000115 0.000127 0.000743 56.490229
5.917974 1528557438.686082 0.000116 0.000128 0.000732 56.321965
5.930452 1528557438.698560 0.000115 0.000127 0.000731 56.147374
5.942585 1528557438.710693 0.000115 0.000126 0.000731 56.017836
5.955284 1528557438.723392 0.000115 0.000125 0.000726 55.942499
5.967730 1528557438.735838 0.000116 0.000125 0.000724 55.841258
5.980118 1528557438.748226 0.000115 0.000125 0.000727 55.766532
5.992965 1528557438.761073 0.000116 0.000126 0.000720 55.859554
6.005413 1528557438.773521 0.000115 0.000124 0.000723 55.806104
6.017833 1528557438.785941 0.000115 0.000125 0.000720 55.749826
6.030293 1528557438.798401 0.000115 0.000125 0.000719 55.718246
6.042729 1528557438.810838 0.000115 0.000124 0.000722 55.756197
6.055426 1528557438.823534 0.000115 0.000125 0.000718 55.697677
6.067513 1528557438.835621 0.000115 0.000124 0.000720 55.692713
6.080048 1528557438.848156 0.000115 0.000124 0.000721 55.764690
6.092811 1528557438.860919 0.000115 0.000124 0.000721 55.717485
6.105329 1528557438.873437 0.000115 0.000124 0.000721 55.804039
6.118332 1528557438.886440 0.000115 0.000123 0.000723 55.791452
6.130684 1528557438.898793 0.000115 0.000124 0.000723 55.628155
6.142598 1528557438.910706 0.000115 0.000124 0.000724 55.522762
6.155544 1528557438.923652 0.000115 0.000124 0.000721 55.422430
6.167869 1528557438.935977 0.000115 0.000124 0.000723 55.456966
6.180379 1528557438.948487 0.000115 0.000124 0.000725 55.473329
6.192920 1528557438.961028 0.000114 0.000124 0.000726 55.397755
6.205484 1528557438.973593 0.000115 0.000124 0.000722 55.474076
6.217854 1528557438.985962 0.000114 0.000123 0.000724 55.341467
6.230428 1528557438.998537 0.000114 0.000123 0.000721 55.252977
6.242862 1528557439.010970 0.000115 0.000124 0.000721 55.149605
6.255526 1528557439.023634 0.000114 0.000124 0.000709 55.290572
6.267765 1528557439.035873 0.000113 0.000124 0.000699 55.430745
6.280217 1528557439.048325 0.000114 0.000124 0.000695 55.569230
6.293029 1528557439.061137 0.000115 0.000122 0.000698 55.138325
6.305354 1528557439.073462 0.000117 0.000120 0.000705 54.912089
6.317695 1528557439.085803 0.000116 0.000121 0.000714 54.432964
6.330401 1528557439.098509 0.000116 0.000122 0.000711 54.241278
6.342819 1528557439.110927 0.000117 0.000121 0.000715 54.221097
6.355310 1528557439.123418 0.000117 0.000121 0.000710 54.383045
6.367754 1528557439.135862 0.000117 0.000121 0.000715 54.410671
6.380276 1528557439.148384 0.000117 0.000124 0.000710 54.351315
6.393001 1528557439.161109 0.000117 0.000123 0.000712 54.471098
6.405487 1528557439.173595 0.000117 0.000123 0.000713 54.398130
6.417779 1528557439.185887 0.000116 0.000121 0.000714 54.293594
6.430362 1528557439.198470 0.000116 0.000120 0.000714 54.198334
6.442624 1528557439.210732 0.000116 0.000121 0.000716 54.115803
6.455420 1528557439.223528 0.000116 0.000121 0.000714 54.008241
6.468048 1528557439.236156 0.000116 0.000120 0.000716 54.129264
6.480625 1528557439.248733 0.000116 0.000120 0.000717 54.052010
6.492927 1528557439.261035 0.000116 0.000122 0.000716 54.079076
6.505699 1528557439.273807 0.000116 0.000121 0.000720 54.059690
6.517958 1528557439.286067 0.000116 0.000122 0.000715 54.235217
6.530582 1528557439.298690 0.000116 0.000121 0.000717 54.180088
6.542721 1528557439.310829 0.000116 0.000123 0.000713 54.112900
6.555719 1528557439.323827 0.000116 0.000121 0.000718 54.173863
6.567825 1528557439.335933 0.000116 0.000121 0.000715 54.245113
6.580537 1528557439.348645 0.000115 0.000121 0.000721 54.095591
6.592895 1528557439.361003 0.000116 0.000121 0.000715 54.019101
6.605793 1528557439.373901 0.000116 0.000122 0.000713 54.196901
6.618035 1528557439.386143 0.000116 0.000120 0.000719 54.092978
6.630449 1528557439.398557 0.000116 0.000122 0.000715 54.119653
6.642791 1528557439.410899 0.000116 0.000122 0.000715 54.063712
6.655532 1528557439.423640 0.000116 0.000123 0.000712 54.120158
6.667996 1528557439.436105 0.000116 0.000123 0.000713 54.169224
6.680293 1528557439.448401 0.000116 0.000123 0.000720 54.157400
6.692952 1528557439.461061 0.000116 0.000121 0.000718 54.067428
6.705166 1528557439.473274 0.000116 0.000120 0.000722 54.061680
6.717937 1528557439.486045 0.000116 0.000123 0.000720 54.042213
6.730565 1528557439.498673 0.000116 0.000123 0.000718 54.027914
6.743263 1528557439.511371 0.000116 0.000121 0.000720 53.918076
6.755668 1528557439.523776 0.000116 0.000122 0.000718 54.049235
6.768149 1528557439.536257 0.000116 0.000122 0.000718 53.930078
6.780491 1528557439.548599 0.000116 0.000122 0.000718 53.889457
6.793148 1528557439.561256 0.000116 0.000122 0.000721 53.898969
6.805748 1528557439.573856 0.000116 0.000123 0.000717 53.899024
6.818320 1528557439.586428 0.000116 0.000121 0.000720 53.921065
6.830542 1528557439.598650 0.000116 0.000122 0.000720 53.826083
6.843176 1528557439.611284 0.000116 0.000122 0.000721 53.971651
6.855881 1528557439.623989 0.000116 0.000124 0.000712 54.021958
6.868158 1528557439.636266 0.000116 0.000122 0.000719 53.991147
6.880404 1528557439.648512 0.000117 0.000123 0.000712 53.947977
6.892779 1528557439.660887 0.000117 0.000123 0.000713 54.047641
6.905372 1528557439.673481 0.000117 0.000123 0.000711 53.965937
6.917789 1528557439.685897 0.000117 0.000123 0.000714 54.025846
6.930445 1528557439.698554 0.000117 0.000123 0.000715 53.942229
6.943057 1528557439.711165 0.000117 0.000122 0.000716 53.992873
6.955640 1528557439.723748 0.000117 0.000123 0.000713 54.026347
6.968489 1528557439.736597 0.000118 0.000124 0.000713 53.908741
6.980763 1528557439.748871 0.000118 0.000128 0.000704 53.928559
6.992877 1528557439.760985 0.000119 0.000122 0.000711 53.971874
7.005903 1528557439.774012 0.000119 0.000123 0.000713 53.972337
7.018006 1528557439.786114 0.000119 0.000124 0.000708 53.993736
7.030739 1528557439.798847 0.000119 0.000124 0.000712 53.906915
7.043061 1528557439.811169 0.000120 0.000123 0.000718 53.930514
7.055632 1528557439.823740 0.000120 0.000125 0.000716 53.690174
7.068015 1528557439.836123 0.000119 0.000125 0.000725 53.388210
7.081422 1528557439.849530 0.000120 0.000126 0.000723 53.087432
7.094141 1528557439.862249 0.000120 0.000129 0.000720 52.747144
7.106402 1528557439.874510 0.000120 0.000127 0.000726 52.612159
7.117830 1528557439.885938 0.000120 0.000128 0.000719 52.368032
7.130173 1528557439.898281 0.000121 0.000127 0.000718 52.178323
7.142779 1528557439.910887 0.000121 0.000127 0.000716 52.090440
7.155452 1528557439.923561 0.000121 0.000126 0.000715 52.134291
7.168050 1528557439.936158 0.000121 0.000126 0.000712 52.254064
7.180518 1528557439.948627 0.000121 0.000126 0.000714 52.312219
7.193586 1528557439.961694 0.000121 0.000127 0.000716 52.407384
7.205877 1528557439.973985 0.000121 0.000125 0.000717 52.452874
7.218242 1528557439.986351 0.000121 0.000127 0.000714 52.440395
7.230537 1528557439.998645 0.000120 0.000127 0.000713 52.490440
7.243303 1528557440.011411 0.000121 0.000127 0.000710 52.643577
7.255742 1528557440.023850 0.000121 0.000125 0.000711 52.599914
7.268349 1528557440.036458 0.000121 0.000127 0.000715 52.501591
7.280531 1528557440.048639 0.000122 0.000124 0.000714 52.540346
7.293030 1528557440.061138 0.000121 0.000124 0.000714 52.412746
7.305747 1528557440.073855 0.000122 0.000124 0.000708 52.744355
7.318362 1528557440.086470 0.000121 0.000124 0.000715 52.670503
7.331031 1528557440.099139 0.000122 0.000122 0.000712 52.572840
7.342950 1528557440.111058 0.000121 0.000124 0.000709 52.339460
7.355897 1528557440.124005 0.000121 0.000126 0.000706 52.327875
7.368227 1528557440.136335 0.000121 0.000126 0.000706 52.293394
7.380618 1528557440.148726 0.000121 0.000123 0.000711 52.148673
7.393051 1528557440.161159 0.000121 0.000122 0.000716 52.154244
7.405646 1528557440.173754 0.000121 0.000122 0.000710 52.097941
7.418338 1528557440.186446 0.000121 0.000125 0.000705 51.936722
7.431159 1528557440.199267 0.000120 0.000127 0.000703 51.903749
7.443330 1528557440.211438 0.000120 0.000125 0.000715 51.691314
7.456122 1528557440.224230 0.000120 0.000125 0.000708 52.137293
7.468023 1528557440.236131 0.000120 0.000125 0.000709 51.993392
7.480715 1528557440.248823 0.000120 0.000121 0.000721 51.909135
7.493396 1528557440.261504 0.000120 0.000124 0.000715 52.004137
7.505575 1528557440.273683 0.000120 0.000126 0.000712 52.096307
7.518010 1528557440.286119 0.000120 0.000125 0.000716 52.109726
7.531868 1528557440.299976 0.000121 0.000123 0.000716 52.563774
7.543848 1528557440.311956 0.000120 0.000124 0.000716 52.395809
7.556326 1528557440.324435 0.000120 0.000125 0.000712 52.484848
7.569302 1528557440.337410 0.000120 0.000124 0.000721 52.262803
7.581167 1528557440.349275 0.000120 0.000123 0.000720 52.615177
7.593126 1528557440.361234 0.000119 0.000121 0.000714 53.049312
7.605276 1528557440.373384 0.000116 0.000122 0.000713 53.816752
7.618125 1528557440.386233 0.000115 0.000122 0.000712 54.496200
7.630340 1528557440.398448 0.000113 0.000123 0.000719 55.191526
7.642913 1528557440.411021 0.000112 0.000124 0.000725 55.575419
7.655531 1528557440.423639 0.000113 0.000123 0.000728 55.683610
7.667953 1528557440.436061 0.000113 0.000124 0.000726 55.677862
7.680350 1528557440.448458 0.000114 0.000124 0.000722 55.691773
7.692903 1528557440.461011 0.000113 0.000124 0.000725 55.538907
7.705784 1528557440.473892 0.000114 0.000124 0.000723 55.635304
7.718082 1528557440.486190 0.000115 0.000124 0.000720 55.546382
7.730492 1528557440.498600 0.000116 0.000123 0.000720 55.601333
7.742916 1528557440.511024 0.000115 0.000123 0.000720 55.412866
7.755651 1528557440.523759 0.000114 0.000123 0.000725 55.142577
7.767948 1528557440.536056 0.000113 0.000123 0.000725 54.942201
7.780620 1528557440.548728 0.000113 0.000123 0.000722 54.516337
7.793123 1528557440.561231 0.000113 0.000122 0.000720 54.033977
7.805835 1528557440.573944 0.000112 0.000123 0.000722 53.692945
7.818460 1528557440.586568 0.000112 0.000123 0.000720 53.257453
7.830571 1528557440.598679 0.000113 0.000122 0.000719 52.948135
7.843057 1528557440.611165 0.000113 0.000122 0.000719 52.887610
7.855580 1528557440.623688 0.000112 0.000122 0.000724 52.899303
7.867985 1528557440.636093 0.000112 0.000122 0.000727 52.965443
7.880311 1528557440.648420 0.000113 0.000122 0.000724 53.044557
7.893045 1528557440.661153 0.000112 0.000121 0.000723 52.970654
7.905498 1528557440.673606 0.000112 0.000121 0.000720 52.821685
7.917997 1528557440.686105 0.000112 0.000121 0.000719 52.610851
7.930907 1528557440.699015 0.000111 0.000121 0.000718 52.263803
7.943117 1528557440.711225 0.000114 0.000120 0.000705 51.488984
7.955645 1528557440.723753 0.000111 0.000122 0.000696 50.796040
7.968328 1528557440.736436 0.000113 0.000122 0.000678 50.380744
7.980899 1528557440.749007 0.000115 0.000121 0.000668 50.228895
7.993391 1528557440.761499 0.000113 0.000120 0.000673 50.484574
8.005929 1528557440.774037 0.000111 0.000120 0.000683 50.784319
8.018262 1528557440.786370 0.000111 0.000119 0.000692 51.410050
8.030709 1528557440.798817 0.000110 0.000118 0.000696 51.719349
8.043352 1528557440.811460 0.000110 0.000118 0.000695 51.904423
8.055820 1528557440.823929 0.000110 0.000118 0.000697 51.899720
8.068432 1528557440.836540 0.000110 0.000118 0.000693 51.894046
8.080656 1528557440.848764 0.000111 0.000118 0.000691 52.206036
8.092837 1528557440.860945 0.000111 0.000119 0.000691 52.468419
8.105704 1528557440.873812 0.000111 0.000119 0.000687 52.521825
8.118054 1528557440.886162 0.000112 0.000119 0.000688 52.803795
8.130829 1528557440.898937 0.000112 0.000120 0.000686 52.876757
8.143440 1528557440.911549 0.000112 0.000119 0.000685 52.821047
8.156131 1528557440.924239 0.000112 0.000119 0.000685 52.891717
8.168300 1528557440.936408 0.000112 0.000119 0.000684 52.899447
8.180081 1528557440.948189 0.000112 0.000119 0.000685 53.023328
8.192731 1528557440.960839 0.000112 0.000119 0.000688 53.133600
8.205266 1528557440.973374 0.000112 0.000118 0.000685 53.145871
8.217798 1528557440.985906 0.000112 0.000119 0.000687 53.058788
8.230211 1528557440.998319 0.000112 0.000120 0.000684 52.959466
8.242695 1528557441.010803 0.000112 0.000119 0.000684 52.859251
8.255818 1528557441.023926 0.000112 0.000119 0.000677 52.682284
8.267982 1528557441.036090 0.000111 0.000119 0.000678 52.618940
8.280047 1528557441.048155 0.000112 0.000119 0.000680 52.669807
8.292933 1528557441.061042 0.000111 0.000118 0.000679 52.661253
8.306094 1528557441.074202 0.000111 0.000118 0.000676 52.618894
8.318929 1528557441.087037 0.000111 0.000119 0.000684 52.740513
8.331185 1528557441.099293 0.000112 0.000119 0.000681 52.813172
8.342890 1528557441.110998 0.000112 0.000118 0.000679 52.868027
8.355463 1528557441.123571 0.000112 0.000118 0.000668 52.927566
8.368171 1528557441.136280 0.000113 0.000119 0.000669 52.830003
8.380379 1528557441.148487 0.000113 0.000119 0.000667 52.658848
8.393172 1528557441.161280 0.000114 0.000120 0.000667 52.451896
8.405899 1528557441.174007 0.000114 0.000119 0.000664 52.205256
8.417926 1528557441.186034 0.000113 0.000117 0.000667 52.240771
8.430954 1528557441.199062 0.000113 0.000116 0.000670 52.199234
8.443046 1528557441.211154 0.000111 0.000116 0.000673 52.301146
8.455576 1528557441.223684 0.000110 0.000117 0.000662 53.084587
8.467869 1528557441.235977 0.000110 0.000117 0.000665 53.743618
8.481300 1528557441.249408 0.000112 0.000116 0.000672 54.639115
8.493726 1528557441.261834 0.000110 0.000116 0.000675 55.241808
8.506306 1528557441.274415 0.000113 0.000116 0.000691 55.217019
8.518525 1528557441.286633 0.000111 0.000114 0.000688 55.266324
8.531296 1528557441.299404 0.000110 0.000113 0.000686 55.008486
8.543108 1528557441.311216 0.000110 0.000114 0.000679 54.917254
8.555889 1528557441.323997 0.000110 0.000115 0.000673 55.186466
8.568354 1528557441.336462 0.000110 0.000115 0.000677 55.568146
8.581045 1528557441.349154 0.000109 0.000115 0.000680 55.801936
8.594183 1528557441.362291 0.000109 0.000115 0.000680 55.968151
8.605909 1528557441.374017 0.000109 0.000115 0.000681 56.065896
8.618615 1528557441.386723 0.000109 0.000115 0.000676 55.867633
8.630759 1528557441.398867 0.000109 0.000115 0.000673 55.695339
8.643203 1528557441.411311 0.000109 0.000115 0.000673 55.684500
8.655754 1528557441.423862 0.000109 0.000116 0.000666 55.620877
8.668266 1528557441.436374 0.000109 0.000115 0.000670 55.574563
8.680838 1528557441.448946 0.000109 0.000115 0.000663 55.314168
8.693286 1528557441.461394 0.000109 0.000117 0.000660 55.294112
8.706867 1528557441.474975 0.000109 0.000116 0.000663 55.252641
8.718541 1528557441.486649 0.000109 0.000116 0.000664 55.104020
8.731386 1528557441.499494 0.000109 0.000116 0.000660 55.124674
8.743367 1528557441.511475 0.000109 0.000116 0.000663 55.225314
8.755570 1528557441.523678 0.000109 0.000116 0.000663 55.217815
8.768111 1528557441.536219 0.000109 0.000116 0.000665 55.221853
8.780791 1528557441.548899 0.000109 0.000118 0.000662 55.205333
8.792889 1528557441.560997 0.000109 0.000117 0.000661 55.124214
8.805973 1528557441.574081 0.000109 0.000117 0.000663 55.258293
8.819276 1528557441.587384 0.000109 0.000118 0.000659 55.142859
8.830976 1528557441.599084 0.000110 0.000117 0.000660 55.166603
8.843562 1528557441.611670 0.000110 0.000120 0.000655 55.134730
8.855711 1528557441.623819 0.000110 0.000117 0.000662 55.116611
8.868440 1528557441.636548 0.000109 0.000117 0.000660 54.982981
8.880568 1528557441.648676 0.000109 0.000115 0.000674 54.857645
8.893801 1528557441.661909 0.000109 0.000116 0.000677 55.002399
8.906368 1528557441.674477 0.000111 0.000115 0.000686 55.201175
8.918913 1528557441.687021 0.000111 0.000118 0.000687 55.178069
8.931366 1528557441.699475 0.000111 0.000120 0.000687 55.147631
8.943571 1528557441.711679 0.000109 0.000126 0.000675 54.878759
8.956180 1528557441.724288 0.000108 0.000128 0.000670 54.455138
8.968698 1528557441.736806 0.000107 0.000128 0.000673 53.984796
8.981134 1528557441.749242 0.000106 0.000129 0.000673 53.718849
8.993487 1528557441.761595 0.000106 0.000127 0.000672 53.443314
9.005821 1528557441.773930 0.000105 0.000127 0.000669 53.466975
9.018525 1528557441.786633 0.000105 0.000127 0.000666 53.476894
9.031032 1528557441.799140 0.000106 0.000128 0.000663 53.467130
9.042993 1528557441.811101 0.000106 0.000127 0.000664 53.520514
9.055888 1528557441.823996 0.000106 0.000127 0.000662 53.464660
9.068495 1528557441.836603 0.000106 0.000127 0.000662 53.438246
9.080845 1528557441.848953 0.000106 0.000127 0.000656 53.293021
9.093408 1528557441.861516 0.000106 0.000127 0.000658 53.314661
9.105848 1528557441.873956 0.000106 0.000127 0.000658 53.353233
9.118353 1528557441.886461 0.000106 0.000126 0.000655 53.228804
9.131006 1528557441.899115 0.000106 0.000127 0.000657 53.233130
9.143157 1528557441.911265 0.000106 0.000127 0.000653 53.040711
9.156020 1528557441.924129 0.000106 0.000125 0.000653 53.055015
9.168627 1528557441.936735 0.000106 0.000126 0.000653 53.063579
9.181255 1528557441.949363 0.000106 0.000127 0.000652 52.976942
9.193303 1528557441.961411 0.000106 0.000127 0.000652 53.088555
9.205723 1528557441.973831 0.000106 0.000126 0.000655 52.974629
9.218287 1528557441.986396 0.000105 0.000125 0.000655 52.862896
9.230702 1528557441.998811 0.000104 0.000125 0.000655 52.881002
9.243243 1528557442.011351 0.000105 0.000125 0.000656 52.801234
9.255949 1528557442.024058 0.000106 0.000124 0.000663 52.621649
9.268147 1528557442.036256 0.000106 0.000121 0.000672 52.412354
9.280998 1528557442.049107 0.000106 0.000121 0.000672 52.373220
9.294330 1528557442.062438 0.000106 0.000122 0.000668 52.243882
9.306655 1528557442.074763 0.000106 0.000123 0.000666 52.272817
9.318754 1528557442.086863 0.000106 0.000122 0.000669 52.286313
9.331427 1528557442.099535 0.000107 0.000124 0.000665 52.255913
9.342889 1528557442.110997 0.000106 0.000124 0.000666 52.110020
9.355483 1528557442.123591 0.000106 0.000123 0.000665 52.074423
9.368144 1528557442.136252 0.000106 0.000123 0.000665 52.008492
9.380981 1528557442.149089 0.000106 0.000122 0.000667 51.997133
9.394892 1528557442.163000 0.000106 0.000122 0.000667 52.016291
9.405708 1528557442.173816 0.000106 0.000123 0.000665 52.001058
9.418181 1528557442.186290 0.000106 0.000125 0.000665 52.022607
9.430413 1528557442.198521 0.000106 0.000124 0.000664 51.960240
9.443448 1528557442.211556 0.000106 0.000123 0.000662 52.003560
9.455352 1528557442.223460 0.000107 0.000122 0.000666 51.909092
9.467942 1528557442.236050 0.000107 0.000122 0.000666 51.894615
9.480386 1528557442.248494 0.000107 0.000122 0.000666 51.966253
9.493070 1528557442.261178 0.000107 0.000123 0.000662 51.842794
9.505589 1528557442.273697 0.000107 0.000124 0.000664 51.823339
9.517859 1528557442.285968 0.000106 0.000124 0.000661 51.749348
9.530350 1528557442.298458 0.000107 0.000122 0.000667 51.734735
9.542836 1528557442.310944 0.000107 0.000123 0.000664 51.778337
9.555365 1528557442.323473 0.000107 0.000124 0.000664 51.760794
9.567858 1528557442.335966 0.000107 0.000124 0.000661 51.853065
9.580318 1528557442.348426 0.000107 0.000124 0.000662 51.770867
9.592996 1528557442.361104 0.000107 0.000123 0.000661 51.793998
9.605420 1528557442.373528 0.000107 0.000124 0.000662 51.792641
9.618105 1528557442.386213 0.000107 0.000123 0.000665 51.668442
9.630400 1528557442.398508 0.000107 0.000123 0.000664 51.814429
9.642857 1528557442.410965 0.000107 0.000124 0.000663 51.787280
9.655313 1528557442.423421 0.000107 0.000126 0.000660 51.752690
9.667854 1528557442.435962 0.000107 0.000124 0.000665 51.809131
9.680451 1528557442.448559 0.000107 0.000123 0.000665 51.841280
9.693002 1528557442.461110 0.000107 0.000126 0.000659 51.661195
9.705454 1528557442.473562 0.000107 0.000124 0.000665 51.745226
9.717970 1528557442.486078 0.000108 0.000124 0.000660 51.633083
9.730504 1528557442.498612 0.000107 0.000125 0.000662 51.614770
9.742961 1528557442.511069 0.000108 0.000125 0.000656 51.571099
9.755245 1528557442.523353 0.000108 0.000125 0.000656 51.491553
9.768066 1528557442.536174 0.000108 0.000124 0.000656 51.437483
9.781151 1528557442.549259 0.000108 0.000128 0.000654 51.422633
9.793547 1528557442.561655 0.000108 0.000126 0.000654 51.484434
9.805907 1528557442.574016 0.000109 0.000126 0.000655 51.482426
9.818457 1528557442.586565 0.000109 0.000126 0.000657 51.516058
9.831022 1528557442.599130 0.000109 0.000125 0.000658 51.448373
9.843695 1528557442.611804 0.000109 0.000126 0.000656 51.488980
9.856019 1528557442.624128 0.000109 0.000126 0.000661 51.515410
9.868587 1528557442.636695 0.000110 0.000125 0.000659 51.880624
9.881183 1528557442.649291 0.000112 0.000124 0.000664 51.957150
9.893386 1528557442.661494 0.000112 0.000125 0.000666 51.765352
9.906209 1528557442.674317 0.000113 0.000125 0.000665 51.368220
9.918833 1528557442.686942 0.000114 0.000126 0.000662 51.042421
9.931194 1528557442.699302 0.000114 0.000126 0.000664 50.665784
9.943649 1528557442.711757 0.000115 0.000126 0.000666 50.519862
9.956059 1528557442.724167 0.000115 0.000126 0.000667 50.453583
9.968356 1528557442.736464 0.000115 0.000125 0.000665 50.324509
9.981061 1528557442.749169 0.000115 0.000126 0.000663 50.570743
9.993509 1528557442.761617 0.000115 0.000127 0.000664 50.596512
10.006119 1528557442.774227 0.000115 0.000125 0.000664 50.876840
10.018391 1528557442.786500 0.000114 0.000126 0.000664 50.834146
10.030905 1528557442.799013 0.000115 0.000126 0.000663 51.007416
10.044497 1528557442.812605 0.000115 0.000125 0.000669 50.948963
10.056937 1528557442.825046 0.000115 0.000125 0.000667 50.968254
10.068401 1528557442.836509 0.000114 0.000125 0.000667 50.987968
10.080803 1528557442.848911 0.000114 0.000125 0.000663 50.965248
10.093446 1528557442.861555 0.000115 0.000125 0.000664 50.830188
10.106089 1528557442.874197 0.000114 0.000125 0.000662 50.783640
10.118370 1528557442.886478 0.000114 0.000125 0.000666 50.970926
10.131542 1528557442.899651 0.000114 0.000125 0.000664 50.869034
10.143725 1528557442.911833 0.000114 0.000124 0.000664 50.895769
10.156277 1528557442.924385 0.000115 0.000124 0.000664 50.876402
10.168970 1528557442.937078 0.000114 0.000124 0.000663 50.920310
10.181948 1528557442.950056 0.000114 0.000125 0.000664 50.887008
10.194260 1528557442.962368 0.000114 0.000124 0.000665 50.878094
10.206121 1528557442.974229 0.000114 0.000124 0.000664 50.955502
10.218768 1528557442.986876 0.000114 0.000124 0.000663 50.974554
10.231280 1528557442.999388 0.000114 0.000125 0.000657 51.100160
10.243332 1528557443.011440 0.000114 0.000125 0.000660 51.014364
10.255970 1528557443.024078 0.000114 0.000125 0.000656 51.136008
10.268319 1528557443.036427 0.000115 0.000124 0.000664 51.047543
10.281960 1528557443.050068 0.000114 0.000125 0.000663 51.091188
10.294142 1528557443.062250 0.000114 0.000124 0.000661 51.025198
10.306655 1528557443.074763 0.000114 0.000124 0.000657 51.141663
10.319403 1528557443.087511 0.000114 0.000124 0.000660 51.048031
10.331300 1528557443.099408 0.000115 0.000124 0.000657 51.174358
10.343099 1528557443.111207 0.000114 0.000126 0.000659 50.967680
10.355785 1528557443.123893 0.000115 0.000123 0.000663 51.053401
10.368119 1528557443.136228 0.000114 0.000125 0.000659 51.028620
10.380560 1528557443.148668 0.000114 0.000124 0.000660 50.970168
10.393235 1528557443.161343 0.000115 0.000124 0.000655 51.155220
10.406032 1528557443.174140 0.000114 0.000125 0.000661 50.924422
10.418258 1528557443.186366 0.000114 0.000125 0.000662 50.984494
10.431037 1528557443.199145 0.000114 0.000124 0.000659 51.035384
10.443430 1528557443.211538 0.000115 0.000123 0.000663 51.009790
10.456212 1528557443.224320 0.000115 0.000123 0.000658 51.025521
10.468837 1528557443.236945 0.000114 0.000124 0.000662 50.914896
10.481040 1528557443.249149 0.000114 0.000124 0.000662 50.978399
10.493677 1528557443.261785 0.000114 0.000123 0.000665 51.015410
10.506185 1528557443.274293 0.000115 0.000124 0.000661 50.971953
10.518445 1528557443.286554 0.000114 0.000125 0.000661 50.526545
10.533056 1528557443.301164 0.000114 0.000126 0.000660 50.034176
10.544087 1528557443.312196 0.000114 0.000123 0.000661 50.054374
10.557022 1528557443.325130 0.000114 0.000121 0.000673 50.069601
10.569156 1528557443.337264 0.000113 0.000121 0.000681 50.072498
10.581171 1528557443.349279 0.000113 0.000122 0.000685 50.183046
10.593385 1528557443.361493 0.000113 0.000121 0.000684 50.037746
10.606710 1528557443.374818 0.000113 0.000121 0.000684 50.052136
10.619520 1528557443.387628 0.000113 0.000122 0.000679 49.994314
10.631712 1528557443.399820 0.000113 0.000120 0.000679 49.928694
10.644311 1528557443.412419 0.000113 0.000121 0.000677 49.970245
10.656619 1528557443.424727 0.000113 0.000120 0.000680 50.036361
10.669714 1528557443.437822 0.000113 0.000121 0.000680 50.121306
10.681180 1528557443.449288 0.000113 0.000120 0.000681 50.077124
10.693525 1528557443.461633 0.000113 0.000122 0.000675 50.165633
10.706329 1528557443.474437 0.000113 0.000120 0.000677 50.168837
10.718605 1528557443.486713 0.000113 0.000121 0.000679 50.227975
10.731020 1528557443.499128 0.000113 0.000120 0.000681 50.113244
10.743397 1528557443.511505 0.000113 0.000122 0.000678 50.075511
10.756357 1528557443.524465 0.000113 0.000122 0.000678 49.999368
10.768211 1528557443.536319 0.000113 0.000121 0.000676 49.914502
10.780793 1528557443.548902 0.000113 0.000121 0.000677 50.163341
10.794425 1528557443.562533 0.000113 0.000123 0.000671 49.950724
10.806983 1528557443.575091 0.000114 0.000121 0.000676 50.038948
10.819662 1528557443.587770 0.000113 0.000122 0.000675 49.866750
10.831072 1528557443.599180 0.000113 0.000123 0.000674 50.035702
10.843821 1528557443.611929 0.000114 0.000121 0.000678 49.978999
10.856160 1528557443.624269 0.000113 0.000123 0.000675 50.056437
10.869142 1528557443.637250 0.000114 0.000122 0.000676 50.039918
10.881741 1528557443.649849 0.000114 0.000122 0.000675 50.102679
10.893946 1528557443.662055 0.000114 0.000120 0.000679 50.083204
10.906660 1528557443.674768 0.000114 0.000121 0.000677 50.092460
10.918673 1528557443.686781 0.000114 0.000122 0.000677 50.148774
10.931504 1528557443.699612 0.000114 0.000120 0.000681 50.099166
10.944006 1528557443.712114 0.000114 0.000122 0.000681 50.068979
10.956430 1528557443.724538 0.000114 0.000121 0.000686 50.301043
10.969473 1528557443.737581 0.000115 0.000122 0.000688 50.821640
10.982160 1528557443.750268 0.000115 0.000121 0.000693 50.946313
10.993806 1528557443.761914 0.000116 0.000124 0.000681 50.766693
11.005849 1528557443.773957 0.000116 0.000126 0.000673 50.628532
11.018535 1528557443.786643 0.000117 0.000128 0.000666 50.258932
11.031086 1528557443.799194 0.000117 0.000129 0.000656 49.882326
11.043555 1528557443.811664 0.000117 0.000129 0.000655 49.793646
11.056027 1528557443.824135 0.000117 0.000130 0.000653 49.788356
11.068279 1528557443.836387 0.000117 0.000127 0.000658 49.871675
11.080950 1528557443.849058 0.000117 0.000129 0.000654 49.919426
11.094534 1528557443.862642 0.000117 0.000129 0.000656 49.875570
11.106009 1528557443.874117 0.000117 0.000127 0.000657 50.009835
11.118479 1528557443.886587 0.000117 0.000127 0.000654 49.908414
11.131091 1528557443.899199 0.000116 0.000128 0.000655 49.897036
11.143951 1528557443.912059 0.000116 0.000129 0.000652 49.843262
11.156480 1528557443.924588 0.000116 0.000127 0.000655 49.926734
11.168952 1528557443.937060 0.000116 0.000126 0.000654 49.891341
11.181442 1528557443.949550 0.000116 0.000127 0.000655 49.813308
11.193802 1528557443.961910 0.000116 0.000127 0.000655 49.780963
11.207138 1528557443.975246 0.000116 0.000126 0.000655 49.878015
11.218590 1528557443.986698 0.000116 0.000125 0.000654 49.729308
11.231377 1528557443.999485 0.000115 0.000127 0.000657 49.805338
11.245060 1528557444.013168 0.000115 0.000128 0.000652 49.679177
11.256729 1528557444.024837 0.000115 0.000126 0.000658 49.745966
11.269479 1528557444.037587 0.000115 0.000128 0.000653 49.580466
11.282325 1528557444.050433 0.000115 0.000126 0.000658 49.751662
11.293908 1528557444.062016 0.000115 0.000125 0.000659 49.754736
11.306228 1528557444.074336 0.000115 0.000127 0.000653 49.762460
11.319507 1528557444.087615 0.000115 0.000125 0.000660 49.842616
11.331016 1528557444.099124 0.000115 0.000127 0.000657 49.880991
11.343266 1528557444.111374 0.000115 0.000127 0.000655 49.768676
11.355804 1528557444.123912 0.000115 0.000126 0.000653 49.991399
11.368453 1528557444.136561 0.000115 0.000126 0.000659 49.831832
11.381684 1528557444.149792 0.000115 0.000128 0.000655 49.780166
11.394663 1528557444.162771 0.000114 0.000129 0.000653 49.666619
11.406854 1528557444.174962 0.000114 0.000128 0.000655 49.948831
11.419502 1528557444.187611 0.000114 0.000128 0.000651 49.790195
11.431562 1528557444.199670 0.000114 0.000129 0.000652 49.774552
11.443641 1528557444.211749 0.000114 0.000127 0.000658 49.781874
11.456057 1528557444.224165 0.000114 0.000130 0.000653 49.598334
11.468457 1528557444.236565 0.000114 0.000129 0.000654 49.668607
11.482237 1528557444.250345 0.000115 0.000126 0.000653 49.797950
11.494694 1528557444.262802 0.000115 0.000126 0.000657 49.709988
11.507164 1528557444.275273 0.000114 0.000128 0.000655 49.764429
11.519233 1528557444.287342 0.000115 0.000126 0.000655 49.766770
11.532294 1528557444.300402 0.000115 0.000127 0.000655 49.838091
11.544461 1528557444.312570 0.000116 0.000128 0.000643 49.854415
11.557586 1528557444.325694 0.000116 0.000126 0.000634 49.970001
11.569803 1528557444.337911 0.000116 0.000128 0.000628 49.723112
11.581342 1528557444.349450 0.000115 0.000130 0.000634 49.508662
11.593519 1528557444.361627 0.000115 0.000130 0.000639 49.243283
11.605852 1528557444.373960 0.000116 0.000128 0.000645 49.394037
11.618598 1528557444.386706 0.000115 0.000130 0.000644 49.200372
11.631015 1528557444.399123 0.000116 0.000127 0.000651 49.277504
11.643562 1528557444.411670 0.000116 0.000127 0.000651 49.211004
11.655869 1528557444.423977 0.000116 0.000127 0.000650 49.328266
11.668299 1528557444.436407 0.000116 0.000127 0.000650 49.278092
11.680875 1528557444.448983 0.000116 0.000127 0.000651 49.160747
11.693458 1528557444.461566 0.000116 0.000130 0.000649 49.095730
11.705915 1528557444.474024 0.000117 0.000128 0.000647 49.328521
11.718421 1528557444.486529 0.000117 0.000128 0.000645 49.306487
11.731894 1528557444.500002 0.000117 0.000127 0.000646 49.416413
11.743734 1528557444.511842 0.000117 0.000127 0.000648 49.368583
11.756490 1528557444.524598 0.000117 0.000128 0.000645 49.303004
11.769077 1528557444.537185 0.000117 0.000128 0.000646 49.414201
11.781360 1528557444.549469 0.000117 0.000131 0.000641 49.199416
11.793640 1528557444.561748 0.000117 0.000127 0.000646 49.379341
11.806360 1528557444.574469 0.000117 0.000128 0.000645 49.423237
11.818944 1528557444.587052 0.000117 0.000128 0.000645 49.321060
11.832083 1528557444.600191 0.000117 0.000127 0.000648 49.332158
11.844500 1528557444.612608 0.000117 0.000128 0.000644 49.388842
11.856781 1528557444.624889 0.000117 0.000130 0.000642 49.176164
11.868764 1528557444.636872 0.000117 0.000128 0.000646 49.335738
11.881875 1528557444.649983 0.000117 0.000129 0.000644 49.288889
11.894002 1528557444.662110 0.000117 0.000126 0.000646 49.454004
11.906521 1528557444.674629 0.000117 0.000128 0.000644 49.385788
11.919074 1528557444.687182 0.000117 0.000129 0.000643 49.477232
11.931191 1528557444.699299 0.000117 0.000127 0.000644 49.366897
11.943810 1528557444.711918 0.000117 0.000129 0.000641 49.383890
11.956352 1528557444.724460 0.000117 0.000128 0.000644 49.501927
11.969077 1528557444.737185 0.000117 0.000128 0.000640 49.488802
11.981153 1528557444.749261 0.000117 0.000128 0.000643 49.480071
11.993814 1528557444.761922 0.000117 0.000131 0.000636 49.456228
12.006429 1528557444.774537 0.000117 0.000129 0.000638 49.515166
12.018595 1528557444.786703 0.000117 0.000129 0.000642 49.525735
12.031339 1528557444.799447 0.000117 0.000128 0.000643 49.434513
12.044237 1528557444.812345 0.000117 0.000127 0.000643 49.449816
12.056278 1528557444.824386 0.000117 0.000129 0.000639 49.567480
12.069112 1528557444.837220 0.000117 0.000130 0.000637 49.469203
12.081607 1528557444.849715 0.000117 0.000129 0.000644 49.393642
12.094140 1528557444.862248 0.000116 0.000129 0.000643 49.428725
12.106611 1528557444.874719 0.000117 0.000127 0.000643 49.629426
12.118930 1528557444.887038 0.000117 0.000128 0.000640 49.594690
12.131350 1528557444.899458 0.000117 0.000127 0.000644 49.547235
12.143811 1528557444.911919 0.000116 0.000130 0.000640 49.458236
12.156319 1528557444.924427 0.000117 0.000128 0.000643 49.616630
12.169217 1528557444.937325 0.000116 0.000128 0.000644 49.440501
12.181738 1528557444.949847 0.000116 0.000129 0.000646 49.353690
12.193757 1528557444.961865 0.000116 0.000130 0.000638 49.511713
12.207214 1528557444.975322 0.000116 0.000129 0.000645 49.413708
12.219232 1528557444.987340 0.000116 0.000129 0.000644 49.577232
12.231112 1528557444.999220 0.000116 0.000129 0.000641 49.591458
12.243263 1528557445.011371 0.000116 0.000129 0.000643 49.587696
12.255506 1528557445.023614 0.000116 0.000129 0.000643 49.644255
12.268214 1528557445.036322 0.000116 0.000129 0.000644 49.382972
12.280874 1528557445.048983 0.000116 0.000128 0.000647 49.589714
12.293238 1528557445.061346 0.000116 0.000130 0.000642 49.530450
12.305727 1528557445.073835 0.000116 0.000131 0.000651 48.913279
