-5.053703 1528492626.868441 0.000121 0.000141 0.000676 57.171824
-5.019815 1528492626.902329 0.000121 0.000141 0.000675 57.215244
-5.007819 1528492626.914325 0.000121 0.000141 0.000672 57.114637
-4.982662 1528492626.939482 0.000121 0.000141 0.000667 57.078080
-4.970948 1528492626.951195 0.000122 0.000141 0.000665 56.997317
-4.958534 1528492626.963610 0.000121 0.000140 0.000666 57.043929
-4.946425 1528492626.975719 0.000122 0.000141 0.000675 57.317416
-4.933713 1528492626.988431 0.000121 0.000140 0.000675 57.392868
-4.920575 1528492627.001569 0.000121 0.000141 0.000679 57.543000
-4.907908 1528492627.014236 0.000122 0.000141 0.000676 57.262036
-4.895853 1528492627.026291 0.000121 0.000141 0.000677 57.405467
-4.883527 1528492627.038617 0.000122 0.000141 0.000673 57.289567
-4.870403 1528492627.051741 0.000122 0.000140 0.000670 57.218590
-4.858288 1528492627.063856 0.000121 0.000140 0.000676 57.377205
-4.846596 1528492627.075548 0.000121 0.000140 0.000677 57.431165
-4.834165 1528492627.087979 0.000121 0.000141 0.000678 57.451988
-4.821459 1528492627.100685 0.000121 0.000142 0.000666 57.539645
-4.809411 1528492627.112733 0.000120 0.000141 0.000669 57.487378
-4.796386 1528492627.125758 0.000119 0.000142 0.000666 57.132158
-4.784106 1528492627.138038 0.000118 0.000140 0.000678 56.901865
-4.771771 1528492627.150373 0.000119 0.000139 0.000687 57.239637
-4.759379 1528492627.162765 0.000119 0.000139 0.000686 56.965973
-4.745884 1528492627.176260 0.000119 0.000138 0.000703 57.363037
-4.733124 1528492627.189020 0.000118 0.000139 0.000702 57.235087
-4.719933 1528492627.202211 0.000119 0.000139 0.000700 57.138753
-4.708164 1528492627.213980 0.000118 0.000139 0.000698 57.005432
-4.695657 1528492627.226487 0.000118 0.000139 0.000692 56.958200
-4.683214 1528492627.238930 0.000118 0.000138 0.000696 57.062407
-4.670913 1528492627.251231 0.000119 0.000138 0.000695 57.041844
-4.658970 1528492627.263174 0.000118 0.000139 0.000691 57.069207
-4.646492 1528492627.275652 0.000118 0.000139 0.000694 57.204069
-4.633813 1528492627.288331 0.000119 0.000139 0.000691 56.962342
-4.620750 1528492627.301394 0.000119 0.000138 0.000690 56.923564
-4.607985 1528492627.314159 0.000118 0.000138 0.000697 57.156885
-4.595593 1528492627.326551 0.000118 0.000139 0.000699 57.457818
-4.582886 1528492627.339258 0.000119 0.000139 0.000692 57.053391
-4.571184 1528492627.350960 0.000119 0.000139 0.000692 57.120828
-4.558740 1528492627.363404 0.000119 0.000139 0.000690 57.016461
-4.546918 1528492627.375226 0.000120 0.000139 0.000693 57.159827
-4.533003 1528492627.389141 0.000120 0.000139 0.000694 57.392129
-4.520551 1528492627.401593 0.000119 0.000139 0.000694 57.363927
-4.507856 1528492627.414288 0.000120 0.000139 0.000691 57.310050
-4.495687 1528492627.426457 0.000120 0.000139 0.000690 57.156129
-4.483464 1528492627.438680 0.000121 0.000139 0.000694 57.265017
-4.470240 1528492627.451904 0.000120 0.000139 0.000696 57.450386
-4.458196 1528492627.463948 0.000121 0.000139 0.000690 57.294643
-4.445632 1528492627.476512 0.000120 0.000140 0.000687 57.223063
-4.433460 1528492627.488684 0.000120 0.000139 0.000694 57.272103
-4.421629 1528492627.500515 0.000120 0.000139 0.000698 57.659368
-4.408975 1528492627.513169 0.000120 0.000139 0.000692 57.191673
-4.396729 1528492627.525415 0.000120 0.000139 0.000692 57.386631
-4.384178 1528492627.537966 0.000121 0.000139 0.000691 57.158547
-4.371589 1528492627.550555 0.000120 0.000139 0.000696 57.437831
-4.358967 1528492627.563177 0.000121 0.000140 0.000695 57.340253
-4.345892 1528492627.576252 0.000120 0.000140 0.000695 57.262684
-4.333257 1528492627.588886 0.000121 0.000139 0.000693 57.247803
-4.321205 1528492627.600939 0.000121 0.000140 0.000691 57.174000
-4.308505 1528492627.613639 0.000121 0.000140 0.000697 57.390485
-4.295864 1528492627.626280 0.000120 0.000140 0.000689 57.250691
-4.283576 1528492627.638567 0.000121 0.000140 0.000691 57.342189
-4.271415 1528492627.650729 0.000120 0.000140 0.000692 57.378366
-4.258273 1528492627.663871 0.000120 0.000141 0.000698 57.836428
-4.245796 1528492627.676348 0.000118 0.000142 0.000697 58.517337
-4.233409 1528492627.688735 0.000119 0.000143 0.000700 58.821334
-4.220370 1528492627.701774 0.000118 0.000146 0.000711 59.846000
-4.208356 1528492627.713788 0.000118 0.000146 0.000727 60.626718
-4.196225 1528492627.725919 0.000117 0.000146 0.000735 60.976575
-4.183505 1528492627.738639 0.000117 0.000146 0.000744 61.439862
-4.170941 1528492627.751203 0.000117 0.000146 0.000743 61.479058
-4.158431 1528492627.763713 0.000116 0.000145 0.000743 61.535664
-4.146190 1528492627.775954 0.000117 0.000143 0.000738 61.328293
-4.133454 1528492627.788690 0.000116 0.000144 0.000743 61.747183
-4.121075 1528492627.801069 0.000115 0.000143 0.000742 61.759432
-4.107761 1528492627.814383 0.000116 0.000143 0.000748 61.869775
-4.095950 1528492627.826194 0.000116 0.000143 0.000740 61.813271
-4.083748 1528492627.838396 0.000117 0.000143 0.000749 62.116321
-4.070926 1528492627.851218 0.000117 0.000143 0.000741 62.036347
-4.058486 1528492627.863658 0.000117 0.000143 0.000738 62.032077
-4.046035 1528492627.876109 0.000115 0.000143 0.000755 62.418068
-4.033518 1528492627.888626 0.000117 0.000143 0.000750 62.320593
-4.021113 1528492627.901031 0.000115 0.000143 0.000762 62.851012
-4.008710 1528492627.913434 0.000116 0.000143 0.000750 62.487777
-3.996453 1528492627.925691 0.000115 0.000144 0.000758 62.668086
-3.983382 1528492627.938761 0.000116 0.000144 0.000753 62.605149
-3.970808 1528492627.951336 0.000116 0.000144 0.000764 63.051711
-3.958161 1528492627.963983 0.000117 0.000143 0.000752 63.043347
-3.946025 1528492627.976119 0.000117 0.000144 0.000749 63.052887
-3.933559 1528492627.988585 0.000115 0.000144 0.000771 63.608442
-3.920441 1528492628.001703 0.000116 0.000144 0.000754 63.129976
-3.908680 1528492628.013464 0.000116 0.000144 0.000753 63.111798
-3.896222 1528492628.025922 0.000116 0.000144 0.000752 63.181723
-3.883614 1528492628.038530 0.000117 0.000144 0.000761 63.513655
-3.870754 1528492628.051390 0.000116 0.000144 0.000757 63.355085
-3.857923 1528492628.064221 0.000115 0.000145 0.000767 63.557332
-3.845512 1528492628.076632 0.000115 0.000145 0.000765 63.692714
-3.834216 1528492628.087928 0.000116 0.000144 0.000759 63.506132
-3.821379 1528492628.100765 0.000116 0.000144 0.000751 63.372680
-3.808993 1528492628.113151 0.000116 0.000145 0.000756 63.668970
-3.796573 1528492628.125571 0.000116 0.000145 0.000757 63.624904
-3.783556 1528492628.138588 0.000119 0.000144 0.000755 63.777881
-3.771312 1528492628.150831 0.000118 0.000144 0.000750 63.720571
-3.759019 1528492628.163125 0.000118 0.000144 0.000748 63.805641
-3.746379 1528492628.175765 0.000119 0.000142 0.000755 64.027225
-3.733795 1528492628.188349 0.000121 0.000141 0.000756 64.042260
-3.721284 1528492628.200860 0.000123 0.000141 0.000764 63.917059
-3.708600 1528492628.213544 0.000123 0.000141 0.000754 63.451392
-3.696068 1528492628.226076 0.000122 0.000141 0.000759 63.284390
-3.682784 1528492628.239360 0.000124 0.000141 0.000752 63.062749
-3.670177 1528492628.251967 0.000125 0.000141 0.000754 63.049345
-3.657290 1528492628.264853 0.000124 0.000141 0.000762 63.239137
-3.645761 1528492628.276383 0.000126 0.000141 0.000754 63.060607
-3.633919 1528492628.288225 0.000123 0.000141 0.000760 63.044660
-3.621045 1528492628.301099 0.000123 0.000141 0.000759 63.002217
-3.608695 1528492628.313449 0.000125 0.000141 0.000757 63.096708
-3.595882 1528492628.326262 0.000124 0.000142 0.000759 63.190386
-3.583305 1528492628.338839 0.000123 0.000141 0.000759 63.056020
-3.571006 1528492628.351138 0.000125 0.000142 0.000752 63.152292
-3.558523 1528492628.363621 0.000124 0.000141 0.000757 62.910937
-3.546284 1528492628.375860 0.000122 0.000141 0.000761 63.017494
-3.533852 1528492628.388292 0.000125 0.000141 0.000755 63.031754
-3.521538 1528492628.400606 0.000122 0.000141 0.000758 62.982733
-3.508603 1528492628.413541 0.000123 0.000141 0.000757 63.087937
-3.496456 1528492628.425688 0.000122 0.000141 0.000758 62.994038
-3.483700 1528492628.438444 0.000123 0.000140 0.000756 62.972248
-3.469817 1528492628.452327 0.000123 0.000141 0.000749 62.687965
-3.457363 1528492628.464781 0.000123 0.000140 0.000748 62.632376
-3.445242 1528492628.476902 0.000123 0.000140 0.000746 62.565571
-3.433327 1528492628.488817 0.000123 0.000140 0.000745 62.641316
-3.421318 1528492628.500826 0.000123 0.000140 0.000747 62.591397
-3.408284 1528492628.513860 0.000124 0.000141 0.000741 62.664622
-3.395994 1528492628.526150 0.000123 0.000140 0.000742 62.617490
-3.383619 1528492628.538525 0.000121 0.000140 0.000748 62.493803
-3.370858 1528492628.551286 0.000122 0.000140 0.000741 62.438920
-3.358598 1528492628.563546 0.000122 0.000140 0.000743 62.604218
-3.346066 1528492628.576078 0.000123 0.000140 0.000742 62.390504
-3.333710 1528492628.588434 0.000123 0.000141 0.000748 62.772657
-3.321195 1528492628.600949 0.000122 0.000141 0.000750 62.597084
-3.308502 1528492628.613642 0.000124 0.000141 0.000741 62.405150
-3.295203 1528492628.626940 0.000122 0.000140 0.000752 62.491039
-3.282961 1528492628.639183 0.000123 0.000140 0.000751 62.346224
-3.270459 1528492628.651685 0.000123 0.000141 0.000756 62.662510
-3.257746 1528492628.664398 0.000122 0.000141 0.000768 62.787473
-3.245015 1528492628.677129 0.000125 0.000140 0.000772 62.815994
-3.233367 1528492628.688777 0.000126 0.000139 0.000780 62.993628
-3.221350 1528492628.700794 0.000127 0.000139 0.000778 62.787988
-3.208561 1528492628.713583 0.000127 0.000139 0.000780 62.735258
-3.196372 1528492628.725772 0.000125 0.000139 0.000783 62.694962
-3.183794 1528492628.738350 0.000124 0.000138 0.000781 62.774361
-3.170279 1528492628.751865 0.000124 0.000138 0.000792 63.045825
-3.157652 1528492628.764492 0.000124 0.000138 0.000786 63.066649
-3.145384 1528492628.776760 0.000124 0.000138 0.000782 62.880499
-3.132375 1528492628.789769 0.000124 0.000138 0.000780 62.901214
-3.119721 1528492628.802423 0.000124 0.000138 0.000775 62.761451
-3.107676 1528492628.814468 0.000124 0.000138 0.000774 62.794473
-3.095616 1528492628.826528 0.000123 0.000138 0.000782 62.908961
-3.080281 1528492628.841863 0.000124 0.000138 0.000776 62.934596
-3.071167 1528492628.850977 0.000124 0.000138 0.000777 62.866674
-3.058864 1528492628.863280 0.000123 0.000138 0.000778 62.858909
-3.046317 1528492628.875827 0.000124 0.000139 0.000774 62.891791
-3.032737 1528492628.889407 0.000124 0.000138 0.000775 62.847814
-3.020242 1528492628.901902 0.000125 0.000139 0.000765 62.721370
-3.007416 1528492628.914727 0.000124 0.000139 0.000771 62.876647
-2.995651 1528492628.926493 0.000124 0.000138 0.000771 62.900955
-2.982881 1528492628.939263 0.000124 0.000139 0.000777 63.148935
-2.970343 1528492628.951801 0.000125 0.000139 0.000773 63.003304
-2.957853 1528492628.964291 0.000125 0.000139 0.000767 62.866030
-2.945889 1528492628.976255 0.000124 0.000139 0.000771 62.921640
-2.934014 1528492628.988130 0.000124 0.000140 0.000768 62.793058
-2.921196 1528492629.000948 0.000125 0.000140 0.000763 62.761767
-2.908669 1528492629.013474 0.000124 0.000140 0.000769 62.865369
-2.896333 1528492629.025811 0.000124 0.000141 0.000772 63.040173
-2.883879 1528492629.038265 0.000124 0.000141 0.000768 63.082710
-2.870392 1528492629.051752 0.000125 0.000140 0.000757 62.700274
-2.857497 1528492629.064647 0.000125 0.000140 0.000755 62.711376
-2.845542 1528492629.076602 0.000125 0.000140 0.000762 62.778669
-2.832665 1528492629.089479 0.000124 0.000141 0.000760 62.848402
-2.820371 1528492629.101773 0.000125 0.000141 0.000766 63.018059
-2.808055 1528492629.114089 0.000125 0.000141 0.000759 62.928305
-2.796049 1528492629.126095 0.000124 0.000142 0.000763 62.991273
-2.783604 1528492629.138540 0.000124 0.000141 0.000766 62.906818
-2.771207 1528492629.150937 0.000125 0.000141 0.000765 62.940562
-2.758695 1528492629.163449 0.000124 0.000141 0.000756 62.618572
-2.746134 1528492629.176010 0.000124 0.000141 0.000757 62.682671
-2.733806 1528492629.188338 0.000124 0.000143 0.000769 63.139525
-2.721154 1528492629.200990 0.000124 0.000141 0.000761 62.858331
-2.708479 1528492629.213665 0.000124 0.000142 0.000764 63.148945
-2.696127 1528492629.226017 0.000122 0.000141 0.000775 63.576259
-2.683709 1528492629.238435 0.000121 0.000141 0.000805 64.566979
-2.671323 1528492629.250821 0.000120 0.000148 0.000835 66.437280
-2.659066 1528492629.263078 0.000121 0.000162 0.000809 69.572757
-2.646560 1528492629.275584 0.000122 0.000182 0.000831 73.967767
-2.634091 1528492629.288053 0.000121 0.000194 0.000774 77.913318
-2.621724 1528492629.300420 0.000112 0.000196 0.000740 79.785299
-2.609320 1528492629.312824 0.000111 0.000194 0.000726 81.369863
-2.595576 1528492629.326568 0.000113 0.000208 0.000728 83.601949
-2.582958 1528492629.339185 0.000116 0.000240 0.000699 83.601837
-2.571046 1528492629.351098 0.000112 0.000315 0.000685 80.660196
-2.558978 1528492629.363166 0.000120 0.000287 0.000717 81.065874
-2.546459 1528492629.375684 0.000123 0.000245 0.000794 82.532698
-2.532830 1528492629.389314 0.000119 0.000194 0.000844 82.548498
-2.520460 1528492629.401684 0.000119 0.000155 0.000912 83.315990
-2.507973 1528492629.414171 0.000110 0.000150 0.000953 83.276283
-2.495085 1528492629.427059 0.000101 0.000151 0.000976 81.750759
-2.483137 1528492629.439007 0.000105 0.000149 0.001019 79.689865
-2.470647 1528492629.451497 0.000105 0.000152 0.001039 77.072785
-2.458251 1528492629.463893 0.000105 0.000146 0.000929 71.726254
-2.445991 1528492629.476153 0.000099 0.000144 0.001018 68.155337
-2.433545 1528492629.488599 0.000097 0.000137 0.001009 65.105154
-2.420749 1528492629.501395 0.000093 0.000139 0.000977 63.948723
-2.408221 1528492629.513922 0.000102 0.000143 0.000926 62.628706
-2.395717 1528492629.526427 0.000094 0.000148 0.000851 61.161475
-2.383189 1528492629.538955 0.000092 0.000141 0.000792 58.590343
-2.370640 1528492629.551504 0.000093 0.000139 0.000770 57.455339
-2.358288 1528492629.563856 0.000094 0.000135 0.000757 55.858361
-2.345984 1528492629.576159 0.000093 0.000132 0.000731 54.317888
-2.333603 1528492629.588541 0.000093 0.000131 0.000725 53.438372
-2.320609 1528492629.601535 0.000092 0.000131 0.000726 52.980591
-2.308207 1528492629.613937 0.000091 0.000131 0.000727 53.027008
-2.295591 1528492629.626553 0.000090 0.000133 0.000732 53.165934
-2.282981 1528492629.639163 0.000089 0.000136 0.000747 53.431595
-2.270748 1528492629.651396 0.000090 0.000138 0.000750 53.732121
-2.258626 1528492629.663518 0.000089 0.000138 0.000767 54.201700
-2.245954 1528492629.676190 0.000089 0.000142 0.000770 55.109990
-2.233464 1528492629.688680 0.000089 0.000143 0.000784 55.960325
-2.221044 1528492629.701100 0.000095 0.000144 0.000803 56.289715
-2.208565 1528492629.713579 0.000099 0.000145 0.000819 56.636002
-2.195535 1528492629.726609 0.000092 0.000143 0.000843 56.909974
-2.183160 1528492629.738984 0.000094 0.000139 0.000856 56.824713
-2.171137 1528492629.751007 0.000094 0.000137 0.000856 56.660291
-2.158480 1528492629.763664 0.000095 0.000136 0.000856 56.679290
-2.146067 1528492629.776077 0.000095 0.000134 0.000852 56.689559
-2.133644 1528492629.788500 0.000096 0.000132 0.000846 56.814203
-2.121145 1528492629.800999 0.000096 0.000132 0.000839 57.141370
-2.108737 1528492629.813407 0.000097 0.000133 0.000838 57.439321
-2.096293 1528492629.825851 0.000097 0.000134 0.000831 57.663635
-2.083649 1528492629.838495 0.000097 0.000133 0.000828 57.907103
-2.070759 1528492629.851385 0.000097 0.000134 0.000822 57.976452
-2.058430 1528492629.863714 0.000098 0.000134 0.000820 58.134855
-2.045876 1528492629.876268 0.000097 0.000134 0.000815 58.319776
-2.033782 1528492629.888362 0.000097 0.000135 0.000814 58.429253
-2.021307 1528492629.900836 0.000097 0.000135 0.000805 58.400385
-2.008505 1528492629.913639 0.000097 0.000136 0.000805 58.446145
-1.995996 1528492629.926148 0.000097 0.000136 0.000806 58.497269
-1.983238 1528492629.938906 0.000097 0.000135 0.000806 58.502388
-1.970773 1528492629.951370 0.000097 0.000136 0.000805 58.524815
-1.958439 1528492629.963705 0.000097 0.000137 0.000803 58.592366
-1.946159 1528492629.975985 0.000097 0.000137 0.000804 58.742755
-1.933854 1528492629.988290 0.000097 0.000138 0.000801 58.816346
-1.920968 1528492630.001176 0.000098 0.000138 0.000798 58.881436
-1.908430 1528492630.013714 0.000098 0.000138 0.000795 58.933790
-1.895591 1528492630.026553 0.000099 0.000139 0.000794 59.016855
-1.882609 1528492630.039535 0.000098 0.000139 0.000795 59.102531
-1.870693 1528492630.051451 0.000098 0.000138 0.000797 59.151203
-1.858758 1528492630.063386 0.000098 0.000139 0.000793 59.089371
-1.846193 1528492630.075951 0.000098 0.000139 0.000792 59.055676
-1.832805 1528492630.089339 0.000098 0.000138 0.000792 59.006875
-1.820259 1528492630.101885 0.000098 0.000137 0.000795 59.020381
-1.807978 1528492630.114166 0.000098 0.000136 0.000796 58.968972
-1.795343 1528492630.126801 0.000098 0.000135 0.000796 58.818593
-1.783674 1528492630.138470 0.000097 0.000134 0.000802 58.706256
-1.771261 1528492630.150882 0.000097 0.000133 0.000800 58.571438
-1.758508 1528492630.163635 0.000097 0.000133 0.000802 58.568342
-1.746264 1528492630.175879 0.000097 0.000133 0.000797 58.530928
-1.733939 1528492630.188205 0.000097 0.000133 0.000795 58.518555
-1.720458 1528492630.201686 0.000098 0.000134 0.000797 58.589720
-1.708690 1528492630.213454 0.000098 0.000133 0.000786 58.455576
-1.696137 1528492630.226007 0.000100 0.000133 0.000780 58.330405
-1.683802 1528492630.238342 0.000104 0.000131 0.000776 58.102834
-1.670193 1528492630.251951 0.000108 0.000129 0.000776 57.861825
-1.657311 1528492630.264833 0.000111 0.000124 0.000781 57.469636
-1.645110 1528492630.277034 0.000112 0.000122 0.000782 57.308016
-1.632379 1528492630.289765 0.000112 0.000120 0.000778 57.195124
-1.620450 1528492630.301694 0.000110 0.000120 0.000776 57.133154
-1.607137 1528492630.315007 0.000110 0.000119 0.000774 57.182634
-1.595159 1528492630.326985 0.000109 0.000119 0.000774 57.211088
-1.583288 1528492630.338856 0.000109 0.000121 0.000768 57.183918
-1.570567 1528492630.351577 0.000109 0.000120 0.000773 57.130573
-1.558232 1528492630.363912 0.000110 0.000121 0.000771 57.165840
-1.545927 1528492630.376217 0.000110 0.000121 0.000770 57.164896
-1.533122 1528492630.389022 0.000110 0.000120 0.000772 57.137899
-1.520655 1528492630.401489 0.000110 0.000120 0.000770 57.107556
-1.508065 1528492630.414079 0.000110 0.000121 0.000770 57.122515
-1.494823 1528492630.427321 0.000110 0.000121 0.000776 57.125927
-1.483367 1528492630.438777 0.000110 0.000121 0.000776 57.122306
-1.470583 1528492630.451561 0.000109 0.000121 0.000776 57.047503
-1.458400 1528492630.463743 0.000109 0.000122 0.000771 57.097638
-1.445942 1528492630.476202 0.000110 0.000121 0.000774 57.069482
-1.433326 1528492630.488818 0.000109 0.000122 0.000772 57.094291
-1.420727 1528492630.501417 0.000109 0.000122 0.000776 57.064717
-1.408195 1528492630.513948 0.000109 0.000123 0.000772 57.020095
-1.395683 1528492630.526461 0.000109 0.000121 0.000775 56.987079
-1.382007 1528492630.540137 0.000109 0.000121 0.000774 56.976320
-1.370460 1528492630.551684 0.000109 0.000121 0.000770 56.904269
-1.357941 1528492630.564203 0.000109 0.000121 0.000770 56.858880
-1.345926 1528492630.576218 0.000109 0.000122 0.000765 56.816680
-1.333415 1528492630.588729 0.000110 0.000121 0.000769 56.851800
-1.320735 1528492630.601409 0.000109 0.000122 0.000772 56.887086
-1.308056 1528492630.614088 0.000110 0.000122 0.000768 56.846391
-1.295590 1528492630.626554 0.000110 0.000122 0.000769 56.810797
-1.283321 1528492630.638823 0.000110 0.000123 0.000765 56.852286
-1.270624 1528492630.651520 0.000110 0.000122 0.000771 56.876914
-1.258090 1528492630.664054 0.000110 0.000123 0.000769 56.884930
-1.245711 1528492630.676433 0.000110 0.000123 0.000768 56.871539
-1.233162 1528492630.688982 0.000110 0.000122 0.000772 56.902975
-1.220446 1528492630.701698 0.000110 0.000123 0.000767 56.865798
-1.208217 1528492630.713927 0.000110 0.000123 0.000768 56.833948
-1.195565 1528492630.726579 0.000110 0.000123 0.000767 56.843793
-1.183097 1528492630.739047 0.000110 0.000123 0.000766 56.892697
-1.170545 1528492630.751599 0.000110 0.000123 0.000762 56.808333
-1.158327 1528492630.763817 0.000110 0.000123 0.000764 56.814558
-1.145710 1528492630.776434 0.000110 0.000123 0.000762 56.911480
-1.133181 1528492630.788963 0.000111 0.000122 0.000765 56.794802
-1.120656 1528492630.801488 0.000111 0.000118 0.000773 56.953939
-1.108139 1528492630.814005 0.000108 0.000116 0.000776 57.451957
-1.095312 1528492630.826832 0.000104 0.000117 0.000786 58.082618
-1.082916 1528492630.839228 0.000102 0.000117 0.000792 58.780273
-1.070565 1528492630.851578 0.000100 0.000118 0.000809 59.353672
-1.058254 1528492630.863890 0.000102 0.000118 0.000826 59.488024
-1.045553 1528492630.876591 0.000100 0.000117 0.000831 59.832674
-1.032670 1528492630.889474 0.000101 0.000117 0.000841 60.118754
-1.020555 1528492630.901589 0.000100 0.000118 0.000845 60.368401
-1.007046 1528492630.915097 0.000101 0.000120 0.000840 60.556659
-0.995352 1528492630.926792 0.000101 0.000121 0.000837 60.734626
-0.983388 1528492630.938756 0.000101 0.000122 0.000841 60.929525
-0.971071 1528492630.951073 0.000101 0.000123 0.000839 60.984685
-0.958563 1528492630.963581 0.000100 0.000124 0.000835 61.149371
-0.946124 1528492630.976020 0.000101 0.000124 0.000832 61.087146
-0.932562 1528492630.989582 0.000100 0.000123 0.000837 61.211668
-0.920205 1528492631.001939 0.000100 0.000124 0.000834 61.167510
-0.908182 1528492631.013962 0.000100 0.000124 0.000833 61.120556
-0.895932 1528492631.026212 0.000101 0.000123 0.000833 61.098815
-0.883210 1528492631.038934 0.000100 0.000123 0.000836 61.078071
-0.870725 1528492631.051419 0.000100 0.000123 0.000832 61.073662
-0.858339 1528492631.063805 0.000100 0.000123 0.000834 61.055923
-0.845912 1528492631.076232 0.000100 0.000123 0.000838 61.069552
-0.833106 1528492631.089038 0.000101 0.000123 0.000833 60.870229
-0.820925 1528492631.101219 0.000100 0.000123 0.000834 60.944566
-0.807543 1528492631.114601 0.000101 0.000123 0.000833 60.995100
-0.795263 1528492631.126881 0.000101 0.000123 0.000833 61.047785
-0.783024 1528492631.139120 0.000101 0.000122 0.000835 61.033381
-0.770914 1528492631.151230 0.000101 0.000122 0.000835 61.107249
-0.758405 1528492631.163739 0.000102 0.000122 0.000833 60.999730
-0.746311 1528492631.175833 0.000102 0.000122 0.000834 61.116886
-0.733771 1528492631.188373 0.000102 0.000122 0.000828 61.061821
-0.721374 1528492631.200770 0.000102 0.000122 0.000834 61.062639
-0.708215 1528492631.213928 0.000102 0.000121 0.000830 61.028470
-0.695513 1528492631.226631 0.000102 0.000122 0.000829 61.032975
-0.682872 1528492631.239272 0.000103 0.000121 0.000829 61.060085
-0.669755 1528492631.252388 0.000102 0.000121 0.000828 61.006675
-0.657012 1528492631.265131 0.000103 0.000121 0.000827 60.931294
-0.644870 1528492631.277274 0.000102 0.000122 0.000825 60.855323
-0.632161 1528492631.289983 0.000103 0.000124 0.000804 61.169106
-0.620608 1528492631.301536 0.000104 0.000124 0.000803 61.126198
-0.608710 1528492631.313434 0.000107 0.000123 0.000797 60.737963
-0.594390 1528492631.327754 0.000109 0.000120 0.000802 60.431461
-0.582305 1528492631.339839 0.000110 0.000118 0.000801 60.119994
-0.570242 1528492631.351902 0.000111 0.000118 0.000794 59.967832
-0.557698 1528492631.364446 0.000110 0.000117 0.000791 59.953466
-0.545441 1528492631.376703 0.000110 0.000117 0.000786 59.878718
-0.533082 1528492631.389062 0.000110 0.000118 0.000787 59.962805
-0.520606 1528492631.401538 0.000110 0.000118 0.000790 59.995702
-0.508222 1528492631.413922 0.000109 0.000118 0.000793 60.118834
-0.495712 1528492631.426432 0.000109 0.000118 0.000793 60.117182
-0.483174 1528492631.438970 0.000109 0.000118 0.000794 60.088664
-0.470500 1528492631.451643 0.000109 0.000118 0.000795 60.151908
-0.458188 1528492631.463956 0.000109 0.000117 0.000796 60.157369
-0.445772 1528492631.476372 0.000109 0.000118 0.000791 60.033417
-0.433127 1528492631.489017 0.000109 0.000118 0.000790 60.049270
-0.420418 1528492631.501726 0.000109 0.000117 0.000795 60.136415
-0.408299 1528492631.513845 0.000109 0.000118 0.000794 60.046145
-0.394727 1528492631.527417 0.000109 0.000118 0.000792 60.117150
-0.381691 1528492631.540453 0.000109 0.000118 0.000794 60.148856
-0.370666 1528492631.551478 0.000108 0.000117 0.000799 60.205027
-0.358385 1528492631.563759 0.000108 0.000117 0.000796 60.190119
-0.346299 1528492631.575845 0.000109 0.000118 0.000793 60.261985
-0.333491 1528492631.588653 0.000108 0.000117 0.000792 60.278554
-0.321031 1528492631.601113 0.000108 0.000117 0.000793 60.255856
-0.307620 1528492631.614524 0.000109 0.000118 0.000792 60.272194
-0.295344 1528492631.626800 0.000109 0.000118 0.000793 60.285707
-0.282943 1528492631.639201 0.000109 0.000118 0.000792 60.323294
-0.270587 1528492631.651557 0.000109 0.000118 0.000795 60.374600
-0.258080 1528492631.664064 0.000109 0.000118 0.000798 60.318085
-0.245256 1528492631.676888 0.000108 0.000118 0.000795 60.391148
-0.232717 1528492631.689427 0.000109 0.000118 0.000793 60.382832
-0.220797 1528492631.701347 0.000108 0.000118 0.000793 60.396270
-0.207327 1528492631.714817 0.000109 0.000118 0.000798 60.514204
-0.194961 1528492631.727183 0.000109 0.000118 0.000796 60.610143
-0.183069 1528492631.739075 0.000109 0.000118 0.000795 60.593717
-0.170398 1528492631.751746 0.000109 0.000119 0.000793 60.604829
-0.158187 1528492631.763957 0.000109 0.000118 0.000794 60.646584
-0.145830 1528492631.776314 0.000109 0.000119 0.000798 60.640909
-0.133201 1528492631.788943 0.000110 0.000118 0.000792 60.644264
-0.120528 1528492631.801616 0.000111 0.000116 0.000792 60.571407
-0.108174 1528492631.813970 0.000110 0.000119 0.000780 60.714327
-0.095709 1528492631.826435 0.000111 0.000118 0.000783 60.861729
-0.083325 1528492631.838819 0.000111 0.000118 0.000790 60.908032
-0.070929 1528492631.851215 0.000111 0.000119 0.000791 61.070201
-0.058180 1528492631.863964 0.000111 0.000119 0.000788 61.085172
-0.045171 1528492631.876973 0.000111 0.000118 0.000791 61.275915
-0.032704 1528492631.889440 0.000111 0.000118 0.000785 61.191350
-0.020148 1528492631.901996 0.000110 0.000118 0.000790 61.264789
-0.007862 1528492631.914282 0.000110 0.000118 0.000789 61.223731
0.004073 1528492631.926217 0.000110 0.000118 0.000782 61.214567
0.016710 1528492631.938854 0.000110 0.000118 0.000782 61.167209
0.029331 1528492631.951475 0.000110 0.000117 0.000787 61.151806
0.041955 1528492631.964099 0.000110 0.000118 0.000788 61.183097
0.054320 1528492631.976464 0.000110 0.000118 0.000786 61.166923
0.066771 1528492631.988915 0.000110 0.000118 0.000791 60.990027
0.080342 1528492632.002486 0.000110 0.000117 0.000788 60.944750
0.092694 1528492632.014838 0.000110 0.000118 0.000784 60.941158
0.104629 1528492632.026772 0.000110 0.000118 0.000786 60.908438
0.117111 1528492632.039255 0.000110 0.000118 0.000788 60.797285
0.129034 1528492632.051178 0.000109 0.000118 0.000785 60.774091
0.141616 1528492632.063760 0.000109 0.000118 0.000785 60.742797
0.153784 1528492632.075928 0.000110 0.000118 0.000785 60.723498
0.167585 1528492632.089729 0.000109 0.000119 0.000785 60.550022
0.179977 1528492632.102121 0.000109 0.000119 0.000780 60.488422
0.192246 1528492632.114390 0.000108 0.000117 0.000759 61.257429
0.204490 1528492632.126634 0.000106 0.000117 0.000748 62.503742
0.216142 1528492632.138286 0.000110 0.000116 0.000749 64.471239
0.228923 1528492632.151067 0.000114 0.000118 0.000743 65.617574
0.241478 1528492632.163622 0.000117 0.000120 0.000749 66.737804
0.254008 1528492632.176152 0.000114 0.000123 0.000772 67.391879
0.266643 1528492632.188787 0.000113 0.000126 0.000762 67.455795
0.279153 1528492632.201297 0.000115 0.000127 0.000758 68.088923
0.292329 1528492632.214473 0.000120 0.000127 0.000754 69.042913
0.306160 1528492632.228304 0.000122 0.000133 0.000754 70.546143
0.318053 1528492632.240196 0.000123 0.000145 0.000755 72.397228
0.330205 1528492632.252349 0.000125 0.000154 0.000759 74.249576
0.341765 1528492632.263909 0.000126 0.000164 0.000738 75.725202
0.353856 1528492632.276000 0.000126 0.000173 0.000736 77.173648
0.366385 1528492632.288529 0.000126 0.000184 0.000729 78.370203
0.379203 1528492632.301347 0.000127 0.000188 0.000715 80.099376
0.391612 1528492632.313756 0.000125 0.000192 0.000715 82.528140
0.405278 1528492632.327422 0.000124 0.000194 0.000717 84.847476
0.418165 1528492632.340309 0.000124 0.000198 0.000710 87.669704
0.430304 1528492632.352448 0.000126 0.000204 0.000695 90.143516
0.442970 1528492632.365114 0.000129 0.000207 0.000683 92.157691
0.453875 1528492632.376019 0.000132 0.000214 0.000672 94.289422
0.466547 1528492632.388691 0.000135 0.000220 0.000668 95.886185
0.479087 1528492632.401231 0.000137 0.000223 0.000672 97.036223
0.492551 1528492632.414695 0.000138 0.000226 0.000670 98.473417
0.505021 1528492632.427165 0.000140 0.000224 0.000659 99.470218
0.517715 1528492632.439859 0.000144 0.000228 0.000647 101.203592
0.529530 1528492632.451674 0.000146 0.000226 0.000641 102.112893
0.541711 1528492632.463855 0.000149 0.000223 0.000633 102.646717
0.555586 1528492632.477730 0.000151 0.000222 0.000629 103.551903
0.566786 1528492632.488930 0.000151 0.000222 0.000632 104.321135
0.578997 1528492632.501141 0.000156 0.000219 0.000608 104.477869
0.592064 1528492632.514208 0.000158 0.000218 0.000610 105.519439
0.604235 1528492632.526379 0.000160 0.000216 0.000606 106.078295
0.617652 1528492632.539796 0.000161 0.000216 0.000611 106.532919
0.630259 1528492632.552403 0.000163 0.000217 0.000612 107.427243
0.642663 1528492632.564807 0.000165 0.000215 0.000606 108.039594
0.655256 1528492632.577400 0.000166 0.000216 0.000600 108.716822
0.667659 1528492632.589803 0.000168 0.000215 0.000599 109.564991
0.680066 1528492632.602210 0.000167 0.000216 0.000606 110.295010
0.692393 1528492632.614537 0.000169 0.000216 0.000600 111.073106
0.705271 1528492632.627415 0.000170 0.000219 0.000601 111.188175
0.716797 1528492632.638941 0.000168 0.000218 0.000601 111.739935
0.729245 1528492632.651389 0.000170 0.000216 0.000599 112.251595
0.741750 1528492632.663894 0.000170 0.000217 0.000596 112.714988
0.753937 1528492632.676081 0.000173 0.000217 0.000592 113.255891
0.766334 1528492632.688478 0.000172 0.000215 0.000592 113.416589
0.778545 1528492632.700689 0.000173 0.000215 0.000592 113.689581
0.791484 1528492632.713628 0.000174 0.000217 0.000602 114.190738
0.803972 1528492632.726116 0.000174 0.000215 0.000603 114.345371
0.816436 1528492632.738580 0.000175 0.000214 0.000601 115.082494
0.829224 1528492632.751368 0.000175 0.000213 0.000608 114.991788
0.841740 1528492632.763884 0.000176 0.000212 0.000606 115.390942
0.853971 1528492632.776115 0.000177 0.000213 0.000603 115.529415
0.866222 1528492632.788366 0.000178 0.000210 0.000598 115.746435
0.878971 1528492632.801115 0.000177 0.000212 0.000600 116.249506
0.891596 1528492632.813740 0.000178 0.000212 0.000602 115.999231
0.905464 1528492632.827608 0.000180 0.000210 0.000603 116.219632
0.918133 1528492632.840277 0.000180 0.000207 0.000603 116.614934
0.930252 1528492632.852396 0.000179 0.000210 0.000605 116.555162
0.942869 1528492632.865013 0.000182 0.000210 0.000607 116.781680
0.954754 1528492632.876898 0.000180 0.000208 0.000604 117.089432
0.966944 1528492632.889087 0.000181 0.000207 0.000604 117.348888
0.979456 1528492632.901600 0.000181 0.000209 0.000603 117.146409
0.992020 1528492632.914164 0.000182 0.000208 0.000606 117.444419
1.004399 1528492632.926543 0.000182 0.000209 0.000612 117.611235
1.018257 1528492632.940401 0.000183 0.000208 0.000608 118.013212
1.029841 1528492632.951985 0.000184 0.000208 0.000605 118.263832
1.042325 1528492632.964469 0.000184 0.000208 0.000603 118.062409
1.054424 1528492632.976568 0.000184 0.000208 0.000607 118.366243
1.067373 1528492632.989516 0.000183 0.000208 0.000599 118.469088
1.079628 1528492633.001772 0.000185 0.000208 0.000606 118.362954
1.092259 1528492633.014403 0.000185 0.000207 0.000607 118.438566
1.104424 1528492633.026568 0.000187 0.000209 0.000601 118.229876
1.117167 1528492633.039310 0.000184 0.000207 0.000610 118.567839
1.129446 1528492633.051590 0.000185 0.000208 0.000614 118.929973
1.141906 1528492633.064050 0.000185 0.000208 0.000610 118.724954
1.154221 1528492633.076365 0.000183 0.000209 0.000616 118.990269
1.166988 1528492633.089132 0.000184 0.000208 0.000615 119.392986
1.179700 1528492633.101844 0.000183 0.000208 0.000617 119.449375
1.191883 1528492633.114027 0.000183 0.000209 0.000616 119.616993
1.204538 1528492633.126682 0.000184 0.000209 0.000615 119.947359
1.217802 1528492633.139946 0.000184 0.000209 0.000616 120.169210
1.230179 1528492633.152323 0.000185 0.000209 0.000610 120.228202
1.241994 1528492633.164138 0.000184 0.000210 0.000610 119.814312
1.254179 1528492633.176323 0.000183 0.000210 0.000617 120.626807
1.266397 1528492633.188540 0.000182 0.000210 0.000611 120.734469
1.279202 1528492633.201345 0.000182 0.000210 0.000609 120.516302
1.292979 1528492633.215123 0.000182 0.000210 0.000603 120.499763
1.305173 1528492633.227317 0.000181 0.000209 0.000597 119.703867
1.316803 1528492633.238947 0.000181 0.000210 0.000605 119.681328
1.329176 1528492633.251320 0.000183 0.000210 0.000603 119.455614
1.343134 1528492633.265278 0.000183 0.000210 0.000612 119.348555
1.354914 1528492633.277058 0.000184 0.000212 0.000604 119.150629
1.367637 1528492633.289781 0.000183 0.000211 0.000605 119.300364
1.380578 1528492633.302722 0.000184 0.000210 0.000610 119.179349
1.392119 1528492633.314263 0.000183 0.000210 0.000610 119.244764
1.404201 1528492633.326345 0.000183 0.000210 0.000613 119.296538
1.416786 1528492633.338930 0.000184 0.000209 0.000608 119.375438
1.429301 1528492633.351444 0.000184 0.000209 0.000612 119.165476
1.442027 1528492633.364171 0.000184 0.000210 0.000610 118.897988
1.454611 1528492633.376755 0.000184 0.000211 0.000613 119.009534
1.467860 1528492633.390003 0.000184 0.000211 0.000616 119.182189
1.480219 1528492633.402363 0.000184 0.000210 0.000616 119.181037
1.492104 1528492633.414248 0.000183 0.000209 0.000616 119.018142
1.505322 1528492633.427465 0.000184 0.000212 0.000615 118.833702
1.517157 1528492633.439301 0.000185 0.000212 0.000612 119.079945
1.529728 1528492633.451872 0.000184 0.000213 0.000613 119.088455
1.542187 1528492633.464331 0.000183 0.000212 0.000622 119.109350
1.555002 1528492633.477146 0.000185 0.000211 0.000612 119.021199
1.567317 1528492633.489461 0.000185 0.000211 0.000611 118.888657
1.579437 1528492633.501581 0.000184 0.000210 0.000619 118.887078
1.591904 1528492633.514048 0.000185 0.000211 0.000615 118.740557
1.604429 1528492633.526573 0.000183 0.000211 0.000621 118.617480
1.616880 1528492633.539024 0.000184 0.000210 0.000620 118.671087
1.630646 1528492633.552790 0.000184 0.000210 0.000616 118.408902
1.642774 1528492633.564918 0.000183 0.000209 0.000612 118.064269
1.655110 1528492633.577254 0.000183 0.000211 0.000619 118.802900
1.666688 1528492633.588832 0.000183 0.000210 0.000618 118.752534
1.679381 1528492633.601525 0.000182 0.000210 0.000619 118.536913
1.691594 1528492633.613738 0.000183 0.000209 0.000618 118.494077
1.704074 1528492633.626218 0.000184 0.000211 0.000613 118.526879
1.716716 1528492633.638860 0.000182 0.000210 0.000626 118.543066
1.729968 1528492633.652112 0.000182 0.000209 0.000621 118.212744
1.742818 1528492633.664962 0.000183 0.000209 0.000616 118.216228
1.755584 1528492633.677728 0.000181 0.000209 0.000623 118.243164
1.768159 1528492633.690303 0.000180 0.000209 0.000626 118.617809
1.780256 1528492633.702400 0.000183 0.000208 0.000616 118.174464
1.792164 1528492633.714308 0.000183 0.000209 0.000619 118.318679
1.804120 1528492633.726264 0.000183 0.000210 0.000616 118.184669
1.816711 1528492633.738855 0.000183 0.000211 0.000624 118.307287
1.829140 1528492633.751284 0.000184 0.000211 0.000626 118.503517
1.841856 1528492633.764000 0.000186 0.000211 0.000626 118.641112
1.854143 1528492633.776287 0.000185 0.000211 0.000629 119.079521
1.866899 1528492633.789043 0.000185 0.000213 0.000620 118.721445
1.879350 1528492633.801494 0.000185 0.000211 0.000624 118.858921
1.891732 1528492633.813876 0.000185 0.000211 0.000627 119.050031
1.904489 1528492633.826632 0.000186 0.000211 0.000622 118.792795
1.916879 1528492633.839023 0.000185 0.000210 0.000625 119.166177
1.929347 1528492633.851491 0.000186 0.000213 0.000623 118.877432
1.942841 1528492633.864985 0.000186 0.000212 0.000618 118.744054
1.955791 1528492633.877935 0.000186 0.000212 0.000625 118.535788
1.967841 1528492633.889985 0.000186 0.000212 0.000623 118.781245
1.980665 1528492633.902809 0.000187 0.000213 0.000618 118.628295
1.992327 1528492633.914471 0.000186 0.000212 0.000622 118.581173
2.004316 1528492633.926460 0.000186 0.000212 0.000619 118.573084
2.016843 1528492633.938987 0.000187 0.000213 0.000626 119.114927
2.029210 1528492633.951354 0.000187 0.000212 0.000640 119.069232
2.041667 1528492633.963811 0.000186 0.000213 0.000648 119.013277
2.054043 1528492633.976187 0.000188 0.000213 0.000637 119.128494
2.066575 1528492633.988719 0.000185 0.000213 0.000646 118.718880
2.079366 1528492634.001510 0.000186 0.000213 0.000650 119.153053
2.092153 1528492634.014297 0.000187 0.000212 0.000639 118.904567
2.105478 1528492634.027622 0.000187 0.000212 0.000638 118.697964
2.117757 1528492634.039901 0.000186 0.000213 0.000645 118.915530
2.129984 1528492634.052128 0.000187 0.000214 0.000642 119.228038
2.141976 1528492634.064120 0.000187 0.000213 0.000639 118.675120
2.154347 1528492634.076491 0.000188 0.000214 0.000641 118.622372
2.167111 1528492634.089255 0.000186 0.000212 0.000657 118.806572
2.179542 1528492634.101686 0.000187 0.000214 0.000654 118.825723
2.192091 1528492634.114235 0.000187 0.000214 0.000642 119.024910
2.204525 1528492634.126669 0.000187 0.000213 0.000647 118.679136
2.217049 1528492634.139193 0.000186 0.000214 0.000647 118.814939
2.229634 1528492634.151778 0.000187 0.000215 0.000648 118.823208
2.242269 1528492634.164412 0.000186 0.000215 0.000642 118.516008
2.254500 1528492634.176644 0.000186 0.000214 0.000649 118.591669
2.267381 1528492634.189525 0.000186 0.000214 0.000653 118.563538
2.279540 1528492634.201684 0.000185 0.000215 0.000641 118.126989
2.292123 1528492634.214267 0.000186 0.000215 0.000644 118.181438
2.304587 1528492634.226731 0.000185 0.000215 0.000649 118.278071
2.318248 1528492634.240392 0.000185 0.000214 0.000646 118.422896
2.330302 1528492634.252446 0.000183 0.000213 0.000649 118.223475
2.342836 1528492634.264980 0.000184 0.000212 0.000645 118.381458
2.355121 1528492634.277265 0.000184 0.000213 0.000639 118.038687
2.366881 1528492634.289025 0.000184 0.000212 0.000644 118.166932
2.379789 1528492634.301933 0.000184 0.000214 0.000636 118.006640
2.391856 1528492634.314000 0.000184 0.000213 0.000639 118.428984
2.404420 1528492634.326564 0.000184 0.000212 0.000641 118.409738
2.417169 1528492634.339313 0.000185 0.000213 0.000642 118.556089
2.429334 1528492634.351478 0.000184 0.000212 0.000643 118.469838
2.441948 1528492634.364092 0.000185 0.000214 0.000639 118.762052
2.454700 1528492634.376844 0.000185 0.000214 0.000646 118.839394
2.466965 1528492634.389109 0.000185 0.000214 0.000649 119.206803
2.479615 1528492634.401759 0.000187 0.000215 0.000639 118.942258
2.491986 1528492634.414130 0.000188 0.000213 0.000644 119.309565
2.504592 1528492634.426736 0.000187 0.000215 0.000654 119.135527
2.518210 1528492634.440354 0.000188 0.000215 0.000660 119.497509
2.530772 1528492634.452916 0.000189 0.000216 0.000642 119.227579
2.543027 1528492634.465171 0.000189 0.000217 0.000646 119.589734
2.555607 1528492634.477751 0.000189 0.000218 0.000651 119.764037
2.568161 1528492634.490305 0.000190 0.000218 0.000653 119.820730
2.579884 1528492634.502028 0.000190 0.000218 0.000641 119.528542
2.592142 1528492634.514286 0.000190 0.000218 0.000656 119.792768
2.605718 1528492634.527862 0.000190 0.000218 0.000654 120.075322
2.618239 1528492634.540383 0.000190 0.000219 0.000649 119.833865
2.630874 1528492634.553018 0.000190 0.000218 0.000654 119.980146
2.643409 1528492634.565552 0.000189 0.000219 0.000662 119.955847
2.655595 1528492634.577739 0.000190 0.000218 0.000659 119.997670
2.667932 1528492634.590076 0.000189 0.000219 0.000649 119.709555
2.679583 1528492634.601727 0.000188 0.000217 0.000654 119.481046
2.691976 1528492634.614120 0.000189 0.000216 0.000655 119.660978
2.704356 1528492634.626500 0.000187 0.000218 0.000659 119.466037
2.716814 1528492634.638958 0.000188 0.000217 0.000661 119.398171
2.729529 1528492634.651673 0.000188 0.000218 0.000654 119.326746
2.741840 1528492634.663984 0.000186 0.000215 0.000655 119.298733
2.754401 1528492634.676545 0.000186 0.000217 0.000652 119.055439
2.768097 1528492634.690241 0.000187 0.000216 0.000647 119.037041
2.780836 1528492634.702980 0.000187 0.000217 0.000651 119.077726
2.793518 1528492634.715662 0.000186 0.000216 0.000656 119.348050
2.805124 1528492634.727268 0.000186 0.000216 0.000647 118.972980
2.817080 1528492634.739223 0.000185 0.000216 0.000647 119.022482
2.829354 1528492634.751498 0.000184 0.000215 0.000648 119.058042
2.841831 1528492634.763975 0.000184 0.000216 0.000644 118.341583
2.854284 1528492634.776428 0.000183 0.000217 0.000644 118.274515
2.867013 1528492634.789157 0.000184 0.000216 0.000645 118.075158
2.879501 1528492634.801645 0.000184 0.000215 0.000648 118.159865
2.893439 1528492634.815583 0.000184 0.000214 0.000649 118.157726
2.905782 1528492634.827926 0.000182 0.000215 0.000645 117.700921
2.918232 1528492634.840376 0.000181 0.000215 0.000640 118.201572
2.930573 1528492634.852717 0.000181 0.000216 0.000646 118.259598
2.943328 1528492634.865472 0.000183 0.000218 0.000633 117.745870
2.954885 1528492634.877029 0.000183 0.000218 0.000626 118.234436
2.967187 1528492634.889331 0.000185 0.000220 0.000651 119.641627
2.979527 1528492634.901671 0.000187 0.000219 0.000649 119.445258
2.992071 1528492634.914215 0.000187 0.000220 0.000633 118.914208
3.004847 1528492634.926991 0.000188 0.000221 0.000631 119.027615
3.017337 1528492634.939481 0.000188 0.000221 0.000645 120.007407
3.029754 1528492634.951898 0.000188 0.000223 0.000638 119.763827
3.042171 1528492634.964315 0.000190 0.000223 0.000633 119.749924
3.054707 1528492634.976851 0.000191 0.000225 0.000643 120.568887
3.067780 1528492634.989924 0.000191 0.000226 0.000643 120.162894
3.079876 1528492635.002020 0.000191 0.000222 0.000640 120.258478
3.092558 1528492635.014702 0.000190 0.000223 0.000646 120.397321
3.104928 1528492635.027072 0.000190 0.000222 0.000656 120.810710
3.117395 1528492635.039539 0.000190 0.000224 0.000650 120.220388
3.130024 1528492635.052168 0.000189 0.000222 0.000642 120.032763
3.142589 1528492635.064733 0.000190 0.000222 0.000649 120.574228
3.155252 1528492635.077395 0.000189 0.000223 0.000647 120.363556
3.167966 1528492635.090110 0.000188 0.000221 0.000643 120.325125
3.180694 1528492635.102838 0.000188 0.000222 0.000648 120.268468
3.192876 1528492635.115020 0.000188 0.000222 0.000648 120.296561
3.205234 1528492635.127378 0.000188 0.000222 0.000646 120.163300
3.217499 1528492635.139643 0.000188 0.000222 0.000643 120.052550
3.230070 1528492635.152214 0.000187 0.000221 0.000642 119.996825
3.242404 1528492635.164547 0.000186 0.000220 0.000643 119.951539
3.254704 1528492635.176848 0.000186 0.000220 0.000645 119.620901
3.266862 1528492635.189006 0.000186 0.000219 0.000641 119.291544
3.279244 1528492635.201388 0.000185 0.000219 0.000645 119.249433
3.292631 1528492635.214775 0.000185 0.000219 0.000644 119.040308
3.304402 1528492635.226546 0.000184 0.000219 0.000640 118.744560
3.316947 1528492635.239090 0.000183 0.000218 0.000637 118.501371
3.329566 1528492635.251710 0.000183 0.000218 0.000643 118.554019
3.342104 1528492635.264248 0.000183 0.000218 0.000647 118.460840
3.354461 1528492635.276605 0.000183 0.000218 0.000638 117.910612
3.366872 1528492635.289016 0.000183 0.000217 0.000640 117.738510
3.379436 1528492635.301580 0.000184 0.000218 0.000639 117.639657
3.391796 1528492635.313940 0.000183 0.000219 0.000632 117.411577
3.405099 1528492635.327243 0.000183 0.000218 0.000638 117.406896
3.416571 1528492635.338715 0.000183 0.000216 0.000646 117.980241
3.429201 1528492635.351345 0.000185 0.000218 0.000635 117.591471
3.441956 1528492635.364100 0.000185 0.000218 0.000638 117.555549
3.454191 1528492635.376335 0.000184 0.000219 0.000630 117.479872
3.466923 1528492635.389067 0.000185 0.000218 0.000637 117.805772
3.479254 1528492635.401398 0.000185 0.000218 0.000639 117.702688
3.491809 1528492635.413953 0.000186 0.000217 0.000632 117.717300
3.504316 1528492635.426460 0.000185 0.000218 0.000637 118.088040
3.517452 1528492635.439596 0.000186 0.000218 0.000636 118.133445
3.529144 1528492635.451288 0.000185 0.000219 0.000634 118.056842
3.541755 1528492635.463899 0.000185 0.000216 0.000634 117.881404
3.554405 1528492635.476549 0.000185 0.000218 0.000632 117.864778
3.566807 1528492635.488950 0.000184 0.000217 0.000629 117.581825
3.579375 1528492635.501518 0.000184 0.000216 0.000633 117.529628
3.591741 1528492635.513885 0.000184 0.000218 0.000629 117.403599
3.604589 1528492635.526733 0.000185 0.000214 0.000642 117.654154
3.616902 1528492635.539046 0.000185 0.000214 0.000630 116.854415
3.629937 1528492635.552081 0.000184 0.000216 0.000625 117.273858
3.642164 1528492635.564307 0.000185 0.000216 0.000631 117.735226
3.654233 1528492635.576377 0.000186 0.000216 0.000630 117.770341
3.666798 1528492635.588942 0.000186 0.000215 0.000628 117.658305
3.679356 1528492635.601500 0.000185 0.000215 0.000634 118.068488
3.691980 1528492635.614124 0.000185 0.000215 0.000634 118.020796
3.704870 1528492635.627014 0.000187 0.000215 0.000632 117.969859
3.718079 1528492635.640223 0.000186 0.000216 0.000632 118.053578
3.730601 1528492635.652745 0.000186 0.000216 0.000638 117.919295
3.743039 1528492635.665183 0.000184 0.000214 0.000640 117.684148
3.755706 1528492635.677850 0.000185 0.000214 0.000638 117.322033
3.767903 1528492635.690047 0.000182 0.000212 0.000636 117.333504
3.779610 1528492635.701754 0.000182 0.000214 0.000634 117.225930
3.792560 1528492635.714704 0.000182 0.000215 0.000635 117.046388
3.805169 1528492635.727313 0.000184 0.000214 0.000634 117.122564
3.818018 1528492635.740162 0.000184 0.000215 0.000630 117.127159
3.830014 1528492635.752158 0.000183 0.000214 0.000633 117.362636
3.842386 1528492635.764530 0.000183 0.000215 0.000634 117.517927
3.855645 1528492635.777789 0.000184 0.000215 0.000635 117.464056
3.867437 1528492635.789581 0.000183 0.000215 0.000635 117.309237
3.880226 1528492635.802370 0.000184 0.000215 0.000633 117.475687
3.892587 1528492635.814731 0.000182 0.000214 0.000637 117.237090
3.905230 1528492635.827374 0.000183 0.000215 0.000631 117.183794
3.917764 1528492635.839908 0.000183 0.000215 0.000639 117.283952
3.930172 1528492635.852316 0.000182 0.000214 0.000637 117.090028
3.942546 1528492635.864690 0.000183 0.000215 0.000636 116.661668
3.955132 1528492635.877276 0.000183 0.000215 0.000629 116.276549
3.968415 1528492635.890559 0.000183 0.000215 0.000624 116.052751
3.979901 1528492635.902045 0.000182 0.000213 0.000627 115.831405
3.992836 1528492635.914980 0.000182 0.000213 0.000621 115.575764
4.005860 1528492635.928004 0.000182 0.000212 0.000614 115.132563
4.018118 1528492635.940262 0.000182 0.000212 0.000616 115.019219
4.030527 1528492635.952671 0.000181 0.000213 0.000612 114.650278
4.042902 1528492635.965045 0.000180 0.000212 0.000613 114.415935
4.055533 1528492635.977677 0.000180 0.000211 0.000616 114.595951
4.067833 1528492635.989977 0.000179 0.000211 0.000616 114.464864
4.081344 1528492636.003488 0.000178 0.000209 0.000612 113.967295
4.092363 1528492636.014507 0.000177 0.000208 0.000614 113.975779
4.104795 1528492636.026938 0.000176 0.000207 0.000613 113.793295
4.117419 1528492636.039563 0.000175 0.000208 0.000610 113.444760
4.129770 1528492636.051913 0.000175 0.000207 0.000613 112.935847
4.142106 1528492636.064250 0.000172 0.000203 0.000619 112.828944
4.155062 1528492636.077206 0.000172 0.000203 0.000616 112.241302
4.167266 1528492636.089410 0.000171 0.000201 0.000612 111.665636
4.179532 1528492636.101676 0.000168 0.000199 0.000620 111.298442
4.192584 1528492636.114728 0.000168 0.000196 0.000617 110.755709
4.204796 1528492636.126940 0.000166 0.000195 0.000616 109.747333
4.217675 1528492636.139819 0.000165 0.000192 0.000619 109.584610
4.230047 1528492636.152191 0.000165 0.000190 0.000615 108.601715
4.242767 1528492636.164911 0.000164 0.000188 0.000618 108.241518
4.255094 1528492636.177238 0.000163 0.000183 0.000620 107.411351
4.267456 1528492636.189600 0.000163 0.000182 0.000619 106.997564
4.279907 1528492636.202051 0.000163 0.000180 0.000614 106.474327
4.292416 1528492636.214560 0.000164 0.000178 0.000615 106.645593
4.305142 1528492636.227286 0.000165 0.000179 0.000614 106.979201
4.317487 1528492636.239631 0.000167 0.000178 0.000616 107.388167
4.330130 1528492636.252274 0.000170 0.000179 0.000617 107.356468
4.342542 1528492636.264686 0.000174 0.000185 0.000608 108.203255
4.355149 1528492636.277292 0.000173 0.000189 0.000619 108.854948
4.367739 1528492636.289883 0.000172 0.000193 0.000617 109.581618
4.380139 1528492636.302283 0.000176 0.000194 0.000615 110.522261
4.392481 1528492636.314625 0.000175 0.000197 0.000616 111.165603
4.404757 1528492636.326901 0.000175 0.000199 0.000620 111.695471
4.417703 1528492636.339847 0.000177 0.000204 0.000627 112.645338
4.429698 1528492636.351842 0.000176 0.000206 0.000622 112.706900
4.443024 1528492636.365168 0.000176 0.000207 0.000618 112.954563
4.455141 1528492636.377285 0.000176 0.000207 0.000631 113.860767
4.467742 1528492636.389886 0.000174 0.000205 0.000627 113.466652
4.480146 1528492636.402290 0.000176 0.000204 0.000619 112.821213
4.492426 1528492636.414570 0.000175 0.000203 0.000618 112.743300
4.506027 1528492636.428171 0.000175 0.000203 0.000621 113.222558
4.518616 1528492636.440760 0.000175 0.000202 0.000629 113.402113
4.530835 1528492636.452979 0.000175 0.000201 0.000627 113.378570
4.543609 1528492636.465753 0.000176 0.000201 0.000626 113.157554
4.555921 1528492636.478065 0.000174 0.000202 0.000625 112.907133
4.568421 1528492636.490565 0.000175 0.000200 0.000627 113.011305
4.580903 1528492636.503047 0.000175 0.000198 0.000631 112.876422
4.593602 1528492636.515746 0.000174 0.000197 0.000629 112.981517
4.606403 1528492636.528547 0.000175 0.000196 0.000630 112.706493
4.618084 1528492636.540228 0.000175 0.000195 0.000624 112.461296
4.630090 1528492636.552233 0.000174 0.000192 0.000622 111.945980
4.642020 1528492636.564163 0.000172 0.000191 0.000625 111.446086
4.655167 1528492636.577311 0.000173 0.000189 0.000622 111.269117
4.667063 1528492636.589207 0.000172 0.000188 0.000618 110.494906
4.679920 1528492636.602064 0.000170 0.000186 0.000622 109.973626
4.692591 1528492636.614735 0.000168 0.000184 0.000621 109.605756
4.706682 1528492636.628826 0.000167 0.000183 0.000616 108.778546
4.718111 1528492636.640255 0.000166 0.000183 0.000620 108.600400
4.730539 1528492636.652683 0.000164 0.000182 0.000622 108.191173
4.743236 1528492636.665380 0.000162 0.000181 0.000628 107.681003
4.755788 1528492636.677932 0.000160 0.000180 0.000630 107.154435
4.767588 1528492636.689732 0.000158 0.000179 0.000635 106.207653
4.780115 1528492636.702259 0.000157 0.000176 0.000636 105.317607
4.792564 1528492636.714708 0.000155 0.000174 0.000638 105.028769
4.805190 1528492636.727334 0.000154 0.000173 0.000638 104.170753
4.817457 1528492636.739601 0.000153 0.000170 0.000641 103.355021
4.829866 1528492636.752010 0.000150 0.000170 0.000646 102.973002
4.842462 1528492636.764606 0.000150 0.000167 0.000641 101.839348
4.855105 1528492636.777249 0.000149 0.000167 0.000645 101.664996
4.867927 1528492636.790071 0.000147 0.000165 0.000645 101.315519
4.880333 1528492636.802477 0.000146 0.000164 0.000645 100.600010
4.893103 1528492636.815247 0.000146 0.000164 0.000648 100.481365
4.904937 1528492636.827080 0.000146 0.000162 0.000639 99.512552
4.917326 1528492636.839470 0.000147 0.000161 0.000634 99.271824
4.930466 1528492636.852610 0.000148 0.000160 0.000628 99.335726
4.943594 1528492636.865738 0.000149 0.000160 0.000623 98.683455
4.955765 1528492636.877909 0.000149 0.000159 0.000631 98.385901
4.967423 1528492636.889567 0.000150 0.000158 0.000633 98.228962
4.979824 1528492636.901968 0.000152 0.000158 0.000641 98.473448
4.992670 1528492636.914814 0.000151 0.000158 0.000650 99.063879
5.005199 1528492636.927343 0.000153 0.000156 0.000657 99.382376
5.017829 1528492636.939973 0.000153 0.000158 0.000660 100.435501
5.029685 1528492636.951829 0.000153 0.000159 0.000665 100.878461
5.042411 1528492636.964555 0.000153 0.000160 0.000665 101.541278
5.055077 1528492636.977221 0.000153 0.000160 0.000661 101.545533
5.067747 1528492636.989891 0.000152 0.000160 0.000666 101.753334
5.080414 1528492637.002558 0.000152 0.000160 0.000660 101.780326
5.092373 1528492637.014517 0.000151 0.000159 0.000662 101.724626
5.108719 1528492637.030863 0.000150 0.000159 0.000665 101.786788
5.117412 1528492637.039556 0.000149 0.000157 0.000662 101.249086
5.130169 1528492637.052313 0.000149 0.000157 0.000665 101.287375
5.142394 1528492637.064538 0.000150 0.000157 0.000660 101.385890
5.155128 1528492637.077272 0.000148 0.000154 0.000663 101.157614
5.167656 1528492637.089800 0.000148 0.000153 0.000663 100.935889
5.180075 1528492637.102219 0.000148 0.000154 0.000662 101.167375
5.192521 1528492637.114665 0.000148 0.000153 0.000656 100.698609
5.204853 1528492637.126997 0.000147 0.000153 0.000659 100.740913
5.217191 1528492637.139335 0.000146 0.000151 0.000664 100.775820
5.230242 1528492637.152386 0.000146 0.000151 0.000659 100.393427
5.243085 1528492637.165229 0.000145 0.000150 0.000655 99.882425
5.255131 1528492637.177274 0.000145 0.000150 0.000660 99.622893
5.267835 1528492637.189979 0.000144 0.000150 0.000649 99.374464
5.280258 1528492637.202402 0.000144 0.000148 0.000663 99.259344
5.292688 1528492637.214832 0.000143 0.000148 0.000665 99.036360
5.305197 1528492637.227341 0.000142 0.000147 0.000658 98.788658
5.318130 1528492637.240274 0.000142 0.000147 0.000663 98.756528
5.330040 1528492637.252183 0.000141 0.000145 0.000661 98.307671
5.342806 1528492637.264950 0.000140 0.000144 0.000662 97.947572
5.355394 1528492637.277538 0.000140 0.000144 0.000664 97.508391
5.368075 1528492637.290219 0.000139 0.000145 0.000657 97.411079
5.380672 1528492637.302816 0.000139 0.000144 0.000673 97.557869
5.393429 1528492637.315573 0.000138 0.000145 0.000662 97.040301
5.405282 1528492637.327426 0.000138 0.000144 0.000665 96.975200
5.418048 1528492637.340192 0.000138 0.000143 0.000664 96.322877
5.430321 1528492637.352465 0.000138 0.000144 0.000659 96.552197
5.442663 1528492637.364807 0.000137 0.000144 0.000660 96.373984
5.455223 1528492637.377367 0.000136 0.000143 0.000663 95.906809
5.468003 1528492637.390147 0.000135 0.000143 0.000659 95.809323
5.480595 1528492637.402739 0.000135 0.000143 0.000675 95.152716
5.492818 1528492637.414962 0.000135 0.000145 0.000667 94.877448
5.505195 1528492637.427339 0.000133 0.000144 0.000667 93.889481
5.517698 1528492637.439842 0.000132 0.000146 0.000664 93.364670
5.530304 1528492637.452448 0.000132 0.000144 0.000670 92.685239
5.542785 1528492637.464929 0.000133 0.000143 0.000667 92.254666
5.555198 1528492637.477342 0.000133 0.000143 0.000680 92.100330
5.567665 1528492637.489809 0.000133 0.000142 0.000675 91.120712
5.580413 1528492637.502557 0.000133 0.000141 0.000681 90.269816
5.592994 1528492637.515138 0.000133 0.000140 0.000677 89.563580
5.605569 1528492637.527713 0.000132 0.000140 0.000686 89.329770
5.617762 1528492637.539906 0.000133 0.000139 0.000691 89.085255
5.630196 1528492637.552340 0.000131 0.000139 0.000698 88.404479
5.642876 1528492637.565020 0.000131 0.000138 0.000702 88.248854
5.655535 1528492637.577679 0.000130 0.000138 0.000707 88.301448
5.667677 1528492637.589821 0.000129 0.000136 0.000701 87.511680
5.680379 1528492637.602523 0.000129 0.000135 0.000712 87.506759
5.692510 1528492637.614654 0.000129 0.000134 0.000709 87.538526
5.705155 1528492637.627299 0.000129 0.000134 0.000711 87.591645
5.717629 1528492637.639773 0.000128 0.000134 0.000708 87.412052
5.729857 1528492637.652001 0.000129 0.000133 0.000707 87.441102
5.742371 1528492637.664515 0.000128 0.000132 0.000714 87.545677
5.754869 1528492637.677013 0.000127 0.000132 0.000713 87.377167
5.767303 1528492637.689446 0.000126 0.000133 0.000716 86.945549
5.780156 1528492637.702300 0.000126 0.000131 0.000723 86.870456
5.792443 1528492637.714586 0.000126 0.000131 0.000728 86.852044
5.804992 1528492637.727136 0.000126 0.000131 0.000732 86.631166
5.817365 1528492637.739509 0.000123 0.000131 0.000742 85.949983
5.830017 1528492637.752161 0.000124 0.000131 0.000740 86.139993
5.842471 1528492637.764615 0.000123 0.000130 0.000738 85.519424
5.855162 1528492637.777306 0.000122 0.000129 0.000746 85.209362
5.869075 1528492637.791219 0.000122 0.000129 0.000750 85.008020
5.881369 1528492637.803513 0.000123 0.000128 0.000747 85.340191
5.894243 1528492637.816387 0.000123 0.000129 0.000745 85.359822
5.905864 1528492637.828008 0.000123 0.000129 0.000747 85.454841
5.917369 1528492637.839513 0.000123 0.000128 0.000745 85.428994
5.929942 1528492637.852086 0.000122 0.000129 0.000747 85.213290
5.942150 1528492637.864294 0.000123 0.000129 0.000750 85.497190
5.954830 1528492637.876974 0.000123 0.000129 0.000751 85.634926
5.967319 1528492637.889463 0.000122 0.000129 0.000749 85.371270
5.979764 1528492637.901908 0.000123 0.000129 0.000748 85.363979
5.992472 1528492637.914616 0.000123 0.000129 0.000750 85.410057
6.004656 1528492637.926800 0.000122 0.000129 0.000754 85.189283
6.017252 1528492637.939396 0.000123 0.000129 0.000748 85.161887
6.029838 1528492637.951982 0.000122 0.000129 0.000750 84.913822
6.043277 1528492637.965421 0.000122 0.000129 0.000756 84.870045
6.056013 1528492637.978157 0.000122 0.000129 0.000757 84.745786
6.067580 1528492637.989724 0.000122 0.000129 0.000754 84.972976
6.079951 1528492638.002095 0.000122 0.000130 0.000759 84.842431
6.093449 1528492638.015593 0.000122 0.000131 0.000762 84.400648
6.105200 1528492638.027344 0.000122 0.000131 0.000757 84.641228
6.118111 1528492638.040255 0.000121 0.000131 0.000757 84.261752
6.130071 1528492638.052215 0.000122 0.000132 0.000758 84.099796
6.143175 1528492638.065319 0.000122 0.000131 0.000768 83.969292
6.155327 1528492638.077471 0.000121 0.000132 0.000762 83.483123
6.167523 1528492638.089667 0.000122 0.000132 0.000760 83.120620
6.180014 1528492638.102158 0.000122 0.000132 0.000749 82.884802
6.192430 1528492638.114573 0.000123 0.000135 0.000748 83.131072
6.205355 1528492638.127499 0.000126 0.000136 0.000745 83.189149
6.217790 1528492638.139934 0.000128 0.000138 0.000744 83.167298
6.230467 1528492638.152611 0.000130 0.000135 0.000740 82.746407
6.242731 1528492638.164875 0.000131 0.000138 0.000733 82.907100
6.255439 1528492638.177583 0.000132 0.000140 0.000731 82.464490
6.267585 1528492638.189729 0.000132 0.000145 0.000724 82.151049
6.280013 1528492638.202157 0.000131 0.000150 0.000725 81.805685
6.292736 1528492638.214880 0.000131 0.000153 0.000723 81.657299
6.305517 1528492638.227661 0.000130 0.000156 0.000714 81.248087
6.317756 1528492638.239900 0.000127 0.000159 0.000717 80.876176
6.331257 1528492638.253401 0.000129 0.000159 0.000702 80.569954
6.343743 1528492638.265887 0.000122 0.000226 0.000705 80.137865
6.355902 1528492638.278046 0.000120 0.000236 0.000699 79.516555
6.368813 1528492638.290956 0.000117 0.000244 0.000701 78.966190
6.380629 1528492638.302773 0.000117 0.000235 0.000706 78.698867
6.392527 1528492638.314671 0.000115 0.000244 0.000712 78.292951
6.404861 1528492638.327005 0.000116 0.000229 0.000701 78.149791
6.417646 1528492638.339790 0.000116 0.000245 0.000697 77.630883
6.430142 1528492638.352286 0.000115 0.000253 0.000706 77.147240
6.442888 1528492638.365032 0.000115 0.000249 0.000700 76.519494
6.455098 1528492638.377242 0.000113 0.000259 0.000722 75.971718
6.468346 1528492638.390490 0.000114 0.000264 0.000719 75.567003
6.481094 1528492638.403238 0.000116 0.000254 0.000721 75.603505
6.493307 1528492638.415451 0.000118 0.000175 0.000715 75.595002
6.506160 1528492638.428304 0.000118 0.000171 0.000717 75.437347
6.518008 1528492638.440152 0.000118 0.000168 0.000719 75.206599
6.530031 1528492638.452175 0.000118 0.000166 0.000720 74.957084
6.543607 1528492638.465751 0.000118 0.000164 0.000722 74.862705
6.555912 1528492638.478055 0.000117 0.000165 0.000719 74.646297
6.567482 1528492638.489626 0.000117 0.000165 0.000717 74.495343
6.580316 1528492638.502460 0.000118 0.000165 0.000717 74.509751
6.592594 1528492638.514738 0.000117 0.000163 0.000720 74.356660
6.605204 1528492638.527348 0.000118 0.000164 0.000717 74.668492
6.617692 1528492638.539836 0.000119 0.000163 0.000718 74.601198
6.631320 1528492638.553464 0.000117 0.000159 0.000726 74.418736
6.644257 1528492638.566401 0.000118 0.000159 0.000724 74.430430
6.656431 1528492638.578575 0.000118 0.000162 0.000714 74.488247
6.668668 1528492638.590812 0.000118 0.000159 0.000714 74.452358
6.681321 1528492638.603465 0.000117 0.000158 0.000722 74.311967
6.693817 1528492638.615961 0.000118 0.000160 0.000718 74.344669
6.705870 1528492638.628014 0.000118 0.000158 0.000720 74.112028
6.718181 1528492638.640325 0.000118 0.000157 0.000720 73.986326
6.729975 1528492638.652119 0.000118 0.000158 0.000721 73.903802
6.742551 1528492638.664695 0.000119 0.000156 0.000720 73.772895
6.754570 1528492638.676713 0.000120 0.000160 0.000713 73.965202
6.767530 1528492638.689674 0.000120 0.000161 0.000714 73.945334
6.780989 1528492638.703133 0.000121 0.000158 0.000717 74.005089
6.793574 1528492638.715718 0.000121 0.000158 0.000717 74.211323
6.806690 1528492638.728834 0.000122 0.000159 0.000718 74.348929
6.818142 1528492638.740286 0.000122 0.000162 0.000720 74.486030
6.830015 1528492638.752159 0.000124 0.000164 0.000714 74.877108
6.842694 1528492638.764838 0.000124 0.000163 0.000712 75.018517
6.855165 1528492638.777309 0.000123 0.000163 0.000716 74.899296
6.868536 1528492638.790679 0.000125 0.000165 0.000707 75.087577
6.880880 1528492638.803024 0.000125 0.000165 0.000708 75.266362
6.894120 1528492638.816264 0.000125 0.000165 0.000704 75.182571
6.906253 1528492638.828397 0.000125 0.000164 0.000710 75.277392
6.917958 1528492638.840102 0.000126 0.000165 0.000707 75.406493
6.930136 1528492638.852280 0.000126 0.000167 0.000707 75.797010
6.942742 1528492638.864886 0.000126 0.000168 0.000707 75.659204
6.954871 1528492638.877015 0.000125 0.000167 0.000707 75.553973
6.967577 1528492638.889721 0.000125 0.000166 0.000706 75.579357
6.980071 1528492638.902215 0.000126 0.000166 0.000708 75.573672
6.992772 1528492638.914916 0.000126 0.000166 0.000711 75.600339
7.006191 1528492638.928335 0.000126 0.000165 0.000706 75.518905
7.018364 1528492638.940508 0.000125 0.000166 0.000710 75.560589
7.030763 1528492638.952907 0.000125 0.000164 0.000706 75.538153
7.043591 1528492638.965734 0.000125 0.000165 0.000707 75.558138
7.056236 1528492638.978380 0.000124 0.000164 0.000712 75.419290
7.068069 1528492638.990213 0.000125 0.000161 0.000708 75.403550
7.081134 1528492639.003278 0.000124 0.000161 0.000706 75.354169
7.093651 1528492639.015795 0.000125 0.000161 0.000703 75.314394
7.106494 1528492639.028638 0.000124 0.000160 0.000709 75.164757
7.118184 1528492639.040328 0.000124 0.000160 0.000709 75.158521
7.130868 1528492639.053012 0.000123 0.000159 0.000709 75.124107
7.143145 1528492639.065289 0.000124 0.000159 0.000712 75.238304
7.156413 1528492639.078557 0.000124 0.000159 0.000705 75.211179
7.168024 1528492639.090168 0.000123 0.000156 0.000716 74.994050
7.180712 1528492639.102856 0.000124 0.000158 0.000704 75.075927
7.193250 1528492639.115394 0.000123 0.000155 0.000714 74.822783
7.205613 1528492639.127757 0.000123 0.000155 0.000714 74.877261
7.217831 1528492639.139975 0.000122 0.000158 0.000710 75.001425
7.231078 1528492639.153222 0.000120 0.000159 0.000712 75.018630
7.243165 1528492639.165309 0.000119 0.000162 0.000710 75.045761
7.256195 1528492639.178339 0.000121 0.000164 0.000707 75.147150
7.268115 1528492639.190259 0.000121 0.000161 0.000711 74.980865
7.280727 1528492639.202871 0.000122 0.000156 0.000715 74.942669
7.293448 1528492639.215592 0.000124 0.000153 0.000708 74.835263
7.305648 1528492639.227792 0.000124 0.000147 0.000718 74.421271
7.318099 1528492639.240243 0.000124 0.000146 0.000720 74.350982
7.330604 1528492639.252748 0.000122 0.000142 0.000728 73.997560
7.343099 1528492639.265243 0.000122 0.000142 0.000726 73.889501
7.356215 1528492639.278359 0.000122 0.000141 0.000727 73.968146
7.368233 1528492639.290377 0.000121 0.000137 0.000736 73.677608
7.380459 1528492639.302603 0.000120 0.000139 0.000730 73.729998
7.392852 1528492639.314996 0.000120 0.000136 0.000739 73.602244
7.405388 1528492639.327532 0.000120 0.000137 0.000736 73.628276
7.418184 1528492639.340328 0.000121 0.000137 0.000727 73.608993
7.430387 1528492639.352531 0.000121 0.000137 0.000732 73.547107
7.443341 1528492639.365484 0.000121 0.000136 0.000730 73.526229
7.455349 1528492639.377493 0.000121 0.000137 0.000734 73.458253
7.468621 1528492639.390765 0.000121 0.000138 0.000736 73.560391
7.481440 1528492639.403584 0.000121 0.000137 0.000739 73.400080
7.493586 1528492639.415730 0.000120 0.000136 0.000740 73.311636
7.506337 1528492639.428481 0.000121 0.000137 0.000740 73.258757
7.518244 1528492639.440388 0.000121 0.000137 0.000741 73.112275
7.530135 1528492639.452279 0.000121 0.000137 0.000741 73.259141
7.543419 1528492639.465563 0.000121 0.000139 0.000735 73.333432
7.555822 1528492639.477966 0.000121 0.000138 0.000739 73.000739
7.568727 1528492639.490871 0.000121 0.000140 0.000737 72.962561
7.581257 1528492639.503401 0.000122 0.000139 0.000735 73.051211
7.593222 1528492639.515366 0.000122 0.000139 0.000737 72.996346
7.605133 1528492639.527277 0.000122 0.000139 0.000739 72.816325
7.617473 1528492639.539617 0.000122 0.000139 0.000744 72.881305
7.629953 1528492639.552097 0.000121 0.000138 0.000750 72.669162
7.642597 1528492639.564741 0.000121 0.000138 0.000750 72.576669
7.655436 1528492639.577580 0.000121 0.000139 0.000751 72.410471
7.667686 1528492639.589830 0.000121 0.000139 0.000745 72.601676
7.680043 1528492639.602186 0.000122 0.000139 0.000749 72.318254
7.692748 1528492639.614892 0.000121 0.000137 0.000748 72.271481
7.705199 1528492639.627343 0.000121 0.000138 0.000748 72.245383
7.717767 1528492639.639911 0.000122 0.000139 0.000739 72.502287
7.730652 1528492639.652796 0.000122 0.000141 0.000740 72.292965
7.743483 1528492639.665627 0.000121 0.000138 0.000748 72.231248
7.755820 1528492639.677964 0.000121 0.000139 0.000745 72.227059
7.768193 1528492639.690337 0.000121 0.000139 0.000746 72.338067
7.780291 1528492639.702435 0.000121 0.000140 0.000742 72.224545
7.792818 1528492639.714962 0.000121 0.000139 0.000743 72.275359
7.805543 1528492639.727687 0.000121 0.000141 0.000741 72.284610
7.818069 1528492639.740213 0.000121 0.000138 0.000748 72.337027
7.830513 1528492639.752656 0.000120 0.000138 0.000750 72.230976
7.843186 1528492639.765330 0.000121 0.000138 0.000747 72.270923
7.855568 1528492639.777712 0.000121 0.000139 0.000744 72.300352
7.867829 1528492639.789973 0.000121 0.000138 0.000748 72.353836
7.880245 1528492639.802389 0.000120 0.000138 0.000747 72.111430
7.892928 1528492639.815072 0.000120 0.000137 0.000748 72.208271
7.905354 1528492639.827498 0.000121 0.000138 0.000745 72.221881
7.918627 1528492639.840771 0.000121 0.000136 0.000755 72.150917
7.931604 1528492639.853748 0.000121 0.000138 0.000743 71.962650
7.943837 1528492639.865981 0.000121 0.000136 0.000747 71.973962
7.956266 1528492639.878410 0.000121 0.000138 0.000747 72.031244
7.968190 1528492639.890334 0.000121 0.000138 0.000747 72.026048
7.980452 1528492639.902596 0.000121 0.000137 0.000748 71.975278
7.992861 1528492639.915004 0.000120 0.000136 0.000753 72.012797
8.005307 1528492639.927451 0.000121 0.000138 0.000750 72.104759
8.017664 1528492639.939808 0.000121 0.000137 0.000752 72.202626
8.030336 1528492639.952480 0.000121 0.000138 0.000747 72.176615
8.042901 1528492639.965045 0.000121 0.000139 0.000746 72.237596
8.055328 1528492639.977472 0.000121 0.000139 0.000743 72.145345
8.068608 1528492639.990752 0.000121 0.000137 0.000745 72.398622
8.081467 1528492640.003611 0.000122 0.000139 0.000738 72.497688
8.093723 1528492640.015867 0.000122 0.000139 0.000739 72.309060
8.106245 1528492640.028389 0.000122 0.000140 0.000735 72.504186
8.118140 1528492640.040284 0.000123 0.000140 0.000735 72.530677
8.130365 1528492640.052509 0.000123 0.000141 0.000733 72.653801
8.142718 1528492640.064862 0.000123 0.000140 0.000736 72.532074
8.154945 1528492640.077089 0.000123 0.000139 0.000734 72.588881
8.167609 1528492640.089753 0.000124 0.000142 0.000733 72.576933
8.179896 1528492640.102040 0.000124 0.000138 0.000737 72.771497
8.192716 1528492640.114860 0.000125 0.000136 0.000744 72.767208
8.205189 1528492640.127332 0.000127 0.000135 0.000752 72.826914
8.217374 1528492640.139518 0.000126 0.000136 0.000757 73.031749
8.230062 1528492640.152206 0.000127 0.000140 0.000747 73.361896
8.243798 1528492640.165942 0.000126 0.000140 0.000748 73.207450
8.255878 1528492640.178022 0.000127 0.000141 0.000743 73.440305
8.268474 1528492640.190618 0.000127 0.000141 0.000746 73.123166
8.280384 1528492640.202528 0.000127 0.000141 0.000749 73.082934
8.292924 1528492640.215068 0.000126 0.000141 0.000748 72.805145
8.305420 1528492640.227564 0.000127 0.000140 0.000746 72.625048
8.317765 1528492640.239909 0.000126 0.000140 0.000749 72.520725
8.330082 1528492640.252226 0.000126 0.000141 0.000739 72.694698
8.343642 1528492640.265786 0.000125 0.000139 0.000748 72.399053
8.355706 1528492640.277850 0.000126 0.000141 0.000744 72.433149
8.368280 1528492640.290424 0.000125 0.000141 0.000744 72.555602
8.380600 1528492640.302744 0.000125 0.000140 0.000747 72.398373
8.393340 1528492640.315484 0.000126 0.000140 0.000744 72.388236
8.405482 1528492640.327626 0.000125 0.000140 0.000744 72.366991
8.418461 1528492640.340605 0.000125 0.000139 0.000749 72.263919
8.430596 1528492640.352740 0.000125 0.000140 0.000745 72.232385
8.443304 1528492640.365448 0.000125 0.000139 0.000746 72.162585
8.455676 1528492640.377820 0.000126 0.000141 0.000740 72.273918
8.468274 1528492640.390418 0.000125 0.000139 0.000746 72.261285
8.480970 1528492640.403114 0.000124 0.000140 0.000749 71.975964
8.493266 1528492640.415410 0.000124 0.000140 0.000750 71.934315
8.505731 1528492640.427875 0.000124 0.000142 0.000746 72.024937
8.518040 1528492640.440184 0.000124 0.000140 0.000750 72.086974
8.530434 1528492640.452578 0.000124 0.000141 0.000746 72.173536
8.543231 1528492640.465375 0.000124 0.000141 0.000743 72.122947
8.555650 1528492640.477794 0.000123 0.000141 0.000752 71.939627
8.567982 1528492640.490126 0.000123 0.000139 0.000749 72.033335
8.580781 1528492640.502924 0.000123 0.000140 0.000746 71.961394
8.593270 1528492640.515414 0.000123 0.000140 0.000747 71.894522
8.605825 1528492640.527969 0.000124 0.000141 0.000745 72.055785
8.618356 1528492640.540500 0.000123 0.000141 0.000748 71.888253
8.630318 1528492640.552462 0.000123 0.000140 0.000748 71.822303
8.643672 1528492640.565816 0.000123 0.000139 0.000749 71.769109
8.655658 1528492640.577802 0.000123 0.000140 0.000745 71.719604
8.668403 1528492640.590547 0.000124 0.000141 0.000739 71.864104
8.680799 1528492640.602943 0.000123 0.000140 0.000743 71.615676
8.693306 1528492640.615450 0.000124 0.000142 0.000739 71.823951
8.706059 1528492640.628203 0.000124 0.000143 0.000741 71.594216
8.718195 1528492640.640339 0.000124 0.000142 0.000743 71.479357
8.730618 1528492640.652762 0.000122 0.000144 0.000755 71.426042
8.744104 1528492640.666248 0.000121 0.000148 0.000757 71.381770
8.756400 1528492640.678544 0.000120 0.000153 0.000750 71.219476
8.768853 1528492640.690997 0.000118 0.000160 0.000747 70.785415
8.781007 1528492640.703151 0.000118 0.000166 0.000742 70.117805
8.793352 1528492640.715496 0.000117 0.000169 0.000740 69.687301
8.805864 1528492640.728008 0.000115 0.000172 0.000740 69.476435
8.818368 1528492640.740512 0.000116 0.000175 0.000737 69.395060
8.831025 1528492640.753169 0.000116 0.000176 0.000742 69.405503
8.843472 1528492640.765616 0.000116 0.000175 0.000742 69.297432
8.856427 1528492640.778571 0.000116 0.000176 0.000742 69.357329
8.868278 1528492640.790422 0.000117 0.000175 0.000741 69.353959
8.880922 1528492640.803066 0.000115 0.000173 0.000744 69.098882
8.893570 1528492640.815714 0.000116 0.000172 0.000745 69.109875
8.905736 1528492640.827880 0.000116 0.000170 0.000750 68.934278
8.918397 1528492640.840541 0.000116 0.000170 0.000754 68.777630
8.930669 1528492640.852813 0.000117 0.000171 0.000748 68.760984
8.943751 1528492640.865895 0.000115 0.000170 0.000758 68.463341
8.955961 1528492640.878105 0.000117 0.000171 0.000748 68.583797
8.968597 1528492640.890741 0.000115 0.000170 0.000757 68.361556
8.981028 1528492640.903172 0.000117 0.000173 0.000752 68.435198
8.993619 1528492640.915763 0.000117 0.000172 0.000757 68.362535
9.005830 1528492640.927974 0.000115 0.000171 0.000759 68.153642
9.018234 1528492640.940377 0.000115 0.000171 0.000759 68.072878
9.030744 1528492640.952888 0.000117 0.000173 0.000758 68.119222
9.043564 1528492640.965708 0.000116 0.000171 0.000760 67.899110
9.055883 1528492640.978027 0.000117 0.000173 0.000751 67.954472
9.068328 1528492640.990472 0.000116 0.000173 0.000752 67.854462
9.080483 1528492641.002627 0.000115 0.000171 0.000763 67.710582
9.093087 1528492641.015231 0.000115 0.000173 0.000765 67.633401
9.105777 1528492641.027921 0.000115 0.000172 0.000762 67.524721
9.118883 1528492641.041027 0.000115 0.000173 0.000761 67.520486
9.131125 1528492641.053269 0.000115 0.000174 0.000760 67.449891
9.143481 1528492641.065625 0.000116 0.000176 0.000755 67.481451
9.155699 1528492641.077842 0.000116 0.000177 0.000753 67.293730
9.168364 1528492641.090508 0.000116 0.000178 0.000755 66.896986
9.180918 1528492641.103062 0.000116 0.000177 0.000765 66.402307
9.193379 1528492641.115523 0.000116 0.000179 0.000769 66.252564
9.205801 1528492641.127944 0.000118 0.000181 0.000762 66.147746
9.218236 1528492641.140380 0.000118 0.000186 0.000751 66.104880
9.230685 1528492641.152828 0.000117 0.000188 0.000760 66.099593
9.243213 1528492641.165357 0.000118 0.000190 0.000748 65.841861
9.255618 1528492641.177762 0.000117 0.000191 0.000749 65.682570
9.268179 1528492641.190323 0.000117 0.000192 0.000751 65.509490
9.280757 1528492641.202901 0.000116 0.000193 0.000755 65.502450
9.293286 1528492641.215430 0.000116 0.000194 0.000751 65.501440
9.305827 1528492641.227971 0.000115 0.000194 0.000752 65.622832
9.318860 1528492641.241004 0.000115 0.000195 0.000753 65.648067
9.331244 1528492641.253388 0.000114 0.000195 0.000754 65.635797
9.343909 1528492641.266053 0.000115 0.000195 0.000753 65.612473
9.356587 1528492641.278731 0.000114 0.000195 0.000750 65.590297
9.369039 1528492641.291183 0.000114 0.000195 0.000754 65.509268
9.381835 1528492641.303979 0.000114 0.000195 0.000751 65.474428
9.393260 1528492641.315404 0.000114 0.000195 0.000755 65.442321
9.405461 1528492641.327605 0.000113 0.000194 0.000756 65.460360
9.417740 1528492641.339884 0.000114 0.000194 0.000758 65.378712
9.430056 1528492641.352200 0.000114 0.000193 0.000759 65.302787
9.442739 1528492641.364883 0.000113 0.000193 0.000762 65.291745
9.455493 1528492641.377637 0.000113 0.000192 0.000759 65.341266
9.467603 1528492641.389747 0.000114 0.000192 0.000750 65.466466
9.480186 1528492641.402329 0.000111 0.000192 0.000750 65.606316
9.492706 1528492641.414850 0.000110 0.000193 0.000742 65.622189
9.505333 1528492641.427477 0.000111 0.000193 0.000751 65.402029
9.517638 1528492641.439782 0.000111 0.000192 0.000748 65.250317
9.530275 1528492641.452419 0.000111 0.000190 0.000750 65.312402
9.542796 1528492641.464940 0.000112 0.000189 0.000751 65.403005
9.555358 1528492641.477502 0.000112 0.000190 0.000748 65.345741
9.567676 1528492641.489820 0.000112 0.000190 0.000750 65.304993
9.580432 1528492641.502576 0.000112 0.000190 0.000752 65.226953
9.592657 1528492641.514801 0.000112 0.000188 0.000755 65.160656
9.605353 1528492641.527497 0.000112 0.000190 0.000752 65.151278
9.617779 1528492641.539923 0.000112 0.000189 0.000748 65.139078
9.630233 1528492641.552377 0.000112 0.000189 0.000750 65.234878
9.642742 1528492641.564886 0.000114 0.000190 0.000745 65.208151
9.655235 1528492641.577379 0.000113 0.000189 0.000750 65.203336
9.668346 1528492641.590490 0.000114 0.000190 0.000744 65.261493
9.680574 1528492641.602718 0.000113 0.000189 0.000748 65.155832
9.692824 1528492641.614968 0.000114 0.000189 0.000746 65.117412
9.705371 1528492641.627515 0.000114 0.000188 0.000748 64.939426
9.718383 1528492641.640527 0.000114 0.000188 0.000750 64.897803
9.730577 1528492641.652721 0.000114 0.000187 0.000745 64.860372
9.743066 1528492641.665210 0.000113 0.000186 0.000748 64.631534
9.755279 1528492641.677423 0.000115 0.000186 0.000744 64.632418
9.767749 1528492641.689893 0.000116 0.000188 0.000735 64.733681
9.780262 1528492641.702406 0.000115 0.000186 0.000745 64.580690
9.792699 1528492641.714843 0.000114 0.000186 0.000746 64.628564
9.805356 1528492641.727500 0.000116 0.000185 0.000742 64.542720
9.817922 1528492641.740066 0.000115 0.000186 0.000750 64.461742
9.830404 1528492641.752548 0.000116 0.000185 0.000749 64.435229
9.843158 1528492641.765302 0.000114 0.000185 0.000750 64.396112
9.855969 1528492641.778113 0.000115 0.000185 0.000750 64.321419
9.868918 1528492641.791062 0.000115 0.000185 0.000750 64.384533
9.880982 1528492641.803126 0.000114 0.000185 0.000751 64.372046
9.893273 1528492641.815417 0.000115 0.000185 0.000750 64.345526
9.906194 1528492641.828338 0.000114 0.000186 0.000752 64.494818
9.918506 1528492641.840650 0.000114 0.000185 0.000752 64.484335
9.931110 1528492641.853254 0.000114 0.000185 0.000754 64.495385
9.943400 1528492641.865544 0.000114 0.000185 0.000756 64.512303
9.956138 1528492641.878282 0.000114 0.000185 0.000751 64.551271
9.968291 1528492641.890435 0.000114 0.000185 0.000750 64.541617
9.981201 1528492641.903345 0.000114 0.000186 0.000744 64.569541
9.993355 1528492641.915499 0.000114 0.000184 0.000752 64.514690
10.005772 1528492641.927916 0.000116 0.000185 0.000744 64.496121
10.018249 1528492641.940393 0.000115 0.000186 0.000747 64.484219
10.030724 1528492641.952868 0.000114 0.000185 0.000755 64.516200
10.043263 1528492641.965407 0.000115 0.000186 0.000749 64.483772
10.056012 1528492641.978156 0.000114 0.000185 0.000752 64.484935
10.069432 1528492641.991576 0.000116 0.000187 0.000747 64.525908
10.081373 1528492642.003517 0.000115 0.000186 0.000749 64.506380
10.093675 1528492642.015819 0.000114 0.000186 0.000753 64.544154
10.106148 1528492642.028292 0.000115 0.000187 0.000748 64.586559
10.118121 1528492642.040265 0.000114 0.000188 0.000753 64.650504
10.130794 1528492642.052938 0.000115 0.000189 0.000746 64.731239
10.143986 1528492642.066130 0.000115 0.000189 0.000747 64.840239
10.156293 1528492642.078437 0.000115 0.000188 0.000742 64.812313
10.168133 1528492642.090277 0.000115 0.000189 0.000741 64.770963
10.180815 1528492642.102958 0.000115 0.000189 0.000744 64.876878
10.193053 1528492642.115197 0.000115 0.000189 0.000744 64.867628
10.205472 1528492642.127616 0.000115 0.000189 0.000742 64.870032
10.217727 1528492642.139871 0.000115 0.000189 0.000742 64.873928
10.230140 1528492642.152284 0.000115 0.000189 0.000744 64.881726
10.243066 1528492642.165210 0.000115 0.000190 0.000745 64.961359
10.255681 1528492642.177825 0.000114 0.000191 0.000742 65.116921
10.269189 1528492642.191333 0.000110 0.000189 0.000752 65.084711
10.281414 1528492642.203558 0.000108 0.000191 0.000763 65.398501
10.294075 1528492642.216219 0.000106 0.000197 0.000764 65.994658
10.306413 1528492642.228557 0.000105 0.000206 0.000766 66.923595
10.318984 1528492642.241128 0.000101 0.000249 0.000810 68.732667
10.331215 1528492642.253359 0.000100 0.000249 0.000803 69.682587
10.343801 1528492642.265945 0.000099 0.000252 0.000843 70.802995
10.356428 1528492642.278572 0.000100 0.000252 0.000830 71.603566
10.369144 1528492642.291288 0.000099 0.000252 0.000862 72.327305
10.381389 1528492642.303533 0.000099 0.000248 0.000865 72.615401
10.393188 1528492642.315332 0.000099 0.000244 0.000871 72.651227
10.405761 1528492642.327904 0.000101 0.000239 0.000854 72.744054
10.418046 1528492642.340190 0.000101 0.000238 0.000849 72.752349
10.432078 1528492642.354222 0.000100 0.000241 0.000870 72.795973
10.444157 1528492642.366301 0.000101 0.000241 0.000866 72.797102
10.456954 1528492642.379097 0.000100 0.000241 0.000866 72.804026
10.469093 1528492642.391237 0.000099 0.000241 0.000872 72.812973
10.481860 1528492642.404004 0.000100 0.000240 0.000856 72.739717
10.493450 1528492642.415594 0.000100 0.000239 0.000861 72.776119
10.505751 1528492642.427895 0.000101 0.000237 0.000844 72.697525
10.518080 1528492642.440224 0.000099 0.000240 0.000868 72.873494
10.530495 1528492642.452639 0.000099 0.000238 0.000869 72.844331
10.542849 1528492642.464993 0.000101 0.000235 0.000854 72.978551
10.555560 1528492642.477704 0.000098 0.000237 0.000870 72.886555
10.568086 1528492642.490230 0.000099 0.000236 0.000870 72.859260
10.580497 1528492642.502640 0.000101 0.000232 0.000852 72.519511
10.593162 1528492642.515306 0.000104 0.000229 0.000877 72.015954
10.606547 1528492642.528691 0.000106 0.000225 0.000858 71.787173
10.619491 1528492642.541635 0.000107 0.000222 0.000855 71.458440
10.631524 1528492642.553668 0.000109 0.000219 0.000860 70.951560
10.643254 1528492642.565398 0.000110 0.000215 0.000852 70.298448
10.655757 1528492642.577901 0.000111 0.000210 0.000844 69.298270
10.668138 1528492642.590282 0.000111 0.000208 0.000847 68.474940
10.680871 1528492642.603015 0.000110 0.000206 0.000856 67.922685
10.693295 1528492642.615439 0.000110 0.000204 0.000858 67.403583
10.705952 1528492642.628096 0.000108 0.000201 0.000857 66.823400
10.718389 1528492642.640532 0.000108 0.000199 0.000850 66.547658
10.730910 1528492642.653054 0.000107 0.000198 0.000852 66.458811
10.743957 1528492642.666101 0.000107 0.000198 0.000850 66.350010
10.756555 1528492642.678699 0.000107 0.000196 0.000861 66.384617
10.769136 1528492642.691280 0.000108 0.000195 0.000845 66.150835
10.782068 1528492642.704212 0.000109 0.000195 0.000839 66.101081
10.793406 1528492642.715549 0.000107 0.000195 0.000853 66.107427
10.806101 1528492642.728245 0.000106 0.000195 0.000864 66.195327
10.818198 1528492642.740342 0.000106 0.000195 0.000860 66.168867
10.830673 1528492642.752816 0.000108 0.000195 0.000852 66.162602
10.843426 1528492642.765570 0.000106 0.000194 0.000863 66.077714
10.855910 1528492642.778054 0.000107 0.000194 0.000858 66.072713
10.868194 1528492642.790338 0.000106 0.000194 0.000858 65.909140
10.880677 1528492642.802821 0.000108 0.000193 0.000851 65.913060
10.893503 1528492642.815647 0.000106 0.000193 0.000858 65.849372
10.905922 1528492642.828066 0.000107 0.000193 0.000862 65.890293
10.918343 1528492642.840487 0.000107 0.000193 0.000855 65.714173
10.931001 1528492642.853145 0.000107 0.000192 0.000866 65.811471
10.943348 1528492642.865492 0.000105 0.000192 0.000862 65.563618
10.955966 1528492642.878110 0.000107 0.000192 0.000859 65.587312
10.968800 1528492642.890944 0.000107 0.000191 0.000864 65.253799
10.981378 1528492642.903522 0.000107 0.000190 0.000855 65.248509
10.993648 1528492642.915792 0.000106 0.000188 0.000848 65.220843
11.006319 1528492642.928463 0.000108 0.000185 0.000854 64.849694
11.018450 1528492642.940593 0.000110 0.000187 0.000861 64.585929
11.031996 1528492642.954140 0.000110 0.000186 0.000852 64.264177
11.044440 1528492642.966584 0.000110 0.000187 0.000850 64.114042
11.057065 1528492642.979209 0.000111 0.000188 0.000871 64.476890
11.069624 1528492642.991768 0.000110 0.000187 0.000863 64.131019
11.081717 1528492643.003861 0.000110 0.000187 0.000859 64.068460
11.093745 1528492643.015889 0.000111 0.000188 0.000864 64.139934
11.105826 1528492643.027970 0.000111 0.000188 0.000851 63.781391
11.119100 1528492643.041244 0.000111 0.000188 0.000853 63.682675
11.131801 1528492643.053945 0.000110 0.000187 0.000855 63.628109
11.144060 1528492643.066204 0.000111 0.000186 0.000860 63.752158
11.155764 1528492643.077908 0.000111 0.000187 0.000855 63.597266
11.168221 1528492643.090364 0.000111 0.000187 0.000847 63.391035
11.181450 1528492643.103594 0.000111 0.000188 0.000864 63.710533
11.194085 1528492643.116229 0.000112 0.000187 0.000846 63.406504
11.206166 1528492643.128310 0.000110 0.000185 0.000848 63.163966
11.218571 1528492643.140715 0.000110 0.000185 0.000856 63.274786
11.231034 1528492643.153178 0.000111 0.000186 0.000841 63.019259
11.243406 1528492643.165550 0.000110 0.000185 0.000863 63.331840
11.255741 1528492643.177885 0.000112 0.000186 0.000843 63.132018
11.269266 1528492643.191410 0.000110 0.000184 0.000850 62.855584
11.281568 1528492643.203712 0.000111 0.000186 0.000849 63.017596
11.294334 1528492643.216478 0.000112 0.000186 0.000842 63.043112
11.306805 1528492643.228949 0.000108 0.000183 0.000857 63.115219
11.319296 1528492643.241440 0.000105 0.000183 0.000851 63.145382
11.331888 1528492643.254032 0.000098 0.000182 0.000861 63.696281
11.343299 1528492643.265443 0.000095 0.000187 0.000868 65.355959
11.355687 1528492643.277831 0.000091 0.000192 0.000891 67.427422
11.368158 1528492643.290302 0.000088 0.000198 0.000936 70.295403
11.381088 1528492643.303232 0.000085 0.000198 0.000967 73.255318
11.393443 1528492643.315587 0.000084 0.000196 0.000974 77.262583
11.406072 1528492643.328216 0.000083 0.000198 0.001063 80.903408
11.418342 1528492643.340486 0.000081 0.000198 0.001147 84.563917
11.431215 1528492643.353359 0.000082 0.000197 0.001161 87.839411
11.443586 1528492643.365730 0.000083 0.000192 0.001148 91.410951
11.456092 1528492643.378236 0.000088 0.000179 0.001094 95.190149
11.468565 1528492643.390709 0.000089 0.000161 0.001004 100.163603
11.481122 1528492643.403266 0.000092 0.000145 0.000999 103.962146
11.493412 1528492643.415556 0.000096 0.000137 0.000980 107.188765
11.505775 1528492643.427919 0.000095 0.000130 0.000938 109.390015
11.518559 1528492643.440703 0.000094 0.000129 0.000866 111.473387
11.531985 1528492643.454129 0.000095 0.000127 0.000822 113.454593
11.543940 1528492643.466084 0.000096 0.000126 0.000757 115.751468
11.556507 1528492643.478651 0.000098 0.000128 0.000686 118.384678
11.568951 1528492643.491095 0.000098 0.000128 0.000589 120.432780
11.581470 1528492643.503614 0.000100 0.000123 0.000501 122.013523
11.594047 1528492643.516191 0.000097 0.000127 0.000504 126.232917
11.607124 1528492643.529268 0.000092 0.000130 0.000549 128.526477
11.619441 1528492643.541585 0.000089 0.000131 0.000557 129.226586
11.631337 1528492643.553481 0.000076 0.000128 0.000532 127.488705
11.643685 1528492643.565829 0.000059 0.000125 0.000525 123.265184
11.656444 1528492643.578588 0.000028 0.000099 0.000510 118.122311
11.682210 1528492643.604354 0.000048 0.000179 0.000242 90.124256
11.693483 1528492643.615627 0.000080 0.000190 0.000220 95.181813
11.706750 1528492643.628894 0.000075 0.000141 0.000228 95.698822
11.718436 1528492643.640580 0.000056 0.000065 0.000218 88.471665
11.731095 1528492643.653239 0.000006 0.000019 0.000109 72.904669
