-3.395788 1527860829.422191 0.000011 0.000040 0.001241 87.604413
-3.383496 1527860829.434482 0.000049 0.000079 0.000767 61.965420
-3.370805 1527860829.447173 0.000080 0.000116 0.000570 37.141436
-3.358017 1527860829.459962 0.000122 0.000175 0.000510 41.008405
-3.345401 1527860829.472578 0.000148 0.000201 0.000346 22.322022
-3.333048 1527860829.484930 0.000147 0.000262 0.000270 73.679416
-3.320542 1527860829.497437 0.000177 0.000238 0.000756 38.585335
-3.307950 1527860829.510028 0.000130 0.000217 0.001144 33.807060
-3.295727 1527860829.522252 0.000088 0.000166 0.000925 35.872666
-3.283442 1527860829.534537 0.000075 0.000111 0.000429 46.728446
-3.270714 1527860829.547265 0.000159 0.000163 0.000441 60.779172
-3.257816 1527860829.560163 0.000148 0.000191 0.000396 53.022152
-3.245781 1527860829.572198 0.000139 0.000165 0.000373 38.810236
-3.233287 1527860829.584692 0.000133 0.000140 0.000431 32.371594
-3.220555 1527860829.597423 0.000115 0.000129 0.000484 31.112109
-3.208034 1527860829.609945 0.000110 0.000124 0.000556 32.072179
-3.195456 1527860829.622522 0.000107 0.000123 0.000629 33.738241
-3.183315 1527860829.634664 0.000118 0.000129 0.000707 35.221996
-3.170994 1527860829.646985 0.000115 0.000133 0.000757 37.787997
-3.158129 1527860829.659849 0.000113 0.000135 0.000778 40.366449
-3.145749 1527860829.672230 0.000108 0.000142 0.000776 42.600386
-3.133127 1527860829.684852 0.000109 0.000147 0.000766 44.304022
-3.119475 1527860829.698503 0.000110 0.000158 0.000745 44.984577
-3.107210 1527860829.710769 0.000111 0.000166 0.000728 45.961323
-3.094829 1527860829.723150 0.000109 0.000160 0.000711 47.054386
-3.082971 1527860829.735007 0.000109 0.000159 0.000700 47.852503
-3.070797 1527860829.747181 0.000108 0.000157 0.000703 48.430196
-3.058026 1527860829.759953 0.000109 0.000157 0.000695 48.766481
-3.045355 1527860829.772624 0.000111 0.000158 0.000698 49.447010
-3.033100 1527860829.784879 0.000113 0.000155 0.000701 50.151317
-3.019292 1527860829.798687 0.000114 0.000157 0.000704 50.720116
-3.006875 1527860829.811104 0.000115 0.000158 0.000704 51.168708
-2.994305 1527860829.823673 0.000116 0.000155 0.000713 51.271682
-2.982160 1527860829.835818 0.000117 0.000153 0.000708 51.049302
-2.970110 1527860829.847868 0.000115 0.000152 0.000714 51.274258
-2.958089 1527860829.859890 0.000114 0.000154 0.000730 49.848402
-2.945515 1527860829.872464 0.000113 0.000153 0.000755 48.170247
-2.932392 1527860829.885587 0.000111 0.000153 0.000770 46.486567
-2.920074 1527860829.897904 0.000108 0.000153 0.000789 45.445333
-2.907948 1527860829.910030 0.000107 0.000148 0.000789 45.478000
-2.895249 1527860829.922730 0.000106 0.000153 0.000792 44.906695
-2.882677 1527860829.935302 0.000106 0.000158 0.000780 44.154859
-2.870283 1527860829.947696 0.000105 0.000149 0.000783 44.336208
-2.857744 1527860829.960235 0.000104 0.000147 0.000767 43.828127
-2.845206 1527860829.972773 0.000105 0.000146 0.000767 43.556295
-2.832347 1527860829.985632 0.000104 0.000146 0.000761 43.514411
-2.820394 1527860829.997585 0.000105 0.000148 0.000758 43.425122
-2.806937 1527860830.011042 0.000103 0.000129 0.000746 45.799278
-2.794637 1527860830.023342 0.000103 0.000130 0.000739 45.703428
-2.781744 1527860830.036234 0.000103 0.000127 0.000740 45.628860
-2.770109 1527860830.047870 0.000104 0.000147 0.000752 43.471563
-2.757883 1527860830.060096 0.000103 0.000127 0.000738 45.491109
-2.744352 1527860830.073627 0.000103 0.000127 0.000737 45.301015
-2.732690 1527860830.085289 0.000103 0.000125 0.000730 44.933688
-2.720106 1527860830.097872 0.000103 0.000124 0.000734 44.835061
-2.707452 1527860830.110527 0.000105 0.000146 0.000738 42.210697
-2.695124 1527860830.122855 0.000104 0.000146 0.000736 41.767654
-2.682686 1527860830.135293 0.000103 0.000124 0.000719 43.998145
-2.670037 1527860830.147942 0.000104 0.000123 0.000718 43.942778
-2.657794 1527860830.160185 0.000104 0.000123 0.000711 43.715450
-2.645348 1527860830.172631 0.000104 0.000121 0.000712 43.514422
-2.632565 1527860830.185414 0.000104 0.000122 0.000711 43.156567
-2.620062 1527860830.197917 0.000105 0.000138 0.000737 40.912590
-2.607210 1527860830.210769 0.000105 0.000138 0.000728 40.413206
-2.594959 1527860830.223020 0.000104 0.000123 0.000711 42.181395
-2.582847 1527860830.235132 0.000103 0.000122 0.000733 42.043554
-2.570702 1527860830.247276 0.000105 0.000138 0.000750 38.905903
-2.557644 1527860830.260335 0.000106 0.000138 0.000765 38.362375
-2.545231 1527860830.272747 0.000105 0.000121 0.000752 39.775242
-2.531824 1527860830.286154 0.000106 0.000120 0.000752 39.644262
-2.519581 1527860830.298397 0.000106 0.000134 0.000757 37.088973
-2.506961 1527860830.311017 0.000106 0.000119 0.000749 39.421737
-2.494687 1527860830.323292 0.000107 0.000134 0.000761 37.697902
-2.482149 1527860830.335830 0.000106 0.000121 0.000739 39.577922
-2.470426 1527860830.347552 0.000107 0.000134 0.000760 37.750385
-2.458034 1527860830.359945 0.000107 0.000136 0.000767 37.594312
-2.445358 1527860830.372620 0.000107 0.000119 0.000744 39.638106
-2.432179 1527860830.385800 0.000107 0.000134 0.000759 37.470518
-2.419713 1527860830.398265 0.000107 0.000118 0.000741 39.486985
-2.407138 1527860830.410840 0.000107 0.000118 0.000748 39.449867
-2.395021 1527860830.422958 0.000108 0.000132 0.000759 37.337609
-2.382876 1527860830.435102 0.000108 0.000131 0.000750 37.006348
-2.370153 1527860830.447826 0.000108 0.000130 0.000750 37.013469
-2.357612 1527860830.460366 0.000107 0.000131 0.000752 36.867130
-2.345441 1527860830.472537 0.000107 0.000131 0.000758 36.914616
-2.332634 1527860830.485345 0.000107 0.000116 0.000735 38.720882
-2.320091 1527860830.497888 0.000107 0.000130 0.000756 36.988748
-2.307603 1527860830.510376 0.000107 0.000130 0.000761 37.028851
-2.295270 1527860830.522709 0.000107 0.000131 0.000767 37.013362
-2.282608 1527860830.535371 0.000107 0.000130 0.000770 37.047005
-2.269848 1527860830.548131 0.000107 0.000129 0.000767 37.178893
-2.257841 1527860830.560137 0.000107 0.000130 0.000770 37.065013
-2.245142 1527860830.572836 0.000108 0.000129 0.000770 37.249039
-2.231998 1527860830.585980 0.000108 0.000129 0.000764 37.092354
-2.219297 1527860830.598681 0.000108 0.000129 0.000771 37.278304
-2.206840 1527860830.611138 0.000108 0.000128 0.000769 37.290270
-2.194432 1527860830.623546 0.000108 0.000128 0.000776 37.513429
-2.181988 1527860830.635990 0.000110 0.000126 0.000776 37.512074
-2.170144 1527860830.647835 0.000108 0.000111 0.000770 39.645235
-2.157851 1527860830.660127 0.000111 0.000123 0.000800 38.160889
-2.145156 1527860830.672823 0.000112 0.000123 0.000791 38.286438
-2.132421 1527860830.685558 0.000112 0.000124 0.000798 38.447686
-2.120223 1527860830.697756 0.000112 0.000124 0.000802 38.681502
-2.107614 1527860830.710365 0.000106 0.000115 0.000797 40.217268
-2.095124 1527860830.722854 0.000113 0.000121 0.000807 38.743054
-2.082570 1527860830.735409 0.000113 0.000120 0.000811 38.707721
-2.070330 1527860830.747648 0.000113 0.000120 0.000813 38.781560
-2.057968 1527860830.760010 0.000113 0.000121 0.000807 38.630506
-2.045331 1527860830.772647 0.000113 0.000121 0.000812 38.893632
-2.031710 1527860830.786269 0.000113 0.000120 0.000811 38.990772
-2.020056 1527860830.797923 0.000113 0.000120 0.000815 38.941500
-2.007606 1527860830.810373 0.000113 0.000119 0.000813 38.945847
-1.995385 1527860830.822593 0.000113 0.000119 0.000808 38.768063
-1.982326 1527860830.835652 0.000113 0.000120 0.000812 38.745556
-1.969904 1527860830.848074 0.000113 0.000121 0.000813 38.785158
-1.957518 1527860830.860460 0.000113 0.000120 0.000811 38.819113
-1.944952 1527860830.873026 0.000113 0.000120 0.000807 38.798506
-1.932199 1527860830.885780 0.000113 0.000120 0.000812 38.817810
-1.919177 1527860830.898802 0.000113 0.000120 0.000807 38.856850
-1.907616 1527860830.910362 0.000107 0.000113 0.000801 40.217936
-1.895103 1527860830.922876 0.000113 0.000120 0.000810 38.789694
-1.882486 1527860830.935492 0.000113 0.000120 0.000809 38.788113
-1.870039 1527860830.947940 0.000106 0.000113 0.000802 40.087033
-1.857517 1527860830.960461 0.000107 0.000113 0.000798 40.050060
-1.845192 1527860830.972786 0.000113 0.000120 0.000811 38.704197
-1.832454 1527860830.985524 0.000106 0.000113 0.000805 40.053934
-1.820170 1527860830.997808 0.000113 0.000120 0.000815 38.703513
-1.807340 1527860831.010639 0.000113 0.000120 0.000813 38.680276
-1.795370 1527860831.022609 0.000113 0.000120 0.000816 38.659793
-1.783074 1527860831.034905 0.000113 0.000121 0.000820 38.590172
-1.770469 1527860831.047509 0.000114 0.000120 0.000819 38.586544
-1.757775 1527860831.060204 0.000114 0.000121 0.000819 38.727511
-1.745564 1527860831.072414 0.000114 0.000122 0.000820 38.750335
-1.732666 1527860831.085312 0.000114 0.000122 0.000820 38.856673
-1.720403 1527860831.097575 0.000115 0.000122 0.000819 39.016630
-1.707892 1527860831.110087 0.000115 0.000123 0.000821 38.994536
-1.695473 1527860831.122505 0.000114 0.000123 0.000823 39.161171
-1.682992 1527860831.134987 0.000115 0.000125 0.000819 39.192063
-1.670303 1527860831.147676 0.000115 0.000124 0.000831 39.446269
-1.657777 1527860831.160202 0.000108 0.000115 0.000833 41.282679
-1.645206 1527860831.172773 0.000115 0.000125 0.000842 40.266622
-1.632558 1527860831.185421 0.000116 0.000128 0.000829 40.316918
-1.620179 1527860831.197799 0.000112 0.000119 0.000813 41.668337
-1.607371 1527860831.210607 0.000115 0.000131 0.000818 39.821480
-1.595050 1527860831.222929 0.000115 0.000132 0.000818 39.458790
-1.582616 1527860831.235363 0.000116 0.000132 0.000813 39.123309
-1.570020 1527860831.247958 0.000115 0.000131 0.000810 38.839783
-1.557670 1527860831.260309 0.000116 0.000131 0.000812 38.816353
-1.544955 1527860831.273024 0.000116 0.000131 0.000808 38.836820
-1.532531 1527860831.285447 0.000116 0.000130 0.000806 38.940921
-1.519852 1527860831.298127 0.000116 0.000131 0.000807 38.942499
-1.507148 1527860831.310830 0.000115 0.000117 0.000797 40.377674
-1.494889 1527860831.323090 0.000116 0.000130 0.000810 38.815130
-1.481827 1527860831.336152 0.000114 0.000117 0.000799 40.206600
-1.469452 1527860831.348527 0.000116 0.000129 0.000810 38.707569
-1.457232 1527860831.360747 0.000116 0.000128 0.000809 38.629499
-1.444404 1527860831.373575 0.000116 0.000128 0.000811 38.512983
-1.431883 1527860831.386096 0.000116 0.000127 0.000812 38.511170
-1.419744 1527860831.398235 0.000115 0.000127 0.000810 38.342563
-1.406577 1527860831.411402 0.000116 0.000127 0.000812 38.392871
-1.394662 1527860831.423316 0.000116 0.000126 0.000810 38.366871
-1.381354 1527860831.436625 0.000116 0.000126 0.000812 38.349141
-1.369737 1527860831.448242 0.000116 0.000126 0.000815 38.207471
-1.358102 1527860831.459876 0.000116 0.000125 0.000815 38.236639
-1.345587 1527860831.472391 0.000116 0.000126 0.000813 38.121050
-1.331915 1527860831.486063 0.000115 0.000126 0.000815 38.142587
-1.320369 1527860831.497610 0.000116 0.000126 0.000816 38.080401
-1.307836 1527860831.510143 0.000116 0.000124 0.000813 38.263029
-1.295423 1527860831.522556 0.000116 0.000125 0.000811 38.110999
-1.283085 1527860831.534894 0.000116 0.000123 0.000808 38.080819
-1.270455 1527860831.547524 0.000116 0.000125 0.000813 38.008121
-1.258181 1527860831.559798 0.000116 0.000125 0.000812 37.950032
-1.245830 1527860831.572149 0.000116 0.000125 0.000813 37.999996
-1.231910 1527860831.586069 0.000115 0.000125 0.000813 38.040968
-1.219367 1527860831.598611 0.000116 0.000126 0.000812 37.969852
-1.206788 1527860831.611191 0.000115 0.000125 0.000810 38.101148
-1.194173 1527860831.623805 0.000116 0.000126 0.000813 38.078651
-1.182274 1527860831.635705 0.000116 0.000126 0.000814 38.171101
-1.170156 1527860831.647822 0.000116 0.000125 0.000810 38.142932
-1.157787 1527860831.660191 0.000116 0.000127 0.000811 37.911477
-1.145301 1527860831.672678 0.000117 0.000130 0.000794 37.369575
-1.133025 1527860831.684954 0.000116 0.000133 0.000806 36.392268
-1.120262 1527860831.697716 0.000116 0.000133 0.000815 35.693281
-1.106368 1527860831.711610 0.000117 0.000131 0.000811 35.656773
-1.094136 1527860831.723843 0.000117 0.000132 0.000817 35.653856
-1.081638 1527860831.736340 0.000117 0.000131 0.000815 35.639699
-1.069070 1527860831.748908 0.000117 0.000131 0.000814 35.604775
-1.056399 1527860831.761580 0.000117 0.000130 0.000820 35.593553
-1.044179 1527860831.773799 0.000117 0.000130 0.000821 35.604652
-1.031582 1527860831.786397 0.000117 0.000130 0.000822 35.518986
-1.019592 1527860831.798386 0.000116 0.000130 0.000822 35.509619
-1.007638 1527860831.810341 0.000117 0.000128 0.000824 35.581437
-0.995348 1527860831.822631 0.000116 0.000129 0.000821 35.468494
-0.982909 1527860831.835070 0.000116 0.000128 0.000820 35.495295
-0.970350 1527860831.847629 0.000116 0.000128 0.000820 35.435325
-0.957996 1527860831.859983 0.000116 0.000128 0.000821 35.400602
-0.944937 1527860831.873041 0.000116 0.000129 0.000828 35.231737
-0.932033 1527860831.885946 0.000115 0.000127 0.000824 35.382138
-0.919248 1527860831.898730 0.000115 0.000128 0.000827 35.314157
-0.906954 1527860831.911024 0.000115 0.000127 0.000822 35.329299
-0.894325 1527860831.923654 0.000115 0.000128 0.000828 35.337645
-0.882701 1527860831.935278 0.000115 0.000127 0.000828 35.233863
-0.870315 1527860831.947664 0.000115 0.000127 0.000825 35.354842
-0.857617 1527860831.960362 0.000115 0.000126 0.000823 35.214042
-0.844297 1527860831.973682 0.000115 0.000126 0.000821 35.190978
-0.831443 1527860831.986536 0.000114 0.000130 0.000820 34.519052
-0.819395 1527860831.998584 0.000113 0.000129 0.000822 34.341273
-0.806576 1527860832.011403 0.000112 0.000128 0.000837 34.330871
-0.794828 1527860832.023151 0.000112 0.000127 0.000839 34.471452
-0.781835 1527860832.036143 0.000112 0.000127 0.000842 35.025071
-0.769086 1527860832.048893 0.000112 0.000127 0.000836 34.934780
-0.756635 1527860832.061344 0.000112 0.000127 0.000833 34.839697
-0.744229 1527860832.073750 0.000111 0.000128 0.000835 34.687743
-0.731987 1527860832.085992 0.000111 0.000126 0.000836 34.596772
-0.719431 1527860832.098548 0.000111 0.000127 0.000836 34.499016
-0.707250 1527860832.110728 0.000111 0.000127 0.000837 34.603895
-0.695307 1527860832.122672 0.000110 0.000122 0.000836 34.963399
-0.682832 1527860832.135147 0.000110 0.000127 0.000840 34.594652
-0.669498 1527860832.148481 0.000110 0.000127 0.000842 34.591026
-0.655918 1527860832.162061 0.000110 0.000127 0.000839 34.446421
-0.643411 1527860832.174567 0.000110 0.000127 0.000838 34.463972
-0.631542 1527860832.186436 0.000110 0.000127 0.000839 34.393650
-0.619931 1527860832.198048 0.000110 0.000128 0.000838 34.108816
-0.607904 1527860832.210074 0.000110 0.000127 0.000838 34.189950
-0.595485 1527860832.222493 0.000110 0.000126 0.000837 34.249703
-0.581356 1527860832.236623 0.000110 0.000127 0.000841 34.190120
-0.569117 1527860832.248861 0.000110 0.000127 0.000842 34.219633
-0.557011 1527860832.260967 0.000110 0.000127 0.000839 34.073176
-0.544317 1527860832.273662 0.000110 0.000125 0.000845 34.167752
-0.531939 1527860832.286040 0.000112 0.000120 0.000856 34.224737
-0.520133 1527860832.297845 0.000110 0.000120 0.000865 34.330434
-0.507185 1527860832.310794 0.000109 0.000122 0.000868 34.711353
-0.494310 1527860832.323668 0.000109 0.000122 0.000874 34.992182
-0.482007 1527860832.335972 0.000110 0.000121 0.000869 34.805405
-0.469658 1527860832.348320 0.000111 0.000121 0.000870 34.688446
-0.457389 1527860832.360589 0.000110 0.000121 0.000869 34.710476
-0.444627 1527860832.373352 0.000110 0.000121 0.000868 34.758747
-0.432432 1527860832.385547 0.000110 0.000120 0.000868 34.765364
-0.419843 1527860832.398135 0.000110 0.000121 0.000867 34.656564
-0.407543 1527860832.410435 0.000110 0.000120 0.000867 34.591326
-0.395028 1527860832.422950 0.000110 0.000119 0.000865 34.599666
-0.382303 1527860832.435675 0.000110 0.000118 0.000863 34.568572
-0.369550 1527860832.448428 0.000110 0.000118 0.000869 34.470461
-0.357429 1527860832.460549 0.000110 0.000118 0.000871 34.445874
-0.345394 1527860832.472585 0.000110 0.000118 0.000863 34.305947
-0.332731 1527860832.485248 0.000109 0.000116 0.000867 34.425277
-0.320021 1527860832.497958 0.000110 0.000117 0.000864 34.320832
-0.307767 1527860832.510211 0.000109 0.000116 0.000865 34.225279
-0.295096 1527860832.522882 0.000109 0.000117 0.000868 34.164091
-0.282489 1527860832.535490 0.000109 0.000116 0.000864 34.185460
-0.270089 1527860832.547889 0.000109 0.000116 0.000865 34.193154
-0.257491 1527860832.560488 0.000109 0.000116 0.000864 34.107324
-0.245144 1527860832.572835 0.000109 0.000115 0.000863 34.094168
-0.232671 1527860832.585308 0.000109 0.000116 0.000864 34.232145
-0.218824 1527860832.599155 0.000109 0.000116 0.000865 34.215744
-0.207370 1527860832.610608 0.000109 0.000117 0.000867 34.328252
-0.194517 1527860832.623461 0.000109 0.000118 0.000866 34.269992
-0.181821 1527860832.636157 0.000109 0.000117 0.000866 34.379193
-0.169832 1527860832.648147 0.000109 0.000118 0.000864 34.294267
-0.157690 1527860832.660289 0.000109 0.000118 0.000868 34.190681
-0.145071 1527860832.672907 0.000109 0.000117 0.000862 34.223956
-0.132608 1527860832.685370 0.000109 0.000117 0.000865 34.261389
-0.119832 1527860832.698147 0.000110 0.000118 0.000856 34.007995
-0.107406 1527860832.710572 0.000109 0.000118 0.000853 33.739087
-0.094866 1527860832.723113 0.000109 0.000117 0.000849 33.904520
-0.082423 1527860832.735556 0.000109 0.000116 0.000846 34.410928
-0.069761 1527860832.748218 0.000109 0.000118 0.000845 34.624966
-0.057668 1527860832.760311 0.000108 0.000119 0.000851 34.773479
-0.044320 1527860832.773659 0.000108 0.000120 0.000850 34.708588
-0.031139 1527860832.786840 0.000108 0.000119 0.000851 34.890199
-0.019933 1527860832.798046 0.000108 0.000119 0.000848 34.791310
-0.007636 1527860832.810343 0.000109 0.000119 0.000846 34.751978
0.004985 1527860832.822963 0.000109 0.000119 0.000842 34.807818
0.017538 1527860832.835516 0.000109 0.000119 0.000846 34.761960
0.029808 1527860832.847786 0.000108 0.000119 0.000844 34.744135
0.042310 1527860832.860288 0.000108 0.000120 0.000847 34.649632
0.054935 1527860832.872914 0.000108 0.000119 0.000848 34.763673
0.067407 1527860832.885386 0.000108 0.000120 0.000848 34.671353
0.079887 1527860832.897866 0.000108 0.000119 0.000846 34.681324
0.092616 1527860832.910595 0.000108 0.000118 0.000845 34.709573
0.104932 1527860832.922911 0.000108 0.000120 0.000853 34.754643
0.117481 1527860832.935460 0.000108 0.000120 0.000850 34.712361
0.130032 1527860832.948010 0.000108 0.000119 0.000851 34.831931
0.142315 1527860832.960294 0.000108 0.000119 0.000841 34.676280
0.155390 1527860832.973369 0.000108 0.000120 0.000842 34.599521
0.167803 1527860832.985781 0.000108 0.000121 0.000847 34.674411
0.180050 1527860832.998028 0.000108 0.000120 0.000846 34.854411
0.192650 1527860833.010629 0.000108 0.000120 0.000848 34.777585
0.204843 1527860833.022821 0.000107 0.000120 0.000846 34.821930
0.217317 1527860833.035295 0.000107 0.000122 0.000848 34.784832
0.230793 1527860833.048771 0.000105 0.000122 0.000845 35.153581
0.243827 1527860833.061806 0.000105 0.000117 0.000815 36.470175
0.256226 1527860833.074204 0.000110 0.000119 0.000786 38.682955
0.267754 1527860833.085732 0.000113 0.000122 0.000758 42.330888
0.280068 1527860833.098046 0.000106 0.000115 0.000740 48.082481
0.292395 1527860833.110373 0.000120 0.000152 0.000734 47.777731
0.304753 1527860833.122731 0.000116 0.000130 0.000734 51.492042
0.317482 1527860833.135461 0.000117 0.000147 0.000744 52.831178
0.330345 1527860833.148324 0.000121 0.000150 0.000749 54.710604
0.342615 1527860833.160593 0.000127 0.000146 0.000767 57.502912
0.356704 1527860833.174683 0.000137 0.000148 0.000801 59.894335
0.368319 1527860833.186298 0.000144 0.000161 0.000800 61.159557
0.380840 1527860833.198819 0.000148 0.000171 0.000808 62.924430
0.393189 1527860833.211168 0.000157 0.000173 0.000793 65.111465
0.405655 1527860833.223634 0.000166 0.000188 0.000777 67.797585
0.417896 1527860833.235874 0.000173 0.000199 0.000749 70.384205
0.429749 1527860833.247727 0.000177 0.000213 0.000730 73.511760
0.442043 1527860833.260022 0.000178 0.000218 0.000722 76.052161
0.454704 1527860833.272682 0.000180 0.000228 0.000723 79.010380
0.468756 1527860833.286735 0.000182 0.000224 0.000724 82.001783
0.479813 1527860833.297791 0.000183 0.000224 0.000725 84.841759
0.492578 1527860833.310556 0.000182 0.000226 0.000722 87.885505
0.504877 1527860833.322856 0.000189 0.000226 0.000727 90.682187
0.517262 1527860833.335241 0.000188 0.000224 0.000715 93.859424
0.529848 1527860833.347826 0.000184 0.000225 0.000716 96.972570
0.542262 1527860833.360240 0.000184 0.000221 0.000708 100.183259
0.554997 1527860833.372976 0.000186 0.000225 0.000701 103.279133
0.568345 1527860833.386323 0.000187 0.000226 0.000695 105.236336
0.581602 1527860833.399580 0.000186 0.000227 0.000678 106.728359
0.593075 1527860833.411053 0.000184 0.000227 0.000672 108.493489
0.605040 1527860833.423018 0.000185 0.000232 0.000671 110.691467
0.617316 1527860833.435295 0.000185 0.000233 0.000673 112.066924
0.629829 1527860833.447808 0.000186 0.000229 0.000661 112.973108
0.642456 1527860833.460435 0.000185 0.000230 0.000651 114.492091
0.655092 1527860833.473071 0.000185 0.000229 0.000650 115.347676
0.668765 1527860833.486743 0.000184 0.000238 0.000639 116.800372
0.681214 1527860833.499193 0.000183 0.000229 0.000643 117.130205
0.693822 1527860833.511800 0.000182 0.000229 0.000652 117.848405
0.704949 1527860833.522928 0.000180 0.000230 0.000628 119.059136
0.717864 1527860833.535843 0.000166 0.000191 0.000627 115.697831
0.729830 1527860833.547809 0.000180 0.000233 0.000628 119.675974
0.742216 1527860833.560194 0.000166 0.000192 0.000625 116.577339
0.754707 1527860833.572686 0.000167 0.000192 0.000620 117.179374
0.767040 1527860833.585019 0.000168 0.000193 0.000614 117.427049
0.780236 1527860833.598215 0.000167 0.000193 0.000622 117.787142
0.792285 1527860833.610264 0.000168 0.000195 0.000616 117.961657
0.804681 1527860833.622659 0.000168 0.000193 0.000609 118.212889
0.817522 1527860833.635501 0.000168 0.000193 0.000613 118.887255
0.830081 1527860833.648059 0.000168 0.000195 0.000603 118.722423
0.842211 1527860833.660189 0.000167 0.000193 0.000608 118.966842
0.854937 1527860833.672915 0.000168 0.000194 0.000605 119.289242
0.867281 1527860833.685260 0.000168 0.000195 0.000599 119.603975
0.879581 1527860833.697560 0.000169 0.000196 0.000593 119.528340
0.892254 1527860833.710232 0.000168 0.000193 0.000597 119.685856
0.912209 1527860833.730187 0.000168 0.000194 0.000591 119.872554
0.917411 1527860833.735390 0.000168 0.000193 0.000597 119.948069
0.929955 1527860833.747933 0.000167 0.000192 0.000595 119.932567
0.941982 1527860833.759961 0.000166 0.000191 0.000593 119.818831
0.954869 1527860833.772847 0.000166 0.000191 0.000597 119.754680
0.967236 1527860833.785215 0.000165 0.000194 0.000596 120.605833
0.979579 1527860833.797557 0.000165 0.000193 0.000594 120.613181
0.992230 1527860833.810209 0.000164 0.000194 0.000591 120.514698
1.004885 1527860833.822864 0.000164 0.000195 0.000592 120.634994
1.017231 1527860833.835209 0.000164 0.000195 0.000597 121.195903
1.030803 1527860833.848781 0.000164 0.000195 0.000594 121.486864
1.042315 1527860833.860294 0.000165 0.000196 0.000585 121.164716
1.054819 1527860833.872798 0.000165 0.000196 0.000586 121.347823
1.067227 1527860833.885206 0.000165 0.000196 0.000589 121.281649
1.079980 1527860833.897958 0.000165 0.000197 0.000588 121.866923
1.092022 1527860833.910000 0.000165 0.000197 0.000584 122.153469
1.104894 1527860833.922872 0.000165 0.000198 0.000579 122.442031
1.117342 1527860833.935321 0.000165 0.000199 0.000574 122.740565
1.129985 1527860833.947964 0.000165 0.000200 0.000568 122.481610
1.142376 1527860833.960354 0.000165 0.000199 0.000573 122.220225
1.156427 1527860833.974406 0.000165 0.000200 0.000570 122.312868
1.168522 1527860833.986501 0.000165 0.000201 0.000569 121.987062
1.181085 1527860833.999063 0.000164 0.000201 0.000571 122.253423
1.193510 1527860834.011489 0.000165 0.000200 0.000574 121.519207
1.206021 1527860834.023999 0.000164 0.000200 0.000571 121.356638
1.218294 1527860834.036273 0.000164 0.000201 0.000572 121.265930
1.230466 1527860834.048445 0.000164 0.000200 0.000573 120.651396
1.243123 1527860834.061101 0.000164 0.000199 0.000583 120.085760
1.255298 1527860834.073277 0.000164 0.000200 0.000580 120.135675
1.268427 1527860834.086406 0.000164 0.000199 0.000582 119.860265
1.281347 1527860834.099325 0.000164 0.000200 0.000580 119.838477
1.293844 1527860834.111823 0.000165 0.000200 0.000576 119.464319
1.306204 1527860834.124182 0.000165 0.000200 0.000582 119.442749
1.317779 1527860834.135758 0.000165 0.000202 0.000578 119.551037
1.329805 1527860834.147784 0.000165 0.000201 0.000579 119.704304
1.342431 1527860834.160410 0.000165 0.000202 0.000580 119.919148
1.355115 1527860834.173094 0.000166 0.000202 0.000581 120.021509
1.367501 1527860834.185479 0.000166 0.000203 0.000574 120.292826
1.380068 1527860834.198046 0.000166 0.000203 0.000573 120.370286
1.392264 1527860834.210243 0.000166 0.000204 0.000577 120.248670
1.405345 1527860834.223324 0.000166 0.000205 0.000571 120.561066
1.419122 1527860834.237100 0.000166 0.000204 0.000567 120.311561
1.431076 1527860834.249054 0.000166 0.000205 0.000568 120.530570
1.443272 1527860834.261250 0.000166 0.000206 0.000561 120.515742
1.455749 1527860834.273727 0.000166 0.000207 0.000554 120.391278
1.467806 1527860834.285785 0.000165 0.000207 0.000554 120.204166
1.480025 1527860834.298003 0.000165 0.000207 0.000556 119.898305
1.492419 1527860834.310398 0.000164 0.000207 0.000559 120.015930
1.505336 1527860834.323315 0.000164 0.000206 0.000562 119.729719
1.517545 1527860834.335523 0.000165 0.000206 0.000567 119.183518
1.530876 1527860834.348855 0.000165 0.000206 0.000567 118.990603
1.543629 1527860834.361607 0.000165 0.000205 0.000568 118.898724
1.556168 1527860834.374146 0.000166 0.000206 0.000567 118.704245
1.568822 1527860834.386801 0.000166 0.000206 0.000565 118.788150
1.580438 1527860834.398417 0.000166 0.000207 0.000563 119.051210
1.593603 1527860834.411582 0.000166 0.000206 0.000566 118.826996
1.606128 1527860834.424106 0.000166 0.000206 0.000566 119.098774
1.618467 1527860834.436446 0.000166 0.000207 0.000566 119.058125
1.631157 1527860834.449136 0.000166 0.000208 0.000560 119.335773
1.642909 1527860834.460887 0.000166 0.000209 0.000561 119.242933
1.655359 1527860834.473338 0.000167 0.000208 0.000560 119.431683
1.668445 1527860834.486423 0.000167 0.000209 0.000555 119.306945
1.681526 1527860834.499505 0.000166 0.000208 0.000559 119.539168
1.693486 1527860834.511464 0.000166 0.000207 0.000559 119.362667
1.705153 1527860834.523132 0.000166 0.000210 0.000558 119.302580
1.717705 1527860834.535683 0.000166 0.000209 0.000557 119.540678
1.731232 1527860834.549211 0.000166 0.000209 0.000554 119.265065
1.743565 1527860834.561544 0.000167 0.000208 0.000550 119.189672
1.756002 1527860834.573981 0.000167 0.000210 0.000551 119.156564
1.768560 1527860834.586538 0.000166 0.000210 0.000552 118.905676
1.780349 1527860834.598328 0.000166 0.000209 0.000556 118.781367
1.793130 1527860834.611108 0.000166 0.000209 0.000560 118.482411
1.805643 1527860834.623621 0.000166 0.000209 0.000560 118.197020
1.818033 1527860834.636012 0.000167 0.000209 0.000560 118.008251
1.831332 1527860834.649310 0.000166 0.000208 0.000564 117.937814
1.843204 1527860834.661183 0.000166 0.000209 0.000562 117.896699
1.855537 1527860834.673515 0.000167 0.000208 0.000568 117.847876
1.867846 1527860834.685825 0.000166 0.000208 0.000566 117.943108
1.880473 1527860834.698451 0.000166 0.000208 0.000570 118.148795
1.893415 1527860834.711394 0.000166 0.000209 0.000564 118.128050
1.905864 1527860834.723843 0.000167 0.000209 0.000570 118.471662
1.918534 1527860834.736512 0.000166 0.000211 0.000567 118.364466
1.929989 1527860834.747968 0.000167 0.000210 0.000562 118.343191
1.942236 1527860834.760215 0.000167 0.000211 0.000563 118.497302
1.955208 1527860834.773186 0.000167 0.000212 0.000554 118.094033
1.967341 1527860834.785320 0.000167 0.000211 0.000557 118.171637
1.980111 1527860834.798090 0.000167 0.000212 0.000555 118.460345
1.993660 1527860834.811638 0.000167 0.000210 0.000554 117.953847
2.006133 1527860834.824112 0.000167 0.000213 0.000549 117.989062
2.018858 1527860834.836836 0.000167 0.000210 0.000548 117.475272
2.030338 1527860834.848316 0.000166 0.000212 0.000544 117.472750
2.042540 1527860834.860519 0.000166 0.000211 0.000543 117.446803
2.055986 1527860834.873965 0.000167 0.000258 0.000542 122.833091
2.068530 1527860834.886509 0.000166 0.000210 0.000539 117.001969
2.080844 1527860834.898823 0.000165 0.000208 0.000534 115.973003
2.093170 1527860834.911148 0.000164 0.000256 0.000538 122.374592
2.106273 1527860834.924252 0.000164 0.000207 0.000535 116.033494
2.118182 1527860834.936161 0.000163 0.000208 0.000534 116.189504
2.130856 1527860834.948835 0.000162 0.000208 0.000533 115.657209
2.143476 1527860834.961454 0.000161 0.000206 0.000532 115.403921
2.155844 1527860834.973823 0.000160 0.000253 0.000536 121.142531
2.168604 1527860834.986583 0.000160 0.000208 0.000530 115.423384
2.181190 1527860834.999168 0.000160 0.000206 0.000532 114.851625
2.193197 1527860835.011176 0.000160 0.000207 0.000528 114.502604
2.205873 1527860835.023852 0.000159 0.000207 0.000530 114.430691
2.217933 1527860835.035911 0.000158 0.000205 0.000529 114.171748
2.230309 1527860835.048287 0.000158 0.000206 0.000530 113.659097
2.243185 1527860835.061163 0.000157 0.000205 0.000533 113.833984
2.255503 1527860835.073481 0.000156 0.000205 0.000531 113.286076
2.267813 1527860835.085792 0.000156 0.000204 0.000529 112.501417
2.280304 1527860835.098282 0.000155 0.000253 0.000532 117.448635
2.294291 1527860835.112270 0.000154 0.000250 0.000534 116.973023
2.305620 1527860835.123598 0.000155 0.000252 0.000533 116.871930
2.318271 1527860835.136249 0.000154 0.000249 0.000532 116.249540
2.330680 1527860835.148659 0.000153 0.000249 0.000533 115.524846
2.343471 1527860835.161450 0.000153 0.000252 0.000537 116.001220
2.355849 1527860835.173828 0.000155 0.000251 0.000538 115.912583
2.368660 1527860835.186639 0.000156 0.000250 0.000544 115.826689
2.381372 1527860835.199351 0.000155 0.000249 0.000546 116.198558
2.394118 1527860835.212097 0.000157 0.000251 0.000542 115.561418
2.405952 1527860835.223931 0.000158 0.000254 0.000543 115.703797
2.418128 1527860835.236106 0.000159 0.000251 0.000547 115.543995
2.430343 1527860835.248321 0.000160 0.000253 0.000545 115.683104
2.442594 1527860835.260572 0.000161 0.000249 0.000549 115.706817
2.455342 1527860835.273321 0.000162 0.000253 0.000551 115.817886
2.467852 1527860835.285831 0.000162 0.000250 0.000551 115.150525
2.480056 1527860835.298034 0.000162 0.000253 0.000559 115.779088
2.492599 1527860835.310577 0.000163 0.000251 0.000569 116.431020
2.504998 1527860835.322977 0.000164 0.000251 0.000571 116.217302
2.517941 1527860835.335920 0.000164 0.000250 0.000569 116.088464
2.531406 1527860835.349385 0.000164 0.000252 0.000572 116.234016
2.544006 1527860835.361984 0.000165 0.000253 0.000569 116.389231
2.555419 1527860835.373398 0.000164 0.000252 0.000571 116.510955
2.567739 1527860835.385717 0.000164 0.000254 0.000570 116.408657
2.580436 1527860835.398415 0.000164 0.000254 0.000564 116.269531
2.592866 1527860835.410845 0.000164 0.000255 0.000561 116.303977
2.605579 1527860835.423557 0.000163 0.000256 0.000561 116.550638
2.618450 1527860835.436429 0.000163 0.000256 0.000553 115.806245
2.631531 1527860835.449510 0.000162 0.000255 0.000555 116.107732
2.643542 1527860835.461520 0.000162 0.000257 0.000555 115.884349
2.655909 1527860835.473888 0.000161 0.000258 0.000552 115.333288
2.668731 1527860835.486710 0.000160 0.000258 0.000552 115.447726
2.681026 1527860835.499004 0.000160 0.000258 0.000547 115.124924
2.693527 1527860835.511506 0.000160 0.000256 0.000551 114.982886
2.706318 1527860835.524297 0.000160 0.000260 0.000550 115.788208
2.719056 1527860835.537034 0.000161 0.000256 0.000548 115.405035
2.730577 1527860835.548556 0.000160 0.000258 0.000550 115.897961
2.743014 1527860835.560992 0.000161 0.000256 0.000547 116.023590
2.755055 1527860835.573034 0.000163 0.000256 0.000548 116.474495
2.767949 1527860835.585928 0.000162 0.000254 0.000555 117.432912
2.780800 1527860835.598778 0.000163 0.000254 0.000554 116.698917
2.792832 1527860835.610811 0.000163 0.000256 0.000560 117.036650
2.805512 1527860835.623490 0.000164 0.000254 0.000563 116.619886
2.817905 1527860835.635884 0.000164 0.000254 0.000566 116.573090
2.830478 1527860835.648456 0.000164 0.000255 0.000562 116.288790
2.842958 1527860835.660937 0.000165 0.000254 0.000563 116.516956
2.855378 1527860835.673357 0.000166 0.000253 0.000564 116.296304
2.867680 1527860835.685659 0.000164 0.000254 0.000570 116.377014
2.880235 1527860835.698214 0.000165 0.000256 0.000560 116.279413
2.893777 1527860835.711755 0.000165 0.000256 0.000555 116.193632
2.906292 1527860835.724271 0.000164 0.000255 0.000553 116.164899
2.918329 1527860835.736308 0.000164 0.000252 0.000557 116.068459
2.931159 1527860835.749138 0.000163 0.000254 0.000556 115.944129
2.943825 1527860835.761803 0.000164 0.000253 0.000554 115.549821
2.956213 1527860835.774192 0.000163 0.000254 0.000557 115.911237
2.968118 1527860835.786097 0.000163 0.000253 0.000559 115.904338
2.979975 1527860835.797953 0.000163 0.000251 0.000559 115.255515
2.992764 1527860835.810743 0.000162 0.000251 0.000563 115.428252
3.005262 1527860835.823241 0.000161 0.000253 0.000563 115.646347
3.017847 1527860835.835826 0.000160 0.000250 0.000562 115.384904
3.030620 1527860835.848599 0.000158 0.000250 0.000560 115.346268
3.042981 1527860835.860959 0.000158 0.000250 0.000555 114.868415
3.055407 1527860835.873386 0.000156 0.000251 0.000552 115.311724
3.068051 1527860835.886030 0.000156 0.000248 0.000550 114.610025
3.080448 1527860835.898426 0.000156 0.000248 0.000549 114.556565
3.093042 1527860835.911021 0.000154 0.000245 0.000548 114.047842
3.105430 1527860835.923409 0.000155 0.000247 0.000548 113.619045
3.117981 1527860835.935960 0.000154 0.000244 0.000546 113.239492
3.130220 1527860835.948199 0.000153 0.000244 0.000545 113.237606
3.142998 1527860835.960976 0.000154 0.000243 0.000540 111.800637
3.156833 1527860835.974812 0.000153 0.000242 0.000544 111.711742
3.169582 1527860835.987561 0.000153 0.000242 0.000543 110.495305
3.181822 1527860835.999801 0.000152 0.000241 0.000549 110.786023
3.193441 1527860836.011420 0.000152 0.000240 0.000550 110.381237
3.206221 1527860836.024199 0.000151 0.000239 0.000551 109.617070
3.218814 1527860836.036793 0.000152 0.000238 0.000554 108.840003
3.231192 1527860836.049170 0.000151 0.000238 0.000554 109.056510
3.243870 1527860836.061849 0.000152 0.000239 0.000557 108.737601
3.256010 1527860836.073989 0.000151 0.000239 0.000562 109.040043
3.267950 1527860836.085929 0.000151 0.000236 0.000561 108.833953
3.280372 1527860836.098350 0.000151 0.000240 0.000561 108.674991
3.293588 1527860836.111567 0.000151 0.000237 0.000563 108.510495
3.306378 1527860836.124357 0.000151 0.000239 0.000560 108.522407
3.318900 1527860836.136879 0.000151 0.000239 0.000561 108.641786
3.330531 1527860836.148509 0.000151 0.000240 0.000567 109.291013
3.342706 1527860836.160685 0.000150 0.000240 0.000567 109.394529
3.355096 1527860836.173074 0.000152 0.000239 0.000570 108.954717
3.367488 1527860836.185467 0.000152 0.000240 0.000571 109.616432
3.379976 1527860836.197955 0.000153 0.000239 0.000573 109.339936
3.392465 1527860836.210444 0.000152 0.000239 0.000574 109.928821
3.404840 1527860836.222818 0.000151 0.000241 0.000569 110.923642
3.417230 1527860836.235209 0.000153 0.000243 0.000580 112.792638
3.429911 1527860836.247890 0.000155 0.000245 0.000587 113.599980
3.442506 1527860836.260484 0.000154 0.000245 0.000588 114.529756
3.455292 1527860836.273270 0.000154 0.000248 0.000579 113.978059
3.467642 1527860836.285621 0.000153 0.000245 0.000575 113.545586
3.480277 1527860836.298256 0.000151 0.000247 0.000573 113.510994
3.492532 1527860836.310510 0.000150 0.000244 0.000571 113.100721
3.505138 1527860836.323117 0.000149 0.000245 0.000571 112.786304
3.517624 1527860836.335603 0.000148 0.000245 0.000564 111.974372
3.531565 1527860836.349544 0.000147 0.000243 0.000561 111.785686
3.544056 1527860836.362035 0.000147 0.000242 0.000561 111.143120
3.556614 1527860836.374593 0.000146 0.000242 0.000558 111.319670
3.568702 1527860836.386681 0.000145 0.000241 0.000558 110.753980
3.580905 1527860836.398884 0.000145 0.000241 0.000556 110.135206
3.593225 1527860836.411204 0.000145 0.000238 0.000555 109.479333
3.605594 1527860836.423572 0.000144 0.000240 0.000554 109.150239
3.618367 1527860836.436346 0.000143 0.000236 0.000552 108.543717
3.630732 1527860836.448711 0.000143 0.000237 0.000554 107.816859
3.643292 1527860836.461271 0.000142 0.000235 0.000557 107.383233
3.656525 1527860836.474504 0.000141 0.000232 0.000558 106.709740
3.668684 1527860836.486662 0.000140 0.000234 0.000559 106.669217
3.681477 1527860836.499455 0.000140 0.000231 0.000565 105.706242
3.693622 1527860836.511600 0.000139 0.000232 0.000565 105.912779
3.705502 1527860836.523481 0.000139 0.000230 0.000566 104.921415
3.719045 1527860836.537023 0.000139 0.000227 0.000567 103.671959
3.731227 1527860836.549205 0.000138 0.000226 0.000571 103.970441
3.742809 1527860836.560788 0.000138 0.000224 0.000563 103.100054
3.756770 1527860836.574749 0.000137 0.000225 0.000570 102.740347
3.769256 1527860836.587234 0.000137 0.000223 0.000571 102.292837
3.781780 1527860836.599758 0.000136 0.000221 0.000572 101.893750
3.793854 1527860836.611833 0.000136 0.000220 0.000574 101.829430
3.805987 1527860836.623966 0.000136 0.000218 0.000571 101.054352
3.818143 1527860836.636121 0.000135 0.000220 0.000573 101.469810
3.830344 1527860836.648322 0.000135 0.000221 0.000574 101.292474
3.843202 1527860836.661181 0.000135 0.000219 0.000578 101.328482
3.855915 1527860836.673894 0.000135 0.000219 0.000580 101.497501
3.868026 1527860836.686004 0.000135 0.000219 0.000580 101.679565
3.881570 1527860836.699548 0.000137 0.000219 0.000586 101.907234
3.893013 1527860836.710991 0.000138 0.000217 0.000593 102.491022
3.905446 1527860836.723425 0.000141 0.000217 0.000608 103.394560
3.918098 1527860836.736077 0.000144 0.000221 0.000611 104.075434
3.930865 1527860836.748844 0.000145 0.000223 0.000606 104.525006
3.942769 1527860836.760748 0.000144 0.000227 0.000611 104.668006
3.955520 1527860836.773499 0.000142 0.000228 0.000599 105.226188
3.968235 1527860836.786214 0.000141 0.000231 0.000594 105.634434
3.980405 1527860836.798384 0.000141 0.000232 0.000593 105.607706
3.993156 1527860836.811135 0.000140 0.000231 0.000586 104.406579
4.005520 1527860836.823498 0.000138 0.000233 0.000588 104.139002
4.018152 1527860836.836131 0.000136 0.000231 0.000585 103.336006
4.030848 1527860836.848826 0.000135 0.000230 0.000581 102.317573
4.043501 1527860836.861480 0.000134 0.000229 0.000580 102.111689
4.055666 1527860836.873644 0.000134 0.000230 0.000580 101.073798
4.068235 1527860836.886213 0.000133 0.000229 0.000577 101.198116
4.080644 1527860836.898622 0.000133 0.000226 0.000579 100.443449
4.093172 1527860836.911150 0.000133 0.000227 0.000578 99.724501
4.105914 1527860836.923893 0.000132 0.000227 0.000582 99.488863
4.118276 1527860836.936255 0.000132 0.000221 0.000585 98.528089
4.130739 1527860836.948718 0.000131 0.000225 0.000579 98.043866
4.143375 1527860836.961354 0.000132 0.000221 0.000582 96.867703
4.155379 1527860836.973357 0.000131 0.000220 0.000584 96.404503
4.167824 1527860836.985803 0.000131 0.000218 0.000585 96.010019
4.180700 1527860836.998678 0.000131 0.000220 0.000589 95.733367
4.193985 1527860837.011964 0.000131 0.000216 0.000590 94.797898
4.206461 1527860837.024440 0.000131 0.000215 0.000589 94.529202
4.218902 1527860837.036880 0.000131 0.000214 0.000593 94.175855
4.231019 1527860837.048997 0.000131 0.000213 0.000594 94.018511
4.243219 1527860837.061197 0.000130 0.000216 0.000595 94.089126
4.255992 1527860837.073971 0.000130 0.000210 0.000599 93.399570
4.268305 1527860837.086284 0.000130 0.000209 0.000601 93.285369
4.281006 1527860837.098984 0.000129 0.000211 0.000601 93.364144
4.293234 1527860837.111212 0.000129 0.000210 0.000605 93.277461
4.305105 1527860837.123084 0.000129 0.000210 0.000599 92.964510
4.317563 1527860837.135541 0.000128 0.000208 0.000603 92.656846
4.330106 1527860837.148085 0.000128 0.000204 0.000602 92.428134
4.368088 1527860837.186067 0.000128 0.000205 0.000611 92.482603
4.369122 1527860837.187101 0.000128 0.000202 0.000612 92.027307
4.392843 1527860837.210822 0.000128 0.000201 0.000615 92.106537
4.405307 1527860837.223286 0.000128 0.000204 0.000612 91.998068
4.430197 1527860837.248175 0.000128 0.000199 0.000616 91.390647
4.442880 1527860837.260858 0.000128 0.000199 0.000611 91.623033
4.455037 1527860837.273016 0.000127 0.000202 0.000611 91.749210
4.467709 1527860837.285687 0.000128 0.000199 0.000614 91.791566
4.480086 1527860837.298065 0.000128 0.000202 0.000613 92.217846
4.492515 1527860837.310493 0.000129 0.000199 0.000622 91.851999
4.505159 1527860837.323137 0.000131 0.000203 0.000619 91.653704
4.517837 1527860837.335816 0.000131 0.000203 0.000618 91.657789
4.530366 1527860837.348345 0.000132 0.000205 0.000613 90.881565
4.542597 1527860837.360576 0.000133 0.000200 0.000618 89.346046
4.555465 1527860837.373443 0.000133 0.000199 0.000632 89.445103
4.567853 1527860837.385832 0.000133 0.000201 0.000640 88.959760
4.581568 1527860837.399547 0.000134 0.000196 0.000647 88.711997
4.593851 1527860837.411829 0.000135 0.000196 0.000649 88.629870
4.606491 1527860837.424470 0.000135 0.000189 0.000651 88.096004
4.619108 1527860837.437086 0.000136 0.000192 0.000651 87.647771
4.630723 1527860837.448701 0.000135 0.000189 0.000655 87.039842
4.643203 1527860837.461181 0.000136 0.000188 0.000664 86.824577
4.655576 1527860837.473554 0.000136 0.000185 0.000656 86.325269
4.668379 1527860837.486358 0.000137 0.000179 0.000672 86.384584
4.680332 1527860837.498311 0.000137 0.000178 0.000662 86.045981
4.693196 1527860837.511174 0.000137 0.000178 0.000676 85.847348
4.705684 1527860837.523663 0.000138 0.000178 0.000678 85.362210
4.717972 1527860837.535951 0.000138 0.000178 0.000685 85.507908
4.731653 1527860837.549632 0.000138 0.000175 0.000673 85.046140
4.744062 1527860837.562041 0.000138 0.000177 0.000675 84.971156
4.756637 1527860837.574616 0.000138 0.000178 0.000686 85.069126
4.769107 1527860837.587086 0.000138 0.000172 0.000692 84.631264
4.780553 1527860837.598531 0.000140 0.000175 0.000685 84.407460
4.792743 1527860837.610722 0.000140 0.000170 0.000700 84.145232
4.805216 1527860837.623195 0.000140 0.000173 0.000702 84.030122
4.817682 1527860837.635661 0.000143 0.000176 0.000699 83.276235
4.830423 1527860837.648401 0.000145 0.000172 0.000724 82.204794
4.842947 1527860837.660926 0.000149 0.000170 0.000749 80.955079
4.855871 1527860837.673850 0.000152 0.000177 0.000760 80.785982
4.868273 1527860837.686252 0.000152 0.000178 0.000765 80.110718
4.880897 1527860837.698876 0.000151 0.000184 0.000754 79.556795
4.893515 1527860837.711493 0.000151 0.000189 0.000751 79.074993
4.906008 1527860837.723987 0.000151 0.000181 0.000762 78.451560
4.918457 1527860837.736436 0.000151 0.000187 0.000755 78.203755
4.931214 1527860837.749193 0.000152 0.000178 0.000753 77.652256
4.943638 1527860837.761617 0.000152 0.000177 0.000758 77.276246
4.955762 1527860837.773741 0.000152 0.000174 0.000768 76.507341
4.968149 1527860837.786128 0.000151 0.000176 0.000758 76.172231
4.981197 1527860837.799176 0.000152 0.000169 0.000758 75.739092
4.993584 1527860837.811562 0.000151 0.000171 0.000754 75.133839
5.005955 1527860837.823934 0.000152 0.000168 0.000760 75.098586
5.018560 1527860837.836539 0.000151 0.000166 0.000755 75.003488
5.031066 1527860837.849044 0.000151 0.000167 0.000754 74.713889
5.043588 1527860837.861567 0.000150 0.000164 0.000759 74.628743
5.056351 1527860837.874330 0.000150 0.000165 0.000761 74.424479
5.068664 1527860837.886643 0.000151 0.000159 0.000768 74.033547
5.080938 1527860837.898916 0.000150 0.000163 0.000760 73.816341
5.093159 1527860837.911138 0.000150 0.000161 0.000766 73.832692
5.105573 1527860837.923552 0.000150 0.000161 0.000765 73.543175
5.118008 1527860837.935987 0.000149 0.000160 0.000773 73.328077
5.131728 1527860837.949707 0.000150 0.000156 0.000772 73.262724
5.144282 1527860837.962261 0.000150 0.000158 0.000767 73.215455
5.156477 1527860837.974456 0.000149 0.000160 0.000770 73.150427
5.169166 1527860837.987144 0.000148 0.000158 0.000767 73.017069
5.180612 1527860837.998591 0.000149 0.000157 0.000775 72.819069
5.193139 1527860838.011117 0.000149 0.000155 0.000774 72.944836
5.205844 1527860838.023823 0.000148 0.000160 0.000764 72.877925
5.218164 1527860838.036143 0.000148 0.000157 0.000768 72.926209
5.230788 1527860838.048766 0.000148 0.000157 0.000770 72.740092
5.243521 1527860838.061500 0.000148 0.000159 0.000772 72.711522
5.255756 1527860838.073735 0.000148 0.000159 0.000772 72.586008
5.268279 1527860838.086257 0.000148 0.000158 0.000772 72.580168
5.281031 1527860838.099009 0.000148 0.000153 0.000777 72.328447
5.294416 1527860838.112395 0.000148 0.000157 0.000772 72.214273
5.306710 1527860838.124689 0.000148 0.000157 0.000764 72.284805
5.318898 1527860838.136877 0.000149 0.000155 0.000776 72.220237
5.331604 1527860838.149583 0.000149 0.000153 0.000777 72.097549
5.344269 1527860838.162248 0.000148 0.000155 0.000774 72.074175
5.356538 1527860838.174516 0.000149 0.000155 0.000774 71.876742
5.368383 1527860838.186361 0.000148 0.000156 0.000772 71.705334
5.380730 1527860838.198709 0.000147 0.000156 0.000769 71.710440
5.392825 1527860838.210803 0.000148 0.000155 0.000774 71.593173
5.405119 1527860838.223098 0.000148 0.000154 0.000777 71.576153
5.417927 1527860838.235906 0.000147 0.000156 0.000775 71.437687
5.430305 1527860838.248284 0.000148 0.000157 0.000776 71.470788
5.443137 1527860838.261116 0.000147 0.000156 0.000774 71.352010
5.456897 1527860838.274876 0.000148 0.000158 0.000775 71.146078
5.469719 1527860838.287697 0.000147 0.000154 0.000775 71.229757
5.481821 1527860838.299800 0.000148 0.000154 0.000781 71.142115
5.494231 1527860838.312209 0.000148 0.000155 0.000781 70.940102
5.506469 1527860838.324448 0.000147 0.000152 0.000783 70.936973
5.519186 1527860838.337165 0.000147 0.000155 0.000776 70.967441
5.530924 1527860838.348902 0.000147 0.000154 0.000780 70.833328
5.543061 1527860838.361040 0.000147 0.000154 0.000776 70.821836
5.555873 1527860838.373851 0.000147 0.000152 0.000781 70.630464
5.568377 1527860838.386356 0.000148 0.000156 0.000778 70.545646
5.580464 1527860838.398443 0.000147 0.000156 0.000774 70.472578
5.594419 1527860838.412397 0.000147 0.000154 0.000776 70.431541
5.606987 1527860838.424965 0.000147 0.000153 0.000784 70.295713
5.619244 1527860838.437222 0.000147 0.000153 0.000787 70.244323
5.631847 1527860838.449826 0.000147 0.000152 0.000784 70.211538
5.644487 1527860838.462465 0.000147 0.000156 0.000785 70.099048
5.656340 1527860838.474319 0.000147 0.000152 0.000780 69.995314
5.667948 1527860838.485927 0.000147 0.000153 0.000782 69.962323
5.680816 1527860838.498794 0.000147 0.000152 0.000780 69.657973
5.693163 1527860838.511142 0.000146 0.000154 0.000777 69.492525
5.706774 1527860838.524753 0.000146 0.000157 0.000775 69.193010
5.719646 1527860838.537625 0.000146 0.000152 0.000778 69.221468
5.732025 1527860838.550004 0.000146 0.000155 0.000774 68.902057
5.744928 1527860838.562907 0.000146 0.000153 0.000776 68.868862
5.756784 1527860838.574762 0.000146 0.000154 0.000769 68.545184
5.769041 1527860838.587020 0.000146 0.000154 0.000766 68.551973
5.780796 1527860838.598774 0.000146 0.000155 0.000764 68.528803
5.793106 1527860838.611085 0.000147 0.000154 0.000766 68.403140
5.805856 1527860838.623835 0.000146 0.000153 0.000765 68.512208
5.818287 1527860838.636266 0.000146 0.000154 0.000766 68.424952
5.832084 1527860838.650063 0.000146 0.000153 0.000768 68.501885
5.843400 1527860838.661379 0.000147 0.000154 0.000769 68.500262
5.856696 1527860838.674675 0.000147 0.000157 0.000768 68.155790
5.869817 1527860838.687795 0.000147 0.000154 0.000773 68.030651
5.881870 1527860838.699848 0.000147 0.000155 0.000768 68.279605
5.894399 1527860838.712378 0.000148 0.000156 0.000764 68.100213
5.906334 1527860838.724313 0.000149 0.000158 0.000753 68.538053
5.918289 1527860838.736268 0.000151 0.000161 0.000752 69.330888
5.930717 1527860838.748696 0.000153 0.000166 0.000755 70.109530
5.943634 1527860838.761612 0.000154 0.000168 0.000754 70.363483
5.955800 1527860838.773779 0.000154 0.000171 0.000748 70.237643
5.967946 1527860838.785925 0.000154 0.000172 0.000752 70.280499
5.980725 1527860838.798703 0.000153 0.000166 0.000755 70.154213
5.993388 1527860838.811367 0.000153 0.000165 0.000758 69.975337
6.006026 1527860838.824004 0.000154 0.000162 0.000753 70.174939
6.018515 1527860838.836494 0.000156 0.000162 0.000748 70.552132
6.031395 1527860838.849374 0.000156 0.000161 0.000749 70.572872
6.044040 1527860838.862019 0.000155 0.000159 0.000754 70.568172
6.055903 1527860838.873882 0.000153 0.000160 0.000751 70.329415
6.069082 1527860838.887060 0.000152 0.000159 0.000751 69.904623
6.080994 1527860838.898973 0.000144 0.000154 0.000761 69.911260
6.093764 1527860838.911742 0.000151 0.000160 0.000749 69.228765
6.106116 1527860838.924095 0.000151 0.000159 0.000755 69.174913
6.118545 1527860838.936524 0.000151 0.000160 0.000752 68.782126
6.131081 1527860838.949059 0.000152 0.000158 0.000751 68.744873
6.143789 1527860838.961768 0.000151 0.000162 0.000745 68.801688
6.156197 1527860838.974175 0.000152 0.000162 0.000747 68.652712
6.168670 1527860838.986649 0.000151 0.000158 0.000748 68.646366
6.181094 1527860838.999072 0.000151 0.000160 0.000740 68.632248
6.193501 1527860839.011479 0.000150 0.000159 0.000737 68.379945
6.205988 1527860839.023967 0.000151 0.000160 0.000738 68.185613
6.218326 1527860839.036305 0.000151 0.000158 0.000739 68.011088
6.231327 1527860839.049306 0.000150 0.000157 0.000740 67.880309
6.243550 1527860839.061529 0.000149 0.000156 0.000737 67.633122
6.256578 1527860839.074557 0.000149 0.000157 0.000737 67.379974
6.268543 1527860839.086521 0.000150 0.000155 0.000733 67.192668
6.280852 1527860839.098831 0.000149 0.000154 0.000741 66.995005
6.293278 1527860839.111257 0.000149 0.000153 0.000756 66.243944
6.305919 1527860839.123898 0.000148 0.000154 0.000765 65.826729
6.318547 1527860839.136526 0.000147 0.000154 0.000777 65.370350
6.331729 1527860839.149708 0.000147 0.000156 0.000786 65.166967
6.344042 1527860839.162021 0.000147 0.000160 0.000781 65.380802
6.356353 1527860839.174332 0.000148 0.000160 0.000777 65.100309
6.369453 1527860839.187432 0.000147 0.000160 0.000774 64.820673
6.381660 1527860839.199638 0.000146 0.000158 0.000772 64.989924
6.393899 1527860839.211878 0.000146 0.000157 0.000773 64.896949
6.406264 1527860839.224243 0.000146 0.000155 0.000780 64.892110
6.418775 1527860839.236754 0.000146 0.000155 0.000776 65.035499
6.431591 1527860839.249570 0.000146 0.000156 0.000774 64.843461
6.443549 1527860839.261527 0.000145 0.000156 0.000772 64.679222
6.455967 1527860839.273946 0.000146 0.000155 0.000771 64.469209
6.468615 1527860839.286594 0.000146 0.000155 0.000773 64.374831
6.480945 1527860839.298923 0.000145 0.000152 0.000772 64.283891
6.493546 1527860839.311524 0.000145 0.000153 0.000767 64.009806
6.505977 1527860839.323956 0.000145 0.000152 0.000771 63.973260
6.518499 1527860839.336477 0.000144 0.000150 0.000772 63.751970
6.531258 1527860839.349236 0.000145 0.000153 0.000772 63.542756
6.543560 1527860839.361538 0.000143 0.000148 0.000777 63.669593
6.556929 1527860839.374908 0.000144 0.000150 0.000767 63.396894
6.569420 1527860839.387398 0.000144 0.000148 0.000769 63.381953
6.581873 1527860839.399852 0.000143 0.000150 0.000770 63.168209
6.594136 1527860839.412114 0.000143 0.000149 0.000771 63.003655
6.606950 1527860839.424928 0.000143 0.000147 0.000773 62.990565
6.619357 1527860839.437336 0.000144 0.000146 0.000774 62.698730
6.632207 1527860839.450185 0.000144 0.000147 0.000769 62.610818
6.644606 1527860839.462585 0.000142 0.000146 0.000770 62.703875
6.656567 1527860839.474545 0.000143 0.000147 0.000767 62.499212
6.668554 1527860839.486532 0.000141 0.000144 0.000778 62.291247
6.680525 1527860839.498504 0.000142 0.000143 0.000781 62.259801
6.693287 1527860839.511266 0.000141 0.000146 0.000775 62.281717
6.705784 1527860839.523763 0.000142 0.000149 0.000765 62.211489
6.718371 1527860839.536350 0.000142 0.000152 0.000763 62.107184
6.731160 1527860839.549139 0.000142 0.000150 0.000754 61.926495
6.743630 1527860839.561609 0.000142 0.000151 0.000753 61.515947
6.755946 1527860839.573925 0.000142 0.000150 0.000758 61.482203
6.768570 1527860839.586548 0.000142 0.000148 0.000754 61.328578
6.780981 1527860839.598960 0.000141 0.000150 0.000754 61.291701
6.794227 1527860839.612205 0.000142 0.000147 0.000757 61.441137
6.806358 1527860839.624337 0.000142 0.000151 0.000753 61.157502
6.819141 1527860839.637120 0.000141 0.000149 0.000753 61.138164
6.830980 1527860839.648958 0.000142 0.000149 0.000751 60.994943
6.843477 1527860839.661456 0.000142 0.000149 0.000750 60.868168
6.856911 1527860839.674890 0.000142 0.000146 0.000757 60.815487
6.869352 1527860839.687330 0.000141 0.000149 0.000751 60.640824
6.881920 1527860839.699898 0.000141 0.000147 0.000758 60.648016
6.893639 1527860839.711618 0.000141 0.000145 0.000758 60.698041
6.905631 1527860839.723610 0.000141 0.000146 0.000758 60.339334
6.919270 1527860839.737249 0.000141 0.000147 0.000751 60.247160
6.931613 1527860839.749592 0.000141 0.000145 0.000760 60.370801
6.943481 1527860839.761460 0.000141 0.000145 0.000759 60.329637
6.955508 1527860839.773486 0.000140 0.000147 0.000756 60.079335
6.968227 1527860839.786206 0.000140 0.000146 0.000755 60.141414
6.980573 1527860839.798551 0.000141 0.000146 0.000759 60.034645
6.993522 1527860839.811501 0.000140 0.000146 0.000759 60.031211
7.005845 1527860839.823824 0.000141 0.000145 0.000757 60.043930
7.018300 1527860839.836278 0.000141 0.000147 0.000750 60.029263
7.030728 1527860839.848706 0.000141 0.000147 0.000751 59.884764
7.043098 1527860839.861077 0.000141 0.000145 0.000755 59.826085
7.055555 1527860839.873534 0.000141 0.000145 0.000753 59.804429
7.068055 1527860839.886034 0.000141 0.000146 0.000748 59.594945
7.080450 1527860839.898428 0.000141 0.000145 0.000754 59.626690
7.092725 1527860839.910703 0.000141 0.000148 0.000739 59.267333
7.105520 1527860839.923499 0.000141 0.000149 0.000736 59.126215
7.118228 1527860839.936207 0.000140 0.000152 0.000731 58.630524
7.130469 1527860839.948448 0.000139 0.000156 0.000743 58.048473
7.143434 1527860839.961412 0.000139 0.000156 0.000748 57.752752
7.155762 1527860839.973740 0.000138 0.000153 0.000757 57.746377
7.169632 1527860839.987611 0.000137 0.000155 0.000748 57.603292
7.181932 1527860839.999911 0.000138 0.000155 0.000746 57.166441
7.193746 1527860840.011725 0.000138 0.000152 0.000745 57.091327
7.205852 1527860840.023831 0.000137 0.000152 0.000748 56.982570
7.218552 1527860840.036531 0.000138 0.000151 0.000747 56.866379
7.230627 1527860840.048605 0.000137 0.000150 0.000747 56.860851
7.243002 1527860840.060980 0.000136 0.000149 0.000750 56.812086
7.255615 1527860840.073594 0.000136 0.000149 0.000747 56.533503
7.268394 1527860840.086373 0.000137 0.000150 0.000750 56.202150
7.280641 1527860840.098620 0.000136 0.000147 0.000748 56.132197
7.294333 1527860840.112311 0.000135 0.000148 0.000748 56.008245
7.307690 1527860840.125668 0.000135 0.000148 0.000750 55.910544
7.319422 1527860840.137401 0.000135 0.000148 0.000753 55.886832
7.331650 1527860840.149629 0.000135 0.000147 0.000750 55.842693
7.343517 1527860840.161495 0.000134 0.000148 0.000749 55.769860
7.356735 1527860840.174713 0.000135 0.000147 0.000752 55.826179
7.369483 1527860840.187461 0.000135 0.000147 0.000750 55.847211
7.381468 1527860840.199447 0.000135 0.000148 0.000751 56.025036
7.393327 1527860840.211305 0.000136 0.000148 0.000750 55.994984
7.406792 1527860840.224771 0.000135 0.000149 0.000749 56.143033
7.418727 1527860840.236706 0.000135 0.000149 0.000748 56.238113
7.430956 1527860840.248935 0.000136 0.000147 0.000754 55.833395
7.443387 1527860840.261365 0.000133 0.000146 0.000754 55.832485
7.455788 1527860840.273767 0.000132 0.000144 0.000756 56.339141
7.468226 1527860840.286205 0.000124 0.000144 0.000763 58.103184
7.481076 1527860840.299055 0.000124 0.000145 0.000768 59.629802
7.494232 1527860840.312211 0.000122 0.000147 0.000778 61.052295
7.506413 1527860840.324391 0.000124 0.000148 0.000772 62.163187
7.519324 1527860840.337303 0.000124 0.000148 0.000773 62.682212
7.531082 1527860840.349060 0.000125 0.000149 0.000771 62.790444
7.544015 1527860840.361994 0.000127 0.000149 0.000767 62.820684
7.556592 1527860840.374571 0.000126 0.000149 0.000762 62.860050
7.568981 1527860840.386960 0.000126 0.000150 0.000756 63.002626
7.581477 1527860840.399455 0.000128 0.000148 0.000750 63.413334
7.594235 1527860840.412213 0.000128 0.000147 0.000757 63.701538
7.606344 1527860840.424323 0.000128 0.000146 0.000765 63.414472
7.618906 1527860840.436885 0.000128 0.000145 0.000761 62.923999
7.631454 1527860840.449433 0.000127 0.000145 0.000766 62.588070
7.644165 1527860840.462144 0.000126 0.000145 0.000768 62.411456
7.656398 1527860840.474377 0.000127 0.000144 0.000766 62.111890
7.669058 1527860840.487036 0.000126 0.000144 0.000768 61.979878
7.681835 1527860840.499813 0.000126 0.000143 0.000765 61.730367
7.694370 1527860840.512348 0.000125 0.000143 0.000773 61.506565
7.706573 1527860840.524551 0.000125 0.000142 0.000766 61.283080
7.718681 1527860840.536659 0.000125 0.000141 0.000765 61.124901
7.731558 1527860840.549537 0.000125 0.000142 0.000761 61.163212
7.744905 1527860840.562884 0.000125 0.000142 0.000764 61.173059
7.756515 1527860840.574494 0.000126 0.000141 0.000759 61.203742
7.769343 1527860840.587321 0.000125 0.000142 0.000757 61.277850
7.780890 1527860840.598868 0.000126 0.000141 0.000757 61.330146
7.793043 1527860840.611021 0.000126 0.000142 0.000758 61.413691
7.805665 1527860840.623644 0.000126 0.000142 0.000758 61.497603
7.818164 1527860840.636143 0.000126 0.000142 0.000756 61.625240
7.830816 1527860840.648794 0.000126 0.000142 0.000757 61.591087
7.843234 1527860840.661212 0.000126 0.000142 0.000757 61.680509
7.855545 1527860840.673523 0.000125 0.000142 0.000756 61.747650
7.868281 1527860840.686259 0.000127 0.000142 0.000755 61.718915
7.881561 1527860840.699540 0.000128 0.000143 0.000749 61.684441
7.893337 1527860840.711315 0.000127 0.000142 0.000752 61.715029
7.905837 1527860840.723815 0.000127 0.000143 0.000753 61.686823
7.918112 1527860840.736091 0.000128 0.000142 0.000750 61.676199
7.930950 1527860840.748928 0.000128 0.000143 0.000749 61.638524
7.943326 1527860840.761304 0.000128 0.000143 0.000747 61.675191
7.955669 1527860840.773647 0.000129 0.000142 0.000753 61.673525
7.969928 1527860840.787906 0.000127 0.000142 0.000751 61.641594
7.982474 1527860840.800453 0.000128 0.000143 0.000748 61.652473
7.994251 1527860840.812229 0.000128 0.000143 0.000749 61.668604
8.007098 1527860840.825077 0.000129 0.000143 0.000750 61.578766
8.019441 1527860840.837420 0.000130 0.000142 0.000754 61.438544
8.031949 1527860840.849928 0.000129 0.000143 0.000749 61.543377
8.044010 1527860840.861988 0.000129 0.000143 0.000754 61.501224
8.056083 1527860840.874062 0.000130 0.000143 0.000748 61.380069
8.068695 1527860840.886673 0.000130 0.000143 0.000754 61.273201
8.080848 1527860840.898827 0.000129 0.000143 0.000756 61.393289
8.093534 1527860840.911512 0.000127 0.000143 0.000755 61.401246
8.105775 1527860840.923754 0.000128 0.000143 0.000753 61.354769
8.118209 1527860840.936187 0.000130 0.000144 0.000754 61.268772
8.131142 1527860840.949120 0.000130 0.000143 0.000756 61.190813
8.143940 1527860840.961918 0.000129 0.000143 0.000754 61.355763
8.157067 1527860840.975045 0.000128 0.000143 0.000759 61.395937
8.169766 1527860840.987744 0.000130 0.000143 0.000753 61.289506
8.181990 1527860840.999969 0.000130 0.000144 0.000754 61.266639
8.193878 1527860841.011857 0.000131 0.000143 0.000754 61.295853
8.206181 1527860841.024160 0.000131 0.000144 0.000755 61.318178
8.218349 1527860841.036328 0.000131 0.000144 0.000752 61.275125
8.231446 1527860841.049425 0.000132 0.000144 0.000753 60.989098
8.243516 1527860841.061494 0.000130 0.000144 0.000753 61.271825
8.256087 1527860841.074065 0.000131 0.000144 0.000752 61.198331
8.269408 1527860841.087387 0.000132 0.000145 0.000750 61.120805
8.282205 1527860841.100184 0.000131 0.000144 0.000750 61.249492
8.294729 1527860841.112707 0.000130 0.000144 0.000755 61.381792
8.307070 1527860841.125049 0.000131 0.000144 0.000751 61.326092
8.318927 1527860841.136906 0.000131 0.000144 0.000753 61.338238
8.331308 1527860841.149287 0.000131 0.000144 0.000748 61.328825
8.343556 1527860841.161535 0.000131 0.000144 0.000750 61.374285
8.357335 1527860841.175314 0.000131 0.000144 0.000753 61.404140
8.369489 1527860841.187468 0.000133 0.000145 0.000747 61.338058
8.381691 1527860841.199670 0.000132 0.000144 0.000748 61.371985
8.393489 1527860841.211468 0.000133 0.000144 0.000747 61.226972
8.405737 1527860841.223715 0.000132 0.000144 0.000743 61.182213
8.418133 1527860841.236112 0.000131 0.000144 0.000753 61.395702
8.430885 1527860841.248864 0.000127 0.000147 0.000769 62.282013
8.443276 1527860841.261255 0.000128 0.000152 0.000773 63.269911
8.455566 1527860841.273545 0.000128 0.000156 0.000781 64.050513
8.468118 1527860841.286097 0.000134 0.000159 0.000779 64.494160
8.480734 1527860841.298713 0.000135 0.000160 0.000776 65.027139
8.493169 1527860841.311148 0.000136 0.000161 0.000760 65.255352
8.505727 1527860841.323705 0.000142 0.000162 0.000747 65.051756
8.518177 1527860841.336156 0.000141 0.000163 0.000740 65.136568
8.530725 1527860841.348704 0.000142 0.000163 0.000732 65.435347
8.543289 1527860841.361267 0.000140 0.000166 0.000726 66.141472
8.555696 1527860841.373675 0.000103 0.000172 0.000722 68.850235
8.568145 1527860841.386124 0.000141 0.000176 0.000717 67.504744
8.580848 1527860841.398826 0.000139 0.000182 0.000724 68.441694
8.593283 1527860841.411262 0.000138 0.000181 0.000743 69.134498
8.605906 1527860841.423885 0.000139 0.000177 0.000774 69.455667
8.618338 1527860841.436316 0.000092 0.000168 0.000803 71.943610
8.630950 1527860841.448929 0.000096 0.000159 0.000813 71.965095
8.643529 1527860841.461508 0.000108 0.000153 0.000787 72.383392
8.655571 1527860841.473550 0.000119 0.000153 0.000795 73.692304
8.668593 1527860841.486572 0.000137 0.000144 0.000813 73.799483
8.680818 1527860841.498796 0.000092 0.000147 0.000840 73.313629
8.693337 1527860841.511316 0.000108 0.000155 0.000852 75.014469
8.705962 1527860841.523940 0.000124 0.000164 0.000867 76.313233
8.718255 1527860841.536233 0.000125 0.000176 0.000882 76.842011
8.730906 1527860841.548885 0.000120 0.000166 0.000917 77.354068
8.743375 1527860841.561353 0.000107 0.000162 0.000946 77.870412
8.756037 1527860841.574016 0.000101 0.000163 0.000977 79.223485
8.768381 1527860841.586359 0.000097 0.000156 0.001044 81.456915
8.781060 1527860841.599038 0.000097 0.000151 0.001092 83.943370
8.793427 1527860841.611405 0.000094 0.000147 0.001141 86.312666
8.806238 1527860841.624216 0.000091 0.000140 0.001160 88.276494
8.818424 1527860841.636402 0.000097 0.000137 0.001194 90.292857
8.831080 1527860841.649059 0.000105 0.000133 0.001177 92.217761
8.843999 1527860841.661977 0.000104 0.000126 0.001125 93.390625
8.857296 1527860841.675275 0.000099 0.000124 0.001056 93.950954
8.869956 1527860841.687935 0.000103 0.000122 0.001006 95.258181
8.880950 1527860841.698928 0.000105 0.000123 0.000969 96.694537
8.893523 1527860841.711501 0.000110 0.000122 0.000931 98.536009
8.907102 1527860841.725081 0.000112 0.000123 0.000905 99.890101
8.919496 1527860841.737474 0.000112 0.000123 0.000895 100.831493
8.932423 1527860841.750401 0.000113 0.000126 0.000882 101.236400
8.944766 1527860841.762745 0.000112 0.000126 0.000880 101.404637
8.957147 1527860841.775126 0.000112 0.000127 0.000879 101.388527
8.969819 1527860841.787798 0.000113 0.000124 0.000884 101.340970
8.981972 1527860841.799951 0.000114 0.000124 0.000886 101.228180
8.994503 1527860841.812481 0.000113 0.000126 0.000882 101.003362
9.007229 1527860841.825208 0.000105 0.000125 0.000897 100.597923
9.019668 1527860841.837647 0.000109 0.000123 0.000902 101.101436
9.032735 1527860841.850713 0.000108 0.000124 0.000912 101.626449
9.044689 1527860841.862668 0.000108 0.000126 0.000912 103.140845
9.057069 1527860841.875047 0.000097 0.000130 0.000866 104.533018
9.070104 1527860841.888083 0.000105 0.000126 0.000921 108.693026
9.081221 1527860841.899200 0.000105 0.000130 0.000923 111.262306
9.093705 1527860841.911684 0.000105 0.000133 0.000937 112.653370
9.105798 1527860841.923776 0.000105 0.000134 0.000964 112.899864
9.118345 1527860841.936324 0.000105 0.000134 0.000975 112.737245
9.130727 1527860841.948705 0.000103 0.000137 0.000979 112.515174
9.143098 1527860841.961076 0.000101 0.000135 0.000974 112.605485
9.155779 1527860841.973757 0.000099 0.000135 0.000974 112.501819
9.168247 1527860841.986226 0.000097 0.000134 0.000966 112.672638
9.181557 1527860841.999536 0.000099 0.000134 0.000965 113.034013
9.194245 1527860842.012223 0.000100 0.000135 0.000959 113.347599
9.206901 1527860842.024879 0.000102 0.000134 0.000963 113.365331
9.219145 1527860842.037124 0.000100 0.000133 0.000964 113.448360
9.231653 1527860842.049632 0.000101 0.000132 0.000965 113.578551
9.244013 1527860842.061991 0.000103 0.000132 0.000959 113.672485
9.257231 1527860842.075209 0.000103 0.000132 0.000954 113.472780
9.269664 1527860842.087642 0.000103 0.000132 0.000947 113.658457
9.281668 1527860842.099647 0.000102 0.000131 0.000948 113.520416
9.293552 1527860842.111531 0.000103 0.000132 0.000951 113.435961
9.306205 1527860842.124184 0.000100 0.000130 0.000954 113.378915
9.318475 1527860842.136454 0.000102 0.000129 0.000948 113.197462
9.331376 1527860842.149355 0.000101 0.000130 0.000955 112.950359
9.344049 1527860842.162028 0.000102 0.000132 0.000951 112.506026
9.355950 1527860842.173928 0.000102 0.000131 0.000948 111.265531
9.368624 1527860842.186603 0.000107 0.000133 0.000906 109.394377
9.381072 1527860842.199050 0.000112 0.000141 0.000866 106.800874
9.394700 1527860842.212679 0.000123 0.000144 0.000811 104.068379
9.407253 1527860842.225232 0.000127 0.000146 0.000769 100.781520
9.420044 1527860842.238023 0.000131 0.000142 0.000768 98.982415
9.432325 1527860842.250304 0.000133 0.000140 0.000738 96.875055
9.443886 1527860842.261865 0.000134 0.000143 0.000732 95.918513
9.456400 1527860842.274379 0.000128 0.000146 0.000744 95.189743
9.468950 1527860842.286929 0.000129 0.000146 0.000749 94.556126
9.481507 1527860842.299485 0.000124 0.000146 0.000758 94.219280
9.493973 1527860842.311951 0.000126 0.000144 0.000757 93.888341
9.506406 1527860842.324384 0.000125 0.000143 0.000765 93.533456
9.518969 1527860842.336947 0.000127 0.000142 0.000773 93.115969
9.531624 1527860842.349603 0.000122 0.000140 0.000781 92.789097
9.543773 1527860842.361752 0.000124 0.000139 0.000787 92.707835
9.556563 1527860842.374542 0.000124 0.000138 0.000790 92.531580
9.570156 1527860842.388135 0.000124 0.000137 0.000791 92.212312
9.582785 1527860842.400763 0.000123 0.000137 0.000796 92.300748
9.594558 1527860842.412537 0.000124 0.000139 0.000794 91.942168
9.607138 1527860842.425116 0.000124 0.000138 0.000798 91.926511
9.620017 1527860842.437996 0.000123 0.000138 0.000801 91.841083
9.633180 1527860842.451158 0.000122 0.000138 0.000800 91.862928
9.644789 1527860842.462768 0.000122 0.000137 0.000803 91.862114
9.657806 1527860842.475784 0.000122 0.000139 0.000800 91.718320
9.669378 1527860842.487356 0.000119 0.000140 0.000803 91.647431
9.681804 1527860842.499782 0.000120 0.000139 0.000802 91.605931
9.694281 1527860842.512259 0.000122 0.000139 0.000800 91.573914
9.706601 1527860842.524580 0.000122 0.000140 0.000797 91.580330
9.719581 1527860842.537560 0.000118 0.000138 0.000806 91.456348
9.732234 1527860842.550212 0.000119 0.000139 0.000807 91.455890
9.744681 1527860842.562659 0.000123 0.000139 0.000807 91.542343
9.757456 1527860842.575434 0.000122 0.000139 0.000807 91.333840
9.769761 1527860842.587740 0.000121 0.000138 0.000805 91.140927
9.782363 1527860842.600342 0.000121 0.000139 0.000813 91.130870
9.794647 1527860842.612626 0.000121 0.000139 0.000813 91.028266
9.807551 1527860842.625529 0.000121 0.000140 0.000806 90.835668
9.819492 1527860842.637471 0.000121 0.000139 0.000812 90.875060
9.832255 1527860842.650234 0.000118 0.000139 0.000823 90.929012
9.843789 1527860842.661767 0.000120 0.000139 0.000818 90.825902
9.856199 1527860842.674178 0.000120 0.000138 0.000813 90.574674
9.868497 1527860842.686476 0.000121 0.000139 0.000822 90.658423
9.881173 1527860842.699151 0.000118 0.000139 0.000822 90.332081
9.893584 1527860842.711563 0.000119 0.000139 0.000827 90.356245
9.906407 1527860842.724386 0.000120 0.000139 0.000829 90.294887
9.918893 1527860842.736871 0.000120 0.000134 0.000845 89.905470
9.931931 1527860842.749909 0.000120 0.000128 0.000864 89.447671
9.944434 1527860842.762413 0.000119 0.000128 0.000877 89.204440
9.957287 1527860842.775266 0.000117 0.000129 0.000901 89.110580
9.969676 1527860842.787655 0.000113 0.000129 0.000910 88.531889
9.981738 1527860842.799717 0.000108 0.000127 0.000924 88.008060
9.994192 1527860842.812170 0.000109 0.000128 0.000930 87.842923
10.006448 1527860842.824427 0.000108 0.000126 0.000937 87.726055
10.018780 1527860842.836759 0.000111 0.000125 0.000928 87.473585
10.031203 1527860842.849182 0.000111 0.000124 0.000924 87.263157
10.045005 1527860842.862984 0.000111 0.000125 0.000929 87.337139
10.056350 1527860842.874329 0.000112 0.000125 0.000924 87.418262
10.069907 1527860842.887885 0.000113 0.000124 0.000924 87.511112
10.082131 1527860842.900109 0.000110 0.000124 0.000925 87.720200
10.094507 1527860842.912486 0.000113 0.000123 0.000920 87.693020
10.106344 1527860842.924323 0.000111 0.000126 0.000918 87.846630
10.119004 1527860842.936982 0.000112 0.000126 0.000913 87.794100
10.131500 1527860842.949478 0.000112 0.000128 0.000914 87.951665
10.144056 1527860842.962035 0.000112 0.000125 0.000915 87.817070
10.156585 1527860842.974564 0.000112 0.000125 0.000914 87.678789
10.169295 1527860842.987273 0.000111 0.000124 0.000921 87.697163
10.181755 1527860842.999734 0.000112 0.000124 0.000921 87.648052
10.194313 1527860843.012292 0.000110 0.000125 0.000918 87.541575
10.206753 1527860843.024731 0.000111 0.000124 0.000918 87.515473
10.219319 1527860843.037298 0.000111 0.000123 0.000923 87.617708
10.231668 1527860843.049647 0.000112 0.000124 0.000923 87.750485
10.244103 1527860843.062082 0.000111 0.000124 0.000922 87.770681
10.256890 1527860843.074868 0.000113 0.000123 0.000922 87.854307
10.269098 1527860843.087076 0.000114 0.000121 0.000921 88.139109
10.281669 1527860843.099648 0.000114 0.000122 0.000914 88.943022
10.293992 1527860843.111971 0.000116 0.000124 0.000900 90.586530
10.307097 1527860843.125076 0.000115 0.000133 0.000862 92.374720
10.319481 1527860843.137460 0.000116 0.000143 0.000826 93.849205
10.331932 1527860843.149911 0.000118 0.000156 0.000806 93.393882
10.344471 1527860843.162450 0.000120 0.000168 0.000812 91.702076
10.357116 1527860843.175095 0.000120 0.000179 0.000821 89.043741
10.369512 1527860843.187490 0.000121 0.000185 0.000816 86.090976
10.381460 1527860843.199439 0.000122 0.000185 0.000807 83.422906
10.394011 1527860843.211989 0.000119 0.000186 0.000820 81.705452
10.406384 1527860843.224363 0.000119 0.000187 0.000811 80.168271
10.418857 1527860843.236835 0.000118 0.000188 0.000814 79.190031
10.431395 1527860843.249374 0.000117 0.000186 0.000815 78.382800
10.443663 1527860843.261642 0.000115 0.000185 0.000822 77.899432
10.456720 1527860843.274699 0.000116 0.000186 0.000824 77.857866
10.468918 1527860843.286897 0.000116 0.000185 0.000821 77.589804
10.482001 1527860843.299980 0.000114 0.000185 0.000826 77.545916
10.494119 1527860843.312098 0.000114 0.000184 0.000826 77.544566
10.507004 1527860843.324983 0.000116 0.000187 0.000819 77.689765
10.520216 1527860843.338195 0.000113 0.000184 0.000819 77.585964
10.533043 1527860843.351022 0.000114 0.000184 0.000817 77.393667
10.545390 1527860843.363368 0.000115 0.000187 0.000815 77.486253
10.557704 1527860843.375683 0.000116 0.000185 0.000809 77.203906
10.568952 1527860843.386930 0.000112 0.000185 0.000816 76.925063
10.581146 1527860843.399124 0.000114 0.000184 0.000810 76.526472
10.593563 1527860843.411541 0.000113 0.000183 0.000819 76.329009
10.606230 1527860843.424209 0.000113 0.000182 0.000821 76.300453
10.619912 1527860843.437890 0.000113 0.000182 0.000819 76.200142
10.631138 1527860843.449117 0.000114 0.000182 0.000817 76.178012
10.643855 1527860843.461833 0.000114 0.000183 0.000814 76.203929
10.655965 1527860843.473943 0.000114 0.000182 0.000817 76.252778
10.668755 1527860843.486734 0.000113 0.000182 0.000819 76.120215
10.682792 1527860843.500771 0.000112 0.000181 0.000827 76.084009
10.695212 1527860843.513191 0.000113 0.000182 0.000821 76.063467
10.707615 1527860843.525594 0.000112 0.000182 0.000817 75.760743
10.720832 1527860843.538810 0.000111 0.000182 0.000812 75.272251
10.732697 1527860843.550675 0.000115 0.000183 0.000795 74.372343
10.743926 1527860843.561904 0.000120 0.000185 0.000779 73.097301
10.756337 1527860843.574316 0.000121 0.000186 0.000788 71.283953
10.769142 1527860843.587121 0.000128 0.000191 0.000778 68.931721
10.781619 1527860843.599597 0.000133 0.000194 0.000763 66.248396
10.793873 1527860843.611852 0.000137 0.000196 0.000756 64.295374
10.806389 1527860843.624368 0.000137 0.000193 0.000745 62.638391
10.819043 1527860843.637021 0.000136 0.000186 0.000752 61.583437
10.831465 1527860843.649444 0.000124 0.000180 0.000762 61.496181
10.845331 1527860843.663310 0.000137 0.000178 0.000761 60.300627
10.856580 1527860843.674559 0.000122 0.000174 0.000776 60.817082
10.869982 1527860843.687960 0.000122 0.000172 0.000767 60.656222
10.882451 1527860843.700429 0.000121 0.000172 0.000771 60.740456
10.894943 1527860843.712922 0.000121 0.000173 0.000772 60.803617
10.907482 1527860843.725461 0.000122 0.000173 0.000762 60.607274
10.919165 1527860843.737144 0.000121 0.000174 0.000763 60.982121
10.931134 1527860843.749112 0.000121 0.000174 0.000759 60.879259
10.943792 1527860843.761770 0.000122 0.000175 0.000754 60.817817
10.956007 1527860843.773986 0.000121 0.000172 0.000754 60.849867
10.968930 1527860843.786909 0.000121 0.000174 0.000756 60.860306
10.982610 1527860843.800589 0.000120 0.000173 0.000759 60.651178
10.995009 1527860843.812988 0.000120 0.000172 0.000759 60.436511
11.007966 1527860843.825945 0.000119 0.000171 0.000761 60.285556
11.020253 1527860843.838231 0.000119 0.000169 0.000766 60.083845
11.031950 1527860843.849929 0.000119 0.000167 0.000767 59.664760
11.043903 1527860843.861881 0.000118 0.000166 0.000762 59.168934
11.056373 1527860843.874352 0.000130 0.000165 0.000760 58.220255
11.069056 1527860843.887035 0.000128 0.000164 0.000769 58.146109
11.081608 1527860843.899586 0.000127 0.000165 0.000769 57.840874
11.093866 1527860843.911844 0.000116 0.000162 0.000775 58.452763
11.106606 1527860843.924585 0.000129 0.000163 0.000777 57.595967
11.119088 1527860843.937067 0.000126 0.000160 0.000781 57.731659
11.132395 1527860843.950374 0.000125 0.000162 0.000780 57.579279
11.145097 1527860843.963076 0.000114 0.000159 0.000792 58.264265
11.157718 1527860843.975697 0.000128 0.000162 0.000781 57.061211
11.170659 1527860843.988638 0.000115 0.000160 0.000787 57.682859
11.181520 1527860843.999499 0.000126 0.000157 0.000793 57.044762
11.193593 1527860844.011572 0.000121 0.000156 0.000793 56.922866
11.205899 1527860844.023878 0.000117 0.000157 0.000800 56.974850
11.218525 1527860844.036504 0.000111 0.000159 0.000794 57.752969
11.231056 1527860844.049035 0.000092 0.000166 0.000796 59.810461
11.243459 1527860844.061438 0.000100 0.000167 0.000795 61.042811
11.256072 1527860844.074050 0.000099 0.000172 0.000804 62.410806
11.268617 1527860844.086596 0.000098 0.000175 0.000812 63.372354
11.281433 1527860844.099412 0.000098 0.000177 0.000814 63.806724
11.293808 1527860844.111787 0.000098 0.000179 0.000811 64.086296
11.306155 1527860844.124134 0.000097 0.000179 0.000810 64.332699
11.318622 1527860844.136600 0.000081 0.000177 0.000818 65.172078
11.331521 1527860844.149499 0.000083 0.000179 0.000809 65.019323
11.343921 1527860844.161899 0.000083 0.000180 0.000808 65.056373
11.356201 1527860844.174180 0.000096 0.000179 0.000801 64.739020
11.368729 1527860844.186707 0.000083 0.000179 0.000806 65.151507
11.381298 1527860844.199277 0.000096 0.000179 0.000799 64.522153
11.393933 1527860844.211911 0.000083 0.000178 0.000812 64.994834
11.406257 1527860844.224236 0.000095 0.000178 0.000808 64.579702
11.418676 1527860844.236655 0.000096 0.000179 0.000804 64.553143
11.431384 1527860844.249363 0.000082 0.000179 0.000810 64.997005
11.443674 1527860844.261652 0.000096 0.000178 0.000806 64.607068
11.456030 1527860844.274008 0.000099 0.000180 0.000799 64.418496
11.468850 1527860844.286829 0.000097 0.000179 0.000799 64.448145
11.481285 1527860844.299263 0.000082 0.000177 0.000811 64.953629
11.493790 1527860844.311768 0.000097 0.000179 0.000802 64.458489
11.506186 1527860844.324165 0.000098 0.000180 0.000799 64.485662
11.518629 1527860844.336608 0.000097 0.000179 0.000802 64.491242
11.531444 1527860844.349422 0.000096 0.000179 0.000799 64.409336
11.543689 1527860844.361667 0.000082 0.000179 0.000806 64.811266
11.556135 1527860844.374114 0.000096 0.000178 0.000804 64.355850
11.568855 1527860844.386834 0.000095 0.000178 0.000802 64.343125
11.581203 1527860844.399182 0.000095 0.000179 0.000806 64.310505
11.593931 1527860844.411910 0.000095 0.000179 0.000800 64.248348
11.606357 1527860844.424335 0.000096 0.000178 0.000796 64.272470
11.618788 1527860844.436766 0.000082 0.000179 0.000801 64.814996
11.631459 1527860844.449437 0.000096 0.000178 0.000792 64.391195
11.643920 1527860844.461899 0.000096 0.000178 0.000796 64.382943
11.658161 1527860844.476140 0.000097 0.000181 0.000799 64.480513
11.670264 1527860844.488243 0.000096 0.000179 0.000808 64.258605
11.682549 1527860844.500528 0.000098 0.000178 0.000805 63.927192
11.694888 1527860844.512867 0.000101 0.000175 0.000807 63.371164
11.707634 1527860844.525613 0.000093 0.000175 0.000819 62.438874
11.720218 1527860844.538197 0.000110 0.000170 0.000825 60.750841
11.732746 1527860844.550724 0.000108 0.000167 0.000836 60.068205
11.744375 1527860844.562354 0.000096 0.000165 0.000826 60.208607
11.756583 1527860844.574562 0.000096 0.000164 0.000815 59.958622
11.769094 1527860844.587072 0.000108 0.000164 0.000817 59.319086
11.781706 1527860844.599684 0.000096 0.000164 0.000819 60.145047
11.794422 1527860844.612401 0.000108 0.000166 0.000813 59.770884
11.806667 1527860844.624645 0.000096 0.000166 0.000819 60.553111
11.819488 1527860844.637466 0.000096 0.000167 0.000818 60.613066
11.831612 1527860844.649591 0.000096 0.000167 0.000822 60.579159
11.844413 1527860844.662392 0.000096 0.000166 0.000819 60.589578
11.856985 1527860844.674964 0.000095 0.000166 0.000826 60.606875
11.869102 1527860844.687081 0.000108 0.000166 0.000822 59.978059
11.881843 1527860844.699822 0.000109 0.000166 0.000813 59.677332
11.894195 1527860844.712173 0.000108 0.000165 0.000812 59.396137
11.907585 1527860844.725564 0.000108 0.000164 0.000808 59.316246
11.920164 1527860844.738143 0.000108 0.000163 0.000807 59.112163
11.932648 1527860844.750627 0.000095 0.000163 0.000808 59.554663
11.944864 1527860844.762842 0.000109 0.000163 0.000799 58.659097
11.956935 1527860844.774913 0.000109 0.000162 0.000807 58.679384
11.969384 1527860844.787363 0.000108 0.000161 0.000804 58.612847
11.981474 1527860844.799453 0.000109 0.000162 0.000798 58.535060
11.993995 1527860844.811974 0.000095 0.000161 0.000808 59.407197
12.006899 1527860844.824878 0.000108 0.000161 0.000805 58.800267
12.020484 1527860844.838463 0.000106 0.000161 0.000804 58.855197
12.032948 1527860844.850926 0.000109 0.000163 0.000800 58.731082
12.045194 1527860844.863172 0.000105 0.000163 0.000802 58.849301
12.057197 1527860844.875175 0.000106 0.000163 0.000803 58.869734
12.069433 1527860844.887411 0.000108 0.000164 0.000797 58.730479
12.081566 1527860844.899544 0.000108 0.000163 0.000797 58.712735
12.093959 1527860844.911937 0.000109 0.000163 0.000799 58.669517
12.106723 1527860844.924702 0.000107 0.000162 0.000801 58.763535
12.119040 1527860844.937018 0.000109 0.000163 0.000793 58.588073
12.131600 1527860844.949579 0.000108 0.000162 0.000798 58.562729
12.144262 1527860844.962241 0.000105 0.000162 0.000795 58.648694
12.157854 1527860844.975832 0.000108 0.000162 0.000796 58.504196
12.170364 1527860844.988343 0.000107 0.000163 0.000795 58.501481
12.182709 1527860845.000687 0.000108 0.000161 0.000797 58.497898
12.194698 1527860845.012676 0.000107 0.000162 0.000797 58.490923
12.208486 1527860845.026464 0.000106 0.000162 0.000797 58.492818
12.219268 1527860845.037247 0.000106 0.000165 0.000797 58.590444
12.231809 1527860845.049787 0.000108 0.000164 0.000795 58.805080
12.244314 1527860845.062293 0.000107 0.000168 0.000788 59.248005
12.256534 1527860845.074512 0.000108 0.000169 0.000790 59.640915
12.269300 1527860845.087278 0.000094 0.000170 0.000791 60.783586
12.281868 1527860845.099846 0.000097 0.000174 0.000785 61.127255
12.294807 1527860845.112786 0.000112 0.000174 0.000789 60.834418
12.307066 1527860845.125045 0.000111 0.000172 0.000796 60.732867
12.319387 1527860845.137366 0.000105 0.000166 0.000810 61.022768
12.331967 1527860845.149946 0.000105 0.000160 0.000810 61.205497
12.344463 1527860845.162441 0.000103 0.000158 0.000811 61.109872
12.356899 1527860845.174877 0.000100 0.000156 0.000819 61.282479
12.369318 1527860845.187296 0.000102 0.000161 0.000808 61.361071
12.382161 1527860845.200140 0.000101 0.000161 0.000808 61.548221
12.395904 1527860845.213883 0.000103 0.000160 0.000812 61.974991
12.407961 1527860845.225940 0.000102 0.000158 0.000808 62.522722
12.419978 1527860845.237957 0.000103 0.000161 0.000804 63.558504
12.432429 1527860845.250408 0.000102 0.000160 0.000811 64.949915
12.444122 1527860845.262100 0.000099 0.000161 0.000822 67.116835
12.457829 1527860845.275807 0.000095 0.000161 0.000844 70.520007
12.470360 1527860845.288339 0.000093 0.000166 0.000858 74.188666
12.482701 1527860845.300680 0.000090 0.000166 0.000903 78.325375
12.495514 1527860845.313493 0.000089 0.000166 0.000948 82.166905
12.507560 1527860845.325538 0.000086 0.000159 0.001017 85.363034
12.520539 1527860845.338517 0.000088 0.000164 0.001027 88.324870
12.532291 1527860845.350270 0.000092 0.000161 0.001017 91.012596
12.544403 1527860845.362381 0.000099 0.000155 0.000978 94.501547
12.556847 1527860845.374825 0.000103 0.000150 0.000972 98.051663
12.569351 1527860845.387330 0.000112 0.000142 0.000962 102.883618
12.581630 1527860845.399609 0.000116 0.000135 0.000954 106.416048
12.595220 1527860845.413198 0.000116 0.000130 0.000950 109.165992
12.607689 1527860845.425667 0.000116 0.000129 0.000946 110.154304
12.620389 1527860845.438368 0.000116 0.000129 0.000924 110.963799
12.632823 1527860845.450801 0.000114 0.000129 0.000947 111.514988
12.644651 1527860845.462630 0.000118 0.000127 0.000948 111.971321
12.656592 1527860845.474571 0.000116 0.000128 0.000945 112.267179
12.669317 1527860845.487296 0.000117 0.000126 0.000951 112.623756
12.681737 1527860845.499716 0.000114 0.000127 0.000940 112.560273
12.694372 1527860845.512351 0.000113 0.000127 0.000956 112.561372
12.706779 1527860845.524758 0.000113 0.000127 0.000936 112.184274
12.720739 1527860845.538717 0.000112 0.000127 0.000940 111.655119
12.732879 1527860845.550858 0.000114 0.000126 0.000935 111.633773
12.745167 1527860845.563146 0.000113 0.000130 0.000913 111.401830
12.757170 1527860845.575149 0.000109 0.000133 0.000885 110.952476
12.769004 1527860845.586982 0.000105 0.000137 0.000892 110.986904
12.781358 1527860845.599337 0.000106 0.000137 0.000902 111.386706
12.793669 1527860845.611648 0.000101 0.000137 0.000925 111.337916
12.806259 1527860845.624238 0.000096 0.000136 0.000914 111.536170
12.818814 1527860845.636793 0.000100 0.000135 0.000927 111.798445
12.831453 1527860845.649432 0.000099 0.000135 0.000923 111.995988
12.843926 1527860845.661904 0.000097 0.000137 0.000920 112.076994
12.856435 1527860845.674413 0.000098 0.000138 0.000915 112.187813
12.868956 1527860845.686935 0.000100 0.000136 0.000918 112.301880
12.881597 1527860845.699575 0.000100 0.000135 0.000922 112.308110
12.894004 1527860845.711982 0.000100 0.000134 0.000921 112.341948
12.906416 1527860845.724395 0.000098 0.000134 0.000921 111.911197
12.919291 1527860845.737270 0.000100 0.000133 0.000915 111.898125
12.931775 1527860845.749753 0.000099 0.000133 0.000922 111.706247
12.943838 1527860845.761817 0.000098 0.000133 0.000920 111.574054
12.956774 1527860845.774753 0.000100 0.000132 0.000924 111.390615
12.969122 1527860845.787101 0.000099 0.000132 0.000918 111.383971
12.981522 1527860845.799501 0.000098 0.000132 0.000920 111.223396
12.993956 1527860845.811934 0.000099 0.000130 0.000931 111.133741
13.008200 1527860845.826179 0.000100 0.000132 0.000925 111.121877
13.020130 1527860845.838109 0.000096 0.000132 0.000910 111.117554
13.032839 1527860845.850817 0.000097 0.000131 0.000922 110.770634
13.045283 1527860845.863261 0.000094 0.000131 0.000912 110.789983
13.058136 1527860845.876115 0.000099 0.000132 0.000924 110.694710
13.070500 1527860845.888479 0.000094 0.000131 0.000918 110.620601
13.082910 1527860845.900888 0.000097 0.000130 0.000923 110.689073
13.094687 1527860845.912665 0.000099 0.000133 0.000926 110.521991
13.106412 1527860845.924391 0.000097 0.000130 0.000928 110.296742
13.119358 1527860845.937337 0.000098 0.000132 0.000921 110.281712
13.131710 1527860845.949688 0.000098 0.000131 0.000921 110.119117
13.144119 1527860845.962097 0.000098 0.000131 0.000922 109.991190
13.156886 1527860845.974865 0.000100 0.000131 0.000922 109.772138
13.169340 1527860845.987318 0.000100 0.000131 0.000923 109.742983
13.181826 1527860845.999805 0.000097 0.000130 0.000924 109.424415
13.193918 1527860846.011897 0.000099 0.000131 0.000930 109.146296
13.206513 1527860846.024492 0.000099 0.000131 0.000926 109.166083
13.219458 1527860846.037437 0.000097 0.000131 0.000923 108.881956
13.231674 1527860846.049653 0.000099 0.000130 0.000934 108.925920
13.244891 1527860846.062870 0.000097 0.000132 0.000929 108.752738
13.257215 1527860846.075194 0.000097 0.000131 0.000930 108.667512
13.269681 1527860846.087659 0.000098 0.000130 0.000933 108.599686
13.281895 1527860846.099874 0.000097 0.000131 0.000925 108.560809
13.294291 1527860846.112269 0.000094 0.000130 0.000922 108.306284
13.306854 1527860846.124833 0.000096 0.000130 0.000933 108.228023
13.320564 1527860846.138543 0.000097 0.000131 0.000934 108.515372
13.332578 1527860846.150556 0.000098 0.000132 0.000925 108.469507
13.344236 1527860846.162215 0.000100 0.000131 0.000932 108.294881
13.356412 1527860846.174391 0.000096 0.000130 0.000934 108.184990
13.368838 1527860846.186816 0.000097 0.000130 0.000938 108.069829
13.381778 1527860846.199757 0.000094 0.000131 0.000922 108.100999
13.395591 1527860846.213569 0.000094 0.000131 0.000930 108.026880
13.407996 1527860846.225975 0.000099 0.000130 0.000938 108.138971
13.420600 1527860846.238579 0.000098 0.000131 0.000941 107.981607
13.432038 1527860846.250016 0.000097 0.000130 0.000934 108.052412
