-4.214581 1528487227.718312 0.000133 0.000190 0.000698 50.053266
-4.163194 1528487227.769698 0.000132 0.000189 0.000580 48.510798
-4.151675 1528487227.781218 0.000132 0.000191 0.000574 47.923163
-4.141249 1528487227.791643 0.000133 0.000188 0.000700 50.226418
-4.130054 1528487227.802839 0.000133 0.000195 0.000700 50.046911
-4.118322 1528487227.814571 0.000132 0.000191 0.000582 48.341124
-4.105801 1528487227.827092 0.000133 0.000187 0.000703 50.464553
-4.093539 1528487227.839353 0.000132 0.000191 0.000581 48.180122
-4.081042 1528487227.851851 0.000132 0.000193 0.000577 47.886247
-4.068577 1528487227.864315 0.000133 0.000193 0.000699 50.005005
-4.055423 1528487227.877469 0.000132 0.000189 0.000702 50.297582
-4.042397 1528487227.890496 0.000133 0.000194 0.000580 47.991165
-4.029975 1528487227.902917 0.000132 0.000191 0.000581 48.329967
-4.017302 1528487227.915591 0.000132 0.000192 0.000577 48.132993
-4.005025 1528487227.927868 0.000133 0.000197 0.000573 47.521799
-3.991946 1528487227.940946 0.000133 0.000191 0.000697 50.116694
-3.979492 1528487227.953401 0.000133 0.000190 0.000696 50.191049
-3.967291 1528487227.965602 0.000133 0.000192 0.000579 47.625444
-3.954877 1528487227.978015 0.000132 0.000189 0.000593 47.445777
-3.942533 1528487227.990360 0.000133 0.000197 0.000599 46.670764
-3.930850 1528487228.002042 0.000134 0.000193 0.000602 46.453201
-3.918192 1528487228.014701 0.000134 0.000191 0.000608 46.505404
-3.905433 1528487228.027459 0.000133 0.000187 0.000607 46.657281
-3.892172 1528487228.040720 0.000134 0.000191 0.000609 46.375882
-3.879511 1528487228.053381 0.000133 0.000188 0.000612 46.659271
-3.867211 1528487228.065682 0.000133 0.000194 0.000610 45.989952
-3.854481 1528487228.078411 0.000133 0.000191 0.000609 46.349772
-3.842812 1528487228.090081 0.000133 0.000191 0.000610 46.456932
-3.830158 1528487228.102735 0.000133 0.000189 0.000738 48.990320
-3.817779 1528487228.115114 0.000133 0.000189 0.000609 46.746585
-3.805646 1528487228.127247 0.000133 0.000188 0.000738 48.915017
-3.792907 1528487228.139985 0.000133 0.000191 0.000737 48.847945
-3.780412 1528487228.152481 0.000133 0.000189 0.000605 46.752598
-3.767966 1528487228.164927 0.000133 0.000190 0.000737 48.947946
-3.755187 1528487228.177706 0.000133 0.000191 0.000608 46.584815
-3.742763 1528487228.190130 0.000133 0.000189 0.000604 46.597324
-3.730060 1528487228.202832 0.000133 0.000192 0.000604 46.497907
-3.717358 1528487228.215534 0.000133 0.000191 0.000607 46.638248
-3.704970 1528487228.227923 0.000133 0.000189 0.000605 46.634544
-3.692540 1528487228.240352 0.000133 0.000191 0.000609 46.548630
-3.680733 1528487228.252159 0.000133 0.000192 0.000608 46.354996
-3.668485 1528487228.264407 0.000133 0.000189 0.000736 48.850993
-3.655596 1528487228.277296 0.000133 0.000187 0.000735 48.977171
-3.643184 1528487228.289708 0.000133 0.000192 0.000606 46.313743
-3.630743 1528487228.302150 0.000133 0.000190 0.000604 46.314730
-3.618188 1528487228.314705 0.000133 0.000189 0.000608 46.532645
-3.604584 1528487228.328309 0.000133 0.000187 0.000738 48.973963
-3.593018 1528487228.339875 0.000133 0.000188 0.000734 48.764655
-3.579669 1528487228.353224 0.000133 0.000187 0.000733 48.892997
-3.566803 1528487228.366090 0.000133 0.000188 0.000732 48.767245
-3.554836 1528487228.378057 0.000133 0.000190 0.000608 46.732062
-3.541990 1528487228.390902 0.000133 0.000191 0.000735 48.869160
-3.529697 1528487228.403196 0.000134 0.000187 0.000733 49.019253
-3.516906 1528487228.415986 0.000134 0.000187 0.000733 49.100216
-3.504473 1528487228.428420 0.000133 0.000190 0.000599 46.683541
-3.491829 1528487228.441063 0.000134 0.000190 0.000709 49.626777
-3.479725 1528487228.453167 0.000134 0.000185 0.000713 49.765363
-3.467976 1528487228.464917 0.000134 0.000188 0.000712 50.009286
-3.456127 1528487228.476766 0.000134 0.000184 0.000574 48.603355
-3.443620 1528487228.489272 0.000134 0.000187 0.000579 48.890181
-3.430793 1528487228.502100 0.000134 0.000188 0.000580 48.902750
-3.418247 1528487228.514645 0.000134 0.000187 0.000582 49.140212
-3.405670 1528487228.527223 0.000134 0.000188 0.000581 49.103023
-3.393357 1528487228.539536 0.000134 0.000186 0.000579 49.091068
-3.379244 1528487228.553648 0.000135 0.000183 0.000705 50.997267
-3.368118 1528487228.564774 0.000134 0.000185 0.000703 50.753393
-3.355370 1528487228.577523 0.000134 0.000186 0.000705 50.538022
-3.343354 1528487228.589539 0.000134 0.000188 0.000583 48.816925
-3.330245 1528487228.602647 0.000134 0.000185 0.000712 50.836984
-3.317473 1528487228.615419 0.000134 0.000185 0.000702 50.750342
-3.305008 1528487228.627885 0.000134 0.000185 0.000713 50.878580
-3.292880 1528487228.640013 0.000133 0.000190 0.000583 48.696857
-3.280440 1528487228.652452 0.000134 0.000188 0.000578 48.668323
-3.268159 1528487228.664734 0.000134 0.000185 0.000707 50.662065
-3.255493 1528487228.677399 0.000133 0.000187 0.000583 48.569614
-3.242768 1528487228.690124 0.000134 0.000179 0.000711 51.046943
-3.230266 1528487228.702626 0.000133 0.000186 0.000581 48.802522
-3.217692 1528487228.715201 0.000133 0.000188 0.000582 48.785303
-3.205111 1528487228.727782 0.000134 0.000186 0.000709 50.559714
-3.192677 1528487228.740215 0.000134 0.000186 0.000577 48.813915
-3.180583 1528487228.752310 0.000134 0.000184 0.000709 50.788906
-3.167010 1528487228.765883 0.000134 0.000184 0.000705 50.682862
-3.155114 1528487228.777778 0.000134 0.000185 0.000707 50.717612
-3.142864 1528487228.790029 0.000134 0.000181 0.000706 50.887054
-3.129860 1528487228.803033 0.000134 0.000185 0.000705 50.840261
-3.117766 1528487228.815127 0.000135 0.000185 0.000704 50.699104
-3.105294 1528487228.827598 0.000134 0.000184 0.000708 50.957651
-3.092693 1528487228.840200 0.000134 0.000188 0.000579 48.692447
-3.080154 1528487228.852738 0.000134 0.000192 0.000580 48.437510
-3.067578 1528487228.865314 0.000134 0.000186 0.000580 49.017496
-3.054568 1528487228.878325 0.000134 0.000189 0.000580 48.633456
-3.042524 1528487228.890368 0.000134 0.000188 0.000581 48.678872
-3.029834 1528487228.903059 0.000135 0.000186 0.000697 50.463417
-3.017356 1528487228.915537 0.000135 0.000185 0.000697 50.562190
-3.005271 1528487228.927621 0.000135 0.000186 0.000703 50.622759
-2.992692 1528487228.940201 0.000134 0.000192 0.000579 48.361242
-2.980352 1528487228.952541 0.000134 0.000188 0.000582 48.719745
-2.967804 1528487228.965089 0.000134 0.000189 0.000583 48.670149
-2.955023 1528487228.977869 0.000134 0.000187 0.000579 48.733599
-2.942877 1528487228.990016 0.000134 0.000190 0.000580 48.456435
-2.929928 1528487229.002964 0.000134 0.000189 0.000579 48.706794
-2.917632 1528487229.015260 0.000135 0.000188 0.000702 50.525983
-2.904981 1528487229.027911 0.000135 0.000190 0.000706 50.441393
-2.892694 1528487229.040198 0.000135 0.000185 0.000708 50.736826
-2.880142 1528487229.052750 0.000134 0.000191 0.000582 48.608396
-2.867177 1528487229.065716 0.000135 0.000192 0.000706 50.302202
-2.855244 1528487229.077649 0.000135 0.000190 0.000580 48.420291
-2.842946 1528487229.089946 0.000134 0.000194 0.000582 48.247987
-2.830173 1528487229.102720 0.000135 0.000191 0.000579 48.346264
-2.817857 1528487229.115035 0.000135 0.000190 0.000702 50.185546
-2.804976 1528487229.127917 0.000134 0.000191 0.000579 48.618829
-2.792549 1528487229.140343 0.000135 0.000190 0.000579 48.467445
-2.780178 1528487229.152715 0.000135 0.000192 0.000705 50.263680
-2.767735 1528487229.165157 0.000134 0.000190 0.000578 48.455343
-2.754708 1528487229.178185 0.000134 0.000191 0.000704 50.391339
-2.742569 1528487229.190323 0.000134 0.000195 0.000576 48.156949
-2.729950 1528487229.202943 0.000135 0.000193 0.000698 50.380456
-2.717340 1528487229.215553 0.000133 0.000191 0.000588 48.159279
-2.705098 1528487229.227794 0.000134 0.000190 0.000600 47.733336
-2.692499 1528487229.240393 0.000136 0.000187 0.000724 49.252982
-2.679764 1528487229.253129 0.000134 0.000192 0.000617 46.863852
-2.667360 1528487229.265532 0.000134 0.000187 0.000619 47.286664
-2.654745 1528487229.278148 0.000134 0.000188 0.000618 47.168231
-2.642921 1528487229.289971 0.000133 0.000187 0.000747 49.396157
-2.629737 1528487229.303155 0.000133 0.000189 0.000750 49.246721
-2.617603 1528487229.315290 0.000134 0.000190 0.000616 47.400024
-2.605111 1528487229.327782 0.000133 0.000190 0.000747 49.417175
-2.592773 1528487229.340120 0.000133 0.000188 0.000753 49.580055
-2.580390 1528487229.352502 0.000134 0.000192 0.000616 47.204075
-2.567486 1528487229.365407 0.000134 0.000189 0.000616 47.684500
-2.554905 1528487229.377988 0.000134 0.000187 0.000749 49.555119
-2.542795 1528487229.390098 0.000134 0.000191 0.000617 47.398128
-2.529990 1528487229.402903 0.000134 0.000193 0.000614 47.282125
-2.517233 1528487229.415659 0.000134 0.000191 0.000615 47.520048
-2.504529 1528487229.428364 0.000134 0.000187 0.000613 47.666226
-2.492403 1528487229.440490 0.000134 0.000191 0.000615 47.462330
-2.479822 1528487229.453071 0.000134 0.000194 0.000613 46.906674
-2.467624 1528487229.465269 0.000133 0.000194 0.000615 47.048605
-2.454447 1528487229.478446 0.000133 0.000186 0.000614 47.641169
-2.441668 1528487229.491225 0.000133 0.000191 0.000615 47.166133
-2.429899 1528487229.502994 0.000133 0.000195 0.000614 47.002926
-2.417894 1528487229.514999 0.000133 0.000190 0.000615 47.471797
-2.405657 1528487229.527236 0.000133 0.000189 0.000614 47.253063
-2.393399 1528487229.539493 0.000133 0.000190 0.000616 47.143330
-2.380980 1528487229.551913 0.000133 0.000189 0.000615 47.341359
-2.368310 1528487229.564582 0.000133 0.000186 0.000746 49.505674
-2.350478 1528487229.582415 0.000133 0.000186 0.000616 47.496581
-2.341849 1528487229.591043 0.000133 0.000188 0.000617 47.113950
-2.329259 1528487229.603633 0.000133 0.000187 0.000746 49.268830
-2.317353 1528487229.615540 0.000133 0.000190 0.000614 46.840943
-2.304417 1528487229.628475 0.000133 0.000188 0.000613 47.042114
-2.291829 1528487229.641064 0.000133 0.000194 0.000614 46.732159
-2.279297 1528487229.653596 0.000133 0.000187 0.000611 47.118659
-2.266853 1528487229.666040 0.000133 0.000189 0.000616 47.230077
-2.254423 1528487229.678469 0.000133 0.000194 0.000616 46.890413
-2.242024 1528487229.690868 0.000133 0.000186 0.000751 49.425225
-2.229866 1528487229.703027 0.000133 0.000188 0.000619 47.266419
-2.217992 1528487229.714901 0.000133 0.000191 0.000618 47.014184
-2.205573 1528487229.727320 0.000133 0.000186 0.000748 49.380836
-2.193037 1528487229.739856 0.000133 0.000185 0.000615 47.610992
-2.180634 1528487229.752259 0.000133 0.000185 0.000752 49.527672
-2.168050 1528487229.764843 0.000133 0.000192 0.000618 47.027614
-2.155451 1528487229.777441 0.000133 0.000191 0.000617 47.171559
-2.141530 1528487229.791363 0.000133 0.000188 0.000616 46.976028
-2.129242 1528487229.803650 0.000133 0.000186 0.000748 49.370768
-2.116679 1528487229.816214 0.000133 0.000186 0.000750 49.431957
-2.103934 1528487229.828959 0.000133 0.000188 0.000615 47.342707
-2.091586 1528487229.841307 0.000133 0.000190 0.000615 47.192232
-2.079594 1528487229.853298 0.000133 0.000193 0.000616 47.100514
-2.066901 1528487229.865991 0.000133 0.000189 0.000615 47.322806
-2.054763 1528487229.878130 0.000133 0.000188 0.000616 47.534977
-2.041981 1528487229.890911 0.000133 0.000190 0.000618 47.318681
-2.029775 1528487229.903118 0.000133 0.000191 0.000616 47.110736
-2.017828 1528487229.915065 0.000133 0.000188 0.000618 47.432990
-2.005298 1528487229.927595 0.000133 0.000188 0.000616 47.491278
-1.993021 1528487229.939872 0.000133 0.000192 0.000618 46.993774
-1.980164 1528487229.952729 0.000133 0.000184 0.000745 49.600738
-1.967899 1528487229.964993 0.000133 0.000189 0.000616 47.195905
-1.955265 1528487229.977627 0.000133 0.000188 0.000617 47.449107
-1.943101 1528487229.989791 0.000133 0.000189 0.000615 47.144801
-1.930605 1528487230.002288 0.000133 0.000189 0.000619 47.466321
-1.918198 1528487230.014694 0.000133 0.000191 0.000617 47.155615
-1.905135 1528487230.027757 0.000133 0.000185 0.000750 49.598539
-1.892975 1528487230.039917 0.000133 0.000191 0.000617 47.360252
-1.880447 1528487230.052445 0.000133 0.000190 0.000615 47.068630
-1.868006 1528487230.064887 0.000134 0.000191 0.000615 46.868223
-1.854987 1528487230.077905 0.000133 0.000186 0.000747 49.520300
-1.842718 1528487230.090174 0.000133 0.000191 0.000616 47.092229
-1.830351 1528487230.102541 0.000133 0.000190 0.000614 47.077043
-1.817894 1528487230.114998 0.000133 0.000191 0.000616 47.008109
-1.804873 1528487230.128019 0.000133 0.000185 0.000746 49.400880
-1.792576 1528487230.140317 0.000133 0.000186 0.000615 47.513038
-1.780443 1528487230.152449 0.000133 0.000187 0.000748 49.420782
-1.767770 1528487230.165123 0.000134 0.000185 0.000754 49.346329
-1.754883 1528487230.178010 0.000136 0.000186 0.000628 47.568344
-1.742699 1528487230.190193 0.000136 0.000189 0.000631 47.518826
-1.729741 1528487230.203151 0.000136 0.000189 0.000630 47.475809
-1.717616 1528487230.215276 0.000136 0.000189 0.000629 47.253514
-1.705174 1528487230.227718 0.000136 0.000189 0.000629 47.135765
-1.692744 1528487230.240149 0.000135 0.000191 0.000755 49.236496
-1.680182 1528487230.252711 0.000135 0.000191 0.000627 47.087749
-1.667512 1528487230.265381 0.000136 0.000187 0.000625 47.290338
-1.655247 1528487230.277645 0.000135 0.000191 0.000625 47.147154
-1.642925 1528487230.289968 0.000135 0.000190 0.000624 46.999283
-1.629999 1528487230.302894 0.000136 0.000187 0.000627 47.499825
-1.617401 1528487230.315491 0.000135 0.000183 0.000760 49.745007
-1.604689 1528487230.328204 0.000135 0.000190 0.000622 46.974128
-1.592446 1528487230.340447 0.000134 0.000186 0.000757 49.491179
-1.580234 1528487230.352659 0.000135 0.000189 0.000625 47.116819
-1.567638 1528487230.365255 0.000134 0.000188 0.000623 47.006407
-1.554699 1528487230.378193 0.000134 0.000189 0.000623 47.087145
-1.542515 1528487230.390378 0.000134 0.000189 0.000623 47.160294
-1.529787 1528487230.403105 0.000134 0.000185 0.000623 47.251448
-1.517745 1528487230.415148 0.000134 0.000187 0.000622 47.131189
-1.505289 1528487230.427603 0.000134 0.000185 0.000623 47.439025
-1.492698 1528487230.440195 0.000134 0.000189 0.000623 46.977368
-1.480560 1528487230.452332 0.000134 0.000185 0.000753 49.436596
-1.467836 1528487230.465056 0.000134 0.000186 0.000621 47.168772
-1.455475 1528487230.477418 0.000135 0.000185 0.000621 47.251407
-1.442440 1528487230.490453 0.000133 0.000186 0.000765 49.451575
-1.430648 1528487230.502245 0.000135 0.000188 0.000623 47.177739
-1.418000 1528487230.514892 0.000133 0.000184 0.000764 49.412963
-1.405277 1528487230.527616 0.000134 0.000190 0.000622 46.889915
-1.393117 1528487230.539775 0.000134 0.000187 0.000622 47.120311
-1.380479 1528487230.552413 0.000135 0.000187 0.000613 46.940761
-1.368207 1528487230.564686 0.000133 0.000192 0.000600 46.455925
-1.355460 1528487230.577432 0.000132 0.000187 0.000743 49.301237
-1.342969 1528487230.589924 0.000133 0.000187 0.000741 49.188661
-1.329533 1528487230.603359 0.000133 0.000190 0.000612 46.661395
-1.317545 1528487230.615348 0.000133 0.000188 0.000747 49.321988
-1.304784 1528487230.628109 0.000134 0.000189 0.000613 46.972297
-1.292068 1528487230.640825 0.000134 0.000188 0.000611 47.106332
-1.279254 1528487230.653639 0.000133 0.000188 0.000607 46.985335
-1.267515 1528487230.665378 0.000132 0.000188 0.000746 49.206595
-1.255025 1528487230.677868 0.000133 0.000189 0.000611 46.947542
-1.243031 1528487230.689862 0.000132 0.000187 0.000612 47.120467
-1.230183 1528487230.702710 0.000131 0.000187 0.000748 49.341876
-1.216790 1528487230.716102 0.000132 0.000188 0.000612 47.241312
-1.205540 1528487230.727352 0.000132 0.000184 0.000608 47.342190
-1.193052 1528487230.739840 0.000131 0.000187 0.000613 47.139585
-1.180364 1528487230.752529 0.000131 0.000188 0.000612 47.205801
-1.167741 1528487230.765152 0.000132 0.000189 0.000610 46.997328
-1.154851 1528487230.778041 0.000130 0.000182 0.000746 49.526790
-1.142754 1528487230.790139 0.000131 0.000186 0.000610 47.180859
-1.129845 1528487230.803047 0.000130 0.000183 0.000746 49.527761
-1.117497 1528487230.815396 0.000130 0.000185 0.000749 49.341833
-1.103930 1528487230.828962 0.000130 0.000188 0.000616 47.087496
-1.092480 1528487230.840412 0.000131 0.000186 0.000609 46.997286
-1.080001 1528487230.852892 0.000130 0.000183 0.000614 47.498236
-1.066807 1528487230.866086 0.000130 0.000184 0.000746 49.330787
-1.054276 1528487230.878617 0.000130 0.000187 0.000612 47.075054
-1.042057 1528487230.890836 0.000130 0.000185 0.000612 47.251371
-1.029811 1528487230.903082 0.000129 0.000184 0.000747 49.374367
-1.017374 1528487230.915519 0.000130 0.000185 0.000612 46.975137
-1.004959 1528487230.927934 0.000130 0.000183 0.000612 47.215324
-0.992528 1528487230.940365 0.000130 0.000185 0.000612 47.267753
-0.979873 1528487230.953020 0.000129 0.000185 0.000753 49.476444
-0.967256 1528487230.965636 0.000129 0.000184 0.000749 49.461871
-0.955067 1528487230.977826 0.000130 0.000185 0.000617 47.294439
-0.942245 1528487230.990648 0.000129 0.000185 0.000750 49.421532
-0.929751 1528487231.003141 0.000130 0.000183 0.000753 49.509111
-0.917724 1528487231.015169 0.000130 0.000188 0.000613 46.679317
-0.905072 1528487231.027820 0.000130 0.000185 0.000614 47.237443
-0.892604 1528487231.040288 0.000130 0.000185 0.000615 47.216240
-0.880273 1528487231.052619 0.000130 0.000183 0.000613 47.280526
-0.867115 1528487231.065777 0.000130 0.000185 0.000615 46.997130
-0.854245 1528487231.078648 0.000130 0.000184 0.000613 47.087661
-0.842467 1528487231.090426 0.000130 0.000183 0.000610 47.114751
-0.830375 1528487231.102517 0.000129 0.000186 0.000615 47.045464
-0.817759 1528487231.115133 0.000129 0.000188 0.000616 46.992453
-0.805172 1528487231.127720 0.000129 0.000184 0.000754 49.436721
-0.792666 1528487231.140226 0.000129 0.000186 0.000618 47.111069
-0.780509 1528487231.152384 0.000130 0.000185 0.000617 47.002912
-0.767868 1528487231.165025 0.000129 0.000190 0.000615 46.705063
-0.755087 1528487231.177806 0.000129 0.000184 0.000617 47.217220
-0.742999 1528487231.189893 0.000129 0.000185 0.000616 46.927284
-0.730187 1528487231.202706 0.000128 0.000186 0.000622 46.971239
-0.718034 1528487231.214858 0.000128 0.000185 0.000760 49.142069
-0.705280 1528487231.227613 0.000131 0.000183 0.000619 46.661096
-0.692871 1528487231.240021 0.000131 0.000179 0.000617 47.167952
-0.680416 1528487231.252477 0.000130 0.000185 0.000613 46.718888
-0.667921 1528487231.264972 0.000128 0.000186 0.000751 49.342771
-0.655271 1528487231.277622 0.000128 0.000185 0.000615 46.534171
-0.642921 1528487231.289971 0.000127 0.000186 0.000752 49.263551
-0.629876 1528487231.303016 0.000129 0.000184 0.000613 46.438305
-0.617369 1528487231.315524 0.000128 0.000182 0.000749 49.343842
-0.604422 1528487231.328470 0.000128 0.000184 0.000753 49.401286
-0.592297 1528487231.340596 0.000127 0.000185 0.000752 49.395976
-0.579471 1528487231.353422 0.000129 0.000184 0.000608 46.862697
-0.567510 1528487231.365383 0.000127 0.000185 0.000754 49.527395
-0.554856 1528487231.378036 0.000127 0.000181 0.000752 49.563967
-0.542626 1528487231.390267 0.000128 0.000184 0.000610 46.778941
-0.529703 1528487231.403190 0.000128 0.000187 0.000607 46.595174
-0.517518 1528487231.415375 0.000128 0.000186 0.000607 46.596170
-0.504946 1528487231.427947 0.000127 0.000185 0.000755 49.416948
-0.492448 1528487231.440445 0.000127 0.000184 0.000755 49.591139
-0.480001 1528487231.452892 0.000128 0.000187 0.000612 46.832053
-0.467056 1528487231.465837 0.000127 0.000184 0.000751 49.441006
-0.455340 1528487231.477552 0.000127 0.000185 0.000753 49.481333
-0.442701 1528487231.490192 0.000128 0.000185 0.000613 47.004297
-0.428896 1528487231.503996 0.000127 0.000183 0.000751 49.532149
-0.416509 1528487231.516383 0.000126 0.000184 0.000750 49.393439
-0.404744 1528487231.528149 0.000127 0.000180 0.000755 49.679683
-0.392528 1528487231.540365 0.000126 0.000183 0.000752 49.483288
-0.379764 1528487231.553129 0.000126 0.000182 0.000755 49.528205
-0.367157 1528487231.565736 0.000128 0.000185 0.000610 46.722210
-0.354412 1528487231.578480 0.000126 0.000183 0.000752 49.255041
-0.342488 1528487231.590404 0.000127 0.000182 0.000753 49.253996
-0.330060 1528487231.602833 0.000126 0.000182 0.000756 49.286588
-0.317506 1528487231.615387 0.000128 0.000185 0.000615 46.710065
-0.303454 1528487231.629439 0.000126 0.000183 0.000755 49.123686
-0.292226 1528487231.640667 0.000126 0.000188 0.000600 45.590182
-0.280132 1528487231.652761 0.000125 0.000185 0.000604 46.013094
-0.267602 1528487231.665290 0.000125 0.000183 0.000609 45.617917
-0.254622 1528487231.678270 0.000124 0.000183 0.000617 45.675180
-0.242363 1528487231.690529 0.000125 0.000182 0.000617 45.857748
-0.230040 1528487231.702852 0.000124 0.000184 0.000619 45.658454
-0.217578 1528487231.715315 0.000122 0.000179 0.000767 49.069195
-0.205080 1528487231.727813 0.000123 0.000180 0.000761 48.968991
-0.192449 1528487231.740444 0.000123 0.000181 0.000771 49.030487
-0.180038 1528487231.752854 0.000123 0.000181 0.000765 48.936943
-0.167104 1528487231.765789 0.000122 0.000182 0.000761 48.812651
-0.154898 1528487231.777994 0.000123 0.000182 0.000621 46.158712
-0.142424 1528487231.790468 0.000124 0.000180 0.000619 46.431106
-0.129799 1528487231.803093 0.000122 0.000180 0.000761 49.038128
-0.117421 1528487231.815471 0.000123 0.000182 0.000622 46.366679
-0.104307 1528487231.828586 0.000123 0.000183 0.000619 46.196185
-0.092547 1528487231.840345 0.000123 0.000181 0.000621 46.453189
-0.079653 1528487231.853240 0.000122 0.000176 0.000762 49.296021
-0.067167 1528487231.865726 0.000121 0.000181 0.000767 48.878179
-0.054815 1528487231.878078 0.000122 0.000181 0.000622 46.203815
-0.042048 1528487231.890845 0.000121 0.000179 0.000762 48.996930
-0.030068 1528487231.902825 0.000121 0.000178 0.000765 49.046882
-0.017065 1528487231.915828 0.000120 0.000179 0.000767 48.995335
-0.004495 1528487231.928397 0.000120 0.000179 0.000764 48.980527
0.007478 1528487231.940371 0.000120 0.000181 0.000765 48.841420
0.020347 1528487231.953239 0.000120 0.000179 0.000766 48.903316
0.032623 1528487231.965515 0.000120 0.000179 0.000770 48.864611
0.045186 1528487231.978078 0.000121 0.000181 0.000623 45.931295
0.057706 1528487231.990598 0.000120 0.000176 0.000771 49.204901
0.070103 1528487232.002996 0.000121 0.000180 0.000623 46.088664
0.082636 1528487232.015529 0.000120 0.000179 0.000771 48.904397
0.094861 1528487232.027754 0.000122 0.000179 0.000620 46.108348
0.107660 1528487232.040553 0.000120 0.000179 0.000767 48.925631
0.119914 1528487232.052807 0.000121 0.000180 0.000619 46.019257
0.133174 1528487232.066067 0.000120 0.000177 0.000770 49.041872
0.145001 1528487232.077893 0.000120 0.000177 0.000767 48.949149
0.157515 1528487232.090407 0.000121 0.000181 0.000621 46.016619
0.170353 1528487232.103245 0.000120 0.000181 0.000767 48.924851
0.182855 1528487232.115748 0.000120 0.000177 0.000767 48.985559
0.195284 1528487232.128177 0.000120 0.000178 0.000768 48.935199
0.207914 1528487232.140806 0.000120 0.000184 0.000773 48.600101
0.220363 1528487232.153256 0.000122 0.000179 0.000621 46.263872
0.232883 1528487232.165776 0.000121 0.000184 0.000766 48.671999
0.245784 1528487232.178676 0.000120 0.000181 0.000769 48.825906
0.258186 1528487232.191078 0.000120 0.000179 0.000766 48.945343
0.270018 1528487232.202911 0.000120 0.000176 0.000771 49.637273
0.282482 1528487232.215374 0.000120 0.000178 0.000745 50.683160
0.296476 1528487232.229369 0.000121 0.000174 0.000733 52.295600
0.308260 1528487232.241152 0.000123 0.000174 0.000725 53.889330
0.320774 1528487232.253667 0.000124 0.000183 0.000582 54.038845
0.333331 1528487232.266224 0.000124 0.000186 0.000586 53.673018
0.345680 1528487232.278573 0.000126 0.000181 0.000583 54.021554
0.357874 1528487232.290766 0.000127 0.000182 0.000586 53.723718
0.369759 1528487232.302651 0.000127 0.000181 0.000592 53.628131
0.381943 1528487232.314836 0.000127 0.000183 0.000594 53.813672
0.394800 1528487232.327693 0.000128 0.000186 0.000597 54.204568
0.407116 1528487232.340009 0.000130 0.000186 0.000624 56.278908
0.419638 1528487232.352531 0.000132 0.000191 0.000595 56.439026
0.432092 1528487232.364984 0.000138 0.000164 0.000594 58.232904
0.444593 1528487232.377485 0.000141 0.000168 0.000593 59.215314
0.457444 1528487232.390337 0.000144 0.000210 0.000595 58.863403
0.470215 1528487232.403108 0.000145 0.000203 0.000596 60.725547
0.482981 1528487232.415873 0.000146 0.000210 0.000608 62.274666
0.495174 1528487232.428067 0.000151 0.000209 0.000639 64.500976
0.507364 1528487232.440256 0.000141 0.000160 0.000666 67.662707
0.520184 1528487232.453076 0.000143 0.000169 0.000711 70.125127
0.533388 1528487232.466281 0.000144 0.000179 0.000709 71.906358
0.545962 1528487232.478854 0.000183 0.000226 0.000697 73.439425
0.557760 1528487232.490653 0.000192 0.000232 0.000690 75.669968
0.570075 1528487232.502968 0.000193 0.000244 0.000676 78.683806
0.582826 1528487232.515718 0.000191 0.000250 0.000651 82.000419
0.595050 1528487232.527942 0.000188 0.000264 0.000596 86.938792
0.607474 1528487232.540366 0.000192 0.000259 0.000581 91.835950
0.619819 1528487232.552711 0.000184 0.000258 0.000588 96.025249
0.632636 1528487232.565529 0.000182 0.000257 0.000592 98.591080
0.645151 1528487232.578044 0.000183 0.000257 0.000592 101.043578
0.657889 1528487232.590782 0.000182 0.000251 0.000614 102.588371
0.670240 1528487232.603132 0.000183 0.000247 0.000623 103.704315
0.683231 1528487232.616124 0.000182 0.000244 0.000630 105.015046
0.695742 1528487232.628635 0.000184 0.000247 0.000616 106.452728
0.708531 1528487232.641424 0.000183 0.000244 0.000616 107.835606
0.720768 1528487232.653661 0.000183 0.000244 0.000627 108.534396
0.733329 1528487232.666221 0.000184 0.000241 0.000621 109.211801
0.745694 1528487232.678587 0.000182 0.000242 0.000614 109.829179
0.757818 1528487232.690711 0.000183 0.000237 0.000621 110.122464
0.770251 1528487232.703143 0.000181 0.000239 0.000625 110.926182
0.782654 1528487232.715547 0.000179 0.000241 0.000609 111.307518
0.795025 1528487232.727918 0.000180 0.000236 0.000616 111.638727
0.807404 1528487232.740297 0.000180 0.000238 0.000615 112.244099
0.820324 1528487232.753217 0.000179 0.000236 0.000610 111.817582
0.832555 1528487232.765448 0.000179 0.000240 0.000620 112.525526
0.845243 1528487232.778135 0.000179 0.000237 0.000608 112.750673
0.857513 1528487232.790406 0.000180 0.000236 0.000603 113.068034
0.870631 1528487232.803523 0.000179 0.000240 0.000607 113.188748
0.883391 1528487232.816283 0.000180 0.000234 0.000602 112.975978
0.895813 1528487232.828706 0.000193 0.000240 0.000594 112.887430
0.907809 1528487232.840701 0.000193 0.000240 0.000590 112.816730
0.920565 1528487232.853457 0.000193 0.000240 0.000588 112.704141
0.933116 1528487232.866009 0.000193 0.000238 0.000581 112.440790
0.945337 1528487232.878229 0.000191 0.000241 0.000584 112.931310
0.958033 1528487232.890926 0.000191 0.000241 0.000583 112.719617
0.970234 1528487232.903126 0.000191 0.000241 0.000585 112.278406
0.982776 1528487232.915668 0.000191 0.000240 0.000580 112.360963
0.995552 1528487232.928444 0.000193 0.000242 0.000569 112.709834
1.007442 1528487232.940335 0.000191 0.000244 0.000573 113.232268
1.020202 1528487232.953095 0.000190 0.000243 0.000576 112.994626
1.032626 1528487232.965518 0.000192 0.000243 0.000571 112.909076
1.045176 1528487232.978068 0.000191 0.000245 0.000574 113.472165
1.057693 1528487232.990586 0.000190 0.000244 0.000565 112.834453
1.070308 1528487233.003200 0.000192 0.000245 0.000570 112.965328
1.083065 1528487233.015958 0.000191 0.000244 0.000570 112.771975
1.095677 1528487233.028569 0.000190 0.000246 0.000566 113.095100
1.107632 1528487233.040524 0.000192 0.000247 0.000573 113.404470
1.120968 1528487233.053861 0.000192 0.000245 0.000563 113.148771
1.133753 1528487233.066645 0.000191 0.000247 0.000561 113.306877
1.146123 1528487233.079015 0.000191 0.000249 0.000559 113.670893
1.158503 1528487233.091395 0.000192 0.000250 0.000557 114.011491
1.170207 1528487233.103100 0.000192 0.000249 0.000551 113.573871
1.182534 1528487233.115427 0.000192 0.000250 0.000560 113.651804
1.195170 1528487233.128062 0.000193 0.000251 0.000552 113.376148
1.207409 1528487233.140301 0.000193 0.000249 0.000549 112.378981
1.220031 1528487233.152924 0.000192 0.000251 0.000561 113.791597
1.232653 1528487233.165546 0.000191 0.000249 0.000564 113.800792
1.245269 1528487233.178162 0.000193 0.000254 0.000556 113.998316
1.257957 1528487233.190849 0.000194 0.000252 0.000553 113.584147
1.270579 1528487233.203471 0.000194 0.000253 0.000554 113.809866
1.283015 1528487233.215908 0.000195 0.000255 0.000553 113.976086
1.295594 1528487233.228487 0.000196 0.000256 0.000553 114.392390
1.307549 1528487233.240442 0.000195 0.000256 0.000551 114.648485
1.320422 1528487233.253315 0.000197 0.000256 0.000552 114.287662
1.332850 1528487233.265743 0.000196 0.000258 0.000548 114.155679
1.345189 1528487233.278082 0.000195 0.000256 0.000549 114.854331
1.357687 1528487233.290579 0.000197 0.000260 0.000553 114.401099
1.370303 1528487233.303195 0.000197 0.000255 0.000549 114.236189
1.382975 1528487233.315868 0.000197 0.000256 0.000554 114.480164
1.395538 1528487233.328431 0.000197 0.000259 0.000548 114.239692
1.407488 1528487233.340381 0.000199 0.000258 0.000550 114.924144
1.420529 1528487233.353422 0.000197 0.000257 0.000550 114.783360
1.433119 1528487233.366012 0.000199 0.000262 0.000544 115.064146
1.445031 1528487233.377923 0.000199 0.000261 0.000538 114.565494
1.457921 1528487233.390814 0.000199 0.000263 0.000551 115.382506
1.470049 1528487233.402942 0.000198 0.000262 0.000548 115.126704
1.482665 1528487233.415557 0.000199 0.000263 0.000548 115.394861
1.495332 1528487233.428225 0.000198 0.000263 0.000543 115.723301
1.508024 1528487233.440917 0.000196 0.000263 0.000542 115.014062
1.520459 1528487233.453352 0.000198 0.000260 0.000544 115.388763
1.533186 1528487233.466079 0.000198 0.000262 0.000544 115.890913
1.545213 1528487233.478106 0.000197 0.000264 0.000552 115.612762
1.558024 1528487233.490917 0.000195 0.000261 0.000550 115.756476
1.570198 1528487233.503090 0.000197 0.000261 0.000538 114.546520
1.583283 1528487233.516176 0.000196 0.000264 0.000534 114.910493
1.595728 1528487233.528621 0.000197 0.000261 0.000544 115.139508
1.608363 1528487233.541255 0.000198 0.000268 0.000541 114.885754
1.620850 1528487233.553742 0.000197 0.000260 0.000541 115.193340
1.632392 1528487233.565284 0.000196 0.000262 0.000542 115.164353
1.644656 1528487233.577549 0.000198 0.000262 0.000540 114.734784
1.657073 1528487233.589965 0.000196 0.000263 0.000535 115.271161
1.669891 1528487233.602784 0.000187 0.000263 0.000535 114.882571
1.682322 1528487233.615215 0.000188 0.000267 0.000538 114.349571
1.694775 1528487233.627668 0.000195 0.000266 0.000534 114.747837
1.707458 1528487233.640351 0.000195 0.000265 0.000531 115.605853
1.720006 1528487233.652898 0.000195 0.000266 0.000523 114.512951
1.733414 1528487233.666306 0.000198 0.000270 0.000522 114.627821
1.745994 1528487233.678886 0.000188 0.000271 0.000519 114.687703
1.758350 1528487233.691243 0.000197 0.000269 0.000515 115.099755
1.771129 1528487233.704022 0.000198 0.000269 0.000515 114.422957
1.782438 1528487233.715331 0.000187 0.000271 0.000519 114.957789
1.795375 1528487233.728267 0.000196 0.000269 0.000512 114.496181
1.807564 1528487233.740456 0.000189 0.000273 0.000510 113.729355
1.820169 1528487233.753062 0.000190 0.000273 0.000509 113.609629
1.832795 1528487233.765687 0.000199 0.000270 0.000504 113.958617
1.845128 1528487233.778020 0.000191 0.000270 0.000508 113.235398
1.857662 1528487233.790555 0.000199 0.000273 0.000508 114.159456
1.871278 1528487233.804170 0.000192 0.000272 0.000507 113.133383
1.883931 1528487233.816824 0.000194 0.000281 0.000506 113.079317
1.896631 1528487233.829524 0.000192 0.000275 0.000501 113.948920
1.908483 1528487233.841375 0.000194 0.000276 0.000505 113.086377
1.921124 1528487233.854017 0.000203 0.000275 0.000505 112.972874
1.932923 1528487233.865815 0.000195 0.000274 0.000502 113.724349
1.945102 1528487233.877995 0.000203 0.000272 0.000502 113.483072
1.957477 1528487233.890369 0.000205 0.000276 0.000507 113.845200
1.970038 1528487233.902930 0.000203 0.000273 0.000503 113.187328
1.982835 1528487233.915728 0.000204 0.000273 0.000504 113.200035
1.996693 1528487233.929586 0.000201 0.000273 0.000507 113.485845
2.008584 1528487233.941477 0.000203 0.000276 0.000506 112.787258
2.021309 1528487233.954201 0.000203 0.000271 0.000506 113.033092
2.032795 1528487233.965688 0.000202 0.000273 0.000507 112.976096
2.045373 1528487233.978265 0.000203 0.000275 0.000509 113.342031
2.057947 1528487233.990840 0.000203 0.000272 0.000510 112.961345
2.070728 1528487234.003621 0.000203 0.000273 0.000512 113.049626
2.083040 1528487234.015933 0.000204 0.000272 0.000505 111.725595
2.095346 1528487234.028239 0.000201 0.000271 0.000502 111.932741
2.107581 1528487234.040473 0.000204 0.000274 0.000502 111.534082
2.120538 1528487234.053431 0.000203 0.000274 0.000505 111.219907
2.132951 1528487234.065843 0.000203 0.000273 0.000503 111.482681
2.145548 1528487234.078441 0.000202 0.000271 0.000495 110.341227
2.157941 1528487234.090833 0.000193 0.000273 0.000496 109.945327
2.170019 1528487234.102911 0.000202 0.000269 0.000490 109.620917
2.182532 1528487234.115425 0.000192 0.000269 0.000489 108.927122
2.195853 1528487234.128746 0.000192 0.000272 0.000494 108.035982
2.208284 1528487234.141176 0.000192 0.000272 0.000496 108.032228
2.220628 1528487234.153520 0.000192 0.000272 0.000492 107.226525
2.232795 1528487234.165688 0.000190 0.000271 0.000490 107.004796
2.245056 1528487234.177949 0.000190 0.000268 0.000499 107.363236
2.258083 1528487234.190975 0.000191 0.000270 0.000491 106.106162
2.270871 1528487234.203763 0.000190 0.000270 0.000500 105.956526
2.283793 1528487234.216686 0.000189 0.000269 0.000496 106.070371
2.296139 1528487234.229032 0.000190 0.000269 0.000497 104.199132
2.308694 1528487234.241587 0.000189 0.000267 0.000496 104.252088
2.321260 1528487234.254153 0.000189 0.000267 0.000500 103.284275
2.332930 1528487234.265822 0.000186 0.000272 0.000505 104.433298
2.345207 1528487234.278099 0.000187 0.000264 0.000504 101.443643
2.357621 1528487234.290513 0.000186 0.000268 0.000505 101.077006
2.370497 1528487234.303390 0.000185 0.000267 0.000507 100.872505
2.383077 1528487234.315970 0.000184 0.000268 0.000507 100.340541
2.395508 1528487234.328401 0.000185 0.000267 0.000510 99.625152
2.407787 1528487234.340680 0.000185 0.000268 0.000512 99.863803
2.420037 1528487234.352930 0.000184 0.000269 0.000512 100.335833
2.433356 1528487234.366248 0.000185 0.000264 0.000514 99.954076
2.445838 1528487234.378731 0.000188 0.000259 0.000514 100.079847
2.458538 1528487234.391431 0.000189 0.000264 0.000525 101.290478
2.470940 1528487234.403833 0.000189 0.000264 0.000525 101.821539
2.483630 1528487234.416523 0.000190 0.000265 0.000528 102.517237
2.495984 1528487234.428876 0.000191 0.000266 0.000523 102.833909
2.508922 1528487234.441814 0.000193 0.000263 0.000521 102.833836
2.520658 1528487234.453551 0.000195 0.000263 0.000523 104.166635
2.533489 1528487234.466381 0.000194 0.000262 0.000525 104.454208
2.545829 1528487234.478721 0.000195 0.000265 0.000523 104.907604
2.558573 1528487234.491466 0.000196 0.000263 0.000520 104.057525
2.571071 1528487234.503963 0.000196 0.000263 0.000522 105.232601
2.583458 1528487234.516351 0.000195 0.000264 0.000519 105.519622
2.595963 1528487234.528856 0.000195 0.000264 0.000512 105.271350
2.608181 1528487234.541073 0.000194 0.000265 0.000515 105.268333
2.620411 1528487234.553304 0.000192 0.000263 0.000515 105.920221
2.632902 1528487234.565795 0.000193 0.000263 0.000508 105.484915
2.645097 1528487234.577990 0.000193 0.000263 0.000506 104.616241
2.657500 1528487234.590392 0.000193 0.000265 0.000513 104.948060
2.670004 1528487234.602897 0.000192 0.000263 0.000506 104.222760
2.682702 1528487234.615594 0.000191 0.000261 0.000509 103.769796
2.695305 1528487234.628198 0.000191 0.000262 0.000500 103.036060
2.707751 1528487234.640643 0.000190 0.000268 0.000508 104.362050
2.721076 1528487234.653968 0.000189 0.000261 0.000504 103.613693
2.733974 1528487234.666867 0.000189 0.000264 0.000505 102.743014
2.746211 1528487234.679104 0.000188 0.000266 0.000508 102.916219
2.758063 1528487234.690956 0.000188 0.000261 0.000506 101.960316
2.770109 1528487234.703001 0.000188 0.000261 0.000504 101.913548
2.782897 1528487234.715790 0.000188 0.000264 0.000508 102.568544
2.795410 1528487234.728303 0.000188 0.000259 0.000504 102.117121
2.807766 1528487234.740659 0.000188 0.000263 0.000506 101.965189
2.820369 1528487234.753261 0.000187 0.000261 0.000504 102.074772
2.832508 1528487234.765400 0.000188 0.000260 0.000509 101.630002
2.845400 1528487234.778292 0.000187 0.000260 0.000507 101.567405
2.857737 1528487234.790629 0.000187 0.000261 0.000511 101.676693
2.869868 1528487234.802760 0.000186 0.000257 0.000507 101.465922
2.882400 1528487234.815293 0.000186 0.000257 0.000505 101.008915
2.894869 1528487234.827762 0.000185 0.000259 0.000510 100.892759
2.907289 1528487234.840182 0.000185 0.000260 0.000514 100.466145
2.920024 1528487234.852916 0.000183 0.000256 0.000512 100.209136
2.932617 1528487234.865510 0.000184 0.000256 0.000513 99.558422
2.945057 1528487234.877950 0.000183 0.000254 0.000517 100.100150
2.958648 1528487234.891541 0.000181 0.000253 0.000515 99.323847
2.970536 1528487234.903429 0.000181 0.000250 0.000522 98.431061
2.983483 1528487234.916376 0.000180 0.000254 0.000521 98.465285
2.996095 1528487234.928987 0.000181 0.000252 0.000525 98.375445
3.008510 1528487234.941402 0.000180 0.000251 0.000528 97.780768
3.020581 1528487234.953474 0.000180 0.000248 0.000527 97.098603
3.032549 1528487234.965442 0.000180 0.000250 0.000530 96.927219
3.045320 1528487234.978212 0.000180 0.000245 0.000529 96.557768
3.058587 1528487234.991480 0.000181 0.000248 0.000532 96.344240
3.071036 1528487235.003928 0.000183 0.000245 0.000535 95.433962
3.084017 1528487235.016910 0.000183 0.000244 0.000531 94.817122
3.096095 1528487235.028987 0.000185 0.000242 0.000530 94.038937
3.108588 1528487235.041481 0.000185 0.000240 0.000522 92.972205
3.121084 1528487235.053977 0.000187 0.000244 0.000521 91.720223
3.133660 1528487235.066553 0.000189 0.000238 0.000517 90.047243
3.145611 1528487235.078504 0.000188 0.000241 0.000519 89.753589
3.157579 1528487235.090472 0.000189 0.000234 0.000519 88.794073
3.170085 1528487235.102978 0.000189 0.000238 0.000518 88.650397
3.182980 1528487235.115872 0.000189 0.000233 0.000521 87.675946
3.195230 1528487235.128123 0.000187 0.000240 0.000518 88.302728
3.207846 1528487235.140738 0.000186 0.000232 0.000526 88.162633
3.220168 1528487235.153061 0.000185 0.000236 0.000522 88.340698
3.233200 1528487235.166092 0.000185 0.000233 0.000527 87.998997
3.245871 1528487235.178763 0.000184 0.000235 0.000529 88.325081
3.258348 1528487235.191241 0.000183 0.000232 0.000527 88.348565
3.270863 1528487235.203756 0.000183 0.000233 0.000528 88.593253
3.283730 1528487235.216623 0.000182 0.000232 0.000526 88.573777
3.296541 1528487235.229433 0.000181 0.000229 0.000530 88.495006
3.308230 1528487235.241122 0.000181 0.000229 0.000532 88.450930
3.320998 1528487235.253891 0.000179 0.000228 0.000529 88.500996
3.333110 1528487235.266002 0.000180 0.000227 0.000531 88.872729
3.346062 1528487235.278954 0.000180 0.000227 0.000531 89.315455
3.358277 1528487235.291170 0.000180 0.000223 0.000532 88.727505
3.370714 1528487235.303607 0.000178 0.000223 0.000531 89.069153
3.383321 1528487235.316213 0.000179 0.000226 0.000531 89.371532
3.395661 1528487235.328554 0.000179 0.000226 0.000533 89.223485
3.407549 1528487235.340441 0.000178 0.000226 0.000532 89.039537
3.420160 1528487235.353052 0.000176 0.000226 0.000533 89.481357
3.432544 1528487235.365436 0.000177 0.000223 0.000535 89.216780
3.445110 1528487235.378003 0.000177 0.000224 0.000535 89.349165
3.458351 1528487235.391243 0.000173 0.000226 0.000536 90.228676
3.471359 1528487235.404251 0.000177 0.000228 0.000535 89.625045
3.483678 1528487235.416571 0.000173 0.000229 0.000531 90.556891
3.496328 1528487235.429221 0.000176 0.000224 0.000533 89.863648
3.509345 1528487235.442238 0.000177 0.000222 0.000536 89.280992
3.522192 1528487235.455085 0.000171 0.000225 0.000531 90.238344
3.533270 1528487235.466163 0.000173 0.000228 0.000530 90.229077
3.545538 1528487235.478430 0.000172 0.000231 0.000526 90.160902
3.557817 1528487235.490710 0.000176 0.000226 0.000527 89.369778
3.570227 1528487235.503119 0.000171 0.000224 0.000534 89.990649
3.582498 1528487235.515390 0.000175 0.000227 0.000536 89.440118
3.595319 1528487235.528211 0.000171 0.000229 0.000536 90.074116
3.608016 1528487235.540909 0.000174 0.000229 0.000534 88.188434
3.620625 1528487235.553517 0.000174 0.000229 0.000539 87.554002
3.632995 1528487235.565887 0.000175 0.000235 0.000534 88.103640
3.645646 1528487235.578539 0.000177 0.000228 0.000542 88.112405
3.658182 1528487235.591074 0.000177 0.000229 0.000543 88.624555
3.670762 1528487235.603655 0.000177 0.000227 0.000546 88.098502
3.683174 1528487235.616067 0.000169 0.000228 0.000548 89.081746
3.695514 1528487235.628407 0.000172 0.000225 0.000549 88.085929
3.708479 1528487235.641372 0.000167 0.000231 0.000556 89.193920
3.721058 1528487235.653951 0.000169 0.000226 0.000553 87.913017
3.733049 1528487235.665941 0.000168 0.000222 0.000559 87.494277
3.745833 1528487235.678726 0.000168 0.000224 0.000559 87.483549
3.758380 1528487235.691272 0.000168 0.000225 0.000553 87.354620
3.770843 1528487235.703735 0.000164 0.000230 0.000552 88.175630
3.783519 1528487235.716412 0.000167 0.000223 0.000551 87.116645
3.795985 1528487235.728877 0.000167 0.000226 0.000557 87.223085
3.808289 1528487235.741181 0.000168 0.000228 0.000559 87.256967
3.820965 1528487235.753857 0.000163 0.000224 0.000556 87.536739
3.833321 1528487235.766213 0.000167 0.000225 0.000553 86.596554
3.845946 1528487235.778838 0.000167 0.000226 0.000557 86.583765
3.858209 1528487235.791102 0.000167 0.000225 0.000562 86.522836
3.870871 1528487235.803764 0.000167 0.000225 0.000560 86.195273
3.883258 1528487235.816150 0.000166 0.000228 0.000573 86.644000
3.895964 1528487235.828856 0.000166 0.000223 0.000565 85.932525
3.908571 1528487235.841463 0.000166 0.000227 0.000567 85.881040
3.921485 1528487235.854378 0.000165 0.000226 0.000567 85.974620
3.933481 1528487235.866374 0.000166 0.000228 0.000570 85.781390
3.945297 1528487235.878190 0.000165 0.000229 0.000570 86.064634
3.957796 1528487235.890688 0.000162 0.000229 0.000568 86.125810
3.970071 1528487235.902964 0.000163 0.000229 0.000564 85.717042
3.982946 1528487235.915839 0.000164 0.000225 0.000575 85.101848
3.995126 1528487235.928018 0.000164 0.000223 0.000575 84.979195
4.007611 1528487235.940503 0.000164 0.000222 0.000573 84.526423
4.020453 1528487235.953346 0.000165 0.000226 0.000573 84.549931
4.032654 1528487235.965547 0.000161 0.000225 0.000576 84.973806
4.046448 1528487235.979341 0.000161 0.000227 0.000576 85.129510
4.058949 1528487235.991842 0.000163 0.000229 0.000576 84.947696
4.071050 1528487236.003943 0.000165 0.000229 0.000580 84.401569
4.084550 1528487236.017443 0.000165 0.000227 0.000585 84.289218
4.096328 1528487236.029221 0.000164 0.000227 0.000579 83.911398
4.107795 1528487236.040687 0.000165 0.000226 0.000579 83.770516
4.120323 1528487236.053216 0.000165 0.000228 0.000580 83.928291
4.132831 1528487236.065724 0.000165 0.000228 0.000580 83.720654
4.145272 1528487236.078165 0.000163 0.000223 0.000581 83.424769
4.157821 1528487236.090714 0.000165 0.000229 0.000586 83.869279
4.170156 1528487236.103048 0.000163 0.000222 0.000584 83.504482
4.182528 1528487236.115421 0.000164 0.000227 0.000585 83.598072
4.195172 1528487236.128064 0.000164 0.000225 0.000586 83.500972
4.207788 1528487236.140681 0.000164 0.000230 0.000584 83.838826
4.220199 1528487236.153091 0.000161 0.000224 0.000583 83.899459
4.232626 1528487236.165519 0.000165 0.000225 0.000585 83.385206
4.245289 1528487236.178181 0.000166 0.000232 0.000583 83.626456
4.257361 1528487236.190254 0.000165 0.000227 0.000583 83.641324
4.270031 1528487236.202924 0.000164 0.000226 0.000587 83.481863
4.282853 1528487236.215745 0.000165 0.000224 0.000585 83.485969
4.295311 1528487236.228203 0.000167 0.000227 0.000584 83.515317
4.307642 1528487236.240535 0.000167 0.000227 0.000586 83.409375
4.320246 1528487236.253139 0.000165 0.000225 0.000584 83.589189
4.332395 1528487236.265287 0.000167 0.000228 0.000584 83.586689
4.345158 1528487236.278050 0.000167 0.000227 0.000582 83.635280
4.357610 1528487236.290502 0.000168 0.000230 0.000582 83.757343
4.370086 1528487236.302979 0.000169 0.000232 0.000579 83.846698
4.382648 1528487236.315541 0.000168 0.000231 0.000580 83.672993
4.395117 1528487236.328010 0.000169 0.000229 0.000582 83.871766
4.407771 1528487236.340663 0.000170 0.000230 0.000582 83.649721
4.419924 1528487236.352817 0.000170 0.000231 0.000584 83.649493
4.432451 1528487236.365344 0.000170 0.000228 0.000581 83.351957
4.445068 1528487236.377960 0.000171 0.000232 0.000579 83.401206
4.457350 1528487236.390243 0.000170 0.000228 0.000578 82.989370
4.469927 1528487236.402820 0.000172 0.000233 0.000576 83.093715
4.482694 1528487236.415587 0.000172 0.000234 0.000578 83.201392
4.495418 1528487236.428310 0.000172 0.000232 0.000579 82.748906
4.507576 1528487236.440469 0.000171 0.000236 0.000584 82.324013
4.520495 1528487236.453387 0.000172 0.000236 0.000595 80.941296
4.533076 1528487236.465969 0.000174 0.000231 0.000593 80.026508
4.545308 1528487236.478200 0.000175 0.000234 0.000595 79.628741
4.558770 1528487236.491663 0.000176 0.000237 0.000605 79.913204
4.571094 1528487236.503986 0.000174 0.000233 0.000611 79.479460
4.583569 1528487236.516461 0.000173 0.000231 0.000623 79.010369
4.596138 1528487236.529031 0.000170 0.000231 0.000630 78.837546
4.608992 1528487236.541884 0.000169 0.000229 0.000634 77.862024
4.621579 1528487236.554471 0.000167 0.000227 0.000639 77.507915
4.633840 1528487236.566733 0.000166 0.000225 0.000643 77.072422
4.646487 1528487236.579379 0.000164 0.000226 0.000644 76.775730
4.658653 1528487236.591545 0.000165 0.000224 0.000645 76.417507
4.671185 1528487236.604077 0.000164 0.000225 0.000645 75.914548
4.683016 1528487236.615909 0.000163 0.000227 0.000645 75.701528
4.696181 1528487236.629074 0.000162 0.000223 0.000647 75.411381
4.708255 1528487236.641148 0.000162 0.000225 0.000649 75.539762
4.720830 1528487236.653722 0.000162 0.000222 0.000649 75.488823
4.733376 1528487236.666268 0.000161 0.000224 0.000648 75.295626
4.745995 1528487236.678887 0.000161 0.000219 0.000652 75.442162
4.758465 1528487236.691357 0.000160 0.000218 0.000653 75.665548
4.770896 1528487236.703788 0.000160 0.000219 0.000654 75.528296
4.783219 1528487236.716112 0.000159 0.000215 0.000658 75.417248
4.796320 1528487236.729213 0.000158 0.000216 0.000656 75.438219
4.808903 1528487236.741796 0.000158 0.000216 0.000659 75.302719
4.821754 1528487236.754647 0.000158 0.000217 0.000656 75.471894
4.833568 1528487236.766460 0.000158 0.000220 0.000658 75.249912
4.846458 1528487236.779351 0.000158 0.000221 0.000656 75.112865
4.858900 1528487236.791793 0.000158 0.000222 0.000657 75.135003
4.871029 1528487236.803921 0.000157 0.000215 0.000662 75.028645
4.883487 1528487236.816380 0.000158 0.000209 0.000663 74.876705
4.895498 1528487236.828391 0.000157 0.000211 0.000665 74.800828
4.908366 1528487236.841259 0.000156 0.000214 0.000662 74.786185
4.921534 1528487236.854427 0.000157 0.000215 0.000661 74.728029
4.933140 1528487236.866032 0.000157 0.000211 0.000666 74.673638
4.946099 1528487236.878992 0.000156 0.000209 0.000664 74.670899
4.958461 1528487236.891353 0.000157 0.000213 0.000664 74.681355
4.970766 1528487236.903658 0.000156 0.000212 0.000663 74.541079
4.983531 1528487236.916423 0.000156 0.000214 0.000663 74.631610
4.995678 1528487236.928571 0.000157 0.000218 0.000661 74.732731
5.008317 1528487236.941210 0.000156 0.000210 0.000663 74.579727
5.020768 1528487236.953661 0.000157 0.000216 0.000662 74.706151
5.034200 1528487236.967093 0.000157 0.000213 0.000662 74.713424
5.045689 1528487236.978581 0.000157 0.000214 0.000662 74.736511
5.058387 1528487236.991279 0.000157 0.000211 0.000663 74.699735
5.070724 1528487237.003617 0.000158 0.000215 0.000661 74.605134
5.083230 1528487237.016122 0.000157 0.000212 0.000666 74.539615
5.095613 1528487237.028505 0.000157 0.000219 0.000662 74.641452
5.108200 1528487237.041092 0.000157 0.000220 0.000663 74.477176
5.121172 1528487237.054065 0.000157 0.000217 0.000663 74.429474
5.133355 1528487237.066247 0.000157 0.000216 0.000662 74.260783
5.146566 1528487237.079458 0.000158 0.000215 0.000666 74.446380
5.158684 1528487237.091577 0.000159 0.000214 0.000662 74.534029
5.170750 1528487237.103643 0.000159 0.000221 0.000661 74.528658
5.183374 1528487237.116266 0.000159 0.000210 0.000664 74.431782
5.195667 1528487237.128560 0.000160 0.000215 0.000661 74.549999
5.208487 1528487237.141379 0.000160 0.000214 0.000659 74.626158
5.220873 1528487237.153766 0.000161 0.000220 0.000659 74.737882
5.233475 1528487237.166368 0.000162 0.000220 0.000659 74.743693
5.245918 1528487237.178810 0.000163 0.000220 0.000659 74.703764
5.259445 1528487237.192338 0.000163 0.000221 0.000657 74.570139
5.271034 1528487237.203927 0.000163 0.000222 0.000653 74.780126
5.283300 1528487237.216193 0.000163 0.000223 0.000652 74.609815
5.295776 1528487237.228668 0.000164 0.000224 0.000653 74.725841
5.308443 1528487237.241336 0.000164 0.000224 0.000655 74.755128
5.321010 1528487237.253902 0.000165 0.000223 0.000653 74.717965
5.333774 1528487237.266666 0.000165 0.000223 0.000651 74.643592
5.346029 1528487237.278921 0.000166 0.000222 0.000654 74.697500
5.358398 1528487237.291291 0.000166 0.000218 0.000657 74.443119
5.372414 1528487237.305307 0.000166 0.000222 0.000656 74.541353
5.384130 1528487237.317022 0.000166 0.000225 0.000653 74.443930
5.395908 1528487237.328800 0.000166 0.000226 0.000655 74.570587
5.408306 1528487237.341198 0.000166 0.000220 0.000660 74.389517
5.420851 1528487237.353743 0.000167 0.000225 0.000663 74.324933
5.432972 1528487237.365864 0.000166 0.000222 0.000663 74.172756
5.446782 1528487237.379674 0.000167 0.000226 0.000662 74.438882
5.458886 1528487237.391778 0.000167 0.000221 0.000664 74.427835
5.471687 1528487237.404579 0.000167 0.000225 0.000662 74.442496
5.483944 1528487237.416837 0.000167 0.000221 0.000662 74.358307
5.495750 1528487237.428642 0.000167 0.000226 0.000662 74.443552
5.508369 1528487237.441262 0.000166 0.000228 0.000665 74.351165
5.520862 1528487237.453755 0.000166 0.000222 0.000665 74.260723
5.533429 1528487237.466321 0.000167 0.000219 0.000679 74.694838
5.546100 1528487237.478993 0.000167 0.000214 0.000668 76.019052
5.558597 1528487237.491490 0.000169 0.000215 0.000669 76.658955
5.571596 1528487237.504489 0.000169 0.000222 0.000667 76.592583
5.583713 1528487237.516606 0.000169 0.000224 0.000664 76.181655
5.595732 1528487237.528625 0.000168 0.000216 0.000665 75.368253
5.608462 1528487237.541355 0.000167 0.000219 0.000661 74.945921
5.621195 1528487237.554087 0.000167 0.000221 0.000664 74.706151
5.634177 1528487237.567070 0.000167 0.000219 0.000664 74.331224
5.646502 1528487237.579394 0.000166 0.000217 0.000668 74.026700
5.657937 1528487237.590830 0.000165 0.000214 0.000671 73.770561
5.671941 1528487237.604833 0.000165 0.000214 0.000670 73.580524
5.684392 1528487237.617284 0.000164 0.000213 0.000677 73.314580
5.695968 1528487237.628860 0.000164 0.000214 0.000675 73.179211
5.708058 1528487237.640950 0.000163 0.000212 0.000683 73.087256
5.720514 1528487237.653407 0.000163 0.000211 0.000686 72.949622
5.733139 1528487237.666032 0.000162 0.000209 0.000684 72.714480
5.745736 1528487237.678629 0.000162 0.000210 0.000684 72.435733
5.758759 1528487237.691651 0.000162 0.000212 0.000684 72.261028
5.771872 1528487237.704764 0.000161 0.000206 0.000690 72.249533
5.784248 1528487237.717140 0.000161 0.000210 0.000684 72.096242
5.796703 1528487237.729596 0.000161 0.000207 0.000688 71.869489
5.808416 1528487237.741308 0.000161 0.000207 0.000687 72.017694
5.821087 1528487237.753979 0.000161 0.000201 0.000682 71.894128
5.834448 1528487237.767341 0.000161 0.000208 0.000688 71.875682
5.845534 1528487237.778426 0.000161 0.000202 0.000684 71.855318
5.857980 1528487237.790873 0.000161 0.000206 0.000681 71.856015
5.871030 1528487237.803922 0.000161 0.000203 0.000684 71.607788
5.883215 1528487237.816108 0.000161 0.000206 0.000678 71.638746
5.895493 1528487237.828385 0.000161 0.000211 0.000679 71.529421
5.908112 1528487237.841004 0.000161 0.000207 0.000685 71.568453
5.920633 1528487237.853525 0.000161 0.000204 0.000683 71.495392
5.933133 1528487237.866026 0.000161 0.000207 0.000684 71.357824
5.945653 1528487237.878546 0.000161 0.000204 0.000680 71.518852
5.958035 1528487237.890927 0.000161 0.000207 0.000683 71.287998
5.971071 1528487237.903964 0.000161 0.000207 0.000683 71.318984
5.983801 1528487237.916694 0.000160 0.000202 0.000682 71.262224
5.996722 1528487237.929615 0.000161 0.000210 0.000682 71.210978
6.008486 1528487237.941379 0.000161 0.000212 0.000673 70.999703
6.021162 1528487237.954054 0.000161 0.000206 0.000681 71.022549
6.034561 1528487237.967453 0.000161 0.000208 0.000674 70.998229
6.046512 1528487237.979405 0.000160 0.000207 0.000670 70.854173
6.059343 1528487237.992236 0.000161 0.000209 0.000670 70.911192
6.070894 1528487238.003787 0.000161 0.000209 0.000672 70.681892
6.083465 1528487238.016358 0.000160 0.000210 0.000670 70.814216
6.096426 1528487238.029319 0.000160 0.000208 0.000670 70.622599
6.109082 1528487238.041974 0.000161 0.000204 0.000670 70.621055
6.121216 1528487238.054109 0.000160 0.000204 0.000679 70.605264
6.134000 1528487238.066892 0.000160 0.000207 0.000676 70.526816
6.146542 1528487238.079434 0.000161 0.000204 0.000677 70.639866
6.158548 1528487238.091441 0.000160 0.000207 0.000675 70.461664
6.171114 1528487238.104006 0.000160 0.000208 0.000677 70.515918
6.183361 1528487238.116253 0.000161 0.000208 0.000669 70.480150
6.196350 1528487238.129242 0.000161 0.000206 0.000671 70.284116
6.209048 1528487238.141941 0.000161 0.000206 0.000678 70.211398
6.220723 1528487238.153616 0.000161 0.000205 0.000674 70.218656
6.233109 1528487238.166002 0.000162 0.000210 0.000669 70.088345
6.245764 1528487238.178656 0.000162 0.000208 0.000672 70.071943
6.258290 1528487238.191182 0.000163 0.000211 0.000670 70.011560
6.271048 1528487238.203940 0.000162 0.000209 0.000666 70.021756
6.283093 1528487238.215986 0.000163 0.000209 0.000667 69.992843
6.295581 1528487238.228474 0.000163 0.000213 0.000669 69.876422
6.308239 1528487238.241131 0.000163 0.000207 0.000670 69.931180
6.320784 1528487238.253677 0.000163 0.000211 0.000671 69.624372
6.333156 1528487238.266049 0.000163 0.000205 0.000680 69.522527
6.345660 1528487238.278553 0.000164 0.000207 0.000679 69.008309
6.358058 1528487238.290951 0.000163 0.000205 0.000646 68.727443
6.370490 1528487238.303382 0.000162 0.000209 0.000645 68.482382
6.384056 1528487238.316949 0.000162 0.000212 0.000643 68.169308
6.397327 1528487238.330220 0.000162 0.000212 0.000642 67.953363
6.409257 1528487238.342149 0.000162 0.000208 0.000642 68.160530
6.421803 1528487238.354695 0.000163 0.000212 0.000641 68.001242
6.433737 1528487238.366629 0.000163 0.000212 0.000647 67.904825
6.445951 1528487238.378844 0.000162 0.000213 0.000642 67.829263
6.458489 1528487238.391382 0.000162 0.000208 0.000642 67.618414
6.470992 1528487238.403884 0.000161 0.000212 0.000641 67.517985
6.483110 1528487238.416003 0.000161 0.000206 0.000646 67.477829
6.495979 1528487238.428872 0.000160 0.000212 0.000646 67.534794
6.508325 1528487238.441218 0.000160 0.000204 0.000645 67.515437
6.520902 1528487238.453795 0.000160 0.000206 0.000648 67.312363
6.534167 1528487238.467060 0.000160 0.000207 0.000647 67.524470
6.546780 1528487238.479673 0.000159 0.000208 0.000654 67.366242
6.558463 1528487238.491356 0.000159 0.000203 0.000646 67.426206
6.571091 1528487238.503983 0.000159 0.000202 0.000650 67.317222
6.583513 1528487238.516406 0.000159 0.000206 0.000645 67.422917
6.595918 1528487238.528811 0.000159 0.000204 0.000651 67.283300
6.608797 1528487238.541690 0.000159 0.000203 0.000648 67.418821
6.621285 1528487238.554178 0.000159 0.000205 0.000648 67.228847
6.633689 1528487238.566581 0.000158 0.000199 0.000658 67.378162
6.646264 1528487238.579156 0.000159 0.000203 0.000652 67.125657
6.658624 1528487238.591517 0.000158 0.000204 0.000646 67.002283
6.671278 1528487238.604171 0.000159 0.000204 0.000641 66.974730
6.683919 1528487238.616812 0.000158 0.000205 0.000643 66.825608
6.696171 1528487238.629064 0.000158 0.000204 0.000649 66.899394
6.708863 1528487238.641755 0.000158 0.000202 0.000688 66.957309
6.721684 1528487238.654577 0.000158 0.000202 0.000656 66.620488
6.734061 1528487238.666953 0.000158 0.000193 0.000689 66.742881
6.746054 1528487238.678947 0.000157 0.000203 0.000650 66.274585
6.758655 1528487238.691547 0.000157 0.000203 0.000649 65.842379
6.770937 1528487238.703830 0.000157 0.000203 0.000658 65.379349
6.784296 1528487238.717189 0.000157 0.000205 0.000664 64.476734
6.796644 1528487238.729537 0.000158 0.000206 0.000667 63.569795
6.808824 1528487238.741717 0.000142 0.000159 0.000704 64.214703
6.821117 1528487238.754010 0.000146 0.000158 0.000665 63.137880
6.833791 1528487238.766683 0.000154 0.000207 0.000663 60.373537
6.846227 1528487238.779120 0.000143 0.000157 0.000728 62.712297
6.858424 1528487238.791316 0.000153 0.000204 0.000656 59.585243
6.871273 1528487238.804166 0.000154 0.000200 0.000650 59.240386
6.883549 1528487238.816442 0.000143 0.000157 0.000652 61.482893
6.895831 1528487238.828723 0.000153 0.000206 0.000651 58.892524
6.908678 1528487238.841570 0.000143 0.000157 0.000651 61.471320
6.921123 1528487238.854015 0.000142 0.000157 0.000654 61.435333
6.933584 1528487238.866477 0.000143 0.000157 0.000646 61.339291
6.946181 1528487238.879074 0.000154 0.000199 0.000677 59.555546
6.958345 1528487238.891237 0.000142 0.000157 0.000644 61.344928
6.971010 1528487238.903902 0.000142 0.000157 0.000644 61.356075
6.983528 1528487238.916420 0.000153 0.000197 0.000641 58.861138
6.997068 1528487238.929961 0.000142 0.000156 0.000642 61.002518
7.009218 1528487238.942111 0.000142 0.000156 0.000647 60.719915
7.021901 1528487238.954794 0.000150 0.000203 0.000639 56.762690
7.033830 1528487238.966723 0.000142 0.000154 0.000646 58.128267
7.046050 1528487238.978942 0.000140 0.000152 0.000667 56.823518
7.058438 1528487238.991330 0.000139 0.000150 0.000691 55.735892
7.071339 1528487239.004231 0.000142 0.000187 0.000721 52.139277
7.084269 1528487239.017162 0.000137 0.000146 0.000734 53.777959
7.096874 1528487239.029766 0.000136 0.000145 0.000744 53.093375
7.109754 1528487239.042647 0.000136 0.000144 0.000746 52.607799
7.121382 1528487239.054275 0.000134 0.000143 0.000750 52.519427
7.133246 1528487239.066139 0.000133 0.000143 0.000869 53.237863
7.145816 1528487239.078709 0.000134 0.000143 0.000748 52.139533
7.158058 1528487239.090951 0.000131 0.000143 0.000746 51.875375
7.170868 1528487239.103760 0.000133 0.000143 0.000750 51.964381
7.183480 1528487239.116373 0.000131 0.000142 0.000891 52.922520
7.196304 1528487239.129197 0.000133 0.000143 0.000882 52.900119
7.208258 1528487239.141151 0.000132 0.000143 0.000749 51.809056
7.220935 1528487239.153827 0.000131 0.000143 0.000748 51.846105
7.233382 1528487239.166274 0.000131 0.000143 0.000739 51.659449
7.246978 1528487239.179871 0.000132 0.000143 0.000737 51.686026
7.259566 1528487239.192459 0.000132 0.000143 0.000734 51.721972
7.272365 1528487239.205258 0.000132 0.000143 0.000740 51.844622
7.284445 1528487239.217338 0.000131 0.000143 0.000741 51.886838
7.297150 1528487239.230042 0.000129 0.000143 0.000749 51.876248
7.309203 1528487239.242095 0.000130 0.000142 0.000748 51.901996
7.321377 1528487239.254269 0.000129 0.000142 0.000750 51.838219
7.333436 1528487239.266328 0.000129 0.000142 0.000743 51.807705
7.346031 1528487239.278924 0.000128 0.000142 0.000749 51.782494
7.358379 1528487239.291271 0.000129 0.000141 0.000875 52.621476
7.371052 1528487239.303945 0.000130 0.000141 0.000863 52.534100
7.384433 1528487239.317325 0.000127 0.000141 0.000876 52.549092
7.397078 1528487239.329971 0.000127 0.000141 0.000895 52.680620
7.409873 1528487239.342765 0.000128 0.000141 0.000868 52.536346
7.422352 1528487239.355244 0.000126 0.000141 0.000887 52.617797
7.433964 1528487239.366857 0.000127 0.000141 0.000886 52.550080
7.445825 1528487239.378717 0.000126 0.000141 0.000887 52.482078
7.458307 1528487239.391200 0.000125 0.000141 0.000897 52.568508
7.470723 1528487239.403616 0.000126 0.000140 0.000755 51.550021
7.483080 1528487239.415973 0.000127 0.000140 0.000886 52.503130
7.496840 1528487239.429732 0.000126 0.000141 0.000871 52.357893
7.509399 1528487239.442291 0.000126 0.000140 0.000874 52.284300
7.521690 1528487239.454582 0.000124 0.000140 0.000891 52.391199
7.534228 1528487239.467120 0.000125 0.000140 0.000891 52.377056
7.547077 1528487239.479970 0.000125 0.000140 0.000893 52.363022
7.559921 1528487239.492813 0.000125 0.000140 0.000884 52.315886
7.571049 1528487239.503942 0.000125 0.000140 0.000889 52.357835
7.583418 1528487239.516310 0.000125 0.000140 0.000895 52.418346
7.595966 1528487239.528858 0.000125 0.000140 0.000879 52.176486
7.608693 1528487239.541585 0.000125 0.000140 0.000879 52.230519
7.621165 1528487239.554058 0.000124 0.000139 0.000893 52.331361
7.633074 1528487239.565966 0.000125 0.000140 0.000889 52.241940
7.645743 1528487239.578636 0.000125 0.000140 0.000900 52.149414
7.658354 1528487239.591246 0.000124 0.000139 0.000915 51.967681
7.671585 1528487239.604477 0.000122 0.000139 0.000919 51.834824
7.683774 1528487239.616667 0.000122 0.000139 0.000927 51.870783
7.696237 1528487239.629130 0.000121 0.000138 0.000923 51.680667
7.708801 1528487239.641693 0.000121 0.000138 0.000935 51.810000
7.721716 1528487239.654609 0.000120 0.000138 0.000937 51.685643
7.733961 1528487239.666854 0.000120 0.000136 0.000940 51.790434
7.746371 1528487239.679264 0.000119 0.000136 0.000936 51.628904
7.758402 1528487239.691295 0.000120 0.000136 0.000939 51.664469
7.771195 1528487239.704087 0.000119 0.000135 0.000935 51.627922
7.783487 1528487239.716379 0.000119 0.000136 0.000933 51.595696
7.796367 1528487239.729260 0.000119 0.000134 0.000948 51.786750
7.809540 1528487239.742432 0.000119 0.000135 0.000945 51.596106
7.821980 1528487239.754872 0.000119 0.000135 0.000935 51.490273
7.834646 1528487239.767539 0.000119 0.000135 0.000938 51.336401
7.846921 1528487239.779813 0.000119 0.000135 0.000940 51.386722
7.859855 1528487239.792747 0.000119 0.000135 0.000944 51.465534
7.872987 1528487239.805879 0.000119 0.000134 0.000940 51.391858
7.885640 1528487239.818532 0.000119 0.000135 0.000944 51.321026
7.895940 1528487239.828833 0.000118 0.000135 0.000948 51.350097
7.908533 1528487239.841425 0.000119 0.000135 0.000945 51.304576
7.920945 1528487239.853837 0.000118 0.000134 0.000951 51.278932
7.933567 1528487239.866459 0.000118 0.000135 0.000938 51.043265
7.945662 1528487239.878555 0.000119 0.000134 0.000934 51.037446
7.957991 1528487239.890884 0.000119 0.000134 0.000939 51.022586
7.970701 1528487239.903593 0.000120 0.000135 0.000921 50.847848
7.983194 1528487239.916086 0.000119 0.000134 0.000941 51.070847
7.996147 1528487239.929040 0.000120 0.000135 0.000935 51.032179
8.008445 1528487239.941337 0.000119 0.000134 0.000945 51.133356
8.020894 1528487239.953786 0.000120 0.000135 0.000936 50.976347
8.033178 1528487239.966071 0.000120 0.000135 0.000932 50.893283
8.046894 1528487239.979787 0.000120 0.000135 0.000941 51.021087
8.059512 1528487239.992404 0.000121 0.000135 0.000934 50.914431
8.071874 1528487240.004766 0.000122 0.000135 0.000924 50.798208
8.084495 1528487240.017387 0.000121 0.000135 0.000935 50.929069
8.097021 1528487240.029913 0.000123 0.000136 0.000917 50.729350
8.108739 1528487240.041632 0.000121 0.000136 0.000930 50.813483
8.121363 1528487240.054255 0.000123 0.000135 0.000931 50.927003
8.133479 1528487240.066371 0.000122 0.000136 0.000939 50.870472
8.145925 1528487240.078818 0.000122 0.000136 0.000934 50.800076
8.158476 1528487240.091369 0.000121 0.000135 0.000937 50.902466
8.171352 1528487240.104244 0.000122 0.000136 0.000934 50.780061
8.184739 1528487240.117631 0.000122 0.000136 0.000935 50.809902
8.197183 1528487240.130076 0.000122 0.000136 0.000933 50.818496
8.209439 1528487240.142331 0.000122 0.000136 0.000927 50.765537
8.221725 1528487240.154618 0.000122 0.000136 0.000935 50.755485
8.234681 1528487240.167573 0.000122 0.000136 0.000933 50.672328
8.247679 1528487240.180572 0.000122 0.000135 0.000937 50.438399
8.259028 1528487240.191921 0.000122 0.000136 0.000934 50.187275
8.271122 1528487240.204014 0.000122 0.000135 0.000950 50.193910
8.283517 1528487240.216410 0.000122 0.000135 0.000938 49.989853
8.296028 1528487240.228921 0.000121 0.000134 0.000949 49.923160
8.309725 1528487240.242617 0.000121 0.000133 0.000949 49.803610
8.322614 1528487240.255507 0.000120 0.000133 0.000954 49.779857
8.335630 1528487240.268523 0.000120 0.000133 0.000954 49.648897
8.346435 1528487240.279327 0.000120 0.000133 0.000959 49.763522
8.358826 1528487240.291719 0.000120 0.000133 0.000943 49.605477
8.370958 1528487240.303850 0.000120 0.000133 0.000952 49.692828
8.383727 1528487240.316619 0.000120 0.000133 0.000944 49.601507
8.396161 1528487240.329054 0.000120 0.000134 0.000950 49.667397
8.408315 1528487240.341207 0.000119 0.000134 0.000949 49.639824
8.420851 1528487240.353743 0.000120 0.000134 0.000952 49.676802
8.433449 1528487240.366342 0.000119 0.000133 0.000957 49.634838
8.446166 1528487240.379059 0.000119 0.000133 0.000955 49.544335
8.458670 1528487240.391562 0.000120 0.000133 0.000957 49.607244
8.470890 1528487240.403783 0.000119 0.000133 0.000953 49.566744
8.483495 1528487240.416387 0.000119 0.000133 0.000956 49.565631
8.495997 1528487240.428890 0.000120 0.000133 0.000948 49.502882
8.508566 1528487240.441458 0.000119 0.000133 0.000956 49.568563
8.522227 1528487240.455119 0.000119 0.000133 0.000952 49.496222
8.534634 1528487240.467526 0.000119 0.000133 0.000956 49.460696
8.546779 1528487240.479671 0.000119 0.000133 0.000950 49.376143
8.558477 1528487240.491369 0.000120 0.000133 0.000959 49.565550
8.571855 1528487240.504747 0.000121 0.000133 0.000944 49.541778
8.584851 1528487240.517744 0.000121 0.000134 0.000919 49.707030
8.597184 1528487240.530076 0.000122 0.000135 0.000907 50.198720
8.609867 1528487240.542759 0.000122 0.000136 0.000888 50.508840
8.622180 1528487240.555072 0.000125 0.000137 0.000878 50.537694
8.634211 1528487240.567104 0.000126 0.000138 0.000870 50.433151
8.646275 1528487240.579168 0.000128 0.000137 0.000862 50.192330
8.658878 1528487240.591771 0.000129 0.000138 0.000868 50.460190
8.671248 1528487240.604141 0.000129 0.000137 0.000865 50.634006
8.683362 1528487240.616255 0.000129 0.000137 0.000865 50.925917
8.695924 1528487240.628816 0.000131 0.000137 0.000850 50.972895
8.709181 1528487240.642074 0.000129 0.000138 0.000851 50.958185
8.721251 1528487240.654144 0.000129 0.000138 0.000857 51.004755
8.734038 1528487240.666930 0.000129 0.000138 0.000856 51.056616
8.746886 1528487240.679779 0.000128 0.000137 0.000856 51.048074
8.758848 1528487240.691740 0.000128 0.000137 0.000861 51.043117
8.771206 1528487240.704099 0.000128 0.000137 0.000855 50.925684
8.783841 1528487240.716734 0.000128 0.000137 0.000859 50.996847
8.796389 1528487240.729281 0.000128 0.000138 0.000844 50.721330
8.808646 1528487240.741539 0.000127 0.000137 0.000860 50.922116
8.821760 1528487240.754653 0.000128 0.000137 0.000856 50.839989
8.834083 1528487240.766976 0.000128 0.000137 0.000864 50.727632
8.846655 1528487240.779548 0.000128 0.000137 0.000856 50.665905
8.859201 1528487240.792093 0.000128 0.000137 0.000864 50.786602
8.871589 1528487240.804482 0.000129 0.000137 0.000854 50.699192
8.884159 1528487240.817051 0.000127 0.000139 0.000859 50.600331
8.897004 1528487240.829897 0.000126 0.000139 0.000868 50.838617
8.909118 1528487240.842010 0.000128 0.000139 0.000852 51.114051
8.921315 1528487240.854208 0.000130 0.000139 0.000703 50.295695
8.933352 1528487240.866245 0.000133 0.000138 0.000846 51.129770
8.945979 1528487240.878871 0.000135 0.000137 0.000843 50.909133
8.958785 1528487240.891678 0.000136 0.000137 0.000837 50.590693
8.970897 1528487240.903789 0.000133 0.000139 0.000703 49.567318
8.983470 1528487240.916363 0.000132 0.000139 0.000701 49.400199
8.995919 1528487240.928812 0.000131 0.000135 0.000849 50.048858
9.008515 1528487240.941407 0.000132 0.000135 0.000847 50.005775
9.020868 1528487240.953761 0.000131 0.000136 0.000840 49.833133
9.033517 1528487240.966410 0.000130 0.000135 0.000855 49.975532
9.045894 1528487240.978786 0.000131 0.000136 0.000840 49.736479
9.058565 1528487240.991458 0.000130 0.000136 0.000841 49.772256
9.071013 1528487241.003906 0.000130 0.000135 0.000851 49.895139
9.083458 1528487241.016351 0.000131 0.000135 0.000846 49.834257
9.095929 1528487241.028822 0.000129 0.000137 0.000696 48.814776
9.108797 1528487241.041690 0.000130 0.000135 0.000841 49.695036
9.121078 1528487241.053970 0.000130 0.000136 0.000702 48.944428
9.133437 1528487241.066330 0.000130 0.000135 0.000844 49.722068
9.146326 1528487241.079219 0.000128 0.000134 0.000852 49.769933
9.158999 1528487241.091891 0.000129 0.000134 0.000847 49.733558
9.171383 1528487241.104276 0.000130 0.000134 0.000845 49.647789
9.184005 1528487241.116898 0.000128 0.000134 0.000854 49.766710
9.196481 1528487241.129373 0.000129 0.000134 0.000850 49.691809
9.209180 1528487241.142073 0.000128 0.000134 0.000848 49.577467
9.221621 1528487241.154513 0.000128 0.000135 0.000704 48.800285
9.234022 1528487241.166915 0.000129 0.000134 0.000841 49.589167
9.246650 1528487241.179542 0.000128 0.000134 0.000847 49.574542
9.259437 1528487241.192329 0.000127 0.000133 0.000859 49.583148
9.271409 1528487241.204302 0.000127 0.000134 0.000849 49.518850
9.284005 1528487241.216897 0.000126 0.000133 0.000857 49.633166
9.296540 1528487241.229433 0.000127 0.000134 0.000845 49.412268
9.309206 1528487241.242099 0.000126 0.000134 0.000857 49.559172
9.321824 1528487241.254717 0.000127 0.000134 0.000857 49.582932
9.333871 1528487241.266764 0.000128 0.000133 0.000854 49.519650
9.346911 1528487241.279804 0.000126 0.000133 0.000864 49.557176
9.358877 1528487241.291769 0.000127 0.000134 0.000843 49.661152
9.371299 1528487241.304192 0.000127 0.000136 0.000692 49.165179
9.383755 1528487241.316648 0.000126 0.000135 0.000837 50.206226
9.396683 1528487241.329576 0.000125 0.000136 0.000833 50.054456
9.409127 1528487241.342020 0.000126 0.000138 0.000679 48.819232
9.421702 1528487241.354594 0.000127 0.000137 0.000817 49.643174
9.435219 1528487241.368112 0.000126 0.000139 0.000671 48.469932
9.447042 1528487241.379935 0.000127 0.000136 0.000829 49.651776
9.459835 1528487241.392728 0.000125 0.000138 0.000678 48.489436
9.472337 1528487241.405229 0.000126 0.000137 0.000819 49.373671
9.484310 1528487241.417202 0.000126 0.000138 0.000667 48.335543
9.496155 1528487241.429048 0.000126 0.000136 0.000825 49.427251
9.508557 1528487241.441450 0.000125 0.000136 0.000827 49.369986
9.521027 1528487241.453920 0.000125 0.000138 0.000681 48.351647
9.533800 1528487241.466693 0.000125 0.000136 0.000826 49.305792
9.547643 1528487241.480536 0.000125 0.000138 0.000679 48.281468
9.559307 1528487241.492199 0.000126 0.000135 0.000825 49.254506
9.571991 1528487241.504883 0.000125 0.000136 0.000823 49.152988
9.584764 1528487241.517657 0.000125 0.000136 0.000826 49.124460
9.597061 1528487241.529954 0.000125 0.000135 0.000834 49.231691
9.609835 1528487241.542728 0.000125 0.000136 0.000820 49.066970
9.621535 1528487241.554427 0.000124 0.000135 0.000834 49.238079
9.633808 1528487241.566701 0.000125 0.000135 0.000834 49.268251
9.646085 1528487241.578978 0.000124 0.000136 0.000829 49.079417
9.658467 1528487241.591360 0.000125 0.000135 0.000836 49.212584
9.671259 1528487241.604152 0.000125 0.000136 0.000827 49.154218
9.683695 1528487241.616587 0.000124 0.000135 0.000837 49.247894
9.697278 1528487241.630170 0.000125 0.000136 0.000833 49.197239
9.708742 1528487241.641635 0.000124 0.000136 0.000845 49.308520
9.721228 1528487241.654121 0.000125 0.000136 0.000837 49.191234
9.733840 1528487241.666733 0.000124 0.000136 0.000838 49.127969
9.746938 1528487241.679830 0.000125 0.000136 0.000838 49.118590
9.759231 1528487241.692123 0.000125 0.000136 0.000828 49.066165
9.771645 1528487241.704538 0.000124 0.000136 0.000827 49.029265
9.784347 1528487241.717240 0.000124 0.000136 0.000831 49.050363
9.797381 1528487241.730274 0.000124 0.000138 0.000681 47.835876
9.810167 1528487241.743060 0.000125 0.000136 0.000839 49.059362
9.821673 1528487241.754566 0.000125 0.000136 0.000831 48.888043
9.834456 1528487241.767349 0.000125 0.000137 0.000833 48.889409
9.847516 1528487241.780409 0.000125 0.000136 0.000837 48.967639
9.860168 1528487241.793061 0.000125 0.000137 0.000838 48.858774
9.872387 1528487241.805280 0.000125 0.000137 0.000827 48.635146
9.884675 1528487241.817568 0.000126 0.000137 0.000835 48.716031
9.896511 1528487241.829404 0.000126 0.000137 0.000834 48.780665
9.909040 1528487241.841932 0.000126 0.000137 0.000836 48.750493
9.921603 1528487241.854496 0.000126 0.000137 0.000833 48.715366
9.934147 1528487241.867039 0.000126 0.000138 0.000830 48.590329
9.946339 1528487241.879232 0.000126 0.000138 0.000831 48.554593
9.959206 1528487241.892098 0.000126 0.000137 0.000834 48.608022
9.971796 1528487241.904688 0.000126 0.000137 0.000838 48.639641
9.984490 1528487241.917382 0.000126 0.000138 0.000838 48.581880
9.996855 1528487241.929748 0.000127 0.000138 0.000838 48.667411
10.009338 1528487241.942230 0.000126 0.000138 0.000837 48.471997
10.021842 1528487241.954735 0.000127 0.000138 0.000841 48.688561
10.034591 1528487241.967484 0.000127 0.000139 0.000833 48.643122
10.046489 1528487241.979381 0.000127 0.000139 0.000835 48.666778
10.058989 1528487241.991881 0.000127 0.000139 0.000834 48.584720
10.071431 1528487242.004323 0.000126 0.000139 0.000839 48.602807
10.084279 1528487242.017172 0.000127 0.000140 0.000838 48.524020
10.096883 1528487242.029776 0.000126 0.000140 0.000836 48.453749
10.109150 1528487242.042042 0.000126 0.000140 0.000844 48.568789
10.121800 1528487242.054693 0.000127 0.000140 0.000835 48.482962
10.134492 1528487242.067384 0.000127 0.000140 0.000842 48.383828
10.146451 1528487242.079343 0.000129 0.000140 0.000844 48.688953
10.158959 1528487242.091851 0.000131 0.000140 0.000829 48.939977
10.171698 1528487242.104590 0.000133 0.000139 0.000829 49.327413
10.184502 1528487242.117394 0.000134 0.000140 0.000819 49.433643
10.196716 1528487242.129608 0.000135 0.000144 0.000665 48.422834
10.209193 1528487242.142086 0.000135 0.000145 0.000661 48.382323
10.221447 1528487242.154339 0.000136 0.000144 0.000795 49.283267
10.233955 1528487242.166848 0.000136 0.000148 0.000650 48.104510
10.246236 1528487242.179128 0.000135 0.000148 0.000651 48.030554
10.258616 1528487242.191509 0.000135 0.000147 0.000649 48.064463
10.270985 1528487242.203878 0.000134 0.000147 0.000647 47.933360
10.283369 1528487242.216262 0.000134 0.000143 0.000796 49.123045
10.295813 1528487242.228705 0.000135 0.000147 0.000644 47.849258
10.308514 1528487242.241406 0.000134 0.000144 0.000790 49.214247
10.321140 1528487242.254032 0.000134 0.000146 0.000652 48.140159
10.333515 1528487242.266408 0.000134 0.000144 0.000788 49.078914
10.345968 1528487242.278861 0.000134 0.000146 0.000651 47.944696
10.358495 1528487242.291387 0.000134 0.000143 0.000792 49.059940
10.371259 1528487242.304152 0.000133 0.000145 0.000657 47.976274
10.383402 1528487242.316295 0.000133 0.000142 0.000802 49.071438
10.395983 1528487242.328875 0.000133 0.000143 0.000791 49.051885
10.408508 1528487242.341400 0.000133 0.000145 0.000651 47.846433
10.420910 1528487242.353802 0.000134 0.000145 0.000644 47.743072
10.433472 1528487242.366365 0.000133 0.000145 0.000651 47.852532
10.446122 1528487242.379015 0.000133 0.000145 0.000643 47.689152
10.458521 1528487242.391414 0.000133 0.000145 0.000646 47.769057
10.471055 1528487242.403948 0.000134 0.000143 0.000794 48.985138
10.483434 1528487242.416327 0.000134 0.000143 0.000780 48.504992
10.496180 1528487242.429073 0.000134 0.000144 0.000631 47.199250
10.508488 1528487242.441381 0.000134 0.000138 0.000783 48.655835
10.521021 1528487242.453913 0.000132 0.000137 0.000803 49.401360
10.533439 1528487242.466331 0.000129 0.000142 0.000797 50.036713
10.546269 1528487242.479162 0.000130 0.000142 0.000666 49.985088
10.558675 1528487242.491568 0.000128 0.000142 0.000797 51.083189
10.571110 1528487242.504003 0.000128 0.000143 0.000808 51.509068
10.583422 1528487242.516315 0.000129 0.000143 0.000794 51.418779
10.596067 1528487242.528960 0.000129 0.000143 0.000797 51.303370
10.608787 1528487242.541679 0.000129 0.000140 0.000805 51.353927
10.620961 1528487242.553854 0.000129 0.000140 0.000804 51.257058
10.633728 1528487242.566620 0.000129 0.000140 0.000800 51.352173
10.646171 1528487242.579063 0.000129 0.000140 0.000800 51.389448
10.658634 1528487242.591527 0.000129 0.000140 0.000799 51.327141
10.671319 1528487242.604212 0.000129 0.000139 0.000809 51.453097
10.683989 1528487242.616881 0.000129 0.000139 0.000810 51.455732
10.696977 1528487242.629869 0.000129 0.000139 0.000801 51.234566
10.709227 1528487242.642119 0.000129 0.000140 0.000807 51.451697
10.722001 1528487242.654893 0.000129 0.000140 0.000799 51.329225
10.734420 1528487242.667312 0.000129 0.000138 0.000814 51.420323
10.746894 1528487242.679787 0.000129 0.000139 0.000804 51.349105
10.759184 1528487242.692077 0.000129 0.000139 0.000808 51.418558
10.772023 1528487242.704916 0.000129 0.000139 0.000808 51.502040
10.784214 1528487242.717106 0.000129 0.000140 0.000809 51.563339
10.797015 1528487242.729907 0.000129 0.000140 0.000805 51.485384
10.809245 1528487242.742138 0.000130 0.000139 0.000809 51.476109
10.821798 1528487242.754691 0.000129 0.000139 0.000815 51.606944
10.834718 1528487242.767610 0.000130 0.000139 0.000808 51.542007
10.847032 1528487242.779925 0.000129 0.000140 0.000814 51.650081
10.859252 1528487242.792145 0.000129 0.000140 0.000809 51.729468
10.871846 1528487242.804739 0.000130 0.000139 0.000810 51.616661
10.884044 1528487242.816936 0.000130 0.000140 0.000807 51.678160
10.896109 1528487242.829002 0.000130 0.000140 0.000810 51.725578
10.908982 1528487242.841875 0.000130 0.000140 0.000811 51.719456
10.921307 1528487242.854199 0.000130 0.000139 0.000792 51.853776
10.934042 1528487242.866934 0.000129 0.000135 0.000797 52.302444
10.947994 1528487242.880886 0.000129 0.000132 0.000810 52.715050
10.959624 1528487242.892517 0.000128 0.000132 0.000804 52.955948
10.971616 1528487242.904508 0.000128 0.000133 0.000812 53.205249
10.984014 1528487242.916906 0.000127 0.000133 0.000824 53.210945
10.996716 1528487242.929609 0.000128 0.000133 0.000822 53.125691
11.008962 1528487242.941855 0.000128 0.000133 0.000824 53.076934
11.022035 1528487242.954927 0.000128 0.000133 0.000818 53.046153
11.034116 1528487242.967008 0.000128 0.000133 0.000820 53.067944
11.046462 1528487242.979355 0.000129 0.000133 0.000815 53.071940
11.058789 1528487242.991682 0.000128 0.000133 0.000826 53.217989
11.071247 1528487243.004139 0.000129 0.000132 0.000835 53.232488
11.084135 1528487243.017028 0.000128 0.000133 0.000825 53.107323
11.096746 1528487243.029639 0.000129 0.000132 0.000821 53.051374
11.108959 1528487243.041852 0.000128 0.000133 0.000820 52.977783
11.121443 1528487243.054336 0.000128 0.000132 0.000822 52.993019
11.134166 1528487243.067059 0.000129 0.000132 0.000824 52.858924
11.146839 1528487243.079732 0.000129 0.000132 0.000824 52.854576
11.159060 1528487243.091952 0.000129 0.000132 0.000817 52.795240
11.171290 1528487243.104183 0.000129 0.000133 0.000815 52.701711
11.185067 1528487243.117960 0.000129 0.000133 0.000816 52.772811
11.197676 1528487243.130569 0.000129 0.000132 0.000826 52.891620
11.209805 1528487243.142698 0.000129 0.000133 0.000825 52.829252
11.222274 1528487243.155166 0.000130 0.000135 0.000673 52.503271
11.234684 1528487243.167576 0.000129 0.000132 0.000828 52.896534
11.247109 1528487243.180002 0.000130 0.000135 0.000677 52.531094
11.259500 1528487243.192393 0.000129 0.000133 0.000821 52.758594
11.271810 1528487243.204702 0.000130 0.000132 0.000822 52.891328
11.284170 1528487243.217063 0.000129 0.000132 0.000823 52.883217
11.296700 1528487243.229593 0.000129 0.000132 0.000830 52.886082
11.308788 1528487243.241680 0.000129 0.000132 0.000825 52.869038
11.321645 1528487243.254537 0.000129 0.000133 0.000823 52.818930
11.335462 1528487243.268354 0.000129 0.000133 0.000813 52.766926
11.347390 1528487243.280282 0.000129 0.000132 0.000820 52.812864
11.359863 1528487243.292756 0.000129 0.000132 0.000824 53.015069
11.371911 1528487243.304804 0.000130 0.000132 0.000820 52.849328
11.383972 1528487243.316865 0.000130 0.000132 0.000827 52.944409
11.396239 1528487243.329131 0.000130 0.000132 0.000819 52.925307
11.408728 1528487243.341620 0.000129 0.000132 0.000815 52.859372
11.421460 1528487243.354352 0.000130 0.000132 0.000820 52.970303
11.434108 1528487243.367001 0.000130 0.000133 0.000818 52.906944
11.446907 1528487243.379800 0.000131 0.000133 0.000811 52.973527
11.459115 1528487243.392007 0.000131 0.000132 0.000822 53.061709
11.471695 1528487243.404588 0.000131 0.000132 0.000825 53.039581
11.484465 1528487243.417357 0.000131 0.000133 0.000812 52.961170
11.496993 1528487243.429886 0.000131 0.000132 0.000821 53.045645
11.508989 1528487243.441881 0.000132 0.000132 0.000819 53.057906
11.521883 1528487243.454775 0.000131 0.000132 0.000823 53.008501
11.534194 1528487243.467087 0.000130 0.000132 0.000822 52.937436
11.546788 1528487243.479681 0.000132 0.000133 0.000810 52.864915
11.559297 1528487243.492190 0.000131 0.000132 0.000824 52.971412
11.571469 1528487243.504361 0.000131 0.000133 0.000820 52.955981
11.584499 1528487243.517391 0.000130 0.000133 0.000817 52.817175
11.596707 1528487243.529600 0.000131 0.000133 0.000818 52.949540
11.609228 1528487243.542121 0.000131 0.000133 0.000818 52.865912
11.621822 1528487243.554714 0.000132 0.000133 0.000821 53.044443
11.634124 1528487243.567017 0.000131 0.000132 0.000816 52.917049
11.646506 1528487243.579398 0.000132 0.000132 0.000815 52.949931
11.659160 1528487243.592053 0.000132 0.000133 0.000817 52.880174
11.671535 1528487243.604428 0.000132 0.000133 0.000814 53.080629
11.684088 1528487243.616981 0.000133 0.000133 0.000815 52.897179
11.696823 1528487243.629716 0.000133 0.000133 0.000816 52.892988
11.709173 1528487243.642066 0.000134 0.000135 0.000814 52.819189
11.722402 1528487243.655294 0.000131 0.000136 0.000815 53.147120
11.734485 1528487243.667378 0.000129 0.000140 0.000801 53.566682
11.746940 1528487243.679833 0.000127 0.000143 0.000787 53.887437
11.759500 1528487243.692392 0.000125 0.000147 0.000787 54.266344
11.771787 1528487243.704679 0.000123 0.000151 0.000781 54.699400
11.785454 1528487243.718346 0.000121 0.000154 0.000778 55.219183
11.797487 1528487243.730380 0.000121 0.000156 0.000792 55.729601
11.809829 1528487243.742722 0.000120 0.000157 0.000790 55.890649
11.821894 1528487243.754786 0.000121 0.000156 0.000793 56.107805
11.834053 1528487243.766945 0.000121 0.000156 0.000789 55.901106
11.847610 1528487243.780502 0.000121 0.000157 0.000789 55.874114
11.860219 1528487243.793111 0.000121 0.000157 0.000789 55.838313
11.872905 1528487243.805797 0.000121 0.000156 0.000787 55.919310
11.885035 1528487243.817928 0.000122 0.000156 0.000788 56.076321
11.897579 1528487243.830471 0.000122 0.000156 0.000788 55.937991
11.909532 1528487243.842425 0.000122 0.000157 0.000782 55.929312
11.921551 1528487243.854444 0.000122 0.000156 0.000787 55.935225
11.934230 1528487243.867122 0.000123 0.000156 0.000781 56.004442
11.946763 1528487243.879656 0.000122 0.000156 0.000784 55.894701
11.959270 1528487243.892162 0.000122 0.000156 0.000790 55.950443
11.971293 1528487243.904186 0.000122 0.000156 0.000795 55.896580
11.984798 1528487243.917691 0.000121 0.000156 0.000795 55.902703
11.997692 1528487243.930585 0.000123 0.000156 0.000785 55.886304
12.009871 1528487243.942763 0.000122 0.000157 0.000789 55.809639
12.022605 1528487243.955498 0.000122 0.000156 0.000794 55.904680
12.035384 1528487243.968277 0.000122 0.000156 0.000788 55.877373
12.047106 1528487243.979998 0.000122 0.000156 0.000785 55.803793
12.058972 1528487243.991864 0.000122 0.000156 0.000789 55.878191
12.071375 1528487244.004267 0.000122 0.000156 0.000797 55.920698
12.084103 1528487244.016996 0.000122 0.000156 0.000795 55.905354
12.096873 1528487244.029765 0.000121 0.000156 0.000786 55.769116
12.109232 1528487244.042125 0.000122 0.000156 0.000790 55.878814
12.121877 1528487244.054770 0.000122 0.000155 0.000795 55.927026
12.134412 1528487244.067304 0.000122 0.000156 0.000785 55.731673
12.147010 1528487244.079903 0.000122 0.000156 0.000783 55.786159
12.159437 1528487244.092330 0.000121 0.000155 0.000797 55.836928
12.172656 1528487244.105548 0.000122 0.000156 0.000787 55.777520
12.184999 1528487244.117891 0.000121 0.000155 0.000789 55.801699
12.197244 1528487244.130137 0.000121 0.000156 0.000796 55.904817
12.209201 1528487244.142093 0.000121 0.000156 0.000792 55.893347
12.221242 1528487244.154134 0.000122 0.000156 0.000786 55.753104
12.234166 1528487244.167059 0.000123 0.000155 0.000789 55.925666
12.246404 1528487244.179297 0.000121 0.000156 0.000786 55.865822
12.258991 1528487244.191883 0.000122 0.000155 0.000792 56.074977
12.272845 1528487244.205738 0.000121 0.000156 0.000788 55.880164
12.285231 1528487244.218123 0.000121 0.000156 0.000784 55.894155
12.298040 1528487244.230933 0.000122 0.000156 0.000785 55.868342
12.310299 1528487244.243191 0.000122 0.000156 0.000788 55.932644
12.322448 1528487244.255341 0.000121 0.000156 0.000786 55.908326
12.334813 1528487244.267706 0.000123 0.000155 0.000779 56.100534
12.347886 1528487244.280778 0.000121 0.000155 0.000789 56.001920
12.360333 1528487244.293226 0.000121 0.000156 0.000780 55.942181
12.371749 1528487244.304642 0.000122 0.000155 0.000781 55.941973
12.384011 1528487244.316903 0.000123 0.000155 0.000782 56.086150
12.396971 1528487244.329864 0.000123 0.000156 0.000782 56.095090
12.409502 1528487244.342395 0.000122 0.000156 0.000777 56.076411
12.422065 1528487244.354958 0.000123 0.000155 0.000781 56.170355
12.434705 1528487244.367597 0.000122 0.000155 0.000775 56.034413
12.446980 1528487244.379873 0.000122 0.000156 0.000779 55.902311
12.459170 1528487244.392063 0.000122 0.000155 0.000781 55.986430
12.471726 1528487244.404619 0.000122 0.000155 0.000777 56.018681
12.484266 1528487244.417159 0.000122 0.000156 0.000772 55.932876
12.496979 1528487244.429872 0.000122 0.000156 0.000779 56.062826
12.509144 1528487244.442037 0.000123 0.000155 0.000775 56.173185
12.521889 1528487244.454782 0.000123 0.000155 0.000781 56.195533
12.534485 1528487244.467377 0.000123 0.000155 0.000776 56.039229
12.547470 1528487244.480362 0.000122 0.000155 0.000779 56.067262
12.559208 1528487244.492101 0.000122 0.000155 0.000775 56.086677
12.572026 1528487244.504918 0.000122 0.000155 0.000779 56.123065
12.584201 1528487244.517093 0.000122 0.000155 0.000768 56.445681
12.596970 1528487244.529863 0.000120 0.000154 0.000772 56.662801
12.609742 1528487244.542635 0.000118 0.000154 0.000783 56.545748
12.621860 1528487244.554752 0.000118 0.000152 0.000795 56.525642
12.634263 1528487244.567156 0.000117 0.000150 0.000812 56.762152
12.647341 1528487244.580234 0.000117 0.000149 0.000814 56.763410
12.660283 1528487244.593176 0.000117 0.000147 0.000830 57.084987
12.672229 1528487244.605121 0.000117 0.000148 0.000829 57.149553
12.685127 1528487244.618019 0.000117 0.000147 0.000825 57.447550
12.697426 1528487244.630318 0.000117 0.000147 0.000825 57.659295
12.709905 1528487244.642798 0.000117 0.000147 0.000825 57.641164
12.722218 1528487244.655111 0.000118 0.000148 0.000818 57.735926
12.734905 1528487244.667798 0.000117 0.000148 0.000819 57.517418
12.747667 1528487244.680559 0.000116 0.000148 0.000821 57.572955
12.759650 1528487244.692543 0.000117 0.000148 0.000818 57.531948
12.773249 1528487244.706141 0.000116 0.000148 0.000825 57.534942
12.784569 1528487244.717462 0.000118 0.000148 0.000688 57.831895
12.797196 1528487244.730088 0.000117 0.000148 0.000823 57.687272
12.810143 1528487244.743036 0.000117 0.000148 0.000821 57.724778
12.822413 1528487244.755306 0.000117 0.000148 0.000691 57.923638
12.835312 1528487244.768205 0.000117 0.000148 0.000821 57.626660
12.847107 1528487244.779999 0.000116 0.000148 0.000820 57.525436
12.859262 1528487244.792155 0.000118 0.000148 0.000687 57.850999
12.871500 1528487244.804393 0.000118 0.000148 0.000821 57.691498
12.885191 1528487244.818083 0.000118 0.000148 0.000819 57.715675
12.896516 1528487244.829408 0.000118 0.000148 0.000818 57.895838
12.908951 1528487244.841844 0.000118 0.000149 0.000813 58.009010
12.921086 1528487244.853979 0.000116 0.000149 0.000801 58.255717
12.933581 1528487244.866474 0.000114 0.000151 0.000807 59.084168
12.946500 1528487244.879393 0.000111 0.000154 0.000811 60.930521
12.958941 1528487244.891833 0.000109 0.000156 0.000827 63.341703
12.972273 1528487244.905165 0.000146 0.000190 0.000815 64.209747
12.984958 1528487244.917850 0.000148 0.000194 0.000815 67.316792
12.998308 1528487244.931201 0.000147 0.000195 0.000697 74.534378
13.009540 1528487244.942433 0.000147 0.000193 0.000818 79.198191
13.022214 1528487244.955107 0.000147 0.000195 0.000809 84.257236
13.034755 1528487244.967647 0.000146 0.000197 0.000830 88.296972
13.047306 1528487244.980199 0.000148 0.000203 0.000831 92.658785
13.060091 1528487244.992984 0.000145 0.000202 0.000831 96.690366
13.072419 1528487245.005311 0.000149 0.000195 0.000827 100.093424
13.084874 1528487245.017766 0.000148 0.000186 0.000820 103.414602
13.097381 1528487245.030274 0.000149 0.000178 0.000820 106.582360
13.110826 1528487245.043719 0.000141 0.000167 0.000812 110.007672
13.121943 1528487245.054835 0.000139 0.000161 0.000815 112.867109
13.134220 1528487245.067112 0.000140 0.000157 0.000816 115.750992
13.146541 1528487245.079434 0.000139 0.000149 0.000804 117.904388
13.159122 1528487245.092014 0.000138 0.000142 0.000805 120.278558
13.171910 1528487245.104803 0.000133 0.000139 0.000783 121.960577
13.184868 1528487245.117760 0.000130 0.000140 0.000759 123.607026
13.197848 1528487245.130741 0.000127 0.000137 0.000737 124.789732
13.210111 1528487245.143004 0.000121 0.000137 0.000711 125.659652
13.222360 1528487245.155253 0.000120 0.000136 0.000680 126.862980
13.235003 1528487245.167896 0.000118 0.000135 0.000665 128.025615
13.247547 1528487245.180439 0.000116 0.000135 0.000646 128.249429
13.259589 1528487245.192482 0.000100 0.000133 0.000626 127.635950
13.272187 1528487245.205080 0.000093 0.000121 0.000597 125.710101
13.284337 1528487245.217230 0.000073 0.000109 0.000591 123.142695
13.296851 1528487245.229743 0.000051 0.000105 0.000549 119.125627
13.309674 1528487245.242566 0.000030 0.000089 0.000514 115.393862
