-4.114001 1528390027.741592 0.000104 0.000121 0.000726 39.547372
-4.102079 1528390027.753513 0.000105 0.000121 0.000724 39.451875
-4.089598 1528390027.765994 0.000105 0.000120 0.000726 39.492604
-4.078723 1528390027.776869 0.000105 0.000120 0.000725 39.443968
-4.066258 1528390027.789334 0.000105 0.000120 0.000726 39.445148
-4.053780 1528390027.801812 0.000104 0.000120 0.000726 39.391546
-4.041509 1528390027.814084 0.000105 0.000120 0.000724 39.328950
-4.029130 1528390027.826462 0.000104 0.000120 0.000721 39.260805
-4.016758 1528390027.838834 0.000104 0.000120 0.000724 39.344315
-4.004366 1528390027.851226 0.000104 0.000120 0.000724 39.317980
-3.991647 1528390027.863945 0.000104 0.000120 0.000726 39.305114
-3.979343 1528390027.876249 0.000104 0.000120 0.000724 39.273501
-3.966709 1528390027.888883 0.000104 0.000119 0.000725 39.279408
-3.954204 1528390027.901388 0.000104 0.000120 0.000725 39.280212
-3.941167 1528390027.914425 0.000104 0.000120 0.000727 39.318586
-3.929122 1528390027.926470 0.000104 0.000120 0.000725 39.294109
-3.916191 1528390027.939401 0.000104 0.000120 0.000723 39.288219
-3.904137 1528390027.951455 0.000104 0.000120 0.000722 39.278445
-3.891813 1528390027.963780 0.000104 0.000120 0.000723 39.292548
-3.878969 1528390027.976624 0.000105 0.000120 0.000721 39.269356
-3.866581 1528390027.989011 0.000105 0.000120 0.000721 39.346929
-3.854125 1528390028.001467 0.000105 0.000119 0.000723 39.353045
-3.841324 1528390028.014268 0.000105 0.000119 0.000723 39.330244
-3.829145 1528390028.026448 0.000105 0.000119 0.000725 39.337483
-3.816777 1528390028.038815 0.000105 0.000120 0.000722 39.345423
-3.804049 1528390028.051543 0.000105 0.000120 0.000725 39.346234
-3.791772 1528390028.063820 0.000105 0.000120 0.000723 39.296805
-3.779209 1528390028.076383 0.000105 0.000119 0.000724 39.252785
-3.766225 1528390028.089367 0.000105 0.000120 0.000720 39.278833
-3.753493 1528390028.102099 0.000105 0.000119 0.000721 39.296007
-3.741070 1528390028.114522 0.000105 0.000119 0.000724 39.282153
-3.728890 1528390028.126702 0.000105 0.000120 0.000722 39.225633
-3.716505 1528390028.139087 0.000105 0.000119 0.000724 39.192907
-3.703790 1528390028.151802 0.000105 0.000119 0.000721 39.202213
-3.691223 1528390028.164370 0.000105 0.000119 0.000720 39.115233
-3.678838 1528390028.176755 0.000105 0.000119 0.000722 39.104684
-3.666481 1528390028.189111 0.000105 0.000119 0.000724 39.185440
-3.653984 1528390028.201608 0.000105 0.000119 0.000723 39.137499
-3.640691 1528390028.214901 0.000105 0.000119 0.000725 39.073588
-3.629339 1528390028.226254 0.000105 0.000120 0.000723 39.074666
-3.616547 1528390028.239046 0.000105 0.000120 0.000725 39.071355
-3.603950 1528390028.251642 0.000105 0.000120 0.000724 39.021597
-3.591424 1528390028.264168 0.000105 0.000119 0.000725 39.002536
-3.578913 1528390028.276679 0.000105 0.000119 0.000724 38.993558
-3.566140 1528390028.289452 0.000105 0.000119 0.000724 39.001924
-3.553956 1528390028.301636 0.000104 0.000119 0.000726 38.950993
-3.541530 1528390028.314062 0.000105 0.000120 0.000723 38.908809
-3.528268 1528390028.327324 0.000105 0.000119 0.000724 38.915131
-3.516616 1528390028.338977 0.000105 0.000119 0.000723 38.862590
-3.503997 1528390028.351595 0.000105 0.000120 0.000723 38.847346
-3.491495 1528390028.364097 0.000105 0.000120 0.000721 38.853360
-3.479156 1528390028.376437 0.000106 0.000119 0.000720 38.709117
-3.466325 1528390028.389268 0.000106 0.000119 0.000723 38.728553
-3.453901 1528390028.401691 0.000106 0.000119 0.000725 38.816743
-3.441380 1528390028.414213 0.000105 0.000119 0.000729 38.897375
-3.428730 1528390028.426862 0.000105 0.000119 0.000732 38.914897
-3.415442 1528390028.440151 0.000105 0.000119 0.000729 38.817950
-3.404120 1528390028.451472 0.000105 0.000119 0.000728 38.740545
-3.391661 1528390028.463932 0.000106 0.000119 0.000727 38.547177
-3.379222 1528390028.476370 0.000106 0.000119 0.000729 38.348220
-3.366439 1528390028.489153 0.000105 0.000119 0.000728 38.442632
-3.354137 1528390028.501455 0.000106 0.000118 0.000727 38.282509
-3.341587 1528390028.514005 0.000106 0.000119 0.000728 38.341217
-3.329117 1528390028.526476 0.000106 0.000119 0.000727 38.284365
-3.316384 1528390028.539209 0.000105 0.000118 0.000728 38.289582
-3.304061 1528390028.551531 0.000106 0.000119 0.000727 38.356703
-3.291484 1528390028.564108 0.000105 0.000119 0.000728 38.296580
-3.278991 1528390028.576601 0.000105 0.000119 0.000727 38.249378
-3.266220 1528390028.589372 0.000105 0.000119 0.000727 38.395185
-3.254131 1528390028.601461 0.000105 0.000119 0.000724 38.329965
-3.241688 1528390028.613905 0.000105 0.000119 0.000727 38.280767
-3.228841 1528390028.626751 0.000105 0.000119 0.000727 38.288732
-3.216265 1528390028.639328 0.000105 0.000119 0.000725 38.330916
-3.203896 1528390028.651697 0.000105 0.000119 0.000725 38.305760
-3.191637 1528390028.663955 0.000105 0.000119 0.000726 38.226258
-3.179240 1528390028.676352 0.000105 0.000119 0.000725 38.278380
-3.166641 1528390028.688951 0.000105 0.000119 0.000726 38.207544
-3.154122 1528390028.701470 0.000105 0.000119 0.000726 38.220830
-3.141301 1528390028.714292 0.000105 0.000119 0.000724 38.193291
-3.128868 1528390028.726724 0.000105 0.000119 0.000727 38.095052
-3.116327 1528390028.739266 0.000105 0.000119 0.000726 38.069338
-3.103278 1528390028.752314 0.000105 0.000119 0.000725 38.102128
-3.090358 1528390028.765235 0.000104 0.000119 0.000726 38.078648
-3.077769 1528390028.777824 0.000105 0.000119 0.000726 38.026326
-3.066536 1528390028.789056 0.000105 0.000119 0.000727 38.023992
-3.054310 1528390028.801282 0.000104 0.000118 0.000727 38.021032
-3.041821 1528390028.813771 0.000105 0.000119 0.000728 38.072094
-3.029197 1528390028.826395 0.000105 0.000119 0.000728 38.067116
-3.016740 1528390028.838852 0.000105 0.000118 0.000724 37.918647
-3.004053 1528390028.851539 0.000105 0.000118 0.000726 37.775830
-2.990740 1528390028.864852 0.000106 0.000118 0.000720 37.722666
-2.978148 1528390028.877445 0.000106 0.000119 0.000712 37.594926
-2.965849 1528390028.889743 0.000103 0.000120 0.000722 37.457773
-2.953315 1528390028.902277 0.000101 0.000121 0.000734 37.476658
-2.940723 1528390028.914869 0.000099 0.000121 0.000744 37.684447
-2.928673 1528390028.926919 0.000098 0.000120 0.000752 37.881189
-2.916340 1528390028.939253 0.000098 0.000120 0.000755 37.793550
-2.904149 1528390028.951444 0.000097 0.000120 0.000757 37.780062
-2.890920 1528390028.964672 0.000098 0.000120 0.000754 37.732453
-2.877760 1528390028.977833 0.000098 0.000120 0.000754 37.755566
-2.865166 1528390028.990427 0.000098 0.000120 0.000756 37.721885
-2.853182 1528390029.002411 0.000098 0.000120 0.000753 37.671441
-2.841622 1528390029.013970 0.000098 0.000120 0.000755 37.706105
-2.829200 1528390029.026392 0.000098 0.000120 0.000754 37.667443
-2.816636 1528390029.038957 0.000098 0.000120 0.000750 37.661887
-2.804123 1528390029.051469 0.000098 0.000120 0.000753 37.630961
-2.791706 1528390029.063887 0.000099 0.000120 0.000755 37.558377
-2.779354 1528390029.076238 0.000099 0.000120 0.000755 37.534727
-2.766613 1528390029.088979 0.000099 0.000120 0.000754 37.526371
-2.753802 1528390029.101791 0.000099 0.000120 0.000758 37.552119
-2.740881 1528390029.114712 0.000100 0.000120 0.000767 37.519497
-2.729085 1528390029.126507 0.000102 0.000119 0.000763 37.735404
-2.716407 1528390029.139185 0.000104 0.000119 0.000744 37.880345
-2.703859 1528390029.151733 0.000105 0.000118 0.000729 37.837843
-2.690796 1528390029.164796 0.000105 0.000119 0.000731 37.520560
-2.678923 1528390029.176669 0.000106 0.000119 0.000731 37.267843
-2.666728 1528390029.188864 0.000106 0.000119 0.000730 37.237096
-2.654199 1528390029.201394 0.000106 0.000119 0.000728 37.161912
-2.641977 1528390029.213615 0.000106 0.000118 0.000731 37.126606
-2.629313 1528390029.226279 0.000105 0.000118 0.000728 36.987776
-2.617038 1528390029.238554 0.000105 0.000118 0.000732 37.000798
-2.604198 1528390029.251394 0.000104 0.000118 0.000735 36.958039
-2.590795 1528390029.264797 0.000104 0.000118 0.000733 36.866783
-2.578367 1528390029.277226 0.000104 0.000117 0.000734 36.802758
-2.565879 1528390029.289713 0.000104 0.000117 0.000737 36.849010
-2.553437 1528390029.302155 0.000104 0.000117 0.000738 36.844635
-2.541634 1528390029.313959 0.000104 0.000117 0.000736 36.859051
-2.529551 1528390029.326041 0.000103 0.000117 0.000737 36.835361
-2.516545 1528390029.339047 0.000103 0.000117 0.000736 36.873509
-2.504487 1528390029.351106 0.000104 0.000117 0.000733 36.881172
-2.491803 1528390029.363790 0.000103 0.000117 0.000733 36.844455
-2.479326 1528390029.376266 0.000103 0.000117 0.000732 36.821996
-2.466390 1528390029.389202 0.000103 0.000117 0.000732 36.791049
-2.454334 1528390029.401258 0.000104 0.000117 0.000732 36.796667
-2.440790 1528390029.414803 0.000103 0.000117 0.000732 36.801888
-2.427973 1528390029.427619 0.000104 0.000117 0.000733 36.808781
-2.415060 1528390029.440533 0.000103 0.000117 0.000733 36.743152
-2.404139 1528390029.451453 0.000103 0.000117 0.000730 36.783850
-2.386430 1528390029.469162 0.000104 0.000117 0.000731 36.607454
-2.377805 1528390029.477787 0.000105 0.000116 0.000728 36.324043
-2.365724 1528390029.489868 0.000102 0.000118 0.000721 36.209357
-2.353102 1528390029.502490 0.000099 0.000118 0.000726 36.554280
-2.341716 1528390029.513876 0.000098 0.000117 0.000732 36.800669
-2.329213 1528390029.526379 0.000097 0.000116 0.000735 37.038823
-2.316636 1528390029.538956 0.000097 0.000116 0.000738 37.107108
-2.304105 1528390029.551487 0.000097 0.000116 0.000737 37.107505
-2.291597 1528390029.563996 0.000097 0.000116 0.000738 37.007605
-2.279380 1528390029.576213 0.000097 0.000116 0.000740 36.993068
-2.265432 1528390029.590160 0.000096 0.000116 0.000738 36.928776
-2.253044 1528390029.602548 0.000097 0.000117 0.000738 36.954787
-2.239969 1528390029.615623 0.000097 0.000117 0.000736 36.952052
-2.228743 1528390029.626849 0.000097 0.000117 0.000737 36.907632
-2.216392 1528390029.639200 0.000097 0.000117 0.000738 36.967486
-2.203816 1528390029.651776 0.000097 0.000117 0.000738 36.969738
-2.191443 1528390029.664149 0.000097 0.000117 0.000738 36.994032
-2.179120 1528390029.676472 0.000097 0.000117 0.000738 36.971587
-2.165587 1528390029.690006 0.000097 0.000117 0.000737 36.912103
-2.153287 1528390029.702305 0.000097 0.000116 0.000739 36.894107
-2.141450 1528390029.714143 0.000097 0.000117 0.000736 36.891374
-2.128617 1528390029.726975 0.000097 0.000117 0.000735 36.791761
-2.116162 1528390029.739430 0.000097 0.000116 0.000737 36.802121
-2.103939 1528390029.751653 0.000097 0.000116 0.000738 36.835461
-2.091166 1528390029.764426 0.000097 0.000117 0.000735 36.788109
-2.078902 1528390029.776690 0.000096 0.000116 0.000737 36.790819
-2.066443 1528390029.789149 0.000097 0.000117 0.000737 36.794541
-2.053874 1528390029.801718 0.000097 0.000117 0.000737 36.855631
-2.041208 1528390029.814384 0.000097 0.000116 0.000739 36.820600
-2.028955 1528390029.826638 0.000097 0.000117 0.000737 36.830708
-2.016429 1528390029.839163 0.000097 0.000117 0.000739 36.868418
-2.003122 1528390029.852470 0.000097 0.000116 0.000737 36.835655
-1.991383 1528390029.864209 0.000097 0.000116 0.000738 36.852319
-1.978826 1528390029.876766 0.000097 0.000116 0.000738 36.870656
-1.965171 1528390029.890422 0.000098 0.000117 0.000735 36.867182
-1.953226 1528390029.902366 0.000097 0.000117 0.000738 36.907872
-1.940614 1528390029.914979 0.000098 0.000117 0.000736 36.828987
-1.928046 1528390029.927546 0.000098 0.000116 0.000737 36.873659
-1.916420 1528390029.939173 0.000098 0.000117 0.000737 36.916928
-1.903997 1528390029.951595 0.000098 0.000117 0.000736 36.973251
-1.891541 1528390029.964052 0.000098 0.000117 0.000737 36.949367
-1.879235 1528390029.976358 0.000098 0.000117 0.000737 37.033262
-1.866352 1528390029.989240 0.000098 0.000117 0.000737 37.014730
-1.853166 1528390030.002426 0.000098 0.000117 0.000738 37.061966
-1.840080 1528390030.015512 0.000098 0.000117 0.000738 37.096749
-1.827762 1528390030.027830 0.000098 0.000117 0.000736 37.173635
-1.815215 1528390030.040377 0.000099 0.000117 0.000736 37.128648
-1.803791 1528390030.051801 0.000098 0.000117 0.000737 37.090528
-1.791404 1528390030.064188 0.000098 0.000117 0.000736 37.115468
-1.778944 1528390030.076648 0.000099 0.000117 0.000738 37.129662
-1.766418 1528390030.089175 0.000099 0.000117 0.000735 37.124370
-1.753852 1528390030.101740 0.000098 0.000118 0.000732 37.155614
-1.741400 1528390030.114192 0.000095 0.000120 0.000730 38.029657
-1.729193 1528390030.126399 0.000095 0.000119 0.000737 38.626163
-1.716417 1528390030.139175 0.000097 0.000118 0.000738 38.706452
-1.703367 1528390030.152225 0.000098 0.000117 0.000744 38.507743
-1.691489 1528390030.164104 0.000098 0.000117 0.000741 38.423142
-1.678801 1528390030.176792 0.000098 0.000118 0.000740 38.357460
-1.666050 1528390030.189542 0.000098 0.000118 0.000737 38.350437
-1.653193 1528390030.202400 0.000098 0.000118 0.000738 38.444018
-1.640800 1528390030.214792 0.000098 0.000118 0.000741 38.527710
-1.628392 1528390030.227200 0.000098 0.000117 0.000739 38.641812
-1.615869 1528390030.239723 0.000098 0.000118 0.000736 38.716847
-1.603825 1528390030.251768 0.000098 0.000118 0.000737 38.808528
-1.590662 1528390030.264930 0.000098 0.000117 0.000737 38.711914
-1.578737 1528390030.276855 0.000097 0.000117 0.000735 38.678464
-1.565281 1528390030.290311 0.000098 0.000118 0.000732 38.610974
-1.553013 1528390030.302579 0.000097 0.000118 0.000735 38.649796
-1.540367 1528390030.315225 0.000098 0.000118 0.000734 38.617413
-1.527686 1528390030.327906 0.000098 0.000118 0.000734 38.576495
-1.515886 1528390030.339706 0.000097 0.000118 0.000735 38.636477
-1.503620 1528390030.351972 0.000098 0.000118 0.000733 38.501685
-1.491220 1528390030.364372 0.000098 0.000118 0.000733 38.425985
-1.477812 1528390030.377780 0.000098 0.000118 0.000731 38.443997
-1.466476 1528390030.389116 0.000098 0.000117 0.000734 38.412194
-1.453893 1528390030.401700 0.000097 0.000118 0.000734 38.433450
-1.441240 1528390030.414352 0.000097 0.000117 0.000733 38.466950
-1.428610 1528390030.426983 0.000098 0.000118 0.000733 38.483293
-1.416258 1528390030.439334 0.000098 0.000117 0.000734 38.494688
-1.403882 1528390030.451710 0.000098 0.000118 0.000732 38.479791
-1.390427 1528390030.465165 0.000098 0.000118 0.000730 38.424720
-1.377906 1528390030.477686 0.000098 0.000118 0.000733 38.485634
-1.364982 1528390030.490611 0.000098 0.000118 0.000734 38.452523
-1.353449 1528390030.502144 0.000097 0.000118 0.000735 38.439887
-1.341600 1528390030.513992 0.000097 0.000118 0.000732 38.428961
-1.329005 1528390030.526587 0.000098 0.000118 0.000733 38.374368
-1.316716 1528390030.538877 0.000098 0.000118 0.000732 38.424947
-1.304077 1528390030.551516 0.000097 0.000118 0.000732 38.488278
-1.291675 1528390030.563918 0.000098 0.000118 0.000729 38.410322
-1.279333 1528390030.576259 0.000098 0.000118 0.000731 38.515849
-1.266448 1528390030.589145 0.000098 0.000118 0.000734 38.491856
-1.252795 1528390030.602797 0.000098 0.000118 0.000732 38.484408
-1.241405 1528390030.614187 0.000098 0.000118 0.000732 38.512464
-1.229020 1528390030.626572 0.000098 0.000118 0.000731 38.571968
-1.216796 1528390030.638796 0.000098 0.000118 0.000729 38.583058
-1.204199 1528390030.651394 0.000098 0.000118 0.000732 38.590969
-1.191956 1528390030.663636 0.000098 0.000118 0.000731 38.635610
-1.179415 1528390030.676178 0.000098 0.000118 0.000732 38.612186
-1.166388 1528390030.689204 0.000098 0.000118 0.000730 38.616251
-1.154083 1528390030.701510 0.000098 0.000118 0.000732 38.674319
-1.140317 1528390030.715275 0.000099 0.000118 0.000733 38.627068
-1.128182 1528390030.727411 0.000098 0.000119 0.000731 38.634128
-1.115684 1528390030.739908 0.000099 0.000119 0.000732 38.600344
-1.102895 1528390030.752697 0.000099 0.000119 0.000731 38.674901
-1.090256 1528390030.765336 0.000099 0.000119 0.000732 38.621353
-1.077824 1528390030.777768 0.000099 0.000119 0.000731 38.653677
-1.065392 1528390030.790200 0.000099 0.000119 0.000732 38.647639
-1.053065 1528390030.802528 0.000099 0.000119 0.000731 38.710073
-1.040301 1528390030.815291 0.000099 0.000119 0.000732 38.665055
-1.028623 1528390030.826969 0.000099 0.000119 0.000732 38.720376
-1.016454 1528390030.839138 0.000099 0.000119 0.000734 38.632501
-1.003339 1528390030.852253 0.000099 0.000119 0.000731 38.669949
-0.991254 1528390030.864339 0.000099 0.000119 0.000731 38.679980
-0.978946 1528390030.876646 0.000099 0.000119 0.000732 38.724729
-0.965910 1528390030.889682 0.000099 0.000119 0.000731 38.678261
-0.952239 1528390030.903353 0.000099 0.000119 0.000730 38.679433
-0.940541 1528390030.915052 0.000099 0.000119 0.000728 38.616851
-0.928044 1528390030.927549 0.000099 0.000119 0.000729 38.764596
-0.915266 1528390030.940327 0.000100 0.000120 0.000723 38.638228
-0.902869 1528390030.952724 0.000103 0.000120 0.000705 38.243152
-0.889888 1528390030.965704 0.000104 0.000117 0.000720 37.680725
-0.877695 1528390030.977897 0.000103 0.000118 0.000733 37.555795
-0.865658 1528390030.989934 0.000103 0.000118 0.000736 37.586431
-0.853552 1528390031.002040 0.000103 0.000117 0.000736 37.702629
-0.840884 1528390031.014708 0.000103 0.000117 0.000738 37.637448
-0.828303 1528390031.027289 0.000103 0.000117 0.000738 37.696391
-0.815796 1528390031.039796 0.000104 0.000117 0.000738 37.622922
-0.803414 1528390031.052179 0.000103 0.000117 0.000739 37.637242
-0.790884 1528390031.064708 0.000104 0.000117 0.000735 37.611802
-0.777942 1528390031.077650 0.000103 0.000117 0.000735 37.589613
-0.765141 1528390031.090451 0.000103 0.000117 0.000735 37.528464
-0.753447 1528390031.102145 0.000103 0.000117 0.000735 37.518520
-0.741122 1528390031.114470 0.000103 0.000117 0.000733 37.500862
-0.728333 1528390031.127260 0.000103 0.000116 0.000732 37.493983
-0.715930 1528390031.139662 0.000103 0.000116 0.000733 37.527733
-0.703207 1528390031.152386 0.000103 0.000116 0.000734 37.517132
-0.690919 1528390031.164674 0.000103 0.000116 0.000731 37.459540
-0.678585 1528390031.177007 0.000103 0.000116 0.000733 37.503166
-0.666342 1528390031.189250 0.000103 0.000116 0.000733 37.407928
-0.653568 1528390031.202024 0.000103 0.000116 0.000736 37.450348
-0.641399 1528390031.214194 0.000102 0.000116 0.000735 37.425955
-0.628712 1528390031.226881 0.000102 0.000116 0.000733 37.389852
-0.616248 1528390031.239344 0.000099 0.000118 0.000732 38.142646
-0.603684 1528390031.251908 0.000096 0.000118 0.000752 38.559556
-0.591414 1528390031.264178 0.000097 0.000118 0.000761 38.511374
-0.578691 1528390031.276901 0.000100 0.000119 0.000767 38.365357
-0.566290 1528390031.289303 0.000100 0.000119 0.000768 38.121799
-0.553711 1528390031.301881 0.000101 0.000118 0.000773 37.902598
-0.541050 1528390031.314543 0.000100 0.000117 0.000772 37.848133
-0.528688 1528390031.326904 0.000100 0.000117 0.000770 37.948357
-0.516046 1528390031.339547 0.000100 0.000118 0.000767 38.040240
-0.503507 1528390031.352085 0.000100 0.000118 0.000766 38.108058
-0.491042 1528390031.364551 0.000100 0.000118 0.000768 38.113834
-0.478382 1528390031.377211 0.000101 0.000118 0.000763 38.247516
-0.465813 1528390031.389779 0.000101 0.000118 0.000763 38.250186
-0.453250 1528390031.402342 0.000100 0.000118 0.000763 38.260093
-0.440758 1528390031.414834 0.000101 0.000118 0.000764 38.236794
-0.428070 1528390031.427522 0.000100 0.000117 0.000766 38.269965
-0.415211 1528390031.440381 0.000100 0.000117 0.000769 38.213308
-0.402631 1528390031.452962 0.000100 0.000117 0.000761 38.155982
-0.390318 1528390031.465274 0.000100 0.000116 0.000764 38.098595
-0.377673 1528390031.477919 0.000100 0.000116 0.000765 38.005954
-0.366271 1528390031.489321 0.000100 0.000117 0.000759 38.040233
-0.353826 1528390031.501766 0.000100 0.000116 0.000762 38.041581
-0.336473 1528390031.519120 0.000099 0.000116 0.000762 38.052088
-0.327606 1528390031.527986 0.000099 0.000116 0.000760 37.999737
-0.315216 1528390031.540376 0.000099 0.000116 0.000763 37.995035
-0.302957 1528390031.552635 0.000099 0.000116 0.000762 38.061887
-0.290683 1528390031.564909 0.000099 0.000116 0.000761 37.953613
-0.278927 1528390031.576665 0.000099 0.000116 0.000760 38.009235
-0.266252 1528390031.589340 0.000099 0.000116 0.000764 38.005182
-0.253821 1528390031.601771 0.000099 0.000116 0.000763 38.063182
-0.241576 1528390031.614016 0.000099 0.000116 0.000762 38.095279
-0.229119 1528390031.626473 0.000098 0.000116 0.000758 38.029143
-0.216386 1528390031.639207 0.000099 0.000116 0.000764 38.091094
-0.203619 1528390031.651973 0.000099 0.000116 0.000764 38.151589
-0.191256 1528390031.664336 0.000099 0.000116 0.000762 38.175932
-0.178764 1528390031.676828 0.000099 0.000116 0.000761 38.164596
-0.166289 1528390031.689303 0.000099 0.000116 0.000766 38.166501
-0.153721 1528390031.701871 0.000099 0.000116 0.000764 38.211839
-0.141294 1528390031.714298 0.000099 0.000116 0.000761 38.181552
-0.128755 1528390031.726837 0.000099 0.000116 0.000761 38.196064
-0.116115 1528390031.739477 0.000099 0.000116 0.000763 38.230244
-0.103437 1528390031.752156 0.000099 0.000116 0.000752 38.098237
-0.090926 1528390031.764667 0.000101 0.000116 0.000739 37.692980
-0.078663 1528390031.776929 0.000096 0.000116 0.000748 37.631786
-0.065499 1528390031.790093 0.000094 0.000116 0.000754 37.895540
-0.052387 1528390031.803205 0.000095 0.000116 0.000761 38.229653
-0.040354 1528390031.815238 0.000095 0.000116 0.000760 38.235427
-0.027693 1528390031.827900 0.000095 0.000116 0.000760 38.249137
-0.014606 1528390031.840987 0.000095 0.000116 0.000752 38.365811
-0.002704 1528390031.852888 0.000096 0.000116 0.000757 38.375998
0.008629 1528390031.864222 0.000096 0.000116 0.000756 38.363163
0.021227 1528390031.876819 0.000095 0.000116 0.000756 38.270339
0.033889 1528390031.889481 0.000096 0.000116 0.000754 38.229829
0.046564 1528390031.902157 0.000095 0.000116 0.000753 38.279089
0.058527 1528390031.914119 0.000095 0.000116 0.000751 38.250386
0.071292 1528390031.926885 0.000095 0.000115 0.000754 38.309719
0.083719 1528390031.939312 0.000095 0.000115 0.000753 38.294226
0.096380 1528390031.951972 0.000095 0.000115 0.000754 38.323664
0.108659 1528390031.964251 0.000095 0.000115 0.000755 38.353916
0.121042 1528390031.976635 0.000095 0.000115 0.000756 38.420017
0.135540 1528390031.991132 0.000095 0.000115 0.000753 38.392452
0.147629 1528390032.003221 0.000095 0.000114 0.000753 38.420215
0.159767 1528390032.015359 0.000095 0.000115 0.000757 38.546898
0.172611 1528390032.028203 0.000095 0.000114 0.000763 38.480011
0.184201 1528390032.039794 0.000095 0.000113 0.000754 38.435177
0.196300 1528390032.051893 0.000090 0.000112 0.000745 39.462441
0.209049 1528390032.064641 0.000085 0.000112 0.000743 41.501534
0.221410 1528390032.077003 0.000082 0.000111 0.000754 43.076401
0.233476 1528390032.089069 0.000081 0.000110 0.000772 44.092608
0.246295 1528390032.101887 0.000081 0.000109 0.000778 44.473284
0.258676 1528390032.114268 0.000082 0.000108 0.000782 44.554477
0.271479 1528390032.127071 0.000082 0.000107 0.000784 44.640906
0.284959 1528390032.140552 0.000082 0.000107 0.000782 44.740408
0.296819 1528390032.152411 0.000082 0.000107 0.000778 44.842886
0.309306 1528390032.164898 0.000082 0.000107 0.000780 44.811125
0.321619 1528390032.177211 0.000083 0.000107 0.000779 44.817144
0.334293 1528390032.189886 0.000083 0.000107 0.000778 44.859455
0.346809 1528390032.202401 0.000082 0.000107 0.000782 44.820070
0.359352 1528390032.214944 0.000083 0.000107 0.000779 44.763492
0.371979 1528390032.227571 0.000083 0.000107 0.000776 44.876295
0.384232 1528390032.239824 0.000082 0.000107 0.000779 44.935134
0.396930 1528390032.252522 0.000082 0.000107 0.000779 44.978233
0.410404 1528390032.265996 0.000083 0.000107 0.000780 44.994322
0.422879 1528390032.278471 0.000083 0.000107 0.000778 45.154797
0.435201 1528390032.290794 0.000083 0.000107 0.000779 45.193116
0.447175 1528390032.302767 0.000083 0.000108 0.000780 45.313889
0.458991 1528390032.314583 0.000084 0.000109 0.000784 45.641363
0.471281 1528390032.326873 0.000085 0.000113 0.000789 46.378019
0.483879 1528390032.339471 0.000088 0.000118 0.000798 47.522153
0.496354 1528390032.351946 0.000091 0.000124 0.000820 49.510789
0.509883 1528390032.365475 0.000095 0.000130 0.000828 51.845678
0.522142 1528390032.377735 0.000099 0.000136 0.000825 54.769760
0.534378 1528390032.389971 0.000096 0.000141 0.000821 58.194374
0.547234 1528390032.402826 0.000095 0.000152 0.000824 61.850977
0.559010 1528390032.414602 0.000096 0.000156 0.000828 65.257128
0.571813 1528390032.427405 0.000098 0.000154 0.000819 67.534506
0.583601 1528390032.439193 0.000105 0.000161 0.000773 71.220691
0.596159 1528390032.451751 0.000108 0.000162 0.000752 74.306783
0.609820 1528390032.465412 0.000109 0.000179 0.000746 78.224005
0.622406 1528390032.477998 0.000112 0.000190 0.000753 82.307866
0.633731 1528390032.489324 0.000113 0.000201 0.000748 85.444358
0.646367 1528390032.501959 0.000116 0.000206 0.000732 87.375390
0.658873 1528390032.514465 0.000120 0.000210 0.000704 89.070829
0.671100 1528390032.526692 0.000124 0.000215 0.000689 90.614071
0.684131 1528390032.539723 0.000127 0.000214 0.000675 91.249505
0.695957 1528390032.551549 0.000129 0.000222 0.000672 92.322153
0.708781 1528390032.564373 0.000131 0.000220 0.000667 93.755216
0.721519 1528390032.577111 0.000135 0.000219 0.000656 94.685364
0.734222 1528390032.589814 0.000138 0.000215 0.000659 95.658341
0.746436 1528390032.602028 0.000141 0.000211 0.000654 96.639270
0.759197 1528390032.614789 0.000144 0.000209 0.000652 97.364727
0.772523 1528390032.628115 0.000147 0.000208 0.000646 97.914127
0.784877 1528390032.640470 0.000148 0.000204 0.000641 98.117592
0.797673 1528390032.653265 0.000152 0.000204 0.000644 98.842420
0.809939 1528390032.665531 0.000152 0.000205 0.000651 99.831472
0.822878 1528390032.678471 0.000154 0.000204 0.000640 100.032562
0.835025 1528390032.690618 0.000158 0.000197 0.000640 101.096729
0.847267 1528390032.702860 0.000160 0.000197 0.000639 101.542444
0.858940 1528390032.714532 0.000160 0.000196 0.000631 101.974144
0.871239 1528390032.726831 0.000159 0.000197 0.000630 102.312250
0.885109 1528390032.740701 0.000162 0.000195 0.000623 102.485904
0.897314 1528390032.752906 0.000165 0.000194 0.000627 103.154924
0.909787 1528390032.765379 0.000166 0.000196 0.000622 103.812759
0.921119 1528390032.776711 0.000166 0.000197 0.000610 104.844603
0.935102 1528390032.790695 0.000169 0.000194 0.000604 103.896885
0.947791 1528390032.803384 0.000168 0.000197 0.000620 104.946487
0.958680 1528390032.814272 0.000169 0.000197 0.000618 104.941299
0.971034 1528390032.826626 0.000171 0.000196 0.000607 105.203075
0.983581 1528390032.839173 0.000172 0.000196 0.000608 105.233397
0.996770 1528390032.852362 0.000172 0.000197 0.000609 105.117360
1.008765 1528390032.864358 0.000171 0.000197 0.000630 105.250484
1.022282 1528390032.877874 0.000173 0.000194 0.000641 105.722170
1.033694 1528390032.889286 0.000175 0.000197 0.000624 106.014350
1.046428 1528390032.902020 0.000174 0.000198 0.000622 105.698373
1.058563 1528390032.914155 0.000175 0.000199 0.000620 105.980111
1.071489 1528390032.927081 0.000176 0.000200 0.000617 106.400342
1.084266 1528390032.939858 0.000175 0.000199 0.000617 105.979749
1.096804 1528390032.952396 0.000175 0.000200 0.000614 106.461160
1.109247 1528390032.964840 0.000176 0.000200 0.000621 105.797846
1.121745 1528390032.977337 0.000175 0.000200 0.000625 106.590619
1.135339 1528390032.990931 0.000177 0.000200 0.000617 106.917320
1.147009 1528390033.002601 0.000177 0.000200 0.000621 107.308373
1.159662 1528390033.015254 0.000176 0.000198 0.000626 106.890395
1.172580 1528390033.028172 0.000176 0.000199 0.000619 107.161571
1.184572 1528390033.040165 0.000177 0.000199 0.000615 107.118619
1.197043 1528390033.052635 0.000174 0.000200 0.000625 107.581741
1.210082 1528390033.065674 0.000174 0.000201 0.000625 107.255918
1.221897 1528390033.077490 0.000174 0.000202 0.000626 107.599154
1.234589 1528390033.090181 0.000174 0.000201 0.000625 107.248005
1.248105 1528390033.103698 0.000173 0.000202 0.000620 107.561753
1.259918 1528390033.115511 0.000173 0.000201 0.000619 106.713529
1.272331 1528390033.127924 0.000174 0.000202 0.000623 108.024900
1.284752 1528390033.140344 0.000171 0.000200 0.000627 107.955478
1.296301 1528390033.151893 0.000171 0.000201 0.000624 108.114377
1.308871 1528390033.164463 0.000170 0.000203 0.000624 107.555326
1.321553 1528390033.177145 0.000169 0.000201 0.000633 107.692737
1.334222 1528390033.189815 0.000169 0.000201 0.000629 107.737531
1.346857 1528390033.202449 0.000168 0.000202 0.000627 107.499936
1.358903 1528390033.214496 0.000166 0.000203 0.000632 107.691504
1.371835 1528390033.227428 0.000167 0.000203 0.000633 108.016749
1.384221 1528390033.239813 0.000167 0.000204 0.000630 108.356823
1.396341 1528390033.251933 0.000167 0.000205 0.000637 108.811444
1.409051 1528390033.264644 0.000167 0.000203 0.000626 108.029271
1.421540 1528390033.277132 0.000167 0.000204 0.000626 107.889337
1.434531 1528390033.290123 0.000167 0.000204 0.000624 107.761653
1.446673 1528390033.302266 0.000167 0.000205 0.000627 108.565822
1.459200 1528390033.314792 0.000167 0.000204 0.000621 107.494470
1.471788 1528390033.327380 0.000167 0.000204 0.000633 108.375458
1.484550 1528390033.340142 0.000167 0.000206 0.000624 108.217541
1.497379 1528390033.352971 0.000167 0.000205 0.000619 107.545179
1.510152 1528390033.365744 0.000168 0.000205 0.000619 107.422713
1.522506 1528390033.378098 0.000167 0.000204 0.000615 108.107224
1.534474 1528390033.390067 0.000167 0.000206 0.000617 108.054441
1.546998 1528390033.402591 0.000168 0.000206 0.000617 108.031676
1.559378 1528390033.414970 0.000168 0.000207 0.000617 108.058458
1.572732 1528390033.428324 0.000167 0.000207 0.000622 108.239320
1.585009 1528390033.440602 0.000168 0.000207 0.000612 108.053062
1.597552 1528390033.453145 0.000166 0.000206 0.000618 108.137858
1.609622 1528390033.465214 0.000167 0.000207 0.000614 108.038309
1.621600 1528390033.477192 0.000166 0.000206 0.000611 108.103625
1.633977 1528390033.489569 0.000166 0.000208 0.000601 107.650050
1.646325 1528390033.501918 0.000167 0.000207 0.000595 107.611545
1.658569 1528390033.514161 0.000167 0.000209 0.000589 107.063140
1.671079 1528390033.526671 0.000167 0.000210 0.000573 105.995153
1.683869 1528390033.539461 0.000168 0.000211 0.000565 105.896960
1.696056 1528390033.551648 0.000170 0.000213 0.000563 105.728058
1.710084 1528390033.565677 0.000172 0.000208 0.000563 105.255017
1.721052 1528390033.576644 0.000175 0.000210 0.000561 104.755832
1.733746 1528390033.589338 0.000177 0.000212 0.000552 104.195289
1.746528 1528390033.602120 0.000177 0.000212 0.000550 104.534483
1.758984 1528390033.614576 0.000177 0.000215 0.000552 104.445035
1.771481 1528390033.627073 0.000177 0.000216 0.000561 104.953069
1.783881 1528390033.639474 0.000179 0.000213 0.000552 104.027798
1.796700 1528390033.652293 0.000178 0.000215 0.000551 104.140029
1.809322 1528390033.664915 0.000180 0.000216 0.000557 104.937273
1.821669 1528390033.677261 0.000180 0.000214 0.000561 105.966599
1.834285 1528390033.689878 0.000181 0.000212 0.000565 105.823299
1.846794 1528390033.702386 0.000181 0.000213 0.000573 105.879901
1.859522 1528390033.715114 0.000182 0.000214 0.000576 106.098298
1.871951 1528390033.727543 0.000182 0.000213 0.000574 106.066851
1.884663 1528390033.740256 0.000182 0.000215 0.000575 106.096219
1.896806 1528390033.752398 0.000180 0.000215 0.000573 106.626871
1.909258 1528390033.764850 0.000178 0.000219 0.000576 106.940431
1.922056 1528390033.777648 0.000177 0.000221 0.000573 106.787538
1.934156 1528390033.789748 0.000176 0.000222 0.000569 106.436428
1.947315 1528390033.802907 0.000176 0.000224 0.000567 106.753813
1.959626 1528390033.815218 0.000176 0.000220 0.000576 107.054212
1.972214 1528390033.827806 0.000175 0.000223 0.000570 106.487227
1.984209 1528390033.839801 0.000174 0.000221 0.000573 106.595320
1.996563 1528390033.852156 0.000173 0.000222 0.000569 106.347844
2.009191 1528390033.864783 0.000173 0.000221 0.000573 106.550851
2.021923 1528390033.877515 0.000174 0.000222 0.000565 106.016245
2.034239 1528390033.889831 0.000174 0.000221 0.000572 106.404832
2.047606 1528390033.903199 0.000174 0.000222 0.000572 106.723403
2.059695 1528390033.915287 0.000174 0.000223 0.000571 106.792678
2.072253 1528390033.927845 0.000174 0.000223 0.000570 107.084854
2.084313 1528390033.939905 0.000174 0.000223 0.000563 106.894818
2.096526 1528390033.952118 0.000173 0.000224 0.000566 106.953623
2.110003 1528390033.965595 0.000172 0.000224 0.000566 107.040033
2.122488 1528390033.978081 0.000170 0.000222 0.000567 107.089741
2.134388 1528390033.989980 0.000171 0.000221 0.000566 106.897600
2.146405 1528390034.001998 0.000169 0.000222 0.000565 106.891952
2.158934 1528390034.014527 0.000170 0.000221 0.000571 107.093985
2.171344 1528390034.026936 0.000170 0.000221 0.000571 106.973410
2.183608 1528390034.039201 0.000170 0.000220 0.000568 106.645745
2.196591 1528390034.052183 0.000169 0.000220 0.000571 106.808434
2.209441 1528390034.065033 0.000168 0.000221 0.000564 107.212111
2.222368 1528390034.077961 0.000166 0.000222 0.000571 106.525948
2.234544 1528390034.090136 0.000166 0.000220 0.000571 106.696260
2.247189 1528390034.102781 0.000167 0.000217 0.000568 106.529086
2.259743 1528390034.115335 0.000166 0.000220 0.000566 106.510161
2.272178 1528390034.127770 0.000165 0.000217 0.000572 106.609060
2.284590 1528390034.140183 0.000165 0.000219 0.000570 106.491730
2.297082 1528390034.152674 0.000164 0.000217 0.000571 106.294556
2.310076 1528390034.165668 0.000164 0.000217 0.000574 106.139277
2.322287 1528390034.177879 0.000163 0.000216 0.000576 106.076700
2.334984 1528390034.190576 0.000162 0.000219 0.000579 106.023292
2.346913 1528390034.202505 0.000161 0.000217 0.000580 106.174676
2.359321 1528390034.214913 0.000160 0.000215 0.000593 106.964367
2.371583 1528390034.227175 0.000160 0.000215 0.000598 107.909952
2.384373 1528390034.239966 0.000157 0.000213 0.000602 108.352476
2.397753 1528390034.253345 0.000157 0.000210 0.000601 108.411358
2.410077 1528390034.265670 0.000156 0.000207 0.000602 108.138979
2.422522 1528390034.278114 0.000154 0.000208 0.000606 107.057797
2.434552 1528390034.290144 0.000149 0.000205 0.000607 105.819915
2.446906 1528390034.302499 0.000146 0.000201 0.000600 104.079968
2.459220 1528390034.314812 0.000142 0.000202 0.000631 104.854398
2.471536 1528390034.327128 0.000143 0.000198 0.000617 102.892911
2.484527 1528390034.340119 0.000144 0.000197 0.000627 102.960377
2.496691 1528390034.352284 0.000146 0.000193 0.000628 101.944987
2.508943 1528390034.364535 0.000147 0.000190 0.000624 100.374059
2.521666 1528390034.377258 0.000147 0.000190 0.000635 101.155422
2.534806 1528390034.390399 0.000146 0.000187 0.000632 100.575502
2.547369 1528390034.402962 0.000145 0.000186 0.000634 100.424566
2.559621 1528390034.415214 0.000145 0.000183 0.000616 98.907986
2.572827 1528390034.428420 0.000143 0.000183 0.000634 100.073409
2.584909 1528390034.440501 0.000144 0.000182 0.000632 100.122844
2.597222 1528390034.452814 0.000142 0.000181 0.000628 99.735989
2.609902 1528390034.465494 0.000140 0.000181 0.000630 99.724517
2.622587 1528390034.478179 0.000140 0.000180 0.000633 99.882355
2.634871 1528390034.490463 0.000140 0.000178 0.000631 99.403694
2.646435 1528390034.502027 0.000141 0.000176 0.000632 99.398025
2.659042 1528390034.514635 0.000140 0.000173 0.000621 98.381552
2.671345 1528390034.526938 0.000138 0.000174 0.000633 99.349923
2.683877 1528390034.539469 0.000138 0.000174 0.000632 99.193314
2.696564 1528390034.552156 0.000138 0.000174 0.000628 99.122307
2.709037 1528390034.564630 0.000137 0.000173 0.000628 99.009681
2.721590 1528390034.577183 0.000135 0.000172 0.000625 98.707797
2.733887 1528390034.589479 0.000137 0.000170 0.000628 98.572871
2.746386 1528390034.601978 0.000135 0.000169 0.000632 98.415938
2.758869 1528390034.614461 0.000134 0.000167 0.000633 97.914298
2.771644 1528390034.627236 0.000134 0.000165 0.000637 97.882803
2.784458 1528390034.640050 0.000134 0.000163 0.000640 97.802576
2.798588 1528390034.654180 0.000133 0.000161 0.000648 97.793598
2.810574 1528390034.666166 0.000133 0.000160 0.000650 97.474654
2.822315 1528390034.677907 0.000132 0.000159 0.000648 97.009046
2.835180 1528390034.690772 0.000132 0.000158 0.000652 96.906738
2.847826 1528390034.703418 0.000131 0.000156 0.000659 96.699519
2.859660 1528390034.715253 0.000131 0.000155 0.000662 96.439208
2.871673 1528390034.727266 0.000129 0.000153 0.000666 96.041369
2.883878 1528390034.739470 0.000130 0.000151 0.000664 95.522732
2.896541 1528390034.752133 0.000128 0.000151 0.000680 95.390653
2.908962 1528390034.764555 0.000128 0.000150 0.000680 94.974734
2.921248 1528390034.776840 0.000127 0.000150 0.000688 94.894290
2.933898 1528390034.789490 0.000127 0.000146 0.000690 93.807591
2.946234 1528390034.801826 0.000126 0.000146 0.000697 94.166819
2.958909 1528390034.814501 0.000126 0.000145 0.000703 93.895747
2.971424 1528390034.827016 0.000125 0.000146 0.000705 93.633625
2.983950 1528390034.839542 0.000125 0.000145 0.000709 93.247706
2.996269 1528390034.851861 0.000125 0.000144 0.000710 93.001078
3.008659 1528390034.864251 0.000125 0.000142 0.000714 92.758143
3.021362 1528390034.876955 0.000124 0.000142 0.000719 92.588902
3.035011 1528390034.890604 0.000122 0.000141 0.000726 92.689150
3.047774 1528390034.903366 0.000122 0.000141 0.000725 92.517102
3.059722 1528390034.915314 0.000121 0.000140 0.000728 92.476599
3.072744 1528390034.928336 0.000119 0.000139 0.000730 91.765555
3.084478 1528390034.940070 0.000119 0.000138 0.000733 91.664176
3.096427 1528390034.952019 0.000120 0.000138 0.000741 92.075876
3.109397 1528390034.964989 0.000120 0.000137 0.000738 92.046923
3.121714 1528390034.977307 0.000119 0.000137 0.000744 91.774811
3.135318 1528390034.990910 0.000119 0.000136 0.000746 91.567942
3.148245 1528390035.003837 0.000116 0.000136 0.000745 91.188861
3.160172 1528390035.015764 0.000117 0.000135 0.000748 91.597594
3.172367 1528390035.027959 0.000115 0.000136 0.000746 90.910539
3.185297 1528390035.040890 0.000116 0.000136 0.000757 91.342033
3.197183 1528390035.052775 0.000116 0.000136 0.000755 91.307799
3.209662 1528390035.065255 0.000114 0.000137 0.000760 91.282647
3.221721 1528390035.077313 0.000114 0.000135 0.000763 91.082498
3.234536 1528390035.090129 0.000111 0.000137 0.000746 90.338314
3.246744 1528390035.102336 0.000112 0.000136 0.000757 90.702212
3.259867 1528390035.115459 0.000111 0.000136 0.000763 90.536973
3.272505 1528390035.128097 0.000110 0.000136 0.000772 90.523607
3.284860 1528390035.140453 0.000109 0.000136 0.000778 90.445243
3.297966 1528390035.153558 0.000109 0.000137 0.000780 90.349112
3.309210 1528390035.164802 0.000107 0.000138 0.000797 90.372892
3.321680 1528390035.177272 0.000107 0.000138 0.000789 90.158355
3.334198 1528390035.189790 0.000105 0.000139 0.000794 89.803996
3.346794 1528390035.202386 0.000104 0.000139 0.000795 89.574490
3.359302 1528390035.214894 0.000104 0.000140 0.000802 89.445511
3.371732 1528390035.227324 0.000103 0.000138 0.000796 88.993093
3.384214 1528390035.239806 0.000101 0.000137 0.000800 88.156848
3.396608 1528390035.252200 0.000103 0.000135 0.000821 87.993611
3.410993 1528390035.266586 0.000099 0.000138 0.000821 86.942363
3.421802 1528390035.277395 0.000103 0.000140 0.000811 86.804710
3.434435 1528390035.290027 0.000104 0.000142 0.000817 86.364467
3.446817 1528390035.302409 0.000106 0.000142 0.000796 85.731282
3.459692 1528390035.315285 0.000106 0.000139 0.000800 84.697051
3.472185 1528390035.327777 0.000106 0.000138 0.000805 83.413752
3.484729 1528390035.340321 0.000105 0.000138 0.000800 82.067370
3.497751 1528390035.353343 0.000104 0.000140 0.000794 80.989068
3.509854 1528390035.365446 0.000100 0.000147 0.000798 79.975298
3.522188 1528390035.377780 0.000098 0.000152 0.000805 79.122910
3.535118 1528390035.390711 0.000095 0.000149 0.000808 78.198845
3.547310 1528390035.402902 0.000095 0.000147 0.000808 77.696361
3.560003 1528390035.415596 0.000096 0.000146 0.000810 77.420880
3.572882 1528390035.428474 0.000093 0.000146 0.000809 77.096060
3.584532 1528390035.440124 0.000091 0.000148 0.000808 77.729187
3.596650 1528390035.452243 0.000091 0.000151 0.000795 78.201162
3.609129 1528390035.464721 0.000092 0.000151 0.000795 78.351756
3.621782 1528390035.477375 0.000093 0.000151 0.000788 78.363908
3.634295 1528390035.489887 0.000094 0.000152 0.000789 78.361894
3.646579 1528390035.502171 0.000094 0.000149 0.000790 78.157695
3.659103 1528390035.514695 0.000094 0.000148 0.000798 78.010349
3.672026 1528390035.527619 0.000093 0.000150 0.000804 78.230648
3.685431 1528390035.541023 0.000092 0.000150 0.000794 78.371988
3.697875 1528390035.553467 0.000091 0.000153 0.000787 78.615254
3.710370 1528390035.565962 0.000093 0.000150 0.000783 78.445248
3.723093 1528390035.578685 0.000094 0.000148 0.000801 77.835483
3.735240 1528390035.590832 0.000095 0.000146 0.000808 77.153269
3.747842 1528390035.603435 0.000094 0.000141 0.000810 76.417908
3.760897 1528390035.616489 0.000094 0.000135 0.000807 75.405123
3.772932 1528390035.628524 0.000092 0.000136 0.000814 74.932534
3.785470 1528390035.641062 0.000092 0.000132 0.000816 73.811163
3.797997 1528390035.653589 0.000095 0.000128 0.000804 72.008519
3.809652 1528390035.665244 0.000096 0.000129 0.000837 71.382024
3.821859 1528390035.677452 0.000092 0.000127 0.000860 69.941102
3.834423 1528390035.690016 0.000092 0.000123 0.000854 68.557668
3.846870 1528390035.702462 0.000093 0.000121 0.000869 67.729979
3.858996 1528390035.714589 0.000093 0.000117 0.000861 66.682216
3.871545 1528390035.727137 0.000093 0.000114 0.000872 65.425756
3.884493 1528390035.740085 0.000092 0.000114 0.000872 64.180837
3.896858 1528390035.752450 0.000091 0.000114 0.000873 63.351188
3.909872 1528390035.765465 0.000089 0.000114 0.000871 62.948236
3.922340 1528390035.777933 0.000088 0.000113 0.000886 62.618242
3.934629 1528390035.790221 0.000088 0.000111 0.000887 62.234327
3.946983 1528390035.802575 0.000088 0.000112 0.000866 61.475057
3.960170 1528390035.815763 0.000086 0.000112 0.000860 60.958908
3.972187 1528390035.827779 0.000084 0.000114 0.000868 60.849422
3.984809 1528390035.840402 0.000083 0.000113 0.000913 60.981782
3.997247 1528390035.852839 0.000085 0.000109 0.000921 60.823964
4.009745 1528390035.865337 0.000085 0.000111 0.000903 60.315855
4.022318 1528390035.877910 0.000084 0.000111 0.000890 60.036062
4.034998 1528390035.890591 0.000082 0.000113 0.000880 59.801280
4.047136 1528390035.902729 0.000082 0.000111 0.000912 59.966282
4.059845 1528390035.915437 0.000084 0.000109 0.000902 59.749049
4.072389 1528390035.927981 0.000084 0.000109 0.000875 59.201064
4.085995 1528390035.941587 0.000083 0.000110 0.000857 58.798714
4.098092 1528390035.953684 0.000082 0.000110 0.000860 58.645158
4.110155 1528390035.965747 0.000085 0.000105 0.000890 58.669316
4.122802 1528390035.978394 0.000085 0.000103 0.000872 58.129676
4.134598 1528390035.990191 0.000086 0.000103 0.000833 57.141277
4.146692 1528390036.002284 0.000085 0.000103 0.000799 55.766441
4.159061 1528390036.014653 0.000086 0.000102 0.000813 55.448537
4.171610 1528390036.027202 0.000087 0.000100 0.000820 55.148582
4.184095 1528390036.039687 0.000088 0.000100 0.000804 54.296145
4.196716 1528390036.052308 0.000087 0.000100 0.000783 53.415977
4.209230 1528390036.064822 0.000084 0.000102 0.000752 52.517943
4.221569 1528390036.077161 0.000084 0.000101 0.000775 52.625761
4.234143 1528390036.089735 0.000086 0.000099 0.000775 52.486529
4.247538 1528390036.103130 0.000085 0.000100 0.000770 52.019873
4.259922 1528390036.115515 0.000084 0.000101 0.000763 51.770730
4.272416 1528390036.128008 0.000082 0.000102 0.000750 51.687795
4.284178 1528390036.139771 0.000084 0.000100 0.000767 52.213275
4.296839 1528390036.152432 0.000087 0.000099 0.000777 52.445816
4.309171 1528390036.164763 0.000087 0.000100 0.000765 52.245354
4.321385 1528390036.176977 0.000085 0.000102 0.000754 51.813995
4.334096 1528390036.189689 0.000084 0.000102 0.000753 52.002040
4.346825 1528390036.202417 0.000084 0.000101 0.000772 52.306417
4.359435 1528390036.215028 0.000087 0.000100 0.000770 51.982002
4.371691 1528390036.227283 0.000086 0.000102 0.000755 51.553878
4.384116 1528390036.239708 0.000084 0.000103 0.000745 50.786480
4.396605 1528390036.252198 0.000086 0.000103 0.000755 51.037917
4.409152 1528390036.264744 0.000086 0.000101 0.000762 51.178809
4.421585 1528390036.277177 0.000088 0.000101 0.000762 50.532050
4.434033 1528390036.289625 0.000087 0.000103 0.000752 49.773496
4.446643 1528390036.302235 0.000087 0.000105 0.000738 49.043260
4.459176 1528390036.314768 0.000087 0.000104 0.000748 48.712261
4.472132 1528390036.327725 0.000088 0.000101 0.000757 48.125116
4.484278 1528390036.339870 0.000088 0.000103 0.000743 47.535701
4.496741 1528390036.352334 0.000089 0.000105 0.000732 47.161006
4.509196 1528390036.364788 0.000087 0.000107 0.000716 46.865811
4.521340 1528390036.376932 0.000087 0.000105 0.000729 46.888536
4.534085 1528390036.389677 0.000088 0.000103 0.000743 46.981495
4.546407 1528390036.401999 0.000088 0.000104 0.000731 46.542592
4.559228 1528390036.414820 0.000088 0.000105 0.000727 46.250318
4.571661 1528390036.427253 0.000086 0.000108 0.000722 46.246661
4.584184 1528390036.439776 0.000087 0.000105 0.000725 46.429110
4.596699 1528390036.452291 0.000088 0.000104 0.000734 46.651773
4.609302 1528390036.464895 0.000089 0.000104 0.000730 46.490791
4.622098 1528390036.477691 0.000088 0.000106 0.000716 46.407249
4.635813 1528390036.491405 0.000087 0.000107 0.000715 46.411910
4.648077 1528390036.503670 0.000088 0.000104 0.000734 46.961720
4.660695 1528390036.516287 0.000089 0.000099 0.000741 46.776744
4.672543 1528390036.528135 0.000088 0.000101 0.000732 46.836942
4.684211 1528390036.539804 0.000087 0.000101 0.000725 46.955376
4.698058 1528390036.553650 0.000085 0.000103 0.000729 46.775357
4.710595 1528390036.566187 0.000085 0.000100 0.000758 47.045905
4.722805 1528390036.578397 0.000086 0.000097 0.000766 46.969777
4.735179 1528390036.590772 0.000086 0.000100 0.000750 46.928070
4.747850 1528390036.603442 0.000086 0.000100 0.000751 46.832795
4.759640 1528390036.615232 0.000085 0.000104 0.000739 46.707278
4.771644 1528390036.627236 0.000085 0.000100 0.000757 46.956722
4.784347 1528390036.639940 0.000086 0.000098 0.000761 47.023643
4.796882 1528390036.652474 0.000086 0.000098 0.000762 46.844534
4.809286 1528390036.664878 0.000086 0.000100 0.000747 46.513583
4.822162 1528390036.677755 0.000086 0.000100 0.000745 46.399419
4.834599 1528390036.690191 0.000083 0.000103 0.000735 46.287614
4.847074 1528390036.702666 0.000084 0.000100 0.000753 46.613719
4.859668 1528390036.715260 0.000085 0.000097 0.000762 46.858061
4.872072 1528390036.727664 0.000086 0.000097 0.000757 46.849356
4.884379 1528390036.739971 0.000086 0.000098 0.000748 46.731573
4.897767 1528390036.753360 0.000086 0.000098 0.000748 46.758215
4.910836 1528390036.766429 0.000086 0.000098 0.000741 46.684672
4.923468 1528390036.779061 0.000086 0.000099 0.000742 46.450727
4.935405 1528390036.790998 0.000086 0.000099 0.000755 46.446572
4.947129 1528390036.802722 0.000088 0.000099 0.000745 46.501538
4.959658 1528390036.815250 0.000089 0.000099 0.000741 46.634710
4.972131 1528390036.827723 0.000090 0.000101 0.000731 46.531841
4.984596 1528390036.840189 0.000089 0.000102 0.000715 46.304676
4.996871 1528390036.852464 0.000089 0.000102 0.000709 46.124026
5.009616 1528390036.865208 0.000089 0.000102 0.000707 46.012753
5.022149 1528390036.877741 0.000089 0.000103 0.000711 45.745119
5.034551 1528390036.890143 0.000089 0.000103 0.000701 45.753819
5.047313 1528390036.902905 0.000089 0.000101 0.000704 45.559676
5.059844 1528390036.915436 0.000089 0.000101 0.000699 45.331959
5.071949 1528390036.927541 0.000089 0.000101 0.000699 45.094936
5.084660 1528390036.940252 0.000088 0.000101 0.000695 44.845340
5.097024 1528390036.952616 0.000088 0.000102 0.000697 44.709837
5.109622 1528390036.965214 0.000088 0.000101 0.000693 44.544438
5.121780 1528390036.977373 0.000087 0.000102 0.000692 44.538955
5.134286 1528390036.989878 0.000087 0.000103 0.000690 44.464783
5.147393 1528390037.002985 0.000088 0.000102 0.000696 44.238134
5.160064 1528390037.015656 0.000088 0.000103 0.000694 44.048439
5.172567 1528390037.028159 0.000086 0.000104 0.000692 44.516115
5.184609 1528390037.040201 0.000087 0.000105 0.000700 44.577077
5.196906 1528390037.052499 0.000090 0.000105 0.000691 44.094504
5.209623 1528390037.065215 0.000091 0.000105 0.000687 43.550737
5.222225 1528390037.077817 0.000091 0.000105 0.000680 43.037988
5.234593 1528390037.090185 0.000091 0.000105 0.000685 42.668407
5.246852 1528390037.102445 0.000091 0.000105 0.000682 42.513697
5.259580 1528390037.115172 0.000091 0.000105 0.000681 42.181804
5.272364 1528390037.127956 0.000092 0.000106 0.000681 42.089838
5.284567 1528390037.140160 0.000091 0.000105 0.000683 42.020244
5.297234 1528390037.152826 0.000091 0.000105 0.000681 41.947987
5.309854 1528390037.165446 0.000091 0.000105 0.000678 41.976163
5.322110 1528390037.177702 0.000091 0.000106 0.000682 42.006427
5.334285 1528390037.189877 0.000091 0.000105 0.000682 41.953472
5.347301 1528390037.202894 0.000091 0.000105 0.000679 41.927948
5.359479 1528390037.215071 0.000091 0.000106 0.000678 41.920219
5.372136 1528390037.227728 0.000092 0.000106 0.000678 41.958074
5.384997 1528390037.240589 0.000091 0.000106 0.000681 41.886958
5.397997 1528390037.253589 0.000091 0.000106 0.000679 41.861177
5.410429 1528390037.266021 0.000093 0.000105 0.000682 41.174024
5.422635 1528390037.278228 0.000095 0.000107 0.000710 40.151432
5.435399 1528390037.290991 0.000097 0.000111 0.000706 39.468692
5.448104 1528390037.303696 0.000099 0.000119 0.000689 38.713754
5.459706 1528390037.315298 0.000100 0.000126 0.000688 37.923313
5.471972 1528390037.327564 0.000101 0.000132 0.000683 36.917976
5.484650 1528390037.340242 0.000102 0.000134 0.000672 36.186502
5.497083 1528390037.352675 0.000103 0.000133 0.000665 35.756574
5.509755 1528390037.365347 0.000104 0.000132 0.000664 35.508801
5.522133 1528390037.377725 0.000105 0.000131 0.000661 35.442174
5.534817 1528390037.390410 0.000105 0.000129 0.000660 35.427969
5.547107 1528390037.402699 0.000105 0.000128 0.000658 35.361137
5.559834 1528390037.415426 0.000105 0.000128 0.000661 35.490455
5.572134 1528390037.427726 0.000106 0.000126 0.000660 35.515452
5.584873 1528390037.440465 0.000106 0.000126 0.000658 35.438296
5.597085 1528390037.452678 0.000106 0.000124 0.000660 35.438535
5.609473 1528390037.465065 0.000107 0.000124 0.000659 35.324480
5.622055 1528390037.477647 0.000107 0.000122 0.000659 35.205468
5.634405 1528390037.489998 0.000107 0.000121 0.000658 35.200319
5.647242 1528390037.502834 0.000107 0.000121 0.000658 35.140147
5.659870 1528390037.515462 0.000108 0.000120 0.000655 35.056882
5.672295 1528390037.527887 0.000109 0.000119 0.000659 35.077379
5.684726 1528390037.540318 0.000108 0.000119 0.000659 35.160590
5.697229 1528390037.552821 0.000109 0.000118 0.000662 35.219185
5.710162 1528390037.565754 0.000109 0.000117 0.000664 35.245448
5.722764 1528390037.578357 0.000109 0.000117 0.000664 35.229833
5.734765 1528390037.590357 0.000109 0.000116 0.000662 35.141570
5.748139 1528390037.603731 0.000109 0.000116 0.000662 35.045619
5.760814 1528390037.616406 0.000109 0.000116 0.000660 34.932715
5.773334 1528390037.628926 0.000109 0.000116 0.000662 34.935152
5.785456 1528390037.641049 0.000109 0.000116 0.000662 34.957620
5.798386 1528390037.653979 0.000109 0.000117 0.000658 35.000395
5.810493 1528390037.666085 0.000109 0.000116 0.000660 35.100547
5.822776 1528390037.678368 0.000109 0.000116 0.000660 35.236494
5.834787 1528390037.690379 0.000110 0.000117 0.000661 35.330594
5.847568 1528390037.703160 0.000110 0.000117 0.000662 35.444966
5.860069 1528390037.715661 0.000110 0.000117 0.000663 35.556718
5.872147 1528390037.727739 0.000110 0.000117 0.000664 35.560405
5.884900 1528390037.740492 0.000110 0.000117 0.000664 35.729266
5.897534 1528390037.753126 0.000110 0.000117 0.000662 35.782610
5.910026 1528390037.765619 0.000111 0.000117 0.000664 35.816119
5.923479 1528390037.779072 0.000111 0.000117 0.000664 35.788408
5.934699 1528390037.790291 0.000111 0.000116 0.000661 35.572547
5.947736 1528390037.803329 0.000110 0.000114 0.000649 35.639595
5.959999 1528390037.815591 0.000108 0.000115 0.000636 35.897655
5.972478 1528390037.828070 0.000106 0.000113 0.000645 35.241205
5.985425 1528390037.841017 0.000103 0.000112 0.000662 35.386279
5.998286 1528390037.853878 0.000099 0.000112 0.000675 35.867430
6.010594 1528390037.866186 0.000098 0.000112 0.000682 36.260220
6.022834 1528390037.878426 0.000098 0.000112 0.000688 36.548950
6.036299 1528390037.891891 0.000098 0.000112 0.000690 36.572952
6.047682 1528390037.903275 0.000098 0.000112 0.000687 36.575065
6.059263 1528390037.914855 0.000099 0.000112 0.000687 36.666069
6.072213 1528390037.927805 0.000099 0.000112 0.000687 36.679827
6.084780 1528390037.940372 0.000099 0.000111 0.000689 36.600871
6.097081 1528390037.952673 0.000099 0.000112 0.000688 36.534356
6.110438 1528390037.966030 0.000099 0.000112 0.000684 36.471792
6.122979 1528390037.978571 0.000100 0.000112 0.000684 36.528811
6.135717 1528390037.991310 0.000099 0.000112 0.000683 36.451758
6.148240 1528390038.003832 0.000099 0.000111 0.000682 36.389906
6.160342 1528390038.015935 0.000099 0.000112 0.000678 36.353977
6.173220 1528390038.028812 0.000100 0.000111 0.000681 36.275001
6.184940 1528390038.040532 0.000100 0.000111 0.000680 36.288306
6.197316 1528390038.052909 0.000100 0.000111 0.000680 36.409283
6.209849 1528390038.065442 0.000101 0.000111 0.000679 36.381419
6.222423 1528390038.078015 0.000099 0.000111 0.000694 36.461975
6.235565 1528390038.091157 0.000095 0.000112 0.000697 36.971185
6.248502 1528390038.104094 0.000093 0.000111 0.000715 37.061912
6.260581 1528390038.116174 0.000093 0.000111 0.000720 37.133157
6.272848 1528390038.128440 0.000093 0.000110 0.000721 37.224758
6.284870 1528390038.140463 0.000093 0.000110 0.000725 37.250873
6.297084 1528390038.152677 0.000093 0.000109 0.000719 37.328082
6.309541 1528390038.165134 0.000093 0.000109 0.000716 37.320000
6.321944 1528390038.177536 0.000093 0.000109 0.000720 37.255425
6.335323 1528390038.190915 0.000093 0.000109 0.000722 37.243978
6.347873 1528390038.203465 0.000093 0.000109 0.000722 37.270341
6.360868 1528390038.216461 0.000093 0.000109 0.000719 37.241329
6.372125 1528390038.227717 0.000093 0.000109 0.000718 37.278469
6.384182 1528390038.239775 0.000093 0.000109 0.000715 37.261344
6.396792 1528390038.252385 0.000093 0.000109 0.000717 37.228488
6.409450 1528390038.265043 0.000093 0.000109 0.000720 37.252578
6.422173 1528390038.277765 0.000093 0.000109 0.000716 37.237314
6.434608 1528390038.290200 0.000093 0.000109 0.000721 37.126258
6.447054 1528390038.302647 0.000093 0.000109 0.000716 37.193619
6.459514 1528390038.315106 0.000093 0.000109 0.000715 37.348842
6.472969 1528390038.328561 0.000093 0.000109 0.000721 37.195962
6.485871 1528390038.341463 0.000093 0.000109 0.000719 37.175650
6.498041 1528390038.353633 0.000093 0.000109 0.000717 37.175083
6.510783 1528390038.366375 0.000094 0.000109 0.000716 37.182169
6.522995 1528390038.378587 0.000093 0.000109 0.000716 37.140568
6.535757 1528390038.391350 0.000094 0.000109 0.000712 37.358493
6.547677 1528390038.403270 0.000094 0.000109 0.000716 37.162889
6.560656 1528390038.416248 0.000094 0.000109 0.000718 37.206041
6.573102 1528390038.428695 0.000093 0.000109 0.000722 37.152820
6.584729 1528390038.440321 0.000094 0.000109 0.000719 37.089947
6.597435 1528390038.453027 0.000094 0.000110 0.000713 37.199971
6.609951 1528390038.465543 0.000094 0.000109 0.000718 37.082611
6.622180 1528390038.477772 0.000094 0.000110 0.000720 37.097674
6.634734 1528390038.490327 0.000094 0.000110 0.000713 37.289877
6.647603 1528390038.503196 0.000095 0.000109 0.000711 37.216833
6.660344 1528390038.515936 0.000094 0.000110 0.000713 37.264412
6.672710 1528390038.528303 0.000094 0.000110 0.000712 37.336095
6.685121 1528390038.540714 0.000094 0.000110 0.000712 37.248914
6.697223 1528390038.552815 0.000095 0.000110 0.000708 37.286281
6.709989 1528390038.565582 0.000094 0.000110 0.000713 37.198680
6.722216 1528390038.577808 0.000094 0.000110 0.000711 37.218697
6.734876 1528390038.590468 0.000095 0.000110 0.000709 37.173790
6.747160 1528390038.602753 0.000094 0.000110 0.000712 37.202117
6.760032 1528390038.615624 0.000095 0.000110 0.000713 37.167717
6.772719 1528390038.628311 0.000095 0.000110 0.000708 37.207337
6.785861 1528390038.641453 0.000095 0.000110 0.000707 37.265197
6.798174 1528390038.653766 0.000095 0.000110 0.000710 37.271484
6.809855 1528390038.665447 0.000095 0.000110 0.000708 37.260452
6.822083 1528390038.677675 0.000095 0.000110 0.000712 37.161927
6.835200 1528390038.690792 0.000095 0.000110 0.000713 37.228596
6.847951 1528390038.703543 0.000095 0.000110 0.000712 37.141047
6.860314 1528390038.715906 0.000095 0.000110 0.000709 37.040329
6.872909 1528390038.728502 0.000095 0.000111 0.000709 37.059943
6.885566 1528390038.741159 0.000095 0.000110 0.000710 37.060448
6.898710 1528390038.754302 0.000095 0.000110 0.000711 37.065031
6.910129 1528390038.765721 0.000095 0.000111 0.000710 36.988827
6.922140 1528390038.777732 0.000095 0.000111 0.000710 37.088298
6.934726 1528390038.790318 0.000095 0.000111 0.000707 37.065500
6.946960 1528390038.802552 0.000095 0.000110 0.000711 36.957334
6.959584 1528390038.815176 0.000095 0.000110 0.000709 37.147280
6.972373 1528390038.827966 0.000096 0.000110 0.000705 37.047597
6.984542 1528390038.840135 0.000096 0.000111 0.000706 37.016861
6.997494 1528390038.853086 0.000096 0.000111 0.000701 37.136091
7.010657 1528390038.866249 0.000096 0.000111 0.000701 37.047420
7.023409 1528390038.879001 0.000097 0.000111 0.000697 37.174487
7.035457 1528390038.891050 0.000097 0.000111 0.000702 37.004343
7.047430 1528390038.903022 0.000096 0.000111 0.000704 37.176891
7.060403 1528390038.915995 0.000097 0.000111 0.000705 37.071075
7.072704 1528390038.928297 0.000097 0.000111 0.000702 37.042137
7.085585 1528390038.941177 0.000097 0.000112 0.000703 37.129090
7.098082 1528390038.953675 0.000097 0.000112 0.000702 37.156468
7.110735 1528390038.966328 0.000098 0.000112 0.000699 37.173966
7.122908 1528390038.978500 0.000098 0.000112 0.000695 37.301036
7.135362 1528390038.990955 0.000098 0.000112 0.000698 37.127630
7.147681 1528390039.003274 0.000098 0.000112 0.000699 37.113978
7.160192 1528390039.015784 0.000098 0.000112 0.000694 37.234066
7.172192 1528390039.027784 0.000098 0.000112 0.000704 36.998628
7.184678 1528390039.040270 0.000098 0.000112 0.000698 37.087053
7.197457 1528390039.053049 0.000098 0.000112 0.000703 37.029146
7.209964 1528390039.065557 0.000098 0.000112 0.000695 37.095457
7.222889 1528390039.078482 0.000098 0.000112 0.000696 37.031527
7.234884 1528390039.090476 0.000098 0.000112 0.000700 37.085046
7.247193 1528390039.102786 0.000098 0.000112 0.000699 37.085167
7.259654 1528390039.115246 0.000098 0.000112 0.000700 37.113160
7.272144 1528390039.127736 0.000098 0.000112 0.000694 37.084125
7.284508 1528390039.140100 0.000099 0.000112 0.000695 37.011241
7.297352 1528390039.152944 0.000099 0.000112 0.000695 36.953847
7.309829 1528390039.165421 0.000099 0.000112 0.000693 37.107914
7.323159 1528390039.178751 0.000098 0.000112 0.000701 37.010250
7.335804 1528390039.191397 0.000098 0.000112 0.000700 36.976769
7.348221 1528390039.203814 0.000098 0.000112 0.000699 36.998088
7.361104 1528390039.216697 0.000099 0.000112 0.000695 37.038877
7.372700 1528390039.228292 0.000098 0.000112 0.000701 37.099012
7.384612 1528390039.240204 0.000099 0.000112 0.000694 37.168524
7.397455 1528390039.253047 0.000098 0.000112 0.000701 37.023793
7.410058 1528390039.265651 0.000098 0.000112 0.000690 37.163600
7.422471 1528390039.278063 0.000098 0.000112 0.000693 37.137655
7.435022 1528390039.290615 0.000098 0.000112 0.000697 37.149763
7.447681 1528390039.303273 0.000098 0.000112 0.000698 37.152426
7.460100 1528390039.315693 0.000098 0.000112 0.000697 37.086383
7.472910 1528390039.328503 0.000098 0.000112 0.000691 37.148032
7.485158 1528390039.340750 0.000098 0.000112 0.000696 37.107837
7.497768 1528390039.353360 0.000098 0.000112 0.000696 37.246577
7.509957 1528390039.365549 0.000098 0.000112 0.000697 37.143333
7.523028 1528390039.378621 0.000096 0.000112 0.000698 37.418099
7.535350 1528390039.390943 0.000094 0.000113 0.000697 38.155305
7.548070 1528390039.403662 0.000094 0.000114 0.000698 38.678374
7.560014 1528390039.415606 0.000095 0.000115 0.000700 38.739140
7.572788 1528390039.428380 0.000095 0.000118 0.000691 38.666858
7.585090 1528390039.440682 0.000094 0.000123 0.000682 38.545094
7.598305 1528390039.453898 0.000093 0.000127 0.000679 38.376475
7.610260 1528390039.465853 0.000092 0.000128 0.000681 38.157691
7.622629 1528390039.478221 0.000092 0.000128 0.000685 37.899932
7.635349 1528390039.490941 0.000092 0.000126 0.000685 37.641514
7.647714 1528390039.503307 0.000092 0.000125 0.000684 37.541729
7.660282 1528390039.515874 0.000092 0.000123 0.000687 37.610377
7.672584 1528390039.528176 0.000093 0.000122 0.000682 37.678916
7.685382 1528390039.540975 0.000093 0.000121 0.000685 37.692146
7.698198 1528390039.553790 0.000093 0.000120 0.000686 37.703664
7.710770 1528390039.566362 0.000093 0.000119 0.000684 37.742648
7.723019 1528390039.578612 0.000093 0.000120 0.000682 37.778735
7.735403 1528390039.590995 0.000093 0.000119 0.000686 37.751999
7.748206 1528390039.603798 0.000093 0.000118 0.000688 37.747439
7.760077 1528390039.615670 0.000093 0.000117 0.000688 37.739201
7.772721 1528390039.628313 0.000093 0.000117 0.000688 37.687233
7.785602 1528390039.641194 0.000093 0.000117 0.000685 37.633227
7.797876 1528390039.653469 0.000093 0.000117 0.000688 37.745505
7.810309 1528390039.665901 0.000093 0.000117 0.000685 37.718918
7.822984 1528390039.678576 0.000093 0.000116 0.000684 37.730802
7.835233 1528390039.690825 0.000093 0.000117 0.000687 37.818141
7.847867 1528390039.703459 0.000093 0.000117 0.000681 37.793352
7.860615 1528390039.716207 0.000093 0.000117 0.000688 37.836658
7.872911 1528390039.728503 0.000093 0.000117 0.000687 37.805848
7.885468 1528390039.741060 0.000093 0.000117 0.000682 37.849645
7.898287 1528390039.753879 0.000093 0.000117 0.000687 37.809383
7.910226 1528390039.765818 0.000093 0.000116 0.000683 37.764997
7.922984 1528390039.778576 0.000093 0.000117 0.000682 37.711598
7.935336 1528390039.790928 0.000093 0.000116 0.000683 37.703587
7.948472 1528390039.804064 0.000093 0.000116 0.000682 37.746091
7.960546 1528390039.816139 0.000093 0.000116 0.000685 37.711871
7.972735 1528390039.828327 0.000093 0.000116 0.000688 37.770308
7.985439 1528390039.841031 0.000094 0.000116 0.000686 37.803736
7.998529 1528390039.854122 0.000093 0.000116 0.000682 37.751035
8.010159 1528390039.865752 0.000094 0.000115 0.000691 37.720104
8.023211 1528390039.878803 0.000095 0.000113 0.000688 37.371367
8.035345 1528390039.890938 0.000095 0.000111 0.000689 37.406764
8.047696 1528390039.903288 0.000095 0.000108 0.000688 37.534103
8.060163 1528390039.915756 0.000095 0.000106 0.000697 37.820818
8.072660 1528390039.928253 0.000095 0.000105 0.000706 37.950331
8.086344 1528390039.941936 0.000095 0.000105 0.000709 38.027034
8.098487 1528390039.954079 0.000095 0.000105 0.000715 38.014477
8.110622 1528390039.966215 0.000095 0.000105 0.000712 38.065328
8.122321 1528390039.977913 0.000095 0.000105 0.000706 38.051823
8.134886 1528390039.990479 0.000095 0.000106 0.000709 38.081904
8.147640 1528390040.003232 0.000096 0.000105 0.000709 38.075092
8.159776 1528390040.015368 0.000096 0.000105 0.000707 37.919422
8.172290 1528390040.027882 0.000096 0.000105 0.000710 37.952340
8.184838 1528390040.040430 0.000096 0.000105 0.000711 37.957181
8.197609 1528390040.053201 0.000096 0.000105 0.000707 37.866400
8.209976 1528390040.065568 0.000096 0.000105 0.000710 37.881247
8.222804 1528390040.078396 0.000096 0.000106 0.000703 37.887058
8.235307 1528390040.090899 0.000096 0.000105 0.000706 37.912476
8.248031 1528390040.103623 0.000096 0.000105 0.000708 37.914219
8.260624 1528390040.116216 0.000096 0.000106 0.000704 37.916527
8.273147 1528390040.128739 0.000096 0.000105 0.000708 37.937768
8.285941 1528390040.141533 0.000096 0.000105 0.000705 37.981319
8.298074 1528390040.153666 0.000096 0.000105 0.000704 37.950204
8.310546 1528390040.166138 0.000097 0.000105 0.000705 37.957673
8.322784 1528390040.178376 0.000097 0.000105 0.000703 37.945019
8.335994 1528390040.191587 0.000097 0.000106 0.000699 37.918843
8.348140 1528390040.203732 0.000097 0.000105 0.000698 37.795815
8.360506 1528390040.216098 0.000097 0.000105 0.000702 37.887831
8.373209 1528390040.228801 0.000097 0.000105 0.000704 37.887509
8.385288 1528390040.240880 0.000097 0.000105 0.000700 37.926263
8.398338 1528390040.253930 0.000097 0.000106 0.000699 37.887952
8.410559 1528390040.266152 0.000097 0.000105 0.000705 37.919984
8.423394 1528390040.278986 0.000097 0.000106 0.000701 37.844251
8.435904 1528390040.291496 0.000097 0.000106 0.000704 37.893443
8.448293 1528390040.303885 0.000097 0.000105 0.000697 37.868989
8.460886 1528390040.316478 0.000097 0.000105 0.000700 37.855165
8.473370 1528390040.328962 0.000097 0.000105 0.000696 37.827363
8.486141 1528390040.341733 0.000097 0.000105 0.000697 37.787873
8.498165 1528390040.353757 0.000097 0.000105 0.000698 37.786365
8.510484 1528390040.366077 0.000098 0.000105 0.000699 37.780392
8.522819 1528390040.378411 0.000098 0.000105 0.000698 37.786744
8.536047 1528390040.391639 0.000098 0.000105 0.000699 37.781155
8.548483 1528390040.404075 0.000098 0.000105 0.000701 37.847184
8.560358 1528390040.415951 0.000098 0.000105 0.000700 37.828328
8.572521 1528390040.428114 0.000098 0.000105 0.000698 37.861414
8.584804 1528390040.440397 0.000098 0.000105 0.000695 37.913471
8.597332 1528390040.452924 0.000098 0.000106 0.000696 37.924829
8.609776 1528390040.465368 0.000098 0.000105 0.000699 37.928552
8.622385 1528390040.477977 0.000098 0.000106 0.000691 37.931270
8.635212 1528390040.490804 0.000098 0.000106 0.000695 37.934883
8.648877 1528390040.504469 0.000098 0.000105 0.000700 38.009014
8.660113 1528390040.515705 0.000098 0.000106 0.000697 37.938223
8.672731 1528390040.528323 0.000098 0.000106 0.000700 38.002334
8.684872 1528390040.540464 0.000098 0.000105 0.000696 37.958297
8.697528 1528390040.553121 0.000098 0.000106 0.000696 37.940561
8.710148 1528390040.565740 0.000098 0.000106 0.000693 38.016955
8.722802 1528390040.578394 0.000098 0.000106 0.000699 37.956449
8.736775 1528390040.592367 0.000098 0.000105 0.000697 37.960509
8.748641 1528390040.604234 0.000099 0.000105 0.000698 38.048867
8.761426 1528390040.617019 0.000098 0.000105 0.000699 38.092030
8.772283 1528390040.627876 0.000097 0.000105 0.000697 38.587878
8.784905 1528390040.640497 0.000098 0.000104 0.000690 39.080088
8.797373 1528390040.652965 0.000099 0.000103 0.000692 39.344222
8.811511 1528390040.667103 0.000098 0.000103 0.000695 39.425232
8.823888 1528390040.679480 0.000097 0.000104 0.000699 39.558705
8.836482 1528390040.692075 0.000097 0.000105 0.000693 39.594620
8.849087 1528390040.704679 0.000096 0.000106 0.000689 39.385057
8.860368 1528390040.715960 0.000096 0.000106 0.000690 39.272508
8.874058 1528390040.729650 0.000096 0.000106 0.000695 39.212250
8.884996 1528390040.740588 0.000096 0.000105 0.000695 38.982995
8.898534 1528390040.754126 0.000096 0.000105 0.000692 38.933023
8.911015 1528390040.766608 0.000097 0.000105 0.000694 38.774348
8.924086 1528390040.779678 0.000096 0.000105 0.000693 38.832748
8.936592 1528390040.792185 0.000097 0.000105 0.000691 38.697798
8.947907 1528390040.803500 0.000096 0.000105 0.000697 38.762178
8.959854 1528390040.815446 0.000096 0.000105 0.000691 38.677676
8.972454 1528390040.828046 0.000096 0.000105 0.000689 38.600247
8.984887 1528390040.840479 0.000096 0.000105 0.000694 38.570303
8.997504 1528390040.853096 0.000096 0.000105 0.000695 38.611521
9.009915 1528390040.865507 0.000096 0.000105 0.000694 38.609555
9.022226 1528390040.877819 0.000096 0.000105 0.000687 38.532974
9.034910 1528390040.890503 0.000096 0.000105 0.000689 38.506384
9.047464 1528390040.903056 0.000096 0.000105 0.000688 38.489026
9.059772 1528390040.915365 0.000096 0.000104 0.000697 38.592463
9.072392 1528390040.927984 0.000096 0.000105 0.000688 38.538656
9.084878 1528390040.940470 0.000095 0.000106 0.000690 38.589511
9.099137 1528390040.954729 0.000093 0.000107 0.000696 38.758568
9.110054 1528390040.965646 0.000089 0.000112 0.000685 39.493427
9.123045 1528390040.978637 0.000086 0.000119 0.000680 40.637720
9.135692 1528390040.991284 0.000084 0.000127 0.000678 41.552455
9.148026 1528390041.003619 0.000083 0.000134 0.000675 42.437608
9.160538 1528390041.016131 0.000082 0.000141 0.000676 43.295290
9.172917 1528390041.028509 0.000081 0.000145 0.000676 44.237426
9.185345 1528390041.040938 0.000080 0.000148 0.000686 44.977084
9.198052 1528390041.053644 0.000080 0.000148 0.000694 45.446336
9.211483 1528390041.067075 0.000080 0.000147 0.000693 45.562592
9.223588 1528390041.079180 0.000080 0.000146 0.000697 45.772051
9.235530 1528390041.091122 0.000079 0.000145 0.000697 45.829897
9.248188 1528390041.103780 0.000079 0.000144 0.000698 45.912791
9.260859 1528390041.116451 0.000080 0.000143 0.000701 46.030068
9.273373 1528390041.128966 0.000079 0.000143 0.000701 46.099776
9.285844 1528390041.141437 0.000080 0.000143 0.000699 46.227795
9.298138 1528390041.153731 0.000079 0.000142 0.000698 46.248617
9.310709 1528390041.166301 0.000079 0.000142 0.000698 46.276297
9.322951 1528390041.178543 0.000079 0.000141 0.000698 46.286325
9.336119 1528390041.191711 0.000079 0.000140 0.000698 46.411144
9.348612 1528390041.204204 0.000080 0.000141 0.000698 46.464631
9.361427 1528390041.217019 0.000079 0.000140 0.000698 46.466889
9.373995 1528390041.229587 0.000080 0.000140 0.000704 46.480933
9.386231 1528390041.241823 0.000079 0.000140 0.000699 46.485859
9.398567 1528390041.254159 0.000079 0.000140 0.000700 46.499348
9.410029 1528390041.265621 0.000080 0.000140 0.000698 46.392648
9.422841 1528390041.278433 0.000079 0.000140 0.000696 46.414018
9.435188 1528390041.290781 0.000079 0.000139 0.000702 46.313882
9.447587 1528390041.303179 0.000079 0.000141 0.000700 46.286857
9.460016 1528390041.315608 0.000079 0.000141 0.000701 46.351908
9.472724 1528390041.328316 0.000080 0.000143 0.000709 45.829379
9.485181 1528390041.340773 0.000079 0.000147 0.000711 45.753844
9.497584 1528390041.353176 0.000079 0.000155 0.000690 46.367939
9.510278 1528390041.365870 0.000082 0.000162 0.000677 46.800753
9.522887 1528390041.378480 0.000083 0.000167 0.000677 47.471320
9.535422 1528390041.391014 0.000083 0.000169 0.000686 47.910673
9.548176 1528390041.403768 0.000083 0.000171 0.000693 48.285450
9.560315 1528390041.415907 0.000083 0.000172 0.000692 48.662852
9.572694 1528390041.428286 0.000083 0.000171 0.000692 48.892455
9.585504 1528390041.441097 0.000084 0.000170 0.000692 49.073254
9.597966 1528390041.453559 0.000084 0.000170 0.000695 49.170284
9.610188 1528390041.465780 0.000083 0.000169 0.000697 49.335708
9.623077 1528390041.478670 0.000083 0.000169 0.000698 49.706106
9.635217 1528390041.490810 0.000083 0.000169 0.000700 50.044113
9.647714 1528390041.503307 0.000083 0.000168 0.000703 50.338822
9.660419 1528390041.516011 0.000083 0.000166 0.000706 50.647274
9.672701 1528390041.528293 0.000082 0.000157 0.000720 50.554292
9.685804 1528390041.541396 0.000081 0.000147 0.000738 50.229660
9.697864 1528390041.553456 0.000083 0.000137 0.000753 49.211860
9.710413 1528390041.566006 0.000084 0.000129 0.000768 48.058047
9.722988 1528390041.578580 0.000084 0.000124 0.000770 47.006218
9.735698 1528390041.591290 0.000084 0.000122 0.000769 46.273729
9.747730 1528390041.603322 0.000086 0.000121 0.000761 45.911373
9.760263 1528390041.615855 0.000085 0.000120 0.000766 45.793320
9.772717 1528390041.628309 0.000086 0.000120 0.000754 45.530976
9.785680 1528390041.641273 0.000086 0.000119 0.000753 45.315341
9.797864 1528390041.653456 0.000086 0.000119 0.000748 44.914768
9.810504 1528390041.666096 0.000085 0.000118 0.000743 44.793773
9.822986 1528390041.678579 0.000086 0.000118 0.000740 44.782737
9.835790 1528390041.691383 0.000086 0.000119 0.000736 44.643067
9.847924 1528390041.703517 0.000086 0.000118 0.000737 44.635500
9.860554 1528390041.716146 0.000086 0.000119 0.000733 44.549914
9.872876 1528390041.728468 0.000086 0.000118 0.000732 44.692427
9.885410 1528390041.741002 0.000086 0.000118 0.000733 44.694716
9.901995 1528390041.757588 0.000087 0.000119 0.000730 44.769415
9.910513 1528390041.766105 0.000087 0.000119 0.000731 44.751594
9.923159 1528390041.778751 0.000087 0.000119 0.000731 44.726581
9.935526 1528390041.791119 0.000087 0.000119 0.000727 44.658351
9.947907 1528390041.803499 0.000087 0.000119 0.000724 44.577400
9.960912 1528390041.816505 0.000087 0.000119 0.000728 44.609196
9.972776 1528390041.828368 0.000087 0.000119 0.000725 44.536851
9.985625 1528390041.841217 0.000087 0.000119 0.000729 44.523168
9.997859 1528390041.853451 0.000087 0.000119 0.000728 44.489022
10.010740 1528390041.866332 0.000087 0.000120 0.000724 44.489719
10.023137 1528390041.878729 0.000088 0.000119 0.000723 44.484592
10.035842 1528390041.891434 0.000088 0.000120 0.000723 44.504389
10.047877 1528390041.903469 0.000088 0.000119 0.000723 44.470129
10.060557 1528390041.916150 0.000088 0.000120 0.000721 44.372222
10.073859 1528390041.929451 0.000088 0.000120 0.000721 44.322165
10.086435 1528390041.942028 0.000087 0.000120 0.000726 44.225148
10.098587 1528390041.954179 0.000088 0.000120 0.000722 44.167944
10.110960 1528390041.966552 0.000087 0.000120 0.000723 44.128859
10.123113 1528390041.978705 0.000088 0.000120 0.000721 44.048120
10.135335 1528390041.990927 0.000088 0.000120 0.000720 44.076844
10.147865 1528390042.003457 0.000088 0.000120 0.000721 44.023992
10.160191 1528390042.015783 0.000089 0.000120 0.000718 44.062602
10.172662 1528390042.028254 0.000088 0.000120 0.000722 43.996509
10.185420 1528390042.041013 0.000088 0.000119 0.000718 43.956187
10.197729 1528390042.053322 0.000089 0.000118 0.000721 43.812412
10.210188 1528390042.065780 0.000089 0.000119 0.000720 43.703338
10.222663 1528390042.078255 0.000088 0.000120 0.000723 44.093675
10.235273 1528390042.090865 0.000088 0.000121 0.000718 44.412402
10.247517 1528390042.103109 0.000090 0.000120 0.000713 44.176468
10.260138 1528390042.115730 0.000091 0.000118 0.000718 43.891674
10.272519 1528390042.128111 0.000093 0.000117 0.000707 43.722873
10.285028 1528390042.140620 0.000093 0.000115 0.000704 43.444570
10.297506 1528390042.153098 0.000094 0.000114 0.000700 43.246991
10.309988 1528390042.165580 0.000094 0.000113 0.000693 42.994692
10.322617 1528390042.178209 0.000094 0.000113 0.000689 43.011875
10.334948 1528390042.190540 0.000094 0.000113 0.000689 42.864038
10.347700 1528390042.203292 0.000093 0.000113 0.000681 43.153533
10.360045 1528390042.215638 0.000093 0.000113 0.000687 43.255638
10.372551 1528390042.228143 0.000093 0.000114 0.000683 43.332822
10.386127 1528390042.241720 0.000094 0.000113 0.000680 43.347860
10.397784 1528390042.253376 0.000094 0.000113 0.000681 43.257322
10.410177 1528390042.265770 0.000093 0.000114 0.000683 43.221540
10.422210 1528390042.277802 0.000093 0.000113 0.000681 43.158990
10.434968 1528390042.290560 0.000093 0.000113 0.000684 42.979334
10.447398 1528390042.302990 0.000093 0.000113 0.000683 42.895299
10.460078 1528390042.315670 0.000093 0.000113 0.000686 42.920038
10.472521 1528390042.328113 0.000093 0.000113 0.000679 42.950386
10.485198 1528390042.340790 0.000093 0.000113 0.000682 42.797683
10.497581 1528390042.353173 0.000093 0.000113 0.000684 42.827315
10.509999 1528390042.365591 0.000093 0.000114 0.000680 42.788017
10.522330 1528390042.377922 0.000093 0.000113 0.000680 42.669701
10.536026 1528390042.391618 0.000093 0.000114 0.000677 42.708269
10.547760 1528390042.403352 0.000093 0.000114 0.000680 42.683842
10.560132 1528390042.415724 0.000093 0.000114 0.000679 42.689567
10.572554 1528390042.428146 0.000093 0.000114 0.000675 42.641027
10.585238 1528390042.440830 0.000093 0.000114 0.000677 42.640589
10.597623 1528390042.453215 0.000093 0.000114 0.000677 42.732522
10.610275 1528390042.465867 0.000093 0.000114 0.000677 42.636411
10.622584 1528390042.478176 0.000093 0.000114 0.000675 42.773912
10.635301 1528390042.490893 0.000093 0.000114 0.000674 42.762378
10.647622 1528390042.503214 0.000093 0.000114 0.000680 42.652800
10.660005 1528390042.515598 0.000093 0.000114 0.000676 42.582485
10.672746 1528390042.528338 0.000093 0.000114 0.000673 42.696245
10.685376 1528390042.540968 0.000093 0.000114 0.000677 42.673985
10.698628 1528390042.554221 0.000093 0.000114 0.000675 42.566885
10.710994 1528390042.566586 0.000093 0.000114 0.000672 42.681684
10.724000 1528390042.579593 0.000093 0.000114 0.000676 42.674845
10.736311 1528390042.591903 0.000093 0.000114 0.000676 42.608619
10.748424 1528390042.604016 0.000093 0.000114 0.000679 42.687950
10.760245 1528390042.615837 0.000094 0.000114 0.000677 42.516751
10.772556 1528390042.628148 0.000095 0.000113 0.000688 42.413319
10.786602 1528390042.642195 0.000096 0.000115 0.000684 42.509819
10.798588 1528390042.654181 0.000098 0.000116 0.000680 42.306712
10.810815 1528390042.666407 0.000098 0.000120 0.000677 42.049632
10.822784 1528390042.678376 0.000096 0.000125 0.000678 41.651526
10.835158 1528390042.690751 0.000097 0.000127 0.000681 41.441198
10.848725 1528390042.704318 0.000097 0.000127 0.000680 41.114486
10.861307 1528390042.716899 0.000097 0.000127 0.000677 41.160388
10.873147 1528390042.728740 0.000098 0.000126 0.000675 41.043217
10.885185 1528390042.740777 0.000098 0.000124 0.000675 41.120977
10.897849 1528390042.753442 0.000098 0.000124 0.000674 41.071594
10.910590 1528390042.766182 0.000099 0.000123 0.000675 41.126447
10.922743 1528390042.778335 0.000099 0.000122 0.000674 41.153329
10.935375 1528390042.790967 0.000099 0.000122 0.000675 41.223523
10.947690 1528390042.803282 0.000099 0.000122 0.000677 41.227503
10.960368 1528390042.815960 0.000099 0.000122 0.000673 41.223856
10.972613 1528390042.828206 0.000099 0.000122 0.000673 41.288773
10.985364 1528390042.840956 0.000099 0.000121 0.000675 41.315345
10.997730 1528390042.853322 0.000100 0.000120 0.000676 41.254749
11.010191 1528390042.865783 0.000100 0.000120 0.000674 41.306354
11.022815 1528390042.878408 0.000100 0.000121 0.000681 41.383910
11.035968 1528390042.891561 0.000100 0.000120 0.000679 41.371422
11.048542 1528390042.904135 0.000099 0.000120 0.000680 41.302867
11.061101 1528390042.916693 0.000099 0.000121 0.000674 41.282147
11.073615 1528390042.929207 0.000100 0.000120 0.000674 41.322636
11.086854 1528390042.942446 0.000100 0.000121 0.000673 41.435671
11.098304 1528390042.953896 0.000100 0.000120 0.000672 41.387794
11.110656 1528390042.966248 0.000100 0.000120 0.000672 41.362212
11.123312 1528390042.978904 0.000100 0.000120 0.000672 41.355042
11.136065 1528390042.991658 0.000100 0.000120 0.000674 41.441372
11.148190 1528390043.003782 0.000100 0.000120 0.000675 41.382149
11.160639 1528390043.016231 0.000100 0.000120 0.000672 41.359716
11.173437 1528390043.029029 0.000100 0.000120 0.000670 41.345065
11.186391 1528390043.041984 0.000100 0.000120 0.000672 41.401048
11.198802 1528390043.054394 0.000100 0.000120 0.000669 41.358470
11.211298 1528390043.066891 0.000100 0.000119 0.000672 41.379307
11.223535 1528390043.079127 0.000100 0.000120 0.000672 41.306290
11.236598 1528390043.092191 0.000100 0.000120 0.000669 41.550421
11.249131 1528390043.104723 0.000102 0.000120 0.000668 41.618905
11.261288 1528390043.116880 0.000102 0.000116 0.000657 42.145549
11.274000 1528390043.129593 0.000102 0.000115 0.000645 42.753375
11.286028 1528390043.141620 0.000102 0.000114 0.000639 42.904173
11.297903 1528390043.153495 0.000102 0.000114 0.000636 42.851222
11.310547 1528390043.166139 0.000101 0.000115 0.000632 42.761212
11.323325 1528390043.178917 0.000102 0.000114 0.000632 42.246926
11.335461 1528390043.191053 0.000101 0.000115 0.000629 42.527155
11.348700 1528390043.204293 0.000102 0.000115 0.000630 42.423355
11.361831 1528390043.217424 0.000101 0.000115 0.000630 42.512052
11.374249 1528390043.229841 0.000102 0.000115 0.000632 42.575734
11.385597 1528390043.241189 0.000102 0.000115 0.000628 42.541856
11.398447 1528390043.254039 0.000102 0.000115 0.000628 42.641511
11.410884 1528390043.266476 0.000102 0.000115 0.000627 42.721330
11.423661 1528390043.279253 0.000102 0.000115 0.000628 42.696924
11.435790 1528390043.291382 0.000102 0.000115 0.000626 42.597063
11.448546 1528390043.304139 0.000102 0.000115 0.000630 42.549047
11.461052 1528390043.316644 0.000102 0.000116 0.000623 42.683567
11.473689 1528390043.329282 0.000101 0.000116 0.000623 42.623823
11.487021 1528390043.342614 0.000102 0.000116 0.000621 42.510097
11.498421 1528390043.354013 0.000102 0.000116 0.000621 42.570733
11.511452 1528390043.367044 0.000102 0.000116 0.000622 42.482717
11.523723 1528390043.379315 0.000102 0.000116 0.000623 42.457228
11.536376 1528390043.391968 0.000102 0.000116 0.000617 42.509556
11.548628 1528390043.404220 0.000101 0.000116 0.000618 42.659581
11.561373 1528390043.416965 0.000102 0.000116 0.000617 42.576571
11.573574 1528390043.429166 0.000102 0.000117 0.000619 42.441158
11.585737 1528390043.441329 0.000102 0.000117 0.000620 42.376987
11.598635 1528390043.454227 0.000102 0.000117 0.000627 42.118603
11.611170 1528390043.466763 0.000105 0.000117 0.000658 40.686861
11.623864 1528390043.479457 0.000106 0.000117 0.000673 39.973856
11.635886 1528390043.491479 0.000105 0.000117 0.000679 39.920345
11.648325 1528390043.503917 0.000104 0.000117 0.000677 39.861275
11.660821 1528390043.516413 0.000104 0.000118 0.000673 39.970557
11.673792 1528390043.529385 0.000104 0.000118 0.000678 39.911648
11.685956 1528390043.541548 0.000105 0.000119 0.000673 39.990779
11.698329 1528390043.553922 0.000105 0.000119 0.000675 39.956965
11.710811 1528390043.566403 0.000104 0.000119 0.000671 39.973632
11.723343 1528390043.578935 0.000104 0.000118 0.000671 40.093112
11.736672 1528390043.592264 0.000104 0.000118 0.000671 40.142439
11.748414 1528390043.604006 0.000104 0.000118 0.000673 40.275198
11.760984 1528390043.616576 0.000104 0.000118 0.000672 40.425811
11.773110 1528390043.628702 0.000104 0.000118 0.000674 40.370772
11.785366 1528390043.640958 0.000103 0.000118 0.000674 40.488616
11.798151 1528390043.653744 0.000103 0.000118 0.000671 40.545077
11.810586 1528390043.666178 0.000103 0.000118 0.000670 40.377490
11.822919 1528390043.678511 0.000103 0.000118 0.000671 40.435112
11.835736 1528390043.691328 0.000103 0.000118 0.000670 40.453184
11.848158 1528390043.703750 0.000103 0.000117 0.000675 40.242262
11.860680 1528390043.716272 0.000103 0.000118 0.000675 40.232726
11.873477 1528390043.729070 0.000102 0.000118 0.000670 40.315789
11.885893 1528390043.741485 0.000102 0.000117 0.000671 40.172855
11.898507 1528390043.754099 0.000102 0.000118 0.000670 40.161756
11.911092 1528390043.766684 0.000102 0.000117 0.000671 40.150534
11.923260 1528390043.778852 0.000102 0.000117 0.000672 40.040366
11.935688 1528390043.791281 0.000102 0.000117 0.000673 40.040132
11.948783 1528390043.804375 0.000101 0.000118 0.000674 39.989942
11.960412 1528390043.816005 0.000101 0.000117 0.000674 39.923793
11.973584 1528390043.829176 0.000101 0.000117 0.000673 39.871006
11.985740 1528390043.841332 0.000101 0.000117 0.000668 39.984428
11.998352 1528390043.853944 0.000101 0.000118 0.000667 39.926251
12.010737 1528390043.866330 0.000102 0.000117 0.000669 39.920364
12.023099 1528390043.878691 0.000101 0.000117 0.000669 39.836835
12.035491 1528390043.891083 0.000101 0.000117 0.000671 39.954781
12.048731 1528390043.904324 0.000101 0.000118 0.000667 39.772035
12.061713 1528390043.917305 0.000100 0.000117 0.000674 39.834441
12.073880 1528390043.929472 0.000100 0.000117 0.000677 39.832450
12.086828 1528390043.942420 0.000101 0.000118 0.000670 39.753050
12.099154 1528390043.954746 0.000101 0.000118 0.000669 39.767786
12.111158 1528390043.966751 0.000100 0.000117 0.000679 39.852200
12.123607 1528390043.979199 0.000100 0.000118 0.000672 39.964164
12.136330 1528390043.991923 0.000100 0.000118 0.000672 39.880091
12.148317 1528390044.003910 0.000101 0.000118 0.000670 39.895677
12.160593 1528390044.016186 0.000101 0.000118 0.000666 39.996322
12.173494 1528390044.029086 0.000101 0.000118 0.000670 40.032680
12.186661 1528390044.042253 0.000102 0.000119 0.000668 39.916098
12.198350 1528390044.053942 0.000102 0.000119 0.000666 39.981377
12.210762 1528390044.066354 0.000101 0.000119 0.000671 39.918531
12.222986 1528390044.078578 0.000101 0.000120 0.000653 40.115120
12.235335 1528390044.090927 0.000101 0.000120 0.000653 39.664347
12.248963 1528390044.104555 0.000102 0.000119 0.000658 39.499134
12.261430 1528390044.117022 0.000101 0.000118 0.000671 39.625686
12.273504 1528390044.129096 0.000101 0.000118 0.000672 39.989694
12.285743 1528390044.141335 0.000101 0.000118 0.000675 40.373912
12.298381 1528390044.153974 0.000101 0.000118 0.000673 40.643604
12.310514 1528390044.166107 0.000101 0.000118 0.000677 40.615734
12.323394 1528390044.178986 0.000102 0.000119 0.000671 40.622945
12.335856 1528390044.191449 0.000102 0.000119 0.000671 40.408776
12.348884 1528390044.204477 0.000102 0.000120 0.000671 40.423469
12.361660 1528390044.217252 0.000102 0.000119 0.000676 40.290373
12.373714 1528390044.229306 0.000102 0.000119 0.000684 40.049971
12.385973 1528390044.241565 0.000102 0.000119 0.000696 40.015826
12.399105 1528390044.254697 0.000100 0.000119 0.000718 40.485430
12.411830 1528390044.267423 0.000096 0.000119 0.000738 42.025470
12.423287 1528390044.278879 0.000092 0.000120 0.000761 44.508118
12.437193 1528390044.292785 0.000086 0.000122 0.000780 47.101165
12.449308 1528390044.304900 0.000081 0.000127 0.000803 50.462609
12.461843 1528390044.317436 0.000084 0.000133 0.000812 54.407579
12.473638 1528390044.329230 0.000086 0.000141 0.000851 57.710589
12.485546 1528390044.341138 0.000090 0.000147 0.000917 60.181098
12.498969 1528390044.354561 0.000090 0.000155 0.000991 62.048388
12.511966 1528390044.367558 0.000089 0.000166 0.001022 63.495486
12.523949 1528390044.379542 0.000086 0.000184 0.001024 63.995026
12.535763 1528390044.391355 0.000083 0.000215 0.001016 63.619873
12.548134 1528390044.403726 0.000082 0.000230 0.001005 63.031834
12.560629 1528390044.416221 0.000083 0.000268 0.000955 64.323720
12.573094 1528390044.428687 0.000118 0.000307 0.000872 66.865842
12.586808 1528390044.442401 0.000154 0.000299 0.000833 70.706303
12.599207 1528390044.454799 0.000197 0.000302 0.000788 76.574252
12.612366 1528390044.467959 0.000257 0.000377 0.000738 89.670441
12.624318 1528390044.479910 0.000244 0.000568 0.000763 120.701391
12.636764 1528390044.492356 0.000245 0.000626 0.000972 136.247582
12.648351 1528390044.503943 0.000207 0.000662 0.001047 121.484586
12.660373 1528390044.515965 0.000260 0.000753 0.001137 98.188033
12.673032 1528390044.528624 0.000158 0.000825 0.001144 82.040305
12.685717 1528390044.541309 0.000154 0.000775 0.000954 84.828119
12.698068 1528390044.553660 0.000183 0.000673 0.000887 87.728677
12.710652 1528390044.566244 0.000255 0.000301 0.000912 81.001977
12.723352 1528390044.578945 0.000211 0.000422 0.000925 69.666195
12.735679 1528390044.591271 0.000305 0.000522 0.000912 54.102205
12.748924 1528390044.604517 0.000460 0.000599 0.000885 47.034510
12.762166 1528390044.617759 0.000504 0.000746 0.000898 98.852804
12.774137 1528390044.629729 0.000320 0.000752 0.001050 79.985254
12.786724 1528390044.642317 0.000209 0.000705 0.000900 86.689136
12.798409 1528390044.654001 0.000241 0.000470 0.000830 86.717194
12.810661 1528390044.666253 0.000212 0.000296 0.000869 87.781577
12.824363 1528390044.679955 0.000176 0.000211 0.000885 88.412670
12.836634 1528390044.692226 0.000142 0.000209 0.000868 89.639060
12.848419 1528390044.704011 0.000134 0.000210 0.000907 88.112003
12.861326 1528390044.716918 0.000136 0.000203 0.000971 86.485474
12.874091 1528390044.729684 0.000135 0.000201 0.000966 85.765438
12.886157 1528390044.741749 0.000137 0.000194 0.000927 87.043159
12.898775 1528390044.754367 0.000140 0.000175 0.000921 89.506451
12.911159 1528390044.766751 0.000134 0.000168 0.000942 88.560156
12.923504 1528390044.779096 0.000133 0.000152 0.001007 87.804202
12.935776 1528390044.791369 0.000121 0.000134 0.001056 88.616244
12.948152 1528390044.803744 0.000126 0.000130 0.000993 91.016570
12.960543 1528390044.816135 0.000119 0.000131 0.000989 93.084442
12.972662 1528390044.828254 0.000111 0.000137 0.000971 93.966796
12.985287 1528390044.840879 0.000113 0.000138 0.000916 94.083727
12.997983 1528390044.853575 0.000116 0.000140 0.000919 93.460312
13.010139 1528390044.865732 0.000114 0.000145 0.000861 93.766008
13.023000 1528390044.878593 0.000117 0.000155 0.000821 94.183336
13.035304 1528390044.890897 0.000114 0.000163 0.000811 94.173173
13.048202 1528390044.903794 0.000117 0.000167 0.000831 92.927181
13.060626 1528390044.916218 0.000115 0.000164 0.000829 93.210715
13.073065 1528390044.928657 0.000118 0.000160 0.000803 93.788069
13.085640 1528390044.941233 0.000118 0.000161 0.000800 94.557984
13.098516 1528390044.954108 0.000115 0.000164 0.000808 94.872305
13.111020 1528390044.966613 0.000113 0.000167 0.000831 95.482358
13.123476 1528390044.979068 0.000111 0.000167 0.000825 97.427070
13.135981 1528390044.991573 0.000107 0.000168 0.000834 99.021447
13.148189 1528390045.003781 0.000104 0.000169 0.000839 100.502154
13.160836 1528390045.016428 0.000102 0.000174 0.000841 101.149915
13.173319 1528390045.028912 0.000099 0.000174 0.000885 101.280363
13.186047 1528390045.041640 0.000097 0.000173 0.000929 101.829387
13.198180 1528390045.053773 0.000097 0.000169 0.000897 103.318097
13.210764 1528390045.066356 0.000101 0.000167 0.000853 104.705724
13.223364 1528390045.078956 0.000104 0.000164 0.000831 106.444609
13.235404 1528390045.090996 0.000101 0.000162 0.000893 107.534689
13.248373 1528390045.103965 0.000102 0.000158 0.000918 108.335350
13.260602 1528390045.116195 0.000103 0.000153 0.000878 109.715082
13.273422 1528390045.129014 0.000103 0.000150 0.000889 110.393090
13.285588 1528390045.141180 0.000100 0.000148 0.000895 110.662142
13.298953 1528390045.154545 0.000097 0.000147 0.000954 110.429502
13.311498 1528390045.167091 0.000098 0.000145 0.000985 110.306028
13.324585 1528390045.180178 0.000099 0.000143 0.000940 110.562978
13.336403 1528390045.191995 0.000098 0.000142 0.000906 111.269237
13.348344 1528390045.203936 0.000098 0.000141 0.000888 111.836154
13.361907 1528390045.217499 0.000096 0.000140 0.000929 111.678138
13.374073 1528390045.229665 0.000097 0.000138 0.000968 111.823932
13.387067 1528390045.242659 0.000096 0.000138 0.000938 112.539417
13.399200 1528390045.254792 0.000097 0.000138 0.000920 114.002764
13.411036 1528390045.266629 0.000095 0.000136 0.000910 114.015916
13.423766 1528390045.279358 0.000097 0.000136 0.000920 114.037760
13.436077 1528390045.291670 0.000102 0.000141 0.000956 114.318994
13.448384 1528390045.303976 0.000098 0.000131 0.000927 115.172044
13.460778 1528390045.316371 0.000098 0.000132 0.000894 115.966429
13.473386 1528390045.328979 0.000097 0.000131 0.000873 117.078951
13.485913 1528390045.341505 0.000095 0.000130 0.000892 117.051783
13.498399 1528390045.353991 0.000094 0.000129 0.000926 117.196593
13.510771 1528390045.366363 0.000093 0.000130 0.000913 118.028842
13.523383 1528390045.378976 0.000094 0.000128 0.000889 118.728311
