-3.917595 1527958029.815876 0.000205 0.000528 0.000873 75.105658
-3.904878 1527958029.828593 0.000116 0.000377 0.000833 96.902851
-3.881916 1527958029.851555 0.000081 0.000147 0.000741 82.906206
-3.868925 1527958029.864547 0.000129 0.000214 0.001223 80.350960
-3.857278 1527958029.876194 0.000139 0.000619 0.000803 94.129357
-3.844707 1527958029.888765 0.000083 0.000097 0.001007 109.650086
-3.832215 1527958029.901257 0.000050 0.000452 0.000975 117.447357
-3.819834 1527958029.913637 0.000050 0.000273 0.000638 133.017676
-3.807221 1527958029.926250 0.000012 0.000092 0.000129 58.767760
-3.793686 1527958029.939785 0.000007 0.000015 0.000042 113.682381
-1.418596 1527958032.314875 0.000052 0.000126 0.000205 103.852339
-1.405629 1527958032.327842 0.000103 0.000252 0.001154 99.910459
-1.393276 1527958032.340196 0.000051 0.000297 0.001286 127.309582
-1.380918 1527958032.352553 0.000144 0.000235 0.000852 132.923420
-1.368290 1527958032.365182 0.000140 0.000246 0.000550 122.453752
-1.356673 1527958032.376799 0.000066 0.000230 0.000330 111.013243
-1.344510 1527958032.388962 0.000066 0.000238 0.001100 31.878890
-1.332174 1527958032.401298 0.000104 0.000222 0.001763 32.023475
-1.319625 1527958032.413846 0.000154 0.000200 0.001838 35.068809
-1.307068 1527958032.426403 0.000122 0.000156 0.001519 34.020627
-1.294701 1527958032.438771 0.000120 0.000131 0.001081 34.847557
-1.280763 1527958032.452708 0.000123 0.000139 0.000891 36.439958
-1.269529 1527958032.463942 0.000132 0.000146 0.000477 37.135639
-1.257031 1527958032.476440 0.000130 0.000158 0.000654 42.432689
-1.244588 1527958032.488883 0.000144 0.000159 0.000763 46.880940
-1.232121 1527958032.501351 0.000142 0.000187 0.000804 51.067507
-1.219185 1527958032.514287 0.000133 0.000176 0.000612 45.994561
-1.206984 1527958032.526488 0.000139 0.000192 0.000811 51.182748
-1.193944 1527958032.539528 0.000134 0.000185 0.000812 52.139601
-1.181521 1527958032.551950 0.000138 0.000185 0.000804 52.052462
-1.167882 1527958032.565589 0.000135 0.000179 0.000799 52.099945
-1.156795 1527958032.576677 0.000136 0.000179 0.000801 51.496643
-1.144109 1527958032.589362 0.000134 0.000175 0.000788 52.009127
-1.131441 1527958032.602031 0.000133 0.000178 0.000797 52.752911
-1.119167 1527958032.614304 0.000133 0.000179 0.000787 53.011393
-1.106628 1527958032.626843 0.000136 0.000178 0.000781 53.009561
-1.094351 1527958032.639121 0.000133 0.000179 0.000768 53.619049
-1.081407 1527958032.652064 0.000138 0.000180 0.000758 54.125917
-1.069101 1527958032.664371 0.000140 0.000177 0.000758 53.746310
-1.055431 1527958032.678040 0.000143 0.000174 0.000766 53.300426
-1.044309 1527958032.689162 0.000136 0.000170 0.000773 52.776682
-1.031861 1527958032.701610 0.000131 0.000166 0.000774 52.543561
-1.019054 1527958032.714417 0.000131 0.000165 0.000783 52.369516
-1.006716 1527958032.726756 0.000132 0.000163 0.000788 52.043311
-0.993449 1527958032.740022 0.000132 0.000162 0.000790 51.648666
-0.980893 1527958032.752578 0.000131 0.000163 0.000784 51.684509
-0.967663 1527958032.765809 0.000130 0.000161 0.000788 51.816021
-0.955876 1527958032.777596 0.000132 0.000158 0.000789 51.572938
-0.942403 1527958032.791068 0.000133 0.000155 0.000790 51.454903
-0.930793 1527958032.802679 0.000132 0.000154 0.000786 51.668134
-0.918802 1527958032.814669 0.000132 0.000152 0.000788 51.737320
-0.906020 1527958032.827451 0.000133 0.000150 0.000789 51.593699
-0.892816 1527958032.840655 0.000133 0.000149 0.000785 51.215437
-0.880441 1527958032.853030 0.000131 0.000149 0.000780 51.044083
-0.868059 1527958032.865412 0.000131 0.000149 0.000782 51.003843
-0.855947 1527958032.877524 0.000132 0.000150 0.000783 50.629769
-0.844167 1527958032.889304 0.000133 0.000149 0.000776 50.129907
-0.832153 1527958032.901318 0.000129 0.000149 0.000775 50.087488
-0.819442 1527958032.914030 0.000129 0.000150 0.000773 50.121968
-0.807046 1527958032.926426 0.000128 0.000150 0.000771 50.006531
-0.794508 1527958032.938964 0.000128 0.000148 0.000767 49.617039
-0.780891 1527958032.952580 0.000128 0.000148 0.000762 49.346185
-0.768218 1527958032.965254 0.000128 0.000147 0.000758 49.301068
-0.755529 1527958032.977942 0.000129 0.000147 0.000756 49.277260
-0.743501 1527958032.989970 0.000129 0.000146 0.000756 48.854348
-0.731081 1527958033.002391 0.000128 0.000146 0.000748 48.745914
-0.718850 1527958033.014622 0.000128 0.000146 0.000753 48.262635
-0.706828 1527958033.026643 0.000131 0.000144 0.000763 47.220655
-0.693836 1527958033.039635 0.000133 0.000142 0.000762 45.749490
-0.681470 1527958033.052001 0.000133 0.000142 0.000777 44.849309
-0.668975 1527958033.064496 0.000132 0.000141 0.000778 44.433618
-0.656767 1527958033.076704 0.000132 0.000138 0.000784 44.326379
-0.643355 1527958033.090116 0.000132 0.000137 0.000782 43.797993
-0.630692 1527958033.102780 0.000134 0.000137 0.000785 43.429678
-0.618522 1527958033.114950 0.000133 0.000137 0.000778 43.650971
-0.606322 1527958033.127149 0.000131 0.000137 0.000777 43.486132
-0.594370 1527958033.139101 0.000131 0.000136 0.000770 43.283497
-0.581665 1527958033.151807 0.000130 0.000135 0.000779 43.250706
-0.569144 1527958033.164328 0.000130 0.000135 0.000769 43.042055
-0.557113 1527958033.176358 0.000130 0.000135 0.000769 42.937656
-0.543641 1527958033.189831 0.000129 0.000134 0.000765 42.516288
-0.531240 1527958033.202232 0.000128 0.000134 0.000778 42.159825
-0.518745 1527958033.214726 0.000128 0.000134 0.000757 41.745252
-0.506116 1527958033.227355 0.000126 0.000134 0.000765 41.988383
-0.493970 1527958033.239502 0.000127 0.000134 0.000753 41.436943
-0.481278 1527958033.252193 0.000127 0.000134 0.000766 41.331681
-0.468946 1527958033.264525 0.000127 0.000133 0.000764 40.957893
-0.456290 1527958033.277181 0.000126 0.000133 0.000758 40.819461
-0.443925 1527958033.289546 0.000127 0.000133 0.000751 40.380647
-0.431235 1527958033.302237 0.000126 0.000134 0.000746 40.200681
-0.418388 1527958033.315084 0.000126 0.000134 0.000755 39.745556
-0.405773 1527958033.327698 0.000128 0.000132 0.000734 39.031209
-0.393702 1527958033.339769 0.000124 0.000135 0.000763 38.117713
-0.381166 1527958033.352306 0.000125 0.000137 0.000762 36.434564
-0.368948 1527958033.364523 0.000123 0.000134 0.000795 36.563561
-0.356282 1527958033.377189 0.000122 0.000135 0.000775 35.949331
-0.343997 1527958033.389475 0.000121 0.000135 0.000783 36.087774
-0.331280 1527958033.402191 0.000120 0.000135 0.000772 35.866145
-0.318665 1527958033.414807 0.000119 0.000136 0.000779 35.852913
-0.306227 1527958033.427244 0.000119 0.000137 0.000767 35.248615
-0.293609 1527958033.439862 0.000118 0.000137 0.000763 35.488680
-0.281169 1527958033.452302 0.000118 0.000137 0.000767 35.462012
-0.268952 1527958033.464519 0.000118 0.000138 0.000763 35.223764
-0.256392 1527958033.477079 0.000118 0.000138 0.000767 35.201827
-0.243500 1527958033.489971 0.000117 0.000138 0.000764 35.525658
-0.231497 1527958033.501975 0.000118 0.000139 0.000751 35.148248
-0.218714 1527958033.514758 0.000118 0.000139 0.000763 35.336345
-0.206138 1527958033.527333 0.000119 0.000139 0.000711 34.641379
-0.193531 1527958033.539941 0.000117 0.000139 0.000759 35.582296
-0.181143 1527958033.552329 0.000119 0.000138 0.000704 34.578725
-0.168936 1527958033.564535 0.000118 0.000138 0.000709 34.736415
-0.155894 1527958033.577578 0.000118 0.000138 0.000705 34.813733
-0.143805 1527958033.589666 0.000116 0.000135 0.000769 36.159941
-0.131092 1527958033.602380 0.000118 0.000131 0.000771 35.512495
-0.118489 1527958033.614983 0.000120 0.000131 0.000774 35.255044
-0.106066 1527958033.627406 0.000118 0.000133 0.000706 33.797606
-0.093616 1527958033.639855 0.000117 0.000133 0.000702 34.040919
-0.081246 1527958033.652225 0.000117 0.000135 0.000708 33.819488
-0.068828 1527958033.664644 0.000116 0.000134 0.000707 33.747317
-0.056234 1527958033.677238 0.000117 0.000135 0.000703 33.562528
-0.043944 1527958033.689527 0.000116 0.000135 0.000708 33.928203
-0.031325 1527958033.702147 0.000115 0.000135 0.000704 33.836880
-0.018483 1527958033.714988 0.000117 0.000136 0.000717 33.572074
-0.006066 1527958033.727406 0.000116 0.000134 0.000707 33.994718
0.006300 1527958033.739771 0.000116 0.000134 0.000708 33.922015
0.018503 1527958033.751974 0.000116 0.000134 0.000705 33.891826
0.031044 1527958033.764516 0.000116 0.000134 0.000715 34.089357
0.043612 1527958033.777083 0.000116 0.000134 0.000713 34.171821
0.056093 1527958033.789564 0.000117 0.000136 0.000724 33.733735
0.068591 1527958033.802063 0.000115 0.000134 0.000708 34.050200
0.081088 1527958033.814559 0.000116 0.000133 0.000708 33.978323
0.093622 1527958033.827093 0.000117 0.000136 0.000716 33.189905
0.106488 1527958033.839960 0.000116 0.000134 0.000703 34.040257
0.118745 1527958033.852216 0.000117 0.000135 0.000719 34.024093
0.131425 1527958033.864897 0.000115 0.000135 0.000705 33.912270
0.144177 1527958033.877649 0.000115 0.000136 0.000714 34.130867
0.156469 1527958033.889940 0.000115 0.000135 0.000704 34.041934
0.168584 1527958033.902056 0.000115 0.000137 0.000696 33.726324
0.181133 1527958033.914605 0.000115 0.000138 0.000702 33.673241
0.197045 1527958033.930516 0.000118 0.000139 0.000701 34.237734
0.206250 1527958033.939722 0.000118 0.000136 0.000693 36.397266
0.218902 1527958033.952374 0.000112 0.000139 0.000677 38.614539
0.231503 1527958033.964975 0.000112 0.000141 0.000662 40.226931
0.243829 1527958033.977301 0.000114 0.000140 0.000683 41.402746
0.256355 1527958033.989826 0.000111 0.000138 0.000659 41.807851
0.269084 1527958034.002556 0.000114 0.000152 0.000713 41.876051
0.281576 1527958034.015047 0.000110 0.000143 0.000720 42.535306
0.293627 1527958034.027098 0.000108 0.000145 0.000719 42.382016
0.306329 1527958034.039800 0.000106 0.000144 0.000710 42.709463
0.319025 1527958034.052497 0.000107 0.000143 0.000706 42.832477
0.332415 1527958034.065887 0.000107 0.000150 0.000715 42.421402
0.344234 1527958034.077705 0.000107 0.000143 0.000711 42.961948
0.356842 1527958034.090313 0.000108 0.000142 0.000695 43.018384
0.368950 1527958034.102422 0.000108 0.000155 0.000687 42.629624
0.381726 1527958034.115198 0.000110 0.000156 0.000706 42.904939
0.393834 1527958034.127305 0.000112 0.000157 0.000705 43.430126
0.406135 1527958034.139606 0.000112 0.000147 0.000720 45.035848
0.418494 1527958034.151965 0.000114 0.000165 0.000737 45.750961
0.431001 1527958034.164473 0.000117 0.000172 0.000737 47.252810
0.443367 1527958034.176838 0.000123 0.000166 0.000730 49.488752
0.455815 1527958034.189287 0.000126 0.000186 0.000724 51.639759
0.468548 1527958034.202019 0.000131 0.000192 0.000714 55.983364
0.481108 1527958034.214580 0.000137 0.000193 0.000702 61.385766
0.493625 1527958034.227097 0.000142 0.000199 0.000692 66.779531
0.505793 1527958034.239264 0.000151 0.000215 0.000688 71.701875
0.518256 1527958034.251728 0.000158 0.000222 0.000695 75.849584
0.530951 1527958034.264422 0.000163 0.000204 0.000683 80.451889
0.543171 1527958034.276643 0.000166 0.000213 0.000664 84.248980
0.556211 1527958034.289683 0.000163 0.000215 0.000645 88.022019
0.568218 1527958034.301689 0.000167 0.000220 0.000636 92.548438
0.581127 1527958034.314598 0.000169 0.000225 0.000614 96.251204
0.593421 1527958034.326892 0.000169 0.000231 0.000615 100.069041
0.605976 1527958034.339447 0.000167 0.000235 0.000626 102.400790
0.618888 1527958034.352359 0.000169 0.000235 0.000625 104.623349
0.631497 1527958034.364969 0.000171 0.000229 0.000622 106.412544
0.643558 1527958034.377029 0.000169 0.000225 0.000616 108.544422
0.656156 1527958034.389627 0.000167 0.000223 0.000616 109.653491
0.668632 1527958034.402104 0.000171 0.000219 0.000619 110.713134
0.681353 1527958034.414824 0.000169 0.000217 0.000622 111.871907
0.694382 1527958034.427853 0.000169 0.000213 0.000619 112.394174
0.706736 1527958034.440207 0.000168 0.000211 0.000621 112.686300
0.719635 1527958034.453106 0.000169 0.000209 0.000625 113.372297
0.731399 1527958034.464871 0.000171 0.000207 0.000625 113.878513
0.743248 1527958034.476720 0.000170 0.000206 0.000624 114.081715
0.755781 1527958034.489252 0.000169 0.000205 0.000628 114.202065
0.768281 1527958034.501752 0.000169 0.000204 0.000625 114.072548
0.780777 1527958034.514248 0.000168 0.000203 0.000631 114.590159
0.793345 1527958034.526817 0.000169 0.000203 0.000633 114.929658
0.807020 1527958034.540491 0.000169 0.000203 0.000626 116.247809
0.819295 1527958034.552767 0.000170 0.000202 0.000621 116.012195
0.832306 1527958034.565777 0.000170 0.000203 0.000619 116.501521
0.844326 1527958034.577797 0.000170 0.000203 0.000619 117.091189
0.855792 1527958034.589263 0.000168 0.000202 0.000618 116.847084
0.868525 1527958034.601996 0.000168 0.000202 0.000622 117.074103
0.880945 1527958034.614417 0.000169 0.000202 0.000635 117.627787
0.893510 1527958034.626982 0.000168 0.000200 0.000639 118.071560
0.905888 1527958034.639359 0.000168 0.000201 0.000633 118.054125
0.918404 1527958034.651875 0.000168 0.000201 0.000637 118.380431
0.931246 1527958034.664717 0.000167 0.000200 0.000643 118.403964
0.943593 1527958034.677065 0.000168 0.000201 0.000646 118.613666
0.956196 1527958034.689667 0.000167 0.000201 0.000644 118.237043
0.968773 1527958034.702244 0.000167 0.000200 0.000649 118.495474
0.981428 1527958034.714900 0.000167 0.000200 0.000656 118.771258
0.993865 1527958034.727336 0.000167 0.000201 0.000653 118.703359
1.006450 1527958034.739922 0.000168 0.000199 0.000660 118.946283
1.023157 1527958034.756629 0.000169 0.000200 0.000656 119.264517
1.031447 1527958034.764919 0.000169 0.000201 0.000653 119.234977
1.044000 1527958034.777472 0.000169 0.000199 0.000659 119.276086
1.056581 1527958034.790052 0.000167 0.000199 0.000649 119.324296
1.069010 1527958034.802481 0.000167 0.000200 0.000654 119.382737
1.081549 1527958034.815020 0.000167 0.000198 0.000658 119.436567
1.094335 1527958034.827806 0.000167 0.000198 0.000657 119.638950
1.106779 1527958034.840250 0.000168 0.000198 0.000650 119.805891
1.119393 1527958034.852864 0.000167 0.000198 0.000657 119.803215
1.131971 1527958034.865442 0.000166 0.000197 0.000661 119.581009
1.143815 1527958034.877286 0.000166 0.000196 0.000652 119.801853
1.156019 1527958034.889490 0.000167 0.000197 0.000664 119.848770
1.168443 1527958034.901915 0.000167 0.000196 0.000665 120.192451
1.180867 1527958034.914338 0.000166 0.000197 0.000657 119.791715
1.193575 1527958034.927047 0.000165 0.000196 0.000658 119.611061
1.207250 1527958034.940721 0.000166 0.000197 0.000658 119.917171
1.220115 1527958034.953586 0.000165 0.000196 0.000659 119.431132
1.232135 1527958034.965606 0.000165 0.000196 0.000658 119.766934
1.244413 1527958034.977885 0.000164 0.000197 0.000659 119.594273
1.257023 1527958034.990495 0.000165 0.000197 0.000664 119.739151
1.269455 1527958035.002926 0.000164 0.000197 0.000663 119.309335
1.281988 1527958035.015460 0.000164 0.000197 0.000662 119.426041
1.294431 1527958035.027903 0.000165 0.000196 0.000670 119.368992
1.306921 1527958035.040392 0.000165 0.000196 0.000670 119.729631
1.319914 1527958035.053385 0.000165 0.000197 0.000663 119.613239
1.332072 1527958035.065543 0.000164 0.000195 0.000674 119.656734
1.344454 1527958035.077925 0.000165 0.000197 0.000671 120.007076
1.356623 1527958035.090094 0.000165 0.000196 0.000667 119.972697
1.368901 1527958035.102373 0.000165 0.000198 0.000664 119.835930
1.381176 1527958035.114647 0.000164 0.000198 0.000671 119.932998
1.393582 1527958035.127053 0.000165 0.000198 0.000680 120.082595
1.405933 1527958035.139404 0.000164 0.000198 0.000672 119.947962
1.418460 1527958035.151932 0.000163 0.000197 0.000679 120.086171
1.431133 1527958035.164604 0.000164 0.000198 0.000681 120.414811
1.443984 1527958035.177455 0.000164 0.000199 0.000677 119.864760
1.455925 1527958035.189397 0.000163 0.000200 0.000685 119.808408
1.468740 1527958035.202212 0.000165 0.000200 0.000689 120.124422
1.481108 1527958035.214580 0.000165 0.000201 0.000688 120.039530
1.494485 1527958035.227956 0.000164 0.000201 0.000692 120.322698
1.506846 1527958035.240318 0.000164 0.000201 0.000690 119.883494
1.519293 1527958035.252765 0.000164 0.000200 0.000692 119.966740
1.531851 1527958035.265322 0.000166 0.000201 0.000694 120.429908
1.544523 1527958035.277995 0.000165 0.000201 0.000684 120.307303
1.556870 1527958035.290341 0.000165 0.000201 0.000689 120.082832
1.568729 1527958035.302201 0.000165 0.000201 0.000693 120.217734
1.580996 1527958035.314467 0.000165 0.000202 0.000704 120.554730
1.593798 1527958035.327270 0.000164 0.000202 0.000703 120.513815
1.606061 1527958035.339533 0.000164 0.000201 0.000700 120.888480
1.618509 1527958035.351981 0.000165 0.000202 0.000708 120.630966
1.631202 1527958035.364673 0.000166 0.000203 0.000693 120.358514
1.643858 1527958035.377330 0.000166 0.000203 0.000700 120.593979
1.656459 1527958035.389931 0.000165 0.000202 0.000708 120.696105
1.669640 1527958035.403112 0.000166 0.000202 0.000710 120.923641
1.681669 1527958035.415141 0.000166 0.000202 0.000713 120.997507
1.693835 1527958035.427307 0.000166 0.000202 0.000701 121.079144
1.706160 1527958035.439631 0.000165 0.000202 0.000707 121.411653
1.718820 1527958035.452292 0.000166 0.000204 0.000715 121.367417
1.731474 1527958035.464945 0.000166 0.000203 0.000705 121.132666
1.743840 1527958035.477311 0.000167 0.000204 0.000694 121.576019
1.756417 1527958035.489888 0.000166 0.000204 0.000697 121.919518
1.768896 1527958035.502368 0.000166 0.000204 0.000693 121.556853
1.782316 1527958035.515787 0.000167 0.000204 0.000685 121.566889
1.793725 1527958035.527197 0.000166 0.000204 0.000687 121.562638
1.806312 1527958035.539784 0.000167 0.000205 0.000695 121.819114
1.818687 1527958035.552159 0.000166 0.000203 0.000690 121.274686
1.831223 1527958035.564695 0.000166 0.000204 0.000689 121.216569
1.843787 1527958035.577258 0.000167 0.000204 0.000693 121.132802
1.856318 1527958035.589789 0.000167 0.000204 0.000691 121.020411
1.868284 1527958035.601755 0.000168 0.000204 0.000689 120.691804
1.880879 1527958035.614351 0.000166 0.000205 0.000701 121.180956
1.895140 1527958035.628612 0.000167 0.000205 0.000703 121.447864
1.906229 1527958035.639700 0.000167 0.000204 0.000703 121.281340
1.918249 1527958035.651720 0.000167 0.000205 0.000709 121.236059
1.930881 1527958035.664352 0.000168 0.000205 0.000699 121.170352
1.943434 1527958035.676905 0.000167 0.000205 0.000704 121.532579
1.957731 1527958035.691203 0.000168 0.000205 0.000716 121.768938
1.969832 1527958035.703304 0.000168 0.000206 0.000707 121.625804
1.981888 1527958035.715359 0.000169 0.000206 0.000714 121.700001
1.993797 1527958035.727268 0.000168 0.000206 0.000706 122.084144
2.007466 1527958035.740938 0.000168 0.000206 0.000715 122.048273
2.018501 1527958035.751972 0.000168 0.000206 0.000710 122.142273
2.031048 1527958035.764519 0.000168 0.000207 0.000702 122.347607
2.043820 1527958035.777292 0.000168 0.000206 0.000708 122.260862
2.057171 1527958035.790642 0.000170 0.000206 0.000709 122.476975
2.069681 1527958035.803153 0.000170 0.000207 0.000706 122.609339
2.081376 1527958035.814847 0.000170 0.000208 0.000712 123.003714
2.093387 1527958035.826858 0.000171 0.000208 0.000710 123.271088
2.105808 1527958035.839280 0.000171 0.000207 0.000706 123.071203
2.119669 1527958035.853140 0.000171 0.000208 0.000704 123.392918
2.131976 1527958035.865448 0.000171 0.000207 0.000715 123.652147
2.144523 1527958035.877995 0.000173 0.000209 0.000707 123.393761
2.157240 1527958035.890711 0.000173 0.000208 0.000710 123.370410
2.169648 1527958035.903119 0.000172 0.000209 0.000713 123.257673
2.181179 1527958035.914650 0.000173 0.000210 0.000699 122.974375
2.193504 1527958035.926975 0.000173 0.000210 0.000696 122.949279
2.206113 1527958035.939585 0.000174 0.000211 0.000691 122.530818
2.218727 1527958035.952199 0.000175 0.000210 0.000674 121.703253
2.230748 1527958035.964219 0.000176 0.000210 0.000674 122.015982
2.243610 1527958035.977081 0.000177 0.000212 0.000651 122.129866
2.256153 1527958035.989624 0.000176 0.000212 0.000649 122.125567
2.268696 1527958036.002167 0.000177 0.000212 0.000651 122.676610
2.281136 1527958036.014607 0.000177 0.000211 0.000649 122.953622
2.293905 1527958036.027376 0.000178 0.000213 0.000642 122.991762
2.306139 1527958036.039611 0.000177 0.000212 0.000641 123.015289
2.318780 1527958036.052251 0.000179 0.000210 0.000634 123.242606
2.331319 1527958036.064790 0.000184 0.000207 0.000623 123.385577
2.344195 1527958036.077667 0.000189 0.000202 0.000616 122.823921
2.356445 1527958036.089916 0.000196 0.000200 0.000609 122.037387
2.368856 1527958036.102327 0.000197 0.000207 0.000602 121.008161
2.381362 1527958036.114834 0.000192 0.000218 0.000602 119.825799
2.394175 1527958036.127646 0.000185 0.000227 0.000593 117.575431
2.406608 1527958036.140080 0.000180 0.000239 0.000589 114.984021
2.418778 1527958036.152250 0.000175 0.000246 0.000584 112.431845
2.431546 1527958036.165017 0.000170 0.000249 0.000585 110.354260
2.444061 1527958036.177532 0.000166 0.000245 0.000596 108.804020
2.456638 1527958036.190109 0.000163 0.000243 0.000606 108.344744
2.468825 1527958036.202296 0.000163 0.000237 0.000620 108.408246
2.481078 1527958036.214549 0.000161 0.000235 0.000630 108.511936
2.493528 1527958036.226999 0.000162 0.000233 0.000624 108.609664
2.506454 1527958036.239925 0.000162 0.000233 0.000620 109.216456
2.518959 1527958036.252430 0.000164 0.000234 0.000623 109.720787
2.531747 1527958036.265218 0.000164 0.000238 0.000627 110.150974
2.544780 1527958036.278251 0.000167 0.000236 0.000632 110.611465
2.557260 1527958036.290731 0.000164 0.000237 0.000663 111.273972
2.569897 1527958036.303368 0.000167 0.000238 0.000653 111.657343
2.581409 1527958036.314880 0.000167 0.000242 0.000662 112.207714
2.593814 1527958036.327285 0.000166 0.000245 0.000683 113.254349
2.606299 1527958036.339770 0.000167 0.000247 0.000671 113.238529
2.619790 1527958036.353262 0.000167 0.000246 0.000664 113.825646
2.632632 1527958036.366103 0.000169 0.000251 0.000643 113.637590
2.644815 1527958036.378286 0.000168 0.000250 0.000647 113.522638
2.656831 1527958036.390303 0.000166 0.000252 0.000642 114.225071
2.669127 1527958036.402599 0.000167 0.000251 0.000637 114.489435
2.681178 1527958036.414649 0.000167 0.000247 0.000639 114.939275
2.693554 1527958036.427025 0.000170 0.000242 0.000633 114.963227
2.706208 1527958036.439679 0.000174 0.000234 0.000617 115.148933
2.718599 1527958036.452071 0.000182 0.000225 0.000607 115.259540
2.730948 1527958036.464420 0.000189 0.000219 0.000608 114.671196
2.743805 1527958036.477277 0.000193 0.000221 0.000597 113.657796
2.756478 1527958036.489949 0.000190 0.000226 0.000592 112.156688
2.768927 1527958036.502398 0.000186 0.000233 0.000599 111.295980
2.781786 1527958036.515258 0.000176 0.000238 0.000611 109.023585
2.793855 1527958036.527327 0.000170 0.000235 0.000626 107.543787
2.806287 1527958036.539758 0.000166 0.000233 0.000633 105.908868
2.818897 1527958036.552369 0.000165 0.000226 0.000637 104.019746
2.831480 1527958036.564951 0.000162 0.000216 0.000644 101.898519
2.843834 1527958036.577305 0.000162 0.000211 0.000657 98.522888
2.856504 1527958036.589976 0.000156 0.000211 0.000671 96.645213
2.869960 1527958036.603432 0.000150 0.000210 0.000677 95.692524
2.882250 1527958036.615721 0.000143 0.000208 0.000685 95.020377
2.894878 1527958036.628350 0.000141 0.000207 0.000685 94.472298
2.907386 1527958036.640857 0.000139 0.000204 0.000687 94.469566
2.918975 1527958036.652446 0.000136 0.000200 0.000692 94.461245
2.931811 1527958036.665282 0.000135 0.000200 0.000700 95.167721
2.944156 1527958036.677627 0.000134 0.000199 0.000700 94.946998
2.956810 1527958036.690281 0.000134 0.000195 0.000706 94.550939
2.969083 1527958036.702554 0.000134 0.000197 0.000702 94.430804
2.981532 1527958036.715003 0.000133 0.000199 0.000698 94.624412
2.994105 1527958036.727576 0.000133 0.000195 0.000695 94.471174
3.006574 1527958036.740045 0.000132 0.000190 0.000689 94.110876
3.019023 1527958036.752494 0.000132 0.000191 0.000681 94.283915
3.031489 1527958036.764961 0.000131 0.000189 0.000681 94.610029
3.044094 1527958036.777565 0.000131 0.000191 0.000682 94.493518
3.056524 1527958036.789995 0.000130 0.000190 0.000688 94.421227
3.069438 1527958036.802910 0.000131 0.000188 0.000685 94.120280
3.081588 1527958036.815060 0.000132 0.000189 0.000686 94.071350
3.094104 1527958036.827575 0.000134 0.000187 0.000695 93.734306
3.106242 1527958036.839713 0.000139 0.000185 0.000695 92.829152
3.118577 1527958036.852048 0.000145 0.000186 0.000697 92.755676
3.130959 1527958036.864431 0.000149 0.000188 0.000697 92.350436
3.143620 1527958036.877092 0.000153 0.000190 0.000685 92.402178
3.155683 1527958036.889154 0.000157 0.000196 0.000674 92.313706
3.168573 1527958036.902044 0.000159 0.000200 0.000669 91.443653
3.181196 1527958036.914667 0.000162 0.000203 0.000662 90.676031
3.193653 1527958036.927124 0.000164 0.000202 0.000652 89.440927
3.207268 1527958036.940740 0.000164 0.000205 0.000653 88.500707
3.220294 1527958036.953765 0.000163 0.000205 0.000642 87.383051
3.232904 1527958036.966375 0.000161 0.000207 0.000641 86.846750
3.244343 1527958036.977815 0.000158 0.000206 0.000643 85.989361
3.256982 1527958036.990453 0.000158 0.000207 0.000642 85.192611
3.268733 1527958037.002205 0.000155 0.000206 0.000650 84.744783
3.282884 1527958037.016356 0.000156 0.000203 0.000642 84.211959
3.294212 1527958037.027684 0.000154 0.000204 0.000645 83.662799
3.306195 1527958037.039666 0.000153 0.000201 0.000647 83.405242
3.318446 1527958037.051918 0.000152 0.000200 0.000644 82.888139
3.331218 1527958037.064690 0.000152 0.000199 0.000644 82.744906
3.345161 1527958037.078633 0.000151 0.000200 0.000646 82.469847
3.357635 1527958037.091106 0.000151 0.000199 0.000645 82.176466
3.369796 1527958037.103267 0.000154 0.000199 0.000635 82.201395
3.382101 1527958037.115572 0.000152 0.000198 0.000642 81.868518
3.394358 1527958037.127829 0.000152 0.000199 0.000643 82.087300
3.407290 1527958037.140761 0.000152 0.000200 0.000642 82.087631
3.419899 1527958037.153371 0.000155 0.000199 0.000631 82.312425
3.432376 1527958037.165847 0.000153 0.000198 0.000640 82.953551
3.444246 1527958037.177717 0.000154 0.000200 0.000640 83.410020
3.456548 1527958037.190019 0.000156 0.000201 0.000635 83.919162
3.468946 1527958037.202418 0.000156 0.000200 0.000636 84.241399
3.481017 1527958037.214488 0.000159 0.000199 0.000621 84.563766
3.493490 1527958037.226961 0.000158 0.000200 0.000630 85.135171
3.506254 1527958037.239725 0.000158 0.000199 0.000621 85.109826
3.519967 1527958037.253438 0.000157 0.000201 0.000630 85.333808
3.533080 1527958037.266551 0.000159 0.000200 0.000623 85.593463
3.545277 1527958037.278748 0.000158 0.000201 0.000625 85.681774
3.557003 1527958037.290474 0.000157 0.000202 0.000626 85.700770
3.569523 1527958037.302994 0.000159 0.000202 0.000618 85.963433
3.582358 1527958037.315830 0.000160 0.000202 0.000619 85.972363
3.595499 1527958037.328970 0.000156 0.000202 0.000623 85.904563
3.607271 1527958037.340743 0.000157 0.000202 0.000620 85.730955
3.619940 1527958037.353411 0.000157 0.000202 0.000624 85.621832
3.632455 1527958037.365927 0.000155 0.000202 0.000623 85.148704
3.645204 1527958037.378675 0.000156 0.000201 0.000620 85.210905
3.656792 1527958037.390264 0.000154 0.000201 0.000623 84.725712
3.668659 1527958037.402130 0.000153 0.000201 0.000627 84.264106
3.681150 1527958037.414621 0.000152 0.000201 0.000629 83.803680
3.693932 1527958037.427404 0.000151 0.000202 0.000633 83.534252
3.706517 1527958037.439988 0.000150 0.000200 0.000629 82.977067
3.718694 1527958037.452166 0.000148 0.000201 0.000631 82.583923
3.731669 1527958037.465140 0.000148 0.000200 0.000628 82.189709
3.743836 1527958037.477307 0.000148 0.000201 0.000639 82.000422
3.756251 1527958037.489723 0.000147 0.000200 0.000638 81.676748
3.769058 1527958037.502529 0.000145 0.000201 0.000639 81.360966
3.781448 1527958037.514919 0.000145 0.000200 0.000639 81.049531
3.793779 1527958037.527250 0.000144 0.000199 0.000644 80.974799
3.806430 1527958037.539902 0.000144 0.000200 0.000639 80.867133
3.818641 1527958037.552112 0.000142 0.000200 0.000650 80.947440
3.831674 1527958037.565145 0.000142 0.000199 0.000645 80.534522
3.844474 1527958037.577946 0.000141 0.000199 0.000659 80.629264
3.856830 1527958037.590302 0.000141 0.000199 0.000657 80.503870
3.869401 1527958037.602872 0.000140 0.000199 0.000659 80.390510
3.881926 1527958037.615397 0.000141 0.000199 0.000658 80.192944
3.894392 1527958037.627863 0.000141 0.000199 0.000657 80.184966
3.907051 1527958037.640522 0.000141 0.000198 0.000656 80.024566
3.919475 1527958037.652946 0.000140 0.000199 0.000656 79.816027
3.931671 1527958037.665142 0.000140 0.000198 0.000657 79.780701
3.944402 1527958037.677874 0.000139 0.000199 0.000657 79.620400
3.956983 1527958037.690454 0.000139 0.000199 0.000655 79.445954
3.969380 1527958037.702851 0.000141 0.000200 0.000655 79.516140
3.981795 1527958037.715267 0.000138 0.000199 0.000656 79.415268
3.994179 1527958037.727650 0.000140 0.000199 0.000657 79.334018
4.006732 1527958037.740204 0.000138 0.000199 0.000656 79.313520
4.019375 1527958037.752846 0.000138 0.000198 0.000654 79.182398
4.031707 1527958037.765178 0.000139 0.000199 0.000657 79.033045
4.044602 1527958037.778074 0.000139 0.000199 0.000652 78.890788
4.057746 1527958037.791218 0.000138 0.000199 0.000653 78.809438
4.069284 1527958037.802756 0.000139 0.000200 0.000654 78.747800
4.081871 1527958037.815342 0.000138 0.000198 0.000647 78.574886
4.093984 1527958037.827456 0.000137 0.000198 0.000650 78.315682
4.106172 1527958037.839643 0.000137 0.000199 0.000650 78.202562
4.118826 1527958037.852298 0.000136 0.000198 0.000655 78.072416
4.131512 1527958037.864983 0.000135 0.000198 0.000656 77.723979
4.144490 1527958037.877961 0.000133 0.000197 0.000670 77.303112
4.156589 1527958037.890060 0.000136 0.000193 0.000687 76.128943
4.170227 1527958037.903699 0.000139 0.000194 0.000691 75.510344
4.181428 1527958037.914899 0.000143 0.000196 0.000677 75.636258
4.194210 1527958037.927681 0.000145 0.000198 0.000672 75.952459
4.206792 1527958037.940263 0.000146 0.000199 0.000664 75.462473
4.219407 1527958037.952878 0.000144 0.000200 0.000666 75.406607
4.231547 1527958037.965018 0.000145 0.000202 0.000664 75.498993
4.244200 1527958037.977672 0.000146 0.000203 0.000665 75.574746
4.256658 1527958037.990130 0.000147 0.000206 0.000667 75.875104
4.270365 1527958038.003837 0.000146 0.000206 0.000669 76.073548
4.282295 1527958038.015766 0.000147 0.000204 0.000666 75.996074
4.294440 1527958038.027911 0.000145 0.000206 0.000674 76.248958
4.307005 1527958038.040477 0.000147 0.000206 0.000664 76.378558
4.319238 1527958038.052710 0.000148 0.000206 0.000655 76.419043
4.331958 1527958038.065429 0.000150 0.000206 0.000649 76.540677
4.343956 1527958038.077427 0.000150 0.000206 0.000641 76.549196
4.356451 1527958038.089922 0.000149 0.000207 0.000645 76.623485
4.368793 1527958038.102265 0.000150 0.000208 0.000646 76.762429
4.381251 1527958038.114722 0.000150 0.000208 0.000643 76.739938
4.393563 1527958038.127034 0.000150 0.000206 0.000637 76.450886
4.407305 1527958038.140776 0.000149 0.000206 0.000639 76.562648
4.419026 1527958038.152498 0.000151 0.000205 0.000639 76.593730
4.431396 1527958038.164867 0.000150 0.000205 0.000642 76.419561
4.443868 1527958038.177340 0.000149 0.000205 0.000649 76.299795
4.457533 1527958038.191004 0.000149 0.000204 0.000652 76.176510
4.470089 1527958038.203561 0.000148 0.000204 0.000666 76.214080
4.481718 1527958038.215190 0.000146 0.000203 0.000667 75.939486
4.493894 1527958038.227365 0.000146 0.000203 0.000667 75.754356
4.506083 1527958038.239554 0.000147 0.000201 0.000673 75.509920
4.518654 1527958038.252125 0.000147 0.000201 0.000669 75.251172
4.531447 1527958038.264918 0.000146 0.000200 0.000671 75.072156
4.543892 1527958038.277363 0.000146 0.000200 0.000670 74.751091
4.556384 1527958038.289855 0.000144 0.000200 0.000677 74.575689
4.568792 1527958038.302263 0.000145 0.000199 0.000675 74.565632
4.581458 1527958038.314929 0.000144 0.000199 0.000673 74.449104
4.593780 1527958038.327251 0.000144 0.000199 0.000679 74.217979
4.606150 1527958038.339621 0.000143 0.000198 0.000679 74.172300
4.618716 1527958038.352188 0.000143 0.000198 0.000679 74.016087
4.631435 1527958038.364906 0.000142 0.000198 0.000686 73.841284
4.643890 1527958038.377362 0.000141 0.000200 0.000687 73.745473
4.656479 1527958038.389950 0.000143 0.000200 0.000685 73.670574
4.668932 1527958038.402403 0.000144 0.000200 0.000682 73.572494
4.681325 1527958038.414796 0.000142 0.000200 0.000686 73.467703
4.693706 1527958038.427177 0.000142 0.000201 0.000681 73.393435
4.706390 1527958038.439862 0.000140 0.000204 0.000688 73.563055
4.718920 1527958038.452392 0.000128 0.000209 0.000692 73.594929
4.731439 1527958038.464910 0.000127 0.000216 0.000693 73.527441
4.743987 1527958038.477459 0.000122 0.000222 0.000697 73.840964
4.757703 1527958038.491174 0.000116 0.000228 0.000705 74.318767
4.769851 1527958038.503322 0.000114 0.000233 0.000705 74.738816
4.782734 1527958038.516205 0.000116 0.000239 0.000698 75.300374
4.795280 1527958038.528751 0.000117 0.000243 0.000688 75.842151
4.807435 1527958038.540906 0.000118 0.000248 0.000678 76.421846
4.820232 1527958038.553703 0.000119 0.000250 0.000670 76.843307
4.832228 1527958038.565699 0.000119 0.000252 0.000667 76.910487
4.844729 1527958038.578200 0.000119 0.000251 0.000666 76.958586
4.856935 1527958038.590406 0.000121 0.000251 0.000665 76.940985
4.869619 1527958038.603091 0.000119 0.000252 0.000664 76.942711
4.882523 1527958038.615994 0.000120 0.000252 0.000652 76.666722
4.894767 1527958038.628239 0.000117 0.000252 0.000662 76.689897
4.906822 1527958038.640294 0.000116 0.000249 0.000658 76.050396
4.919622 1527958038.653094 0.000116 0.000245 0.000683 75.347300
4.932398 1527958038.665869 0.000115 0.000234 0.000703 74.667267
4.944709 1527958038.678181 0.000116 0.000217 0.000734 74.157209
4.957169 1527958038.690640 0.000108 0.000195 0.000778 73.402353
4.970009 1527958038.703480 0.000103 0.000175 0.000802 72.180591
4.982405 1527958038.715877 0.000101 0.000160 0.000827 70.449509
4.995253 1527958038.728724 0.000111 0.000154 0.000825 69.844855
5.007163 1527958038.740634 0.000099 0.000155 0.000853 69.475066
5.019694 1527958038.753165 0.000131 0.000152 0.000839 70.686613
5.033071 1527958038.766542 0.000122 0.000153 0.000847 71.517349
5.045391 1527958038.778862 0.000108 0.000155 0.000858 71.957973
5.057795 1527958038.791266 0.000099 0.000152 0.000870 72.929218
5.069533 1527958038.803005 0.000097 0.000150 0.000885 73.204385
5.082969 1527958038.816441 0.000101 0.000150 0.000897 73.305409
5.094688 1527958038.828159 0.000098 0.000150 0.000922 73.732413
5.107280 1527958038.840752 0.000100 0.000148 0.000933 74.357958
5.119197 1527958038.852668 0.000098 0.000146 0.000929 75.573853
5.131763 1527958038.865235 0.000100 0.000139 0.000916 76.435815
5.143932 1527958038.877404 0.000100 0.000132 0.000890 77.154711
5.156399 1527958038.889871 0.000100 0.000128 0.000873 77.859097
5.168995 1527958038.902466 0.000101 0.000127 0.000853 78.400511
5.181566 1527958038.915038 0.000101 0.000127 0.000847 78.663825
5.195752 1527958038.929224 0.000101 0.000126 0.000843 78.677088
5.207387 1527958038.940858 0.000101 0.000127 0.000840 78.719399
5.219769 1527958038.953240 0.000102 0.000127 0.000838 78.883990
5.232489 1527958038.965960 0.000102 0.000128 0.000832 78.905308
5.244704 1527958038.978175 0.000102 0.000129 0.000829 78.797059
5.257378 1527958038.990849 0.000102 0.000129 0.000833 78.765424
5.269708 1527958039.003179 0.000103 0.000130 0.000829 79.165654
5.281466 1527958039.014937 0.000105 0.000131 0.000819 79.187651
5.295106 1527958039.028577 0.000104 0.000131 0.000818 78.923668
5.307806 1527958039.041277 0.000103 0.000131 0.000825 78.716737
5.320130 1527958039.053601 0.000104 0.000132 0.000824 78.543158
5.332141 1527958039.065613 0.000105 0.000133 0.000818 78.592768
5.344222 1527958039.077694 0.000106 0.000134 0.000812 78.372101
5.357119 1527958039.090590 0.000105 0.000135 0.000820 78.339180
5.369174 1527958039.102645 0.000104 0.000136 0.000820 78.532750
5.382830 1527958039.116301 0.000106 0.000136 0.000809 78.602068
5.395380 1527958039.128852 0.000107 0.000137 0.000802 78.435464
5.407579 1527958039.141051 0.000106 0.000137 0.000805 78.385791
5.419567 1527958039.153038 0.000106 0.000137 0.000800 78.265839
5.431563 1527958039.165035 0.000108 0.000138 0.000803 78.556504
5.444009 1527958039.177480 0.000108 0.000139 0.000797 78.714772
5.456839 1527958039.190310 0.000109 0.000140 0.000795 78.592778
5.469279 1527958039.202751 0.000108 0.000140 0.000797 78.532474
5.481728 1527958039.215200 0.000108 0.000140 0.000792 78.901885
5.494373 1527958039.227845 0.000109 0.000140 0.000791 78.988610
5.506791 1527958039.240262 0.000110 0.000141 0.000789 78.926011
5.519493 1527958039.252964 0.000107 0.000141 0.000794 79.049634
5.532800 1527958039.266271 0.000109 0.000141 0.000798 79.099701
5.544752 1527958039.278224 0.000109 0.000142 0.000797 79.104975
5.557269 1527958039.290740 0.000109 0.000142 0.000794 79.082720
5.569271 1527958039.302742 0.000107 0.000142 0.000798 78.972957
5.581500 1527958039.314972 0.000108 0.000143 0.000803 78.870410
5.594007 1527958039.327478 0.000107 0.000143 0.000795 78.947335
5.607702 1527958039.341173 0.000107 0.000144 0.000794 78.870696
5.620141 1527958039.353612 0.000106 0.000143 0.000800 78.742930
5.632839 1527958039.366310 0.000106 0.000143 0.000802 78.446133
5.645025 1527958039.378496 0.000106 0.000144 0.000800 78.625802
5.657139 1527958039.390610 0.000106 0.000144 0.000799 78.545978
5.668890 1527958039.402361 0.000105 0.000144 0.000797 78.478997
5.681944 1527958039.415416 0.000105 0.000145 0.000799 78.363046
5.694085 1527958039.427556 0.000105 0.000145 0.000799 78.468228
5.706765 1527958039.440236 0.000106 0.000145 0.000795 78.433983
5.719155 1527958039.452626 0.000106 0.000145 0.000796 78.433167
5.731501 1527958039.464972 0.000105 0.000145 0.000793 78.347870
5.744020 1527958039.477491 0.000105 0.000146 0.000798 78.463636
5.756924 1527958039.490396 0.000106 0.000146 0.000793 78.511001
5.770607 1527958039.504078 0.000106 0.000146 0.000793 78.561179
5.782724 1527958039.516196 0.000105 0.000146 0.000795 78.398080
5.794953 1527958039.528424 0.000105 0.000146 0.000793 78.387003
5.807464 1527958039.540936 0.000106 0.000146 0.000788 78.431564
5.820152 1527958039.553623 0.000106 0.000145 0.000788 78.225267
5.832387 1527958039.565858 0.000106 0.000146 0.000791 78.351063
5.845053 1527958039.578525 0.000107 0.000146 0.000792 78.266788
5.856842 1527958039.590313 0.000107 0.000146 0.000787 78.402523
5.869202 1527958039.602673 0.000108 0.000147 0.000785 78.287537
5.881758 1527958039.615229 0.000107 0.000147 0.000784 78.349252
5.894603 1527958039.628074 0.000107 0.000147 0.000784 78.371138
5.908166 1527958039.641638 0.000106 0.000147 0.000783 78.487703
5.920378 1527958039.653849 0.000107 0.000148 0.000780 78.437422
5.932799 1527958039.666270 0.000107 0.000148 0.000783 78.399792
5.945420 1527958039.678891 0.000107 0.000149 0.000781 78.369037
5.957445 1527958039.690916 0.000107 0.000149 0.000775 78.347153
5.970178 1527958039.703650 0.000108 0.000150 0.000775 78.402283
5.983102 1527958039.716574 0.000109 0.000150 0.000773 78.241285
5.994496 1527958039.727967 0.000109 0.000153 0.000768 77.984173
6.006661 1527958039.740132 0.000109 0.000157 0.000762 77.512931
6.020229 1527958039.753700 0.000107 0.000162 0.000764 77.278725
6.032790 1527958039.766261 0.000106 0.000167 0.000753 77.793860
6.044502 1527958039.777974 0.000105 0.000178 0.000744 78.211606
6.056792 1527958039.790264 0.000104 0.000189 0.000723 78.293923
6.069424 1527958039.802896 0.000104 0.000201 0.000700 78.097502
6.082856 1527958039.816327 0.000104 0.000212 0.000689 77.859634
6.095496 1527958039.828968 0.000105 0.000219 0.000681 77.285092
6.108289 1527958039.841760 0.000104 0.000223 0.000674 77.164051
6.119921 1527958039.853393 0.000106 0.000226 0.000671 76.651389
6.131877 1527958039.865348 0.000107 0.000228 0.000669 76.323014
6.144155 1527958039.877626 0.000105 0.000230 0.000668 76.429443
6.158301 1527958039.891772 0.000104 0.000229 0.000664 76.423098
6.170282 1527958039.903753 0.000105 0.000221 0.000672 76.186600
6.183287 1527958039.916758 0.000109 0.000202 0.000711 75.338108
6.194911 1527958039.928382 0.000106 0.000186 0.000758 74.326983
6.208075 1527958039.941546 0.000112 0.000174 0.000813 72.524830
6.220237 1527958039.953709 0.000109 0.000170 0.000856 70.804527
6.232946 1527958039.966417 0.000118 0.000151 0.000864 70.158386
6.245220 1527958039.978691 0.000113 0.000150 0.000821 70.312252
6.256847 1527958039.990318 0.000114 0.000156 0.000756 70.243151
6.269160 1527958040.002631 0.000126 0.000158 0.000739 72.105258
6.282356 1527958040.015827 0.000132 0.000142 0.000756 74.484862
6.295267 1527958040.028739 0.000126 0.000137 0.000757 75.847633
6.307780 1527958040.041251 0.000133 0.000140 0.000772 76.943855
6.320427 1527958040.053899 0.000136 0.000142 0.000772 77.280364
6.332270 1527958040.065742 0.000139 0.000145 0.000777 76.786077
6.344430 1527958040.077902 0.000142 0.000147 0.000762 75.620929
6.356778 1527958040.090249 0.000142 0.000147 0.000745 74.404918
6.369680 1527958040.103151 0.000141 0.000146 0.000732 73.059040
6.381745 1527958040.115216 0.000140 0.000146 0.000723 72.020606
6.394859 1527958040.128331 0.000139 0.000145 0.000715 71.100329
6.406868 1527958040.140340 0.000138 0.000145 0.000706 70.195866
6.420580 1527958040.154052 0.000138 0.000145 0.000698 69.370443
6.432985 1527958040.166456 0.000135 0.000145 0.000696 68.878583
6.445613 1527958040.179085 0.000134 0.000146 0.000693 68.647428
6.457113 1527958040.190584 0.000135 0.000145 0.000692 68.441084
6.469282 1527958040.202753 0.000133 0.000146 0.000694 68.155514
6.481808 1527958040.215280 0.000132 0.000146 0.000691 67.907888
6.494390 1527958040.227861 0.000133 0.000145 0.000693 67.491350
6.506727 1527958040.240199 0.000132 0.000145 0.000693 67.298912
6.519120 1527958040.252591 0.000132 0.000145 0.000691 66.962702
6.531823 1527958040.265294 0.000132 0.000144 0.000690 66.621118
6.544259 1527958040.277730 0.000131 0.000145 0.000694 66.544686
6.556889 1527958040.290361 0.000131 0.000145 0.000695 66.255816
6.569445 1527958040.302916 0.000130 0.000145 0.000690 65.987500
6.581877 1527958040.315348 0.000115 0.000146 0.000694 65.999160
6.594315 1527958040.327786 0.000130 0.000146 0.000688 65.458446
6.607140 1527958040.340611 0.000130 0.000146 0.000694 65.201484
6.619554 1527958040.353026 0.000128 0.000146 0.000705 65.026321
6.631989 1527958040.365461 0.000127 0.000145 0.000717 64.963958
6.644114 1527958040.377586 0.000127 0.000145 0.000724 64.734259
6.657225 1527958040.390697 0.000127 0.000144 0.000730 64.456273
6.669404 1527958040.402875 0.000125 0.000144 0.000736 64.096765
6.683348 1527958040.416820 0.000125 0.000144 0.000735 63.690727
6.695814 1527958040.429286 0.000124 0.000144 0.000730 63.391365
6.707515 1527958040.440987 0.000125 0.000144 0.000729 63.038927
6.720471 1527958040.453942 0.000122 0.000143 0.000742 62.975060
6.732203 1527958040.465674 0.000109 0.000143 0.000732 62.853316
6.744433 1527958040.477905 0.000124 0.000143 0.000722 62.363191
6.757134 1527958040.490605 0.000122 0.000142 0.000746 62.698378
6.769667 1527958040.503138 0.000108 0.000143 0.000747 62.779974
6.782163 1527958040.515635 0.000108 0.000142 0.000752 62.709557
6.795317 1527958040.528789 0.000125 0.000142 0.000742 62.300853
6.807001 1527958040.540472 0.000123 0.000142 0.000742 62.293831
6.820282 1527958040.553753 0.000121 0.000141 0.000742 62.248102
6.832692 1527958040.566163 0.000125 0.000141 0.000718 61.689454
6.845109 1527958040.578580 0.000108 0.000141 0.000730 62.185949
6.856633 1527958040.590104 0.000122 0.000141 0.000732 61.976707
6.869294 1527958040.602765 0.000107 0.000141 0.000749 62.325693
6.882688 1527958040.616159 0.000123 0.000141 0.000740 61.954438
6.895130 1527958040.628602 0.000122 0.000140 0.000748 62.020530
6.908410 1527958040.641881 0.000124 0.000140 0.000734 61.867803
6.919459 1527958040.652931 0.000122 0.000140 0.000744 62.035565
6.932229 1527958040.665700 0.000122 0.000139 0.000747 61.959397
6.944348 1527958040.677820 0.000122 0.000140 0.000724 61.651017
6.956816 1527958040.690288 0.000124 0.000140 0.000744 61.829118
6.969789 1527958040.703260 0.000121 0.000140 0.000736 61.804359
6.983161 1527958040.716632 0.000121 0.000139 0.000741 61.697024
6.995466 1527958040.728937 0.000122 0.000139 0.000745 61.727313
7.008172 1527958040.741643 0.000122 0.000139 0.000742 61.711524
7.019851 1527958040.753323 0.000123 0.000139 0.000719 61.403828
7.032247 1527958040.765718 0.000121 0.000139 0.000721 61.403257
7.045057 1527958040.778529 0.000123 0.000139 0.000725 61.383597
7.058087 1527958040.791559 0.000124 0.000139 0.000729 61.404341
7.070475 1527958040.803946 0.000123 0.000138 0.000748 61.657429
7.083174 1527958040.816645 0.000123 0.000139 0.000718 61.273785
7.094989 1527958040.828460 0.000122 0.000139 0.000718 61.167125
7.106651 1527958040.840123 0.000109 0.000139 0.000726 61.436394
7.119269 1527958040.852741 0.000124 0.000138 0.000727 61.096521
7.131626 1527958040.865097 0.000120 0.000138 0.000717 61.003699
7.144213 1527958040.877684 0.000124 0.000138 0.000713 60.641447
7.156762 1527958040.890234 0.000124 0.000140 0.000607 59.113010
7.169237 1527958040.902709 0.000121 0.000139 0.000628 59.670112
7.181905 1527958040.915376 0.000110 0.000139 0.000610 59.643511
7.194307 1527958040.927778 0.000123 0.000139 0.000617 58.914520
7.206652 1527958040.940124 0.000120 0.000140 0.000599 57.851505
7.219468 1527958040.952940 0.000118 0.000140 0.000603 56.509434
7.232832 1527958040.966304 0.000118 0.000140 0.000613 55.237086
7.245191 1527958040.978663 0.000119 0.000139 0.000615 54.322369
7.257025 1527958040.990497 0.000119 0.000138 0.000625 53.441201
7.269344 1527958041.002815 0.000118 0.000137 0.000628 53.134226
7.281806 1527958041.015278 0.000117 0.000136 0.000622 52.905125
7.294783 1527958041.028255 0.000118 0.000138 0.000609 52.704684
7.307070 1527958041.040541 0.000116 0.000136 0.000617 52.670088
7.319650 1527958041.053122 0.000116 0.000136 0.000627 52.928342
7.331849 1527958041.065321 0.000115 0.000136 0.000613 52.575348
7.344460 1527958041.077931 0.000115 0.000136 0.000616 52.387921
7.357034 1527958041.090506 0.000115 0.000136 0.000620 52.213994
7.369522 1527958041.102994 0.000116 0.000135 0.000615 52.035489
7.381800 1527958041.115271 0.000115 0.000134 0.000621 52.118757
7.395719 1527958041.129190 0.000114 0.000134 0.000613 51.885282
7.407923 1527958041.141394 0.000114 0.000134 0.000616 51.694563
7.420350 1527958041.153821 0.000114 0.000134 0.000611 51.419531
7.432774 1527958041.166245 0.000114 0.000134 0.000612 51.447432
7.445598 1527958041.179069 0.000114 0.000134 0.000614 51.239162
7.457136 1527958041.190608 0.000113 0.000134 0.000611 51.266253
7.469609 1527958041.203080 0.000114 0.000134 0.000602 51.050290
7.482267 1527958041.215738 0.000113 0.000133 0.000608 51.039866
7.494263 1527958041.227735 0.000113 0.000133 0.000609 50.979203
7.506966 1527958041.240437 0.000113 0.000134 0.000606 50.878745
7.519840 1527958041.253312 0.000113 0.000133 0.000614 51.029578
7.532300 1527958041.265771 0.000113 0.000133 0.000616 50.960116
7.544952 1527958041.278424 0.000113 0.000133 0.000610 50.653324
7.556876 1527958041.290347 0.000113 0.000133 0.000611 50.807204
7.570390 1527958041.303862 0.000112 0.000132 0.000616 50.814261
7.583096 1527958041.316568 0.000113 0.000133 0.000610 50.796205
7.595194 1527958041.328665 0.000113 0.000134 0.000601 50.555315
7.607070 1527958041.340541 0.000112 0.000132 0.000618 50.836631
7.619883 1527958041.353355 0.000112 0.000133 0.000612 50.726904
7.632376 1527958041.365847 0.000112 0.000132 0.000615 50.633943
7.644934 1527958041.378405 0.000112 0.000132 0.000614 50.747387
7.657352 1527958041.390824 0.000112 0.000133 0.000606 50.624778
7.669758 1527958041.403229 0.000112 0.000133 0.000610 50.703065
7.682328 1527958041.415800 0.000112 0.000133 0.000616 50.625726
7.694358 1527958041.427830 0.000111 0.000133 0.000609 50.545047
7.707109 1527958041.440580 0.000113 0.000133 0.000602 50.186147
7.720194 1527958041.453665 0.000114 0.000131 0.000595 49.920870
7.732108 1527958041.465579 0.000116 0.000129 0.000615 49.609305
7.744518 1527958041.477989 0.000114 0.000130 0.000629 48.840763
7.757298 1527958041.490769 0.000113 0.000129 0.000622 48.096879
7.769699 1527958041.503170 0.000112 0.000128 0.000647 48.557882
7.782292 1527958041.515763 0.000113 0.000129 0.000622 48.292149
7.795238 1527958041.528709 0.000113 0.000128 0.000628 48.378252
7.807270 1527958041.540741 0.000113 0.000128 0.000652 49.014037
7.820131 1527958041.553602 0.000114 0.000128 0.000639 48.778297
7.832255 1527958041.565726 0.000114 0.000128 0.000640 48.747515
7.846308 1527958041.579779 0.000114 0.000128 0.000619 48.281664
7.858141 1527958041.591612 0.000114 0.000128 0.000625 48.353028
7.871079 1527958041.604551 0.000115 0.000128 0.000637 48.513729
7.882514 1527958041.615985 0.000114 0.000128 0.000630 48.434111
7.894604 1527958041.628075 0.000114 0.000128 0.000621 48.198266
7.907110 1527958041.640582 0.000115 0.000128 0.000634 48.543610
7.921546 1527958041.655017 0.000114 0.000128 0.000639 48.612950
7.933345 1527958041.666816 0.000114 0.000128 0.000635 48.654071
7.945376 1527958041.678848 0.000114 0.000128 0.000633 48.497335
7.957587 1527958041.691059 0.000115 0.000128 0.000616 47.997833
7.969352 1527958041.702823 0.000115 0.000128 0.000636 48.443293
7.982111 1527958041.715583 0.000115 0.000129 0.000633 48.329018
7.995504 1527958041.728976 0.000115 0.000128 0.000609 47.746701
8.008394 1527958041.741865 0.000115 0.000128 0.000629 48.298162
8.020089 1527958041.753561 0.000115 0.000128 0.000614 47.731031
8.032249 1527958041.765720 0.000115 0.000129 0.000632 48.343965
8.045783 1527958041.779254 0.000115 0.000128 0.000630 48.260765
8.057967 1527958041.791438 0.000114 0.000128 0.000634 48.445671
8.069805 1527958041.803277 0.000115 0.000128 0.000637 48.346302
8.082471 1527958041.815943 0.000114 0.000128 0.000630 48.184544
8.094706 1527958041.828177 0.000115 0.000129 0.000624 48.013583
8.107372 1527958041.840843 0.000115 0.000128 0.000626 48.039357
8.119978 1527958041.853450 0.000115 0.000128 0.000630 48.044831
8.132227 1527958041.865699 0.000114 0.000128 0.000622 47.967313
8.144540 1527958041.878012 0.000116 0.000129 0.000624 47.922800
8.157191 1527958041.890663 0.000115 0.000128 0.000631 48.211258
8.169447 1527958041.902919 0.000115 0.000129 0.000613 47.748394
8.182544 1527958041.916016 0.000115 0.000128 0.000626 48.012266
8.194680 1527958041.928151 0.000115 0.000128 0.000622 48.048114
8.207211 1527958041.940683 0.000115 0.000128 0.000633 48.274320
8.219713 1527958041.953185 0.000115 0.000128 0.000618 47.743730
8.232344 1527958041.965816 0.000115 0.000128 0.000634 48.294363
8.244917 1527958041.978389 0.000115 0.000128 0.000624 47.968545
8.257406 1527958041.990878 0.000115 0.000129 0.000628 48.276792
8.269739 1527958042.003210 0.000116 0.000129 0.000605 47.675841
8.282223 1527958042.015694 0.000116 0.000129 0.000626 48.285634
8.294862 1527958042.028334 0.000115 0.000128 0.000619 48.023284
8.307368 1527958042.040839 0.000115 0.000129 0.000625 48.203226
8.319618 1527958042.053090 0.000116 0.000129 0.000603 47.652188
8.332243 1527958042.065714 0.000115 0.000129 0.000625 48.191366
8.344929 1527958042.078401 0.000116 0.000129 0.000621 48.178387
8.357254 1527958042.090725 0.000116 0.000129 0.000604 47.713228
8.371246 1527958042.104717 0.000116 0.000129 0.000601 47.814521
8.382928 1527958042.116400 0.000116 0.000128 0.000619 48.011762
8.395143 1527958042.128614 0.000115 0.000129 0.000612 47.651835
8.407274 1527958042.140745 0.000116 0.000128 0.000675 48.505102
8.419567 1527958042.153038 0.000116 0.000129 0.000605 47.295161
8.432432 1527958042.165903 0.000118 0.000129 0.000605 47.373503
8.444571 1527958042.178042 0.000115 0.000128 0.000619 47.667503
8.457005 1527958042.190477 0.000116 0.000129 0.000626 47.783015
8.469670 1527958042.203142 0.000116 0.000129 0.000605 47.069556
8.482467 1527958042.215939 0.000116 0.000128 0.000686 48.253056
8.494770 1527958042.228241 0.000115 0.000129 0.000607 46.917236
8.507061 1527958042.240532 0.000116 0.000128 0.000603 46.985470
8.519726 1527958042.253198 0.000117 0.000128 0.000598 46.641868
8.532363 1527958042.265834 0.000116 0.000129 0.000613 47.170513
8.544897 1527958042.278368 0.000117 0.000127 0.000679 47.752396
8.557700 1527958042.291172 0.000115 0.000128 0.000607 46.982352
8.569982 1527958042.303453 0.000115 0.000128 0.000606 46.975386
8.582468 1527958042.315939 0.000117 0.000128 0.000603 46.767767
8.594640 1527958042.328111 0.000116 0.000128 0.000606 46.750156
8.607112 1527958042.340583 0.000116 0.000129 0.000604 47.064224
8.619544 1527958042.353015 0.000118 0.000128 0.000599 46.598188
8.632308 1527958042.365779 0.000119 0.000128 0.000597 46.721223
8.645106 1527958042.378578 0.000120 0.000129 0.000591 46.969654
8.657268 1527958042.390740 0.000118 0.000129 0.000591 47.397801
8.670007 1527958042.403479 0.000117 0.000129 0.000595 47.798554
8.682512 1527958042.415983 0.000117 0.000129 0.000601 47.962160
8.694937 1527958042.428408 0.000118 0.000129 0.000597 47.747758
8.707175 1527958042.440646 0.000118 0.000129 0.000593 47.526932
8.719800 1527958042.453271 0.000117 0.000129 0.000604 47.698509
8.732390 1527958042.465862 0.000117 0.000129 0.000600 47.546811
8.744846 1527958042.478318 0.000118 0.000129 0.000604 47.580170
8.757258 1527958042.490729 0.000118 0.000129 0.000596 47.250624
8.769966 1527958042.503437 0.000117 0.000128 0.000598 47.273095
8.782399 1527958042.515870 0.000118 0.000129 0.000588 46.873351
8.795662 1527958042.529134 0.000118 0.000128 0.000597 47.180842
8.808234 1527958042.541705 0.000117 0.000129 0.000588 47.052529
8.820644 1527958042.554116 0.000117 0.000128 0.000596 47.094614
8.832826 1527958042.566297 0.000118 0.000128 0.000592 46.951485
8.844958 1527958042.578430 0.000118 0.000128 0.000589 46.879921
8.857203 1527958042.590674 0.000118 0.000129 0.000588 46.804740
8.869916 1527958042.603387 0.000118 0.000128 0.000594 46.672619
8.882449 1527958042.615921 0.000116 0.000128 0.000594 46.900032
8.894654 1527958042.628126 0.000117 0.000128 0.000596 46.926944
8.907205 1527958042.640676 0.000116 0.000127 0.000598 46.775177
8.920767 1527958042.654238 0.000116 0.000127 0.000601 46.689319
8.933422 1527958042.666894 0.000116 0.000127 0.000595 46.505713
8.944936 1527958042.678407 0.000115 0.000127 0.000598 46.643376
8.956747 1527958042.690218 0.000116 0.000127 0.000593 46.244145
8.969448 1527958042.702919 0.000115 0.000127 0.000600 46.445930
8.981960 1527958042.715431 0.000116 0.000127 0.000592 46.168840
8.996162 1527958042.729633 0.000116 0.000127 0.000598 46.286346
9.009054 1527958042.742525 0.000115 0.000126 0.000592 46.003138
9.020744 1527958042.754215 0.000115 0.000126 0.000600 46.268476
9.032423 1527958042.765894 0.000115 0.000126 0.000597 46.201760
9.044771 1527958042.778243 0.000115 0.000126 0.000597 46.094608
9.057657 1527958042.791128 0.000118 0.000126 0.000598 45.849379
9.069926 1527958042.803398 0.000117 0.000126 0.000590 45.580782
9.082679 1527958042.816150 0.000118 0.000126 0.000596 45.523149
9.095052 1527958042.828523 0.000117 0.000125 0.000594 45.359570
9.107681 1527958042.841152 0.000117 0.000126 0.000592 45.075293
9.119789 1527958042.853260 0.000117 0.000126 0.000595 45.232324
9.132197 1527958042.865669 0.000117 0.000126 0.000596 45.238160
9.144960 1527958042.878431 0.000117 0.000126 0.000597 45.214732
9.158215 1527958042.891686 0.000114 0.000126 0.000592 45.480266
9.170689 1527958042.904160 0.000117 0.000126 0.000594 45.210479
9.182526 1527958042.915998 0.000117 0.000126 0.000593 45.223905
9.194662 1527958042.928134 0.000117 0.000126 0.000596 45.367143
9.206889 1527958042.940361 0.000118 0.000126 0.000591 45.175174
9.219252 1527958042.952724 0.000118 0.000126 0.000598 45.185600
9.231670 1527958042.965142 0.000116 0.000126 0.000603 44.777394
9.245478 1527958042.978949 0.000113 0.000126 0.000611 44.755254
9.258075 1527958042.991547 0.000109 0.000127 0.000614 45.253198
9.269741 1527958043.003213 0.000106 0.000126 0.000633 45.827122
9.281997 1527958043.015469 0.000105 0.000125 0.000638 46.440422
9.294528 1527958043.027999 0.000105 0.000125 0.000653 47.198140
9.306885 1527958043.040356 0.000104 0.000125 0.000653 47.571161
9.319876 1527958043.053347 0.000104 0.000125 0.000661 47.992618
9.332240 1527958043.065711 0.000104 0.000125 0.000669 48.440678
9.344751 1527958043.078223 0.000107 0.000126 0.000657 48.021283
9.357129 1527958043.090600 0.000107 0.000125 0.000721 48.814924
9.369655 1527958043.103127 0.000107 0.000127 0.000663 48.318928
9.381880 1527958043.115352 0.000107 0.000126 0.000658 48.310673
9.394797 1527958043.128268 0.000107 0.000126 0.000661 48.437640
9.407099 1527958043.140571 0.000105 0.000126 0.000665 48.713370
9.419467 1527958043.152939 0.000105 0.000126 0.000720 48.979771
9.432839 1527958043.166310 0.000104 0.000126 0.000675 48.961476
9.445694 1527958043.179166 0.000105 0.000126 0.000679 49.206393
9.458050 1527958043.191522 0.000108 0.000128 0.000668 49.423271
9.470021 1527958043.203492 0.000106 0.000127 0.000667 50.582713
9.482103 1527958043.215574 0.000106 0.000129 0.000657 52.078280
9.494817 1527958043.228288 0.000106 0.000130 0.000653 53.874704
9.507176 1527958043.240648 0.000106 0.000132 0.000663 56.665457
9.519788 1527958043.253259 0.000106 0.000135 0.000681 59.323913
9.532427 1527958043.265899 0.000109 0.000138 0.000699 61.407381
9.544991 1527958043.278462 0.000110 0.000141 0.000729 63.254917
9.557894 1527958043.291366 0.000107 0.000142 0.000728 64.131462
9.570696 1527958043.304168 0.000108 0.000139 0.000719 63.824969
9.583152 1527958043.316623 0.000109 0.000138 0.000717 63.925997
9.595920 1527958043.329391 0.000108 0.000137 0.000727 63.972984
9.607610 1527958043.341082 0.000108 0.000137 0.000724 63.993880
9.620054 1527958043.353525 0.000107 0.000136 0.000714 63.803521
9.632723 1527958043.366195 0.000108 0.000137 0.000714 63.762201
9.645159 1527958043.378630 0.000107 0.000136 0.000710 63.864990
9.657455 1527958043.390927 0.000108 0.000136 0.000714 63.899606
9.670751 1527958043.404222 0.000108 0.000136 0.000711 63.902843
9.683218 1527958043.416690 0.000108 0.000136 0.000709 63.848851
9.696085 1527958043.429557 0.000108 0.000136 0.000718 63.816714
9.708425 1527958043.441896 0.000109 0.000136 0.000706 63.702827
9.720355 1527958043.453826 0.000108 0.000136 0.000707 63.592613
9.732615 1527958043.466086 0.000108 0.000136 0.000705 63.460294
9.745131 1527958043.478603 0.000108 0.000136 0.000708 63.320337
9.757568 1527958043.491039 0.000108 0.000136 0.000701 63.201721
9.770047 1527958043.503519 0.000107 0.000135 0.000711 63.156597
9.782406 1527958043.515878 0.000107 0.000135 0.000703 63.032197
9.794787 1527958043.528259 0.000108 0.000136 0.000697 62.818879
9.807103 1527958043.540574 0.000108 0.000136 0.000704 62.836570
9.820458 1527958043.553930 0.000108 0.000135 0.000702 62.785963
9.833073 1527958043.566545 0.000107 0.000135 0.000701 62.866004
9.845526 1527958043.578998 0.000108 0.000135 0.000707 62.800324
9.858135 1527958043.591607 0.000108 0.000136 0.000698 62.655274
9.870077 1527958043.603548 0.000108 0.000135 0.000716 62.777095
9.882402 1527958043.615873 0.000109 0.000136 0.000705 62.697447
9.896525 1527958043.629997 0.000109 0.000136 0.000702 62.628433
9.908846 1527958043.642318 0.000109 0.000136 0.000698 62.602692
9.920948 1527958043.654420 0.000109 0.000136 0.000696 62.550475
9.933000 1527958043.666471 0.000109 0.000136 0.000696 62.476373
9.945061 1527958043.678533 0.000109 0.000136 0.000693 62.499737
9.957131 1527958043.690602 0.000109 0.000136 0.000704 62.552294
9.971230 1527958043.704701 0.000110 0.000137 0.000692 62.402108
9.982306 1527958043.715778 0.000110 0.000136 0.000692 62.279036
9.994927 1527958043.728399 0.000109 0.000136 0.000691 62.211607
10.008020 1527958043.741491 0.000109 0.000136 0.000691 61.856293
10.020393 1527958043.753864 0.000110 0.000136 0.000691 60.941321
10.033640 1527958043.767111 0.000110 0.000135 0.000676 59.721182
10.045993 1527958043.779464 0.000110 0.000136 0.000674 58.751192
10.058417 1527958043.791889 0.000110 0.000135 0.000664 57.873053
10.070880 1527958043.804351 0.000110 0.000137 0.000641 57.189147
10.084256 1527958043.817728 0.000109 0.000136 0.000634 57.593004
10.095416 1527958043.828887 0.000109 0.000136 0.000644 58.481450
10.106993 1527958043.840465 0.000109 0.000136 0.000652 58.968213
10.119752 1527958043.853223 0.000112 0.000136 0.000654 59.083898
10.132332 1527958043.865803 0.000110 0.000136 0.000657 59.463256
10.144694 1527958043.878165 0.000112 0.000136 0.000652 59.403881
10.157963 1527958043.891434 0.000112 0.000136 0.000654 59.493284
10.171191 1527958043.904663 0.000113 0.000136 0.000664 59.653326
10.182664 1527958043.916135 0.000112 0.000136 0.000659 59.864694
10.194793 1527958043.928265 0.000112 0.000135 0.000652 59.739858
10.207007 1527958043.940478 0.000113 0.000135 0.000655 60.036292
10.219575 1527958043.953046 0.000112 0.000135 0.000657 59.915731
10.232408 1527958043.965879 0.000113 0.000136 0.000648 59.890444
10.244809 1527958043.978281 0.000113 0.000136 0.000651 59.935486
10.257492 1527958043.990963 0.000112 0.000135 0.000652 59.847018
10.271337 1527958044.004809 0.000112 0.000135 0.000656 60.111504
10.283461 1527958044.016933 0.000112 0.000136 0.000649 60.486514
10.296254 1527958044.029725 0.000111 0.000136 0.000619 61.569411
10.308240 1527958044.041711 0.000110 0.000135 0.000615 63.015889
10.320691 1527958044.054163 0.000109 0.000137 0.000630 65.092835
10.333562 1527958044.067034 0.000105 0.000139 0.000652 67.705942
10.346054 1527958044.079525 0.000103 0.000143 0.000671 69.910955
10.358344 1527958044.091815 0.000104 0.000147 0.000685 71.431679
10.370407 1527958044.103879 0.000100 0.000150 0.000691 72.328780
10.382861 1527958044.116332 0.000098 0.000152 0.000696 72.561202
10.395229 1527958044.128700 0.000099 0.000154 0.000687 72.685405
10.407753 1527958044.141225 0.000099 0.000153 0.000693 72.513886
10.420251 1527958044.153723 0.000097 0.000154 0.000704 72.442500
10.433215 1527958044.166687 0.000099 0.000154 0.000690 72.607464
10.444651 1527958044.178122 0.000099 0.000155 0.000686 72.679599
10.457336 1527958044.190808 0.000098 0.000156 0.000683 72.873122
10.469691 1527958044.203163 0.000084 0.000155 0.000687 72.960010
10.482103 1527958044.215574 0.000097 0.000156 0.000678 72.947665
10.494474 1527958044.227946 0.000098 0.000156 0.000686 72.853023
10.507166 1527958044.240638 0.000099 0.000156 0.000681 72.796032
10.519722 1527958044.253194 0.000098 0.000156 0.000686 72.730349
10.532146 1527958044.265618 0.000098 0.000158 0.000681 72.753515
10.544504 1527958044.277976 0.000096 0.000160 0.000692 72.741119
10.558196 1527958044.291667 0.000096 0.000163 0.000671 72.773237
10.570705 1527958044.304177 0.000098 0.000166 0.000665 72.653368
10.582605 1527958044.316076 0.000096 0.000168 0.000665 72.572896
10.594718 1527958044.328189 0.000097 0.000173 0.000656 72.665245
10.607956 1527958044.341428 0.000097 0.000177 0.000659 72.854079
10.619903 1527958044.353374 0.000097 0.000179 0.000656 72.874582
10.632383 1527958044.365854 0.000097 0.000176 0.000671 72.800748
10.644915 1527958044.378386 0.000097 0.000172 0.000671 72.848119
10.657242 1527958044.390713 0.000097 0.000171 0.000690 73.041474
10.669655 1527958044.403126 0.000099 0.000168 0.000683 73.012797
10.682511 1527958044.415982 0.000098 0.000167 0.000682 72.910090
10.694759 1527958044.428231 0.000099 0.000170 0.000684 72.886785
10.707155 1527958044.440626 0.000100 0.000168 0.000663 73.066930
10.719713 1527958044.453185 0.000097 0.000169 0.000682 72.907994
10.732132 1527958044.465603 0.000097 0.000168 0.000666 72.819909
10.744486 1527958044.477957 0.000098 0.000169 0.000679 72.713842
10.757047 1527958044.490519 0.000098 0.000169 0.000674 72.735827
10.769403 1527958044.502874 0.000098 0.000168 0.000669 72.628839
10.782009 1527958044.515481 0.000097 0.000169 0.000676 72.714813
10.794653 1527958044.528124 0.000098 0.000167 0.000668 72.642987
10.808517 1527958044.541989 0.000097 0.000168 0.000675 72.783830
10.821472 1527958044.554944 0.000098 0.000168 0.000682 72.711805
10.833702 1527958044.567173 0.000098 0.000166 0.000672 72.679773
10.846072 1527958044.579543 0.000097 0.000166 0.000677 72.619843
10.858406 1527958044.591877 0.000098 0.000166 0.000680 72.672964
10.870530 1527958044.604002 0.000098 0.000166 0.000681 72.619910
10.882373 1527958044.615844 0.000099 0.000166 0.000670 72.682868
10.895111 1527958044.628582 0.000098 0.000166 0.000681 72.556149
10.907519 1527958044.640991 0.000097 0.000166 0.000678 72.601082
10.920100 1527958044.653571 0.000098 0.000166 0.000681 72.444527
10.933084 1527958044.666555 0.000099 0.000166 0.000672 72.407633
10.945609 1527958044.679080 0.000101 0.000168 0.000670 72.081902
10.958376 1527958044.691848 0.000105 0.000167 0.000652 71.317520
10.971506 1527958044.704978 0.000111 0.000165 0.000630 69.648732
10.983165 1527958044.716636 0.000119 0.000159 0.000622 66.215428
10.995013 1527958044.728484 0.000128 0.000151 0.000604 62.605023
11.007364 1527958044.740835 0.000132 0.000147 0.000604 59.540423
11.020167 1527958044.753639 0.000131 0.000147 0.000625 57.614865
11.032593 1527958044.766065 0.000132 0.000147 0.000622 55.630154
11.045100 1527958044.778572 0.000128 0.000141 0.000612 54.781734
11.058703 1527958044.792174 0.000128 0.000142 0.000614 54.148929
11.071309 1527958044.804781 0.000125 0.000140 0.000619 54.164643
11.083801 1527958044.817273 0.000124 0.000139 0.000613 53.566656
11.095259 1527958044.828730 0.000123 0.000138 0.000616 53.171192
11.107375 1527958044.840847 0.000121 0.000137 0.000616 52.949815
11.120227 1527958044.853698 0.000121 0.000136 0.000625 52.701267
11.132402 1527958044.865874 0.000120 0.000136 0.000609 52.532734
11.145081 1527958044.878552 0.000123 0.000138 0.000654 52.483558
11.157731 1527958044.891202 0.000119 0.000135 0.000647 52.807822
11.169875 1527958044.903346 0.000119 0.000134 0.000653 52.761807
11.182733 1527958044.916204 0.000120 0.000132 0.000676 51.756222
11.194916 1527958044.928387 0.000123 0.000134 0.000702 50.577896
11.207702 1527958044.941174 0.000118 0.000131 0.000702 51.643408
11.220042 1527958044.953513 0.000114 0.000131 0.000691 52.920507
11.233112 1527958044.966584 0.000111 0.000132 0.000707 54.379143
11.246168 1527958044.979640 0.000110 0.000132 0.000693 55.214675
11.258144 1527958044.991616 0.000110 0.000132 0.000728 56.134638
11.270852 1527958045.004323 0.000111 0.000133 0.000703 56.536800
11.282623 1527958045.016094 0.000112 0.000133 0.000725 56.788395
11.294989 1527958045.028461 0.000112 0.000134 0.000726 57.036478
11.307839 1527958045.041310 0.000111 0.000134 0.000719 57.172677
11.320045 1527958045.053516 0.000111 0.000135 0.000696 57.082365
11.333126 1527958045.066598 0.000111 0.000135 0.000706 56.963332
11.345783 1527958045.079255 0.000111 0.000134 0.000724 57.000764
11.358643 1527958045.092115 0.000109 0.000134 0.000720 56.942880
11.371301 1527958045.104772 0.000110 0.000134 0.000721 56.924830
11.382963 1527958045.116435 0.000111 0.000134 0.000697 56.454039
11.394980 1527958045.128451 0.000110 0.000134 0.000721 56.560295
11.407442 1527958045.140913 0.000109 0.000134 0.000702 56.616475
11.419935 1527958045.153406 0.000110 0.000134 0.000714 56.631322
11.432490 1527958045.165961 0.000110 0.000134 0.000702 56.669241
11.444883 1527958045.178355 0.000111 0.000134 0.000703 56.609719
11.457595 1527958045.191067 0.000111 0.000134 0.000709 56.721872
11.470827 1527958045.204298 0.000111 0.000134 0.000692 56.625104
11.483639 1527958045.217110 0.000111 0.000134 0.000698 56.622568
11.495824 1527958045.229295 0.000111 0.000134 0.000715 56.772081
11.508502 1527958045.241973 0.000109 0.000134 0.000702 56.703533
11.520709 1527958045.254180 0.000111 0.000134 0.000702 56.860003
11.533267 1527958045.266739 0.000111 0.000134 0.000697 56.796543
11.546123 1527958045.279594 0.000112 0.000134 0.000694 56.696628
11.559014 1527958045.292485 0.000111 0.000134 0.000707 56.884789
11.570816 1527958045.304287 0.000115 0.000137 0.000706 56.712807
11.582678 1527958045.316149 0.000114 0.000135 0.000680 56.873069
11.594813 1527958045.328284 0.000112 0.000135 0.000679 57.205742
11.607748 1527958045.341219 0.000112 0.000136 0.000669 57.678470
11.620025 1527958045.353497 0.000113 0.000139 0.000674 58.644521
11.632534 1527958045.366005 0.000096 0.000142 0.000677 60.811043
11.646024 1527958045.379496 0.000098 0.000145 0.000672 62.009066
11.658441 1527958045.391912 0.000096 0.000148 0.000683 64.231590
11.670990 1527958045.404462 0.000112 0.000152 0.000658 65.627484
11.682579 1527958045.416050 0.000110 0.000157 0.000677 67.084913
11.695027 1527958045.428499 0.000110 0.000163 0.000679 68.705850
11.707540 1527958045.441012 0.000105 0.000166 0.000700 69.679116
11.720083 1527958045.453554 0.000104 0.000169 0.000704 70.212322
11.732386 1527958045.465858 0.000100 0.000170 0.000700 70.707213
11.744908 1527958045.478380 0.000104 0.000168 0.000690 70.556281
11.757510 1527958045.490981 0.000106 0.000171 0.000695 71.013115
11.770196 1527958045.503668 0.000108 0.000172 0.000682 71.302468
11.782403 1527958045.515874 0.000109 0.000178 0.000677 72.086938
11.795988 1527958045.529460 0.000111 0.000182 0.000674 72.701802
11.808354 1527958045.541826 0.000116 0.000184 0.000649 73.060329
11.821249 1527958045.554720 0.000115 0.000191 0.000624 74.221432
11.832846 1527958045.566318 0.000109 0.000210 0.000602 76.605394
11.845582 1527958045.579054 0.000101 0.000239 0.000587 80.465372
11.857926 1527958045.591398 0.000097 0.000274 0.000560 87.091914
11.870187 1527958045.603658 0.000094 0.000299 0.000650 92.111969
11.883250 1527958045.616722 0.000097 0.000292 0.000689 98.535037
11.895678 1527958045.629149 0.000100 0.000258 0.000757 102.857559
11.907999 1527958045.641470 0.000100 0.000226 0.000814 105.903354
11.920740 1527958045.654211 0.000102 0.000209 0.000849 108.235862
11.932900 1527958045.666371 0.000104 0.000192 0.000864 110.438200
11.945635 1527958045.679106 0.000106 0.000179 0.000903 112.376673
11.958387 1527958045.691858 0.000103 0.000167 0.000967 114.610244
11.970467 1527958045.703938 0.000104 0.000163 0.000961 116.785522
11.983351 1527958045.716823 0.000104 0.000159 0.000911 118.367355
11.996866 1527958045.730337 0.000107 0.000165 0.000871 118.975686
12.008813 1527958045.742285 0.000107 0.000165 0.000852 119.849204
12.021271 1527958045.754742 0.000108 0.000163 0.000846 121.293652
12.032855 1527958045.766326 0.000110 0.000164 0.000840 122.366082
12.045221 1527958045.778692 0.000107 0.000162 0.000842 123.087174
12.057882 1527958045.791353 0.000107 0.000165 0.000827 123.611473
12.070230 1527958045.803701 0.000106 0.000161 0.000795 124.540536
12.082667 1527958045.816139 0.000106 0.000159 0.000769 125.429521
12.095119 1527958045.828591 0.000104 0.000160 0.000750 125.568880
12.107751 1527958045.841223 0.000105 0.000157 0.000725 126.164763
12.120425 1527958045.853896 0.000101 0.000151 0.000699 126.838380
12.132486 1527958045.865957 0.000103 0.000150 0.000668 127.312793
12.145239 1527958045.878710 0.000101 0.000145 0.000644 127.064490
12.157740 1527958045.891211 0.000104 0.000138 0.000649 127.643321
12.170163 1527958045.903635 0.000105 0.000134 0.000653 127.423203
12.183032 1527958045.916503 0.000103 0.000130 0.000627 125.440708
12.195267 1527958045.928738 0.000104 0.000122 0.000640 124.408314
12.207900 1527958045.941372 0.000101 0.000138 0.000742 121.671572
12.220229 1527958045.953700 0.000121 0.000123 0.000795 113.705786
12.232620 1527958045.966091 0.000143 0.000185 0.000845 107.157098
12.245345 1527958045.978817 0.000199 0.000246 0.001172 96.472506
12.257734 1527958045.991205 0.000113 0.000426 0.000528 106.166390
12.270378 1527958046.003849 0.000105 0.000490 0.000907 117.384527
12.283530 1527958046.017002 0.000114 0.000324 0.002012 91.252132
12.295971 1527958046.029443 0.000159 0.000286 0.000653 94.404333
12.308371 1527958046.041842 0.000160 0.000418 0.000964 89.944136
12.320801 1527958046.054272 0.000059 0.000294 0.000787 55.021912
12.333894 1527958046.067365 0.000063 0.000183 0.001172 58.234554
12.345453 1527958046.078924 0.000009 0.000130 0.000670 56.387324
13.194854 1527958046.928325 0.000002 0.000003 0.000010 107.081714
13.207331 1527958046.940803 0.000159 0.000192 0.000513 92.307217
13.220100 1527958046.953571 0.000082 0.000310 0.001403 66.994815
13.232487 1527958046.965959 0.000053 0.000096 0.001221 47.942971
13.244840 1527958046.978312 0.000131 0.000222 0.000459 50.122269
13.257718 1527958046.991189 0.000096 0.000201 0.000330 68.336085
13.270150 1527958047.003622 0.000272 0.000387 0.000789 142.981985
13.282441 1527958047.015912 0.000197 0.000270 0.001419 150.533696
13.295273 1527958047.028745 0.000138 0.000336 0.001797 155.990594
13.307664 1527958047.041136 0.000127 0.000225 0.001809 159.164328
13.321371 1527958047.054842 0.000125 0.000235 0.001281 154.578971
13.334138 1527958047.067609 0.000135 0.000197 0.001131 154.742697
13.346492 1527958047.079964 0.000128 0.000165 0.000846 153.261571
13.358806 1527958047.092277 0.000132 0.000211 0.000452 158.941452
13.370244 1527958047.103716 0.000135 0.000216 0.000591 151.777324
13.384072 1527958047.117543 0.000132 0.000176 0.000623 150.388277
13.396410 1527958047.129881 0.000134 0.000160 0.000656 149.656516
13.409183 1527958047.142654 0.000136 0.000168 0.000670 149.277926
13.420769 1527958047.154241 0.000139 0.000188 0.000691 148.806365
13.433236 1527958047.166707 0.000131 0.000181 0.000652 148.703666
13.445518 1527958047.178990 0.000136 0.000177 0.000657 149.013063
