-4.262790 1528627628.293175 0.000121 0.000131 0.000689 47.807040
-4.251406 1528627628.304559 0.000117 0.000133 0.000687 47.591186
-4.239325 1528627628.316640 0.000116 0.000133 0.000683 47.266769
-4.226562 1528627628.329403 0.000116 0.000132 0.000688 47.030459
-4.214368 1528627628.341597 0.000117 0.000129 0.000692 46.679247
-4.201510 1528627628.354455 0.000112 0.000126 0.000699 46.908471
-4.189066 1528627628.366899 0.000113 0.000131 0.000712 47.201807
-4.176288 1528627628.379677 0.000113 0.000136 0.000706 46.898977
-4.164439 1528627628.391526 0.000112 0.000130 0.000707 47.155852
-4.151522 1528627628.404443 0.000113 0.000125 0.000701 46.591390
-4.138432 1528627628.417533 0.000111 0.000124 0.000709 47.033604
-4.126316 1528627628.429649 0.000109 0.000127 0.000714 47.330618
-4.113900 1528627628.442065 0.000108 0.000131 0.000715 46.629067
-4.102046 1528627628.453919 0.000108 0.000128 0.000715 46.573216
-4.089686 1528627628.466279 0.000111 0.000123 0.000712 46.006915
-4.076543 1528627628.479422 0.000109 0.000122 0.000722 45.716316
-4.063795 1528627628.492170 0.000107 0.000126 0.000731 45.258152
-4.051315 1528627628.504650 0.000106 0.000126 0.000717 44.821132
-4.038010 1528627628.517955 0.000105 0.000126 0.000715 43.982878
-4.026119 1528627628.529846 0.000107 0.000119 0.000704 43.849555
-4.014842 1528627628.541123 0.000106 0.000119 0.000708 43.346448
-4.002316 1528627628.553649 0.000105 0.000121 0.000705 43.253035
-3.990159 1528627628.565806 0.000104 0.000120 0.000700 43.286447
-3.977376 1528627628.578588 0.000105 0.000120 0.000696 43.188444
-3.965159 1528627628.590806 0.000106 0.000117 0.000694 43.148974
-3.952201 1528627628.603764 0.000106 0.000117 0.000690 43.015009
-3.939763 1528627628.616202 0.000105 0.000116 0.000693 43.448325
-3.927328 1528627628.628637 0.000104 0.000119 0.000693 43.717878
-3.914000 1528627628.641965 0.000104 0.000120 0.000688 43.708635
-3.902074 1528627628.653891 0.000105 0.000122 0.000686 43.739755
-3.889046 1528627628.666919 0.000106 0.000117 0.000686 44.160015
-3.876968 1528627628.678997 0.000107 0.000117 0.000685 44.499392
-3.864942 1528627628.691023 0.000106 0.000120 0.000693 44.783796
-3.852225 1528627628.703740 0.000105 0.000121 0.000688 45.278178
-3.839638 1528627628.716327 0.000105 0.000121 0.000683 45.237479
-3.827393 1528627628.728572 0.000106 0.000119 0.000677 45.485472
-3.814410 1528627628.741555 0.000108 0.000118 0.000678 45.229349
-3.802159 1528627628.753806 0.000107 0.000116 0.000684 45.528706
-3.789859 1528627628.766106 0.000105 0.000119 0.000691 45.776870
-3.776529 1528627628.779436 0.000105 0.000120 0.000685 45.500249
-3.763732 1528627628.792233 0.000105 0.000120 0.000676 45.336300
-3.751390 1528627628.804575 0.000106 0.000120 0.000673 45.090546
-3.739267 1528627628.816698 0.000106 0.000120 0.000670 45.100282
-3.727083 1528627628.828882 0.000108 0.000117 0.000666 44.793478
-3.714589 1528627628.841376 0.000109 0.000115 0.000667 44.745293
-3.702575 1528627628.853390 0.000107 0.000115 0.000675 44.564012
-3.689848 1528627628.866117 0.000106 0.000118 0.000678 44.632798
-3.677129 1528627628.878836 0.000106 0.000118 0.000675 44.441700
-3.664252 1528627628.891713 0.000106 0.000117 0.000670 44.704148
-3.652196 1528627628.903769 0.000106 0.000119 0.000669 44.552845
-3.639874 1528627628.916091 0.000106 0.000118 0.000665 44.642580
-3.627330 1528627628.928635 0.000106 0.000118 0.000657 44.788994
-3.614467 1528627628.941498 0.000106 0.000120 0.000654 44.677527
-3.602059 1528627628.953906 0.000106 0.000118 0.000649 45.004944
-3.588943 1528627628.967021 0.000106 0.000120 0.000657 44.244673
-3.576394 1528627628.979571 0.000106 0.000119 0.000652 44.292156
-3.563530 1528627628.992435 0.000105 0.000120 0.000654 43.714624
-3.551082 1528627629.004883 0.000105 0.000119 0.000656 43.544752
-3.539865 1528627629.016100 0.000106 0.000118 0.000649 43.672840
-3.527207 1528627629.028758 0.000105 0.000119 0.000655 43.323207
-3.514435 1528627629.041530 0.000105 0.000119 0.000653 43.285362
-3.502209 1528627629.053756 0.000105 0.000118 0.000653 43.553695
-3.489655 1528627629.066310 0.000105 0.000118 0.000655 43.551951
-3.477326 1528627629.078639 0.000105 0.000118 0.000654 43.646027
-3.464445 1528627629.091520 0.000105 0.000118 0.000655 43.478726
-3.452366 1528627629.103599 0.000105 0.000117 0.000653 43.510053
-3.439571 1528627629.116394 0.000105 0.000118 0.000653 43.556851
-3.427404 1528627629.128561 0.000105 0.000117 0.000654 43.446133
-3.414452 1528627629.141513 0.000105 0.000117 0.000654 43.433939
-3.402317 1528627629.153648 0.000105 0.000117 0.000655 43.578546
-3.389389 1528627629.166576 0.000105 0.000117 0.000653 43.598418
-3.376624 1528627629.179341 0.000105 0.000116 0.000650 43.571590
-3.364156 1528627629.191809 0.000105 0.000116 0.000651 43.607874
-3.350964 1528627629.205001 0.000105 0.000116 0.000652 43.573358
-3.339330 1528627629.216635 0.000105 0.000117 0.000655 43.537260
-3.325514 1528627629.230451 0.000105 0.000117 0.000654 43.584984
-3.313800 1528627629.242165 0.000105 0.000115 0.000652 43.944479
-3.301914 1528627629.254050 0.000105 0.000117 0.000656 43.683679
-3.289120 1528627629.266845 0.000105 0.000116 0.000653 43.691987
-3.276910 1528627629.279055 0.000105 0.000115 0.000654 43.884878
-3.263768 1528627629.292197 0.000105 0.000117 0.000655 43.768642
-3.250790 1528627629.305175 0.000105 0.000118 0.000654 43.689479
-3.238974 1528627629.316991 0.000105 0.000117 0.000653 43.696461
-3.226701 1528627629.329264 0.000105 0.000116 0.000650 44.012263
-3.214345 1528627629.341620 0.000105 0.000118 0.000654 43.634973
-3.201203 1528627629.354762 0.000105 0.000117 0.000652 43.754787
-3.188823 1528627629.367142 0.000105 0.000117 0.000655 43.747694
-3.176368 1528627629.379597 0.000105 0.000117 0.000656 43.845147
-3.164263 1528627629.391701 0.000105 0.000118 0.000656 43.825424
-3.151566 1528627629.404399 0.000105 0.000118 0.000657 43.994472
-3.139708 1528627629.416257 0.000105 0.000118 0.000659 43.982561
-3.126796 1528627629.429169 0.000105 0.000118 0.000678 43.624294
-3.114914 1528627629.441051 0.000105 0.000118 0.000704 43.019398
-3.102129 1528627629.453836 0.000102 0.000119 0.000726 42.573401
-3.089307 1528627629.466658 0.000101 0.000123 0.000733 41.973628
-3.077363 1528627629.478601 0.000100 0.000124 0.000739 41.624020
-3.064709 1528627629.491256 0.000100 0.000125 0.000738 41.413649
-3.052007 1528627629.503958 0.000100 0.000125 0.000738 41.561655
-3.037765 1528627629.518200 0.000100 0.000126 0.000736 41.454156
-3.025960 1528627629.530005 0.000100 0.000127 0.000736 41.504739
-3.013541 1528627629.542424 0.000100 0.000126 0.000734 41.742402
-3.000437 1528627629.555527 0.000101 0.000127 0.000734 41.760345
-2.989289 1528627629.566676 0.000101 0.000127 0.000733 41.891465
-2.976658 1528627629.579307 0.000101 0.000127 0.000729 41.891933
-2.964964 1528627629.591001 0.000101 0.000127 0.000731 41.972827
-2.952092 1528627629.603873 0.000101 0.000126 0.000727 42.071624
-2.939702 1528627629.616263 0.000101 0.000127 0.000730 42.084542
-2.927275 1528627629.628690 0.000101 0.000127 0.000729 42.184061
-2.914492 1528627629.641473 0.000101 0.000126 0.000727 42.294546
-2.902251 1528627629.653714 0.000101 0.000125 0.000726 42.337563
-2.889498 1528627629.666466 0.000101 0.000126 0.000728 42.315743
-2.876760 1528627629.679205 0.000101 0.000126 0.000727 42.190626
-2.864863 1528627629.691102 0.000101 0.000126 0.000727 42.266517
-2.851837 1528627629.704128 0.000101 0.000125 0.000728 42.270007
-2.838854 1528627629.717111 0.000101 0.000125 0.000727 42.283990
-2.826262 1528627629.729703 0.000102 0.000125 0.000726 42.272259
-2.813734 1528627629.742231 0.000101 0.000126 0.000728 42.289334
-2.801538 1528627629.754427 0.000102 0.000125 0.000727 42.346432
-2.788997 1528627629.766968 0.000101 0.000125 0.000726 42.262492
-2.776404 1528627629.779561 0.000102 0.000124 0.000723 42.340886
-2.764114 1528627629.791851 0.000102 0.000124 0.000724 42.229007
-2.751012 1528627629.804953 0.000102 0.000124 0.000723 42.321597
-2.738477 1528627629.817488 0.000102 0.000124 0.000724 42.181560
-2.727170 1528627629.828795 0.000101 0.000124 0.000728 42.268489
-2.714487 1528627629.841478 0.000102 0.000123 0.000725 42.223250
-2.702263 1528627629.853702 0.000102 0.000124 0.000723 42.221144
-2.689835 1528627629.866130 0.000102 0.000123 0.000725 42.378807
-2.677253 1528627629.878712 0.000102 0.000124 0.000725 42.211602
-2.664693 1528627629.891272 0.000102 0.000123 0.000725 42.153775
-2.652140 1528627629.903825 0.000102 0.000123 0.000724 42.201189
-2.639524 1528627629.916441 0.000102 0.000123 0.000725 42.119172
-2.626790 1528627629.929175 0.000102 0.000123 0.000726 42.127920
-2.614187 1528627629.941778 0.000102 0.000122 0.000726 42.020510
-2.601832 1528627629.954133 0.000102 0.000122 0.000726 42.171596
-2.587575 1528627629.968390 0.000102 0.000123 0.000727 41.949142
-2.575730 1528627629.980235 0.000102 0.000123 0.000726 41.968849
-2.563390 1528627629.992574 0.000102 0.000123 0.000728 41.900821
-2.551527 1528627630.004438 0.000102 0.000123 0.000724 42.096817
-2.539310 1528627630.016654 0.000102 0.000122 0.000727 42.125954
-2.526838 1528627630.029127 0.000102 0.000122 0.000727 42.145851
-2.513447 1528627630.042518 0.000102 0.000122 0.000726 42.248852
-2.500555 1528627630.055410 0.000102 0.000122 0.000722 42.174110
-2.489049 1528627630.066916 0.000101 0.000126 0.000715 41.411262
-2.476507 1528627630.079458 0.000100 0.000129 0.000712 40.900692
-2.463833 1528627630.092132 0.000099 0.000130 0.000717 40.546787
-2.451815 1528627630.104150 0.000099 0.000129 0.000727 40.515378
-2.439396 1528627630.116569 0.000098 0.000129 0.000727 40.548726
-2.426648 1528627630.129317 0.000099 0.000129 0.000728 40.485236
-2.414475 1528627630.141490 0.000098 0.000129 0.000728 40.384672
-2.401950 1528627630.154015 0.000098 0.000129 0.000729 40.377117
-2.389675 1528627630.166290 0.000098 0.000129 0.000731 40.230308
-2.377209 1528627630.178756 0.000098 0.000128 0.000728 40.225833
-2.364496 1528627630.191469 0.000099 0.000130 0.000727 40.139397
-2.351577 1528627630.204388 0.000098 0.000128 0.000729 40.257531
-2.338661 1528627630.217304 0.000098 0.000130 0.000729 40.152455
-2.326797 1528627630.229168 0.000099 0.000129 0.000727 40.262598
-2.314191 1528627630.241774 0.000099 0.000129 0.000727 40.166720
-2.301255 1528627630.254710 0.000099 0.000129 0.000727 40.148895
-2.288928 1528627630.267037 0.000099 0.000128 0.000726 40.194930
-2.276696 1528627630.279269 0.000099 0.000129 0.000726 40.090707
-2.263009 1528627630.292956 0.000099 0.000129 0.000727 40.216049
-2.251593 1528627630.304372 0.000099 0.000129 0.000726 40.263292
-2.239013 1528627630.316952 0.000099 0.000130 0.000725 40.232628
-2.226794 1528627630.329171 0.000099 0.000129 0.000725 40.231277
-2.214417 1528627630.341547 0.000099 0.000130 0.000725 40.229033
-2.201683 1528627630.354282 0.000099 0.000130 0.000725 40.193853
-2.189302 1528627630.366663 0.000099 0.000130 0.000725 40.194984
-2.176829 1528627630.379136 0.000099 0.000130 0.000726 40.215861
-2.164046 1528627630.391919 0.000099 0.000130 0.000725 40.289373
-2.151861 1528627630.404104 0.000099 0.000130 0.000723 40.286807
-2.139071 1528627630.416894 0.000099 0.000130 0.000722 40.308612
-2.126078 1528627630.429887 0.000099 0.000130 0.000723 40.245331
-2.114471 1528627630.441494 0.000099 0.000131 0.000725 40.222647
-2.101638 1528627630.454327 0.000099 0.000131 0.000723 40.219084
-2.089106 1528627630.466859 0.000100 0.000130 0.000723 40.333216
-2.076259 1528627630.479706 0.000099 0.000130 0.000727 40.298999
-2.064438 1528627630.491527 0.000100 0.000130 0.000726 40.244360
-2.051699 1528627630.504266 0.000101 0.000127 0.000738 40.419956
-2.038673 1528627630.517292 0.000101 0.000126 0.000747 40.314820
-2.026843 1528627630.529122 0.000100 0.000125 0.000751 40.656829
-2.013593 1528627630.542372 0.000100 0.000127 0.000757 40.576498
-2.001962 1528627630.554003 0.000100 0.000128 0.000756 40.404041
-1.989341 1528627630.566624 0.000100 0.000127 0.000752 39.961098
-1.976140 1528627630.579825 0.000101 0.000127 0.000748 40.127956
-1.964164 1528627630.591801 0.000101 0.000128 0.000749 39.953701
-1.951794 1528627630.604171 0.000101 0.000126 0.000748 40.178212
-1.939387 1528627630.616578 0.000101 0.000126 0.000746 40.251578
-1.926164 1528627630.629801 0.000101 0.000127 0.000751 40.234085
-1.914157 1528627630.641808 0.000100 0.000126 0.000748 40.207903
-1.901171 1528627630.654794 0.000100 0.000126 0.000746 40.154032
-1.888785 1528627630.667180 0.000100 0.000126 0.000748 40.319454
-1.876910 1528627630.679055 0.000100 0.000126 0.000747 40.245033
-1.863786 1528627630.692179 0.000100 0.000126 0.000747 40.162755
-1.852052 1528627630.703913 0.000101 0.000127 0.000747 40.223659
-1.838807 1528627630.717158 0.000101 0.000125 0.000744 40.402331
-1.826444 1528627630.729521 0.000101 0.000126 0.000744 40.303598
-1.813867 1528627630.742098 0.000101 0.000125 0.000743 40.277068
-1.801165 1528627630.754800 0.000101 0.000126 0.000745 40.311034
-1.788959 1528627630.767006 0.000101 0.000126 0.000744 40.264480
-1.776414 1528627630.779551 0.000101 0.000126 0.000744 40.353521
-1.763971 1528627630.791994 0.000101 0.000126 0.000745 40.301052
-1.751699 1528627630.804266 0.000101 0.000125 0.000745 40.307676
-1.739476 1528627630.816489 0.000101 0.000125 0.000744 40.280128
-1.726675 1528627630.829290 0.000101 0.000125 0.000744 40.209525
-1.714645 1528627630.841320 0.000101 0.000125 0.000745 40.267182
-1.702146 1528627630.853819 0.000101 0.000125 0.000745 40.343390
-1.689610 1528627630.866355 0.000101 0.000126 0.000746 40.227318
-1.676926 1528627630.879039 0.000101 0.000126 0.000745 40.268384
-1.664790 1528627630.891175 0.000101 0.000125 0.000745 40.399431
-1.651234 1528627630.904731 0.000101 0.000125 0.000746 40.332592
-1.638419 1528627630.917546 0.000101 0.000125 0.000746 40.233001
-1.625018 1528627630.930947 0.000101 0.000125 0.000747 40.356310
-1.613965 1528627630.942000 0.000101 0.000125 0.000744 40.383368
-1.601735 1528627630.954230 0.000101 0.000125 0.000744 40.275136
-1.589295 1528627630.966670 0.000101 0.000125 0.000747 40.359886
-1.576583 1528627630.979382 0.000101 0.000125 0.000747 40.394714
-1.564337 1528627630.991628 0.000101 0.000126 0.000746 40.387919
-1.551080 1528627631.004885 0.000101 0.000125 0.000747 40.205055
-1.539046 1528627631.016919 0.000101 0.000125 0.000747 40.388108
-1.526814 1528627631.029151 0.000101 0.000125 0.000746 40.278785
-1.514114 1528627631.041851 0.000101 0.000125 0.000747 40.271111
-1.501173 1528627631.054792 0.000101 0.000128 0.000737 39.910657
-1.488842 1528627631.067123 0.000099 0.000131 0.000736 39.286113
-1.476048 1528627631.079917 0.000098 0.000129 0.000756 38.784522
-1.464175 1528627631.091790 0.000097 0.000128 0.000765 38.862358
-1.451520 1528627631.104445 0.000097 0.000128 0.000769 39.353758
-1.438976 1528627631.116989 0.000097 0.000129 0.000771 39.604803
-1.426254 1528627631.129711 0.000097 0.000128 0.000771 40.075074
-1.414199 1528627631.141766 0.000097 0.000129 0.000770 40.069818
-1.401677 1528627631.154288 0.000097 0.000130 0.000769 39.859621
-1.389214 1528627631.166751 0.000097 0.000129 0.000767 39.859221
-1.376617 1528627631.179348 0.000097 0.000129 0.000767 39.891919
-1.364241 1528627631.191724 0.000097 0.000129 0.000765 39.853114
-1.351373 1528627631.204592 0.000097 0.000129 0.000766 39.884790
-1.339286 1528627631.216679 0.000097 0.000129 0.000764 39.857976
-1.326167 1528627631.229798 0.000097 0.000129 0.000765 39.900026
-1.314007 1528627631.241958 0.000098 0.000130 0.000764 39.849009
-1.300799 1528627631.255166 0.000098 0.000129 0.000765 39.968123
-1.289030 1528627631.266935 0.000098 0.000130 0.000764 39.958961
-1.276618 1528627631.279347 0.000098 0.000130 0.000765 39.956251
-1.264390 1528627631.291575 0.000098 0.000129 0.000765 39.998969
-1.251542 1528627631.304423 0.000098 0.000129 0.000765 39.998187
-1.239475 1528627631.316489 0.000098 0.000130 0.000766 39.889515
-1.227052 1528627631.328913 0.000098 0.000130 0.000762 39.975413
-1.214301 1528627631.341664 0.000098 0.000130 0.000762 39.932647
-1.201887 1528627631.354078 0.000098 0.000129 0.000763 40.032556
-1.188505 1528627631.367460 0.000098 0.000130 0.000763 39.932014
-1.176685 1528627631.379280 0.000098 0.000130 0.000762 39.928750
-1.164293 1528627631.391672 0.000098 0.000130 0.000763 39.844796
-1.151816 1528627631.404149 0.000098 0.000130 0.000761 39.886285
-1.138869 1528627631.417096 0.000098 0.000131 0.000765 39.865343
-1.126974 1528627631.428991 0.000098 0.000130 0.000763 39.947235
-1.113796 1528627631.442169 0.000098 0.000130 0.000765 39.903410
-1.101655 1528627631.454310 0.000098 0.000129 0.000762 39.919372
-1.088610 1528627631.467355 0.000098 0.000129 0.000760 39.913339
-1.076499 1528627631.479466 0.000099 0.000127 0.000767 40.017475
-1.063441 1528627631.492524 0.000099 0.000124 0.000776 40.447817
-1.051456 1528627631.504509 0.000098 0.000125 0.000778 40.648559
-1.038574 1528627631.517391 0.000098 0.000127 0.000779 40.608506
-1.026257 1528627631.529708 0.000098 0.000128 0.000776 40.373073
-1.013997 1528627631.541968 0.000098 0.000128 0.000776 40.397299
-1.001280 1528627631.554685 0.000098 0.000127 0.000777 40.477881
-0.988741 1528627631.567224 0.000098 0.000127 0.000777 40.704466
-0.976249 1528627631.579716 0.000098 0.000127 0.000776 40.738921
-0.963581 1528627631.592384 0.000098 0.000127 0.000775 40.724179
-0.951347 1528627631.604618 0.000098 0.000127 0.000773 40.837147
-0.938044 1528627631.617921 0.000098 0.000127 0.000771 40.736269
-0.926712 1528627631.629253 0.000098 0.000127 0.000774 40.654854
-0.914263 1528627631.641702 0.000098 0.000127 0.000771 40.622456
-0.901637 1528627631.654328 0.000099 0.000126 0.000769 40.760979
-0.888998 1528627631.666967 0.000098 0.000126 0.000770 40.765638
-0.876461 1528627631.679504 0.000098 0.000126 0.000770 40.691127
-0.863531 1528627631.692434 0.000098 0.000125 0.000770 40.774751
-0.851752 1528627631.704213 0.000098 0.000126 0.000773 40.637183
-0.838615 1528627631.717350 0.000098 0.000126 0.000770 40.792816
-0.826534 1528627631.729431 0.000098 0.000126 0.000772 40.767730
-0.814256 1528627631.741709 0.000098 0.000126 0.000772 40.804346
-0.800790 1528627631.755175 0.000098 0.000125 0.000774 40.771358
-0.789117 1528627631.766848 0.000098 0.000125 0.000772 40.837137
-0.776081 1528627631.779884 0.000098 0.000125 0.000773 40.788321
-0.764215 1528627631.791750 0.000098 0.000126 0.000773 40.642741
-0.751420 1528627631.804545 0.000098 0.000126 0.000773 40.664490
-0.738933 1528627631.817032 0.000098 0.000125 0.000772 40.767322
-0.726012 1528627631.829953 0.000098 0.000125 0.000771 40.702047
-0.713641 1528627631.842324 0.000098 0.000125 0.000770 40.757264
-0.701539 1528627631.854426 0.000098 0.000125 0.000771 40.663869
-0.688893 1528627631.867072 0.000098 0.000125 0.000771 40.836946
-0.676212 1528627631.879753 0.000098 0.000125 0.000770 40.734146
-0.664148 1528627631.891817 0.000098 0.000126 0.000772 40.612619
-0.651713 1528627631.904252 0.000099 0.000125 0.000772 40.830926
-0.638145 1528627631.917820 0.000099 0.000125 0.000770 40.738123
-0.625268 1528627631.930696 0.000098 0.000124 0.000769 40.720066
-0.612706 1528627631.943259 0.000098 0.000125 0.000771 40.676985
-0.601201 1528627631.954764 0.000099 0.000125 0.000769 40.772283
-0.588490 1528627631.967475 0.000098 0.000125 0.000772 40.673468
-0.576395 1528627631.979570 0.000099 0.000124 0.000770 40.841492
-0.563862 1528627631.992103 0.000098 0.000125 0.000770 40.662814
-0.551514 1528627632.004451 0.000099 0.000125 0.000770 40.812313
-0.539095 1528627632.016870 0.000098 0.000125 0.000771 40.636632
-0.526018 1528627632.029947 0.000099 0.000125 0.000770 40.703367
-0.513882 1528627632.042083 0.000099 0.000124 0.000767 40.762401
-0.501585 1528627632.054380 0.000099 0.000125 0.000770 40.663566
-0.488786 1528627632.067179 0.000099 0.000125 0.000769 40.677881
-0.475445 1528627632.080520 0.000099 0.000125 0.000770 40.707123
-0.464248 1528627632.091717 0.000099 0.000125 0.000769 40.657537
-0.451239 1528627632.104726 0.000099 0.000125 0.000769 40.758188
-0.438875 1528627632.117090 0.000099 0.000126 0.000769 40.725049
-0.425669 1528627632.130296 0.000099 0.000125 0.000770 40.894411
-0.413711 1528627632.142254 0.000099 0.000125 0.000770 40.696036
-0.400672 1528627632.155293 0.000099 0.000125 0.000770 40.763542
-0.388801 1528627632.167164 0.000099 0.000125 0.000772 40.759650
-0.376503 1528627632.179462 0.000099 0.000125 0.000770 40.676057
-0.363275 1528627632.192690 0.000099 0.000126 0.000773 40.774835
-0.351351 1528627632.204613 0.000099 0.000126 0.000772 40.617627
-0.338869 1528627632.217096 0.000099 0.000125 0.000770 40.737281
-0.326237 1528627632.229728 0.000099 0.000125 0.000767 40.736854
-0.313383 1528627632.242582 0.000099 0.000126 0.000772 40.776902
-0.301345 1528627632.254620 0.000099 0.000126 0.000770 40.792351
-0.288924 1528627632.267041 0.000099 0.000127 0.000770 40.760563
-0.276643 1528627632.279322 0.000100 0.000126 0.000769 40.897329
-0.263888 1528627632.292077 0.000099 0.000127 0.000770 40.895750
-0.249553 1528627632.306412 0.000099 0.000126 0.000769 40.911878
-0.238028 1528627632.317937 0.000099 0.000127 0.000767 40.860786
-0.225652 1528627632.330313 0.000099 0.000127 0.000770 40.808201
-0.212480 1528627632.343485 0.000099 0.000127 0.000767 40.940728
-0.201587 1528627632.354378 0.000100 0.000127 0.000766 40.996416
-0.189375 1528627632.366590 0.000099 0.000128 0.000767 40.911323
-0.176267 1528627632.379698 0.000100 0.000129 0.000766 40.899569
-0.164190 1528627632.391775 0.000100 0.000128 0.000765 41.056763
-0.151739 1528627632.404226 0.000099 0.000129 0.000765 40.930363
-0.139406 1528627632.416559 0.000099 0.000128 0.000764 40.973570
-0.126771 1528627632.429193 0.000099 0.000128 0.000764 40.974280
-0.113887 1528627632.442078 0.000099 0.000128 0.000765 41.037133
-0.101614 1528627632.454351 0.000099 0.000129 0.000765 40.871512
-0.089299 1528627632.466666 0.000100 0.000127 0.000764 41.041499
-0.076710 1528627632.479254 0.000099 0.000127 0.000764 40.967324
-0.063108 1528627632.492857 0.000099 0.000127 0.000765 41.061551
-0.050447 1528627632.505518 0.000099 0.000128 0.000765 40.897587
-0.038168 1528627632.517797 0.000099 0.000127 0.000764 41.023843
-0.026230 1528627632.529735 0.000099 0.000127 0.000764 40.974359
-0.012924 1528627632.543041 0.000099 0.000126 0.000764 41.074779
-0.000451 1528627632.555514 0.000099 0.000127 0.000762 40.935326
0.010988 1528627632.566953 0.000099 0.000127 0.000764 40.874075
0.023240 1528627632.579205 0.000099 0.000127 0.000763 40.954945
0.035964 1528627632.591929 0.000099 0.000127 0.000765 40.973860
0.048352 1528627632.604316 0.000099 0.000128 0.000765 40.822558
0.060941 1528627632.616906 0.000099 0.000129 0.000766 40.656011
0.073416 1528627632.629380 0.000098 0.000131 0.000748 40.526957
0.086718 1528627632.642683 0.000096 0.000129 0.000753 40.576365
0.099274 1528627632.655239 0.000095 0.000128 0.000762 40.722966
0.112591 1528627632.668556 0.000095 0.000128 0.000763 40.905339
0.124245 1528627632.680210 0.000095 0.000128 0.000759 41.145914
0.137003 1528627632.692968 0.000095 0.000129 0.000758 41.251307
0.148543 1528627632.704508 0.000095 0.000128 0.000758 41.270350
0.160604 1528627632.716569 0.000095 0.000129 0.000753 41.176236
0.173422 1528627632.729387 0.000095 0.000129 0.000755 41.125278
0.185560 1528627632.741524 0.000095 0.000128 0.000756 41.209933
0.198299 1528627632.754264 0.000095 0.000129 0.000756 41.144610
0.210980 1528627632.766945 0.000095 0.000127 0.000756 41.203524
0.223275 1528627632.779240 0.000095 0.000127 0.000754 41.201822
0.236356 1528627632.792321 0.000095 0.000127 0.000756 41.168691
0.248279 1528627632.804244 0.000094 0.000128 0.000756 41.173172
0.261389 1528627632.817353 0.000095 0.000128 0.000754 41.093057
0.273943 1528627632.829908 0.000095 0.000128 0.000754 41.130060
0.285810 1528627632.841775 0.000095 0.000128 0.000756 41.138865
0.299172 1528627632.855137 0.000095 0.000127 0.000754 41.156859
0.310980 1528627632.866945 0.000095 0.000127 0.000757 41.214208
0.323447 1528627632.879412 0.000095 0.000127 0.000753 41.220802
0.336461 1528627632.892426 0.000095 0.000127 0.000755 41.146987
0.349259 1528627632.905224 0.000095 0.000127 0.000754 41.163303
0.361341 1528627632.917306 0.000095 0.000127 0.000753 41.105503
0.373658 1528627632.929623 0.000095 0.000127 0.000755 41.101106
0.385915 1528627632.941880 0.000095 0.000127 0.000753 41.042790
0.398574 1528627632.954539 0.000095 0.000127 0.000753 41.143725
0.411128 1528627632.967093 0.000095 0.000128 0.000756 41.025188
0.423809 1528627632.979774 0.000095 0.000128 0.000754 41.163626
0.436037 1528627632.992002 0.000096 0.000128 0.000755 41.178418
0.448524 1528627633.004489 0.000095 0.000128 0.000755 41.205901
0.462550 1528627633.018515 0.000096 0.000127 0.000752 41.207087
0.474408 1528627633.030373 0.000096 0.000129 0.000751 41.087142
0.486769 1528627633.042734 0.000096 0.000129 0.000750 41.111586
0.498734 1528627633.054699 0.000096 0.000130 0.000747 41.060012
0.511101 1528627633.067066 0.000096 0.000130 0.000747 41.251503
0.523432 1528627633.079396 0.000096 0.000132 0.000746 41.767394
0.536019 1528627633.091984 0.000100 0.000134 0.000739 43.659323
0.548441 1528627633.104406 0.000106 0.000143 0.000738 46.543896
0.560902 1528627633.116867 0.000114 0.000145 0.000760 50.717804
0.574572 1528627633.130537 0.000121 0.000150 0.000775 54.914703
0.586395 1528627633.142360 0.000124 0.000149 0.000777 59.216057
0.599184 1528627633.155149 0.000125 0.000152 0.000800 64.092597
0.611442 1528627633.167407 0.000129 0.000159 0.000793 69.346055
0.624500 1528627633.180465 0.000140 0.000154 0.000756 74.084398
0.636765 1528627633.192730 0.000144 0.000167 0.000700 78.774872
0.649793 1528627633.205758 0.000144 0.000187 0.000661 83.082294
0.662612 1528627633.218577 0.000155 0.000202 0.000655 87.956477
0.674311 1528627633.230276 0.000152 0.000205 0.000643 92.599753
0.687039 1528627633.243004 0.000154 0.000208 0.000655 96.521457
0.698910 1528627633.254875 0.000165 0.000207 0.000673 99.629922
0.711167 1528627633.267132 0.000165 0.000204 0.000658 102.887599
0.724116 1528627633.280081 0.000162 0.000204 0.000651 104.998130
0.736169 1528627633.292134 0.000160 0.000203 0.000652 106.814662
0.748729 1528627633.304694 0.000164 0.000201 0.000652 108.410019
0.761047 1528627633.317012 0.000158 0.000197 0.000645 109.116261
0.774115 1528627633.330080 0.000165 0.000196 0.000642 110.593776
0.786460 1528627633.342425 0.000165 0.000195 0.000628 111.384835
0.798951 1528627633.354916 0.000163 0.000193 0.000626 111.808217
0.811594 1528627633.367559 0.000166 0.000193 0.000634 112.210199
0.824559 1528627633.380524 0.000161 0.000191 0.000635 112.249012
0.837019 1528627633.392984 0.000166 0.000189 0.000626 112.770766
0.849410 1528627633.405375 0.000164 0.000188 0.000626 112.913171
0.862192 1528627633.418157 0.000169 0.000186 0.000628 113.594201
0.874755 1528627633.430720 0.000169 0.000184 0.000624 113.678103
0.886322 1528627633.442287 0.000169 0.000182 0.000631 113.992396
0.898782 1528627633.454747 0.000169 0.000183 0.000624 113.676080
0.910726 1528627633.466691 0.000169 0.000180 0.000626 113.926760
0.923327 1528627633.479292 0.000169 0.000179 0.000614 113.514450
0.935958 1528627633.491923 0.000167 0.000176 0.000614 113.140366
0.948359 1528627633.504324 0.000168 0.000176 0.000609 113.039728
0.961351 1528627633.517316 0.000167 0.000176 0.000605 112.760359
0.974128 1528627633.530092 0.000165 0.000173 0.000613 112.153198
0.987082 1528627633.543047 0.000163 0.000175 0.000613 112.028678
0.998966 1528627633.554930 0.000163 0.000173 0.000612 111.661468
1.011513 1528627633.567477 0.000162 0.000172 0.000611 111.318370
1.023768 1528627633.579733 0.000162 0.000172 0.000614 110.959635
1.036856 1528627633.592821 0.000161 0.000172 0.000602 110.554957
1.048604 1528627633.604569 0.000160 0.000171 0.000593 109.848750
1.061135 1528627633.617100 0.000157 0.000170 0.000593 109.323200
1.074428 1528627633.630393 0.000154 0.000169 0.000580 108.262657
1.086521 1528627633.642486 0.000153 0.000169 0.000570 107.259054
1.099447 1528627633.655411 0.000151 0.000169 0.000574 105.753474
1.112017 1528627633.667982 0.000153 0.000169 0.000566 103.852941
1.123863 1528627633.679828 0.000156 0.000171 0.000570 102.597753
1.136053 1528627633.692018 0.000154 0.000174 0.000578 101.071379
1.148560 1528627633.704525 0.000155 0.000173 0.000580 99.652469
1.161668 1528627633.717633 0.000156 0.000173 0.000585 98.812619
1.174623 1528627633.730588 0.000156 0.000172 0.000601 98.078835
1.186883 1528627633.742848 0.000156 0.000173 0.000607 97.641966
1.199620 1528627633.755585 0.000159 0.000173 0.000610 97.769743
1.211969 1528627633.767934 0.000165 0.000172 0.000607 98.117456
1.223791 1528627633.779756 0.000170 0.000176 0.000604 98.585093
1.236221 1528627633.792186 0.000171 0.000177 0.000608 99.192037
1.248323 1528627633.804288 0.000172 0.000175 0.000623 99.409082
1.262170 1528627633.818135 0.000175 0.000177 0.000619 99.629412
1.274626 1528627633.830591 0.000177 0.000177 0.000615 100.527011
1.287050 1528627633.843015 0.000178 0.000181 0.000603 102.122534
1.300404 1528627633.856369 0.000177 0.000184 0.000599 103.294077
1.311494 1528627633.867459 0.000178 0.000185 0.000591 103.848609
1.323469 1528627633.879434 0.000178 0.000188 0.000591 104.225516
1.336621 1528627633.892586 0.000178 0.000190 0.000593 105.317043
1.348365 1528627633.904330 0.000178 0.000191 0.000590 105.426823
1.361077 1528627633.917042 0.000178 0.000193 0.000586 105.284970
1.373519 1528627633.929484 0.000175 0.000196 0.000581 105.640094
1.386131 1528627633.942096 0.000173 0.000198 0.000578 105.610775
1.398955 1528627633.954920 0.000172 0.000198 0.000570 105.836062
1.411150 1528627633.967115 0.000172 0.000197 0.000573 105.942663
1.423769 1528627633.979733 0.000171 0.000200 0.000570 106.378150
1.436265 1528627633.992230 0.000169 0.000198 0.000579 106.045450
1.448244 1528627634.004209 0.000168 0.000199 0.000574 105.770232
1.460817 1528627634.016782 0.000167 0.000203 0.000561 106.289668
1.473387 1528627634.029351 0.000166 0.000203 0.000558 106.251439
1.485806 1528627634.041770 0.000164 0.000203 0.000559 106.042265
1.498133 1528627634.054098 0.000161 0.000203 0.000557 105.567633
1.510742 1528627634.066707 0.000159 0.000204 0.000555 105.091577
1.523420 1528627634.079385 0.000156 0.000202 0.000553 104.018153
1.535548 1528627634.091513 0.000154 0.000201 0.000552 103.565241
1.548384 1528627634.104349 0.000153 0.000205 0.000547 102.837976
1.560658 1528627634.116623 0.000150 0.000203 0.000547 102.029364
1.573407 1528627634.129372 0.000149 0.000204 0.000547 101.579669
1.586848 1528627634.142813 0.000148 0.000203 0.000544 100.093322
1.599472 1528627634.155437 0.000148 0.000205 0.000547 99.513834
1.611687 1528627634.167652 0.000147 0.000204 0.000544 98.137718
1.625511 1528627634.181476 0.000148 0.000209 0.000543 97.128723
1.636816 1528627634.192781 0.000147 0.000208 0.000554 96.104703
1.648494 1528627634.204459 0.000147 0.000207 0.000559 94.458030
1.662472 1528627634.218437 0.000146 0.000208 0.000564 93.330904
1.675012 1528627634.230977 0.000147 0.000208 0.000567 92.421170
1.687134 1528627634.243099 0.000146 0.000210 0.000570 91.528363
1.700796 1528627634.256761 0.000147 0.000209 0.000572 90.533166
1.715895 1528627634.271860 0.000146 0.000208 0.000572 90.005438
1.724298 1528627634.280263 0.000145 0.000208 0.000577 89.178709
1.735874 1528627634.291839 0.000145 0.000207 0.000581 88.860037
1.748409 1528627634.304374 0.000143 0.000206 0.000587 88.141977
1.761340 1528627634.317305 0.000143 0.000205 0.000594 87.408047
1.773936 1528627634.329901 0.000142 0.000205 0.000587 86.849298
1.785844 1528627634.341809 0.000141 0.000204 0.000595 85.762898
1.799152 1528627634.355117 0.000141 0.000202 0.000602 85.112301
1.811500 1528627634.367465 0.000140 0.000200 0.000615 84.496845
1.824148 1528627634.380113 0.000140 0.000201 0.000618 83.610078
1.836265 1528627634.392230 0.000140 0.000200 0.000616 82.368163
1.850423 1528627634.406388 0.000140 0.000198 0.000620 81.611988
1.862104 1528627634.418069 0.000140 0.000197 0.000629 80.815844
1.874451 1528627634.430416 0.000140 0.000196 0.000631 80.330208
1.887089 1528627634.443054 0.000141 0.000194 0.000632 79.641398
1.899655 1528627634.455620 0.000141 0.000193 0.000632 79.088903
1.913042 1528627634.469007 0.000142 0.000192 0.000634 78.710641
1.924957 1528627634.480922 0.000142 0.000191 0.000633 78.218608
1.935965 1528627634.491930 0.000145 0.000190 0.000632 77.912635
1.948787 1528627634.504752 0.000148 0.000188 0.000635 77.449921
1.961098 1528627634.517063 0.000150 0.000186 0.000633 76.826427
1.973660 1528627634.529625 0.000154 0.000184 0.000631 76.542908
1.986914 1528627634.542879 0.000157 0.000182 0.000637 75.790468
1.998899 1528627634.554864 0.000158 0.000178 0.000637 75.373859
2.011392 1528627634.567357 0.000160 0.000177 0.000640 75.294481
2.023904 1528627634.579869 0.000162 0.000175 0.000639 76.187075
2.036217 1528627634.592182 0.000164 0.000174 0.000630 77.283836
2.049089 1528627634.605054 0.000164 0.000173 0.000632 78.534904
2.062300 1528627634.618265 0.000163 0.000171 0.000635 79.932512
2.074620 1528627634.630584 0.000163 0.000172 0.000638 80.835482
2.086725 1528627634.642690 0.000162 0.000172 0.000632 81.448939
2.099260 1528627634.655225 0.000160 0.000169 0.000637 82.358034
2.111531 1528627634.667496 0.000160 0.000170 0.000637 82.972562
2.124338 1528627634.680303 0.000157 0.000169 0.000632 83.408815
2.136399 1528627634.692364 0.000154 0.000168 0.000625 83.559804
2.149087 1528627634.705052 0.000151 0.000168 0.000627 83.957688
2.160871 1528627634.716836 0.000150 0.000167 0.000629 83.894430
2.173320 1528627634.729285 0.000149 0.000165 0.000631 83.958000
2.186768 1528627634.742733 0.000148 0.000165 0.000628 83.833997
2.200109 1528627634.756074 0.000146 0.000163 0.000631 83.360396
2.211565 1528627634.767530 0.000146 0.000163 0.000623 82.858086
2.224106 1528627634.780071 0.000145 0.000162 0.000628 82.589578
2.236737 1528627634.792702 0.000143 0.000162 0.000633 82.388882
2.249374 1528627634.805339 0.000143 0.000161 0.000636 82.047319
2.261632 1528627634.817597 0.000143 0.000160 0.000638 81.762260
2.274465 1528627634.830430 0.000142 0.000160 0.000638 81.597121
2.286641 1528627634.842606 0.000142 0.000160 0.000637 81.377181
2.298890 1528627634.854855 0.000141 0.000160 0.000636 81.069459
2.311414 1528627634.867379 0.000141 0.000158 0.000642 80.762023
2.324010 1528627634.879975 0.000142 0.000158 0.000637 80.440529
2.336669 1528627634.892634 0.000142 0.000159 0.000638 80.072094
2.348591 1528627634.904556 0.000143 0.000156 0.000636 79.685037
2.361555 1528627634.917520 0.000145 0.000156 0.000637 79.310225
2.373871 1528627634.929836 0.000147 0.000155 0.000637 79.084002
2.386208 1528627634.942173 0.000149 0.000154 0.000640 78.596909
2.399184 1528627634.955149 0.000150 0.000155 0.000636 78.475975
2.411039 1528627634.967004 0.000149 0.000156 0.000631 78.208770
2.424044 1528627634.980009 0.000149 0.000154 0.000627 77.802824
2.436426 1528627634.992391 0.000148 0.000157 0.000637 77.721321
2.448751 1528627635.004716 0.000148 0.000155 0.000636 77.625592
2.461242 1528627635.017207 0.000147 0.000156 0.000640 77.617086
2.473463 1528627635.029428 0.000146 0.000156 0.000638 77.555524
2.486189 1528627635.042154 0.000146 0.000157 0.000637 77.526069
2.498626 1528627635.054591 0.000146 0.000156 0.000645 77.456172
2.511312 1528627635.067277 0.000145 0.000157 0.000639 77.291719
2.523772 1528627635.079737 0.000145 0.000158 0.000647 77.370201
2.536262 1528627635.092227 0.000144 0.000158 0.000643 77.233934
2.549191 1528627635.105156 0.000143 0.000158 0.000637 76.974349
2.561441 1528627635.117406 0.000142 0.000160 0.000641 76.916709
2.573955 1528627635.129920 0.000141 0.000161 0.000641 76.852533
2.586618 1528627635.142583 0.000141 0.000161 0.000647 76.794469
2.598814 1528627635.154779 0.000140 0.000160 0.000639 76.697390
2.612656 1528627635.168621 0.000140 0.000160 0.000641 76.726331
2.624455 1528627635.180420 0.000140 0.000160 0.000642 76.789461
2.637009 1528627635.192974 0.000139 0.000162 0.000648 76.816011
2.649269 1528627635.205234 0.000138 0.000162 0.000644 76.872678
2.661869 1528627635.217834 0.000137 0.000162 0.000646 76.909657
2.673937 1528627635.229902 0.000137 0.000162 0.000647 77.032737
2.686719 1528627635.242684 0.000137 0.000162 0.000648 77.154396
2.698386 1528627635.254351 0.000137 0.000163 0.000646 77.192080
2.710995 1528627635.266960 0.000136 0.000162 0.000647 77.292745
2.723555 1528627635.279520 0.000136 0.000162 0.000648 77.388496
2.735705 1528627635.291670 0.000134 0.000163 0.000651 77.300706
2.748184 1528627635.304149 0.000134 0.000163 0.000647 77.449788
2.760999 1528627635.316964 0.000134 0.000162 0.000644 77.488605
2.773283 1528627635.329248 0.000134 0.000161 0.000648 77.497484
2.785965 1528627635.341930 0.000133 0.000162 0.000652 77.570879
2.798398 1528627635.354363 0.000134 0.000161 0.000644 77.540635
2.810900 1528627635.366865 0.000132 0.000161 0.000651 77.480971
2.824965 1528627635.380930 0.000132 0.000160 0.000648 77.344230
2.837149 1528627635.393114 0.000131 0.000161 0.000652 77.232471
2.849817 1528627635.405782 0.000130 0.000160 0.000652 77.041621
2.862194 1528627635.418159 0.000131 0.000160 0.000652 76.871838
2.874802 1528627635.430767 0.000129 0.000160 0.000654 76.569317
2.886598 1528627635.442563 0.000128 0.000160 0.000654 76.085187
2.898886 1528627635.454851 0.000126 0.000160 0.000671 75.122382
2.911352 1528627635.467317 0.000124 0.000160 0.000683 74.339183
2.923958 1528627635.479923 0.000125 0.000157 0.000700 73.910548
2.936650 1528627635.492615 0.000126 0.000155 0.000705 73.507499
2.949058 1528627635.505023 0.000128 0.000150 0.000711 73.396640
2.961854 1528627635.517819 0.000128 0.000144 0.000717 72.699753
2.974147 1528627635.530112 0.000126 0.000140 0.000728 72.351046
2.986389 1528627635.542354 0.000121 0.000137 0.000736 71.772718
2.999730 1528627635.555695 0.000117 0.000135 0.000736 71.219338
3.013465 1528627635.569430 0.000114 0.000134 0.000736 70.776797
3.024953 1528627635.580918 0.000112 0.000133 0.000734 70.404918
3.037315 1528627635.593280 0.000111 0.000133 0.000741 70.215399
3.048996 1528627635.604961 0.000111 0.000132 0.000736 70.015532
3.061961 1528627635.617926 0.000110 0.000132 0.000736 69.709776
3.074040 1528627635.630005 0.000109 0.000131 0.000734 69.449028
3.086575 1528627635.642540 0.000108 0.000130 0.000740 69.190481
3.098931 1528627635.654896 0.000108 0.000130 0.000739 68.954007
3.111749 1528627635.667714 0.000108 0.000130 0.000738 68.596220
3.124652 1528627635.680617 0.000107 0.000129 0.000734 68.278393
3.136896 1528627635.692861 0.000107 0.000129 0.000736 67.928097
3.149414 1528627635.705379 0.000107 0.000129 0.000738 67.639819
3.161845 1528627635.717810 0.000107 0.000130 0.000732 67.295203
3.174119 1528627635.730084 0.000106 0.000131 0.000724 66.925514
3.187069 1528627635.743034 0.000107 0.000131 0.000728 66.850831
3.199222 1528627635.755187 0.000107 0.000131 0.000724 66.849597
3.211541 1528627635.767506 0.000107 0.000131 0.000722 66.883592
3.224025 1528627635.779989 0.000107 0.000131 0.000719 66.792470
3.237101 1528627635.793066 0.000107 0.000131 0.000723 66.715011
3.250106 1528627635.806071 0.000107 0.000131 0.000721 66.830103
3.261747 1528627635.817712 0.000107 0.000132 0.000723 66.642343
3.274617 1528627635.830582 0.000107 0.000132 0.000718 66.486337
3.286538 1528627635.842503 0.000107 0.000132 0.000719 66.402156
3.299261 1528627635.855226 0.000107 0.000132 0.000718 66.286157
3.311377 1528627635.867342 0.000107 0.000133 0.000714 66.192544
3.324317 1528627635.880282 0.000108 0.000133 0.000717 66.210204
3.337130 1528627635.893095 0.000108 0.000134 0.000718 66.140441
3.349066 1528627635.905030 0.000107 0.000133 0.000715 66.030892
3.361500 1528627635.917465 0.000108 0.000134 0.000715 65.972749
3.373907 1528627635.929872 0.000108 0.000133 0.000719 65.953654
3.386735 1528627635.942700 0.000108 0.000134 0.000714 65.886597
3.399446 1528627635.955411 0.000108 0.000134 0.000712 65.785060
3.412169 1528627635.968134 0.000108 0.000134 0.000712 65.742883
3.424053 1528627635.980018 0.000108 0.000134 0.000712 65.755640
3.436795 1528627635.992759 0.000109 0.000135 0.000707 65.744517
3.449908 1528627636.005873 0.000109 0.000135 0.000706 65.794487
3.461637 1528627636.017602 0.000108 0.000134 0.000712 65.834455
3.474824 1528627636.030789 0.000108 0.000134 0.000710 65.839268
3.486476 1528627636.042441 0.000108 0.000134 0.000707 65.920472
3.499718 1528627636.055683 0.000108 0.000134 0.000709 65.921190
3.512389 1528627636.068354 0.000109 0.000135 0.000708 65.824435
3.525350 1528627636.081315 0.000109 0.000135 0.000710 65.875660
3.537048 1528627636.093013 0.000109 0.000135 0.000712 65.749334
3.548693 1528627636.104658 0.000108 0.000134 0.000711 65.666143
3.561204 1528627636.117169 0.000109 0.000135 0.000706 65.395139
3.574044 1528627636.130009 0.000110 0.000134 0.000718 65.238784
3.587517 1528627636.143482 0.000110 0.000134 0.000722 65.196860
3.600030 1528627636.155995 0.000111 0.000134 0.000726 64.732620
3.611695 1528627636.167660 0.000111 0.000136 0.000720 64.154342
3.623946 1528627636.179911 0.000111 0.000139 0.000704 63.359454
3.637532 1528627636.193496 0.000112 0.000140 0.000694 62.653059
3.648626 1528627636.204591 0.000112 0.000140 0.000693 62.011296
3.660941 1528627636.216906 0.000113 0.000139 0.000685 61.761780
3.673698 1528627636.229663 0.000114 0.000140 0.000676 61.403087
3.686509 1528627636.242474 0.000114 0.000139 0.000673 61.330705
3.698720 1528627636.254685 0.000114 0.000139 0.000674 61.138750
3.711223 1528627636.267188 0.000114 0.000139 0.000678 61.026303
3.723996 1528627636.279961 0.000114 0.000138 0.000674 60.835186
3.736048 1528627636.292012 0.000114 0.000138 0.000678 60.694931
3.748370 1528627636.304335 0.000114 0.000139 0.000679 60.557692
3.761349 1528627636.317314 0.000114 0.000138 0.000678 60.418219
3.773728 1528627636.329693 0.000114 0.000139 0.000679 60.435133
3.786062 1528627636.342027 0.000115 0.000139 0.000679 60.228921
3.798461 1528627636.354426 0.000115 0.000138 0.000676 60.215923
3.811429 1528627636.367394 0.000115 0.000140 0.000676 60.171018
3.824027 1528627636.379992 0.000116 0.000139 0.000672 60.032870
3.836318 1528627636.392282 0.000116 0.000139 0.000670 59.937434
3.848537 1528627636.404502 0.000117 0.000140 0.000667 59.721691
3.861295 1528627636.417260 0.000117 0.000140 0.000670 59.848392
3.873883 1528627636.429848 0.000118 0.000140 0.000663 59.903788
3.886516 1528627636.442481 0.000120 0.000145 0.000662 59.868549
3.899248 1528627636.455213 0.000118 0.000149 0.000661 59.893640
3.911919 1528627636.467884 0.000118 0.000149 0.000656 60.452101
3.924334 1528627636.480299 0.000119 0.000152 0.000650 60.979878
3.936736 1528627636.492701 0.000121 0.000156 0.000655 61.435518
3.949077 1528627636.505042 0.000124 0.000160 0.000668 61.723444
3.960978 1528627636.516943 0.000130 0.000165 0.000677 61.998574
3.974082 1528627636.530047 0.000134 0.000171 0.000702 62.067306
3.986014 1528627636.541979 0.000131 0.000169 0.000742 61.580639
3.998580 1528627636.554545 0.000130 0.000165 0.000780 60.811724
4.011115 1528627636.567080 0.000129 0.000162 0.000799 59.724282
4.023534 1528627636.579499 0.000137 0.000164 0.000805 61.132006
4.036406 1528627636.592371 0.000155 0.000184 0.000802 61.523930
4.048723 1528627636.604687 0.000172 0.000199 0.000753 61.889445
4.061052 1528627636.617017 0.000194 0.000268 0.000698 63.849398
4.073692 1528627636.629657 0.000234 0.000525 0.000629 92.279401
4.086333 1528627636.642298 0.000311 0.000454 0.000699 21.367965
4.098485 1528627636.654450 0.000185 0.000539 0.001280 68.692998
4.110697 1528627636.666662 0.000133 0.000591 0.001902 96.193804
4.123715 1528627636.679680 0.000306 0.000438 0.001287 81.499341
4.136091 1528627636.692056 0.000176 0.000283 0.001175 42.293238
4.148746 1528627636.704711 0.000225 0.000682 0.001197 38.184297
4.161412 1528627636.717377 0.000114 0.000342 0.001301 35.459701
4.173636 1528627636.729601 0.000333 0.001022 0.001822 79.479272
4.186364 1528627636.742329 0.000332 0.000698 0.001805 70.235118
4.198770 1528627636.754735 0.000237 0.000342 0.001227 36.096575
4.211193 1528627636.767158 0.000163 0.000299 0.001321 46.059658
4.223504 1528627636.779469 0.000190 0.000662 0.001136 47.360868
4.236257 1528627636.792222 0.000118 0.000731 0.001268 77.255242
4.248709 1528627636.804674 0.000228 0.000511 0.001949 84.171368
4.261385 1528627636.817350 0.000307 0.000411 0.001043 68.338601
4.273814 1528627636.829779 0.000130 0.000246 0.001219 44.885408
4.286094 1528627636.842059 0.000123 0.000185 0.001457 41.951940
4.299072 1528627636.855037 0.000185 0.000588 0.001002 45.191736
4.311407 1528627636.867372 0.000080 0.000190 0.001136 58.481676
4.324032 1528627636.879997 0.000204 0.000626 0.001563 89.612234
4.336428 1528627636.892393 0.000216 0.000518 0.001033 69.847181
4.348965 1528627636.904930 0.000129 0.000328 0.000884 57.377657
4.361837 1528627636.917802 0.000131 0.000379 0.001014 48.697947
4.373830 1528627636.929795 0.000150 0.000376 0.000986 51.780286
4.388583 1528627636.944548 0.000151 0.000555 0.000914 76.412380
4.399752 1528627636.955717 0.000143 0.001080 0.001138 81.081395
4.412243 1528627636.968208 0.000252 0.000572 0.000884 77.176263
4.425584 1528627636.981549 0.000206 0.000241 0.000970 55.074529
4.437467 1528627636.993432 0.000180 0.000504 0.001097 30.775502
4.450046 1528627637.006011 0.000160 0.000592 0.000976 53.642396
4.462533 1528627637.018498 0.000173 0.001013 0.001368 75.322159
4.475075 1528627637.031040 0.000301 0.000579 0.001322 83.081305
4.487188 1528627637.043153 0.000208 0.000414 0.001272 47.646103
4.499359 1528627637.055324 0.000117 0.000540 0.001254 24.218859
4.511813 1528627637.067778 0.000234 0.000451 0.000988 38.658464
4.524742 1528627637.080707 0.000147 0.000775 0.001303 88.538131
4.536523 1528627637.092488 0.000140 0.000722 0.001744 86.076177
4.549194 1528627637.105159 0.000246 0.000558 0.001455 92.619270
4.561706 1528627637.117671 0.000174 0.000454 0.000834 47.652480
4.573648 1528627637.129613 0.000202 0.000619 0.000710 40.249501
4.586838 1528627637.142803 0.000291 0.000519 0.000611 43.231973
4.599195 1528627637.155160 0.000292 0.000378 0.000594 60.047921
4.611654 1528627637.167619 0.000212 0.000250 0.000670 59.651987
4.624233 1528627637.180198 0.000164 0.000227 0.000659 56.072564
4.637671 1528627637.193636 0.000131 0.000205 0.000662 48.741138
4.649262 1528627637.205227 0.000132 0.000183 0.000653 47.132452
4.661955 1528627637.217920 0.000121 0.000159 0.000680 47.433461
4.674402 1528627637.230367 0.000114 0.000143 0.000762 47.308459
4.686888 1528627637.242852 0.000114 0.000138 0.000779 47.124570
4.699170 1528627637.255135 0.000113 0.000136 0.000758 45.983222
4.711864 1528627637.267828 0.000112 0.000134 0.000702 45.101623
4.724833 1528627637.280798 0.000112 0.000136 0.000694 44.558368
4.737643 1528627637.293608 0.000111 0.000132 0.000716 44.992178
4.750529 1528627637.306494 0.000113 0.000131 0.000673 44.107379
4.762415 1528627637.318380 0.000113 0.000128 0.000672 43.867597
4.775398 1528627637.331363 0.000112 0.000128 0.000679 43.968277
4.786669 1528627637.342634 0.000112 0.000128 0.000669 43.865257
4.798915 1528627637.354880 0.000112 0.000131 0.000666 43.139235
4.812644 1528627637.368609 0.000113 0.000128 0.000667 43.039996
4.824764 1528627637.380729 0.000113 0.000125 0.000672 43.109614
4.836929 1528627637.392894 0.000112 0.000123 0.000696 43.419970
4.849558 1528627637.405523 0.000113 0.000125 0.000699 43.583901
4.863685 1528627637.419650 0.000116 0.000129 0.000706 43.395091
4.875066 1528627637.431031 0.000117 0.000130 0.000696 42.843972
4.887121 1528627637.443086 0.000116 0.000125 0.000698 42.725051
4.898842 1528627637.454807 0.000113 0.000132 0.000730 41.800229
4.911893 1528627637.467858 0.000113 0.000126 0.000715 42.377024
4.924008 1528627637.479973 0.000113 0.000125 0.000698 41.946379
4.936746 1528627637.492711 0.000114 0.000123 0.000679 41.681154
4.949177 1528627637.505142 0.000112 0.000128 0.000685 41.026424
4.961674 1528627637.517639 0.000110 0.000127 0.000690 42.203067
4.974098 1528627637.530063 0.000111 0.000127 0.000683 42.443934
4.986601 1528627637.542566 0.000111 0.000125 0.000678 42.301383
4.999200 1528627637.555165 0.000112 0.000123 0.000666 42.157995
5.011526 1528627637.567491 0.000111 0.000130 0.000684 41.252051
5.024503 1528627637.580467 0.000109 0.000129 0.000701 41.478650
5.036303 1528627637.592268 0.000109 0.000124 0.000687 42.311697
5.049322 1528627637.605287 0.000111 0.000123 0.000672 41.940925
5.061691 1528627637.617656 0.000112 0.000120 0.000664 41.514706
5.074733 1528627637.630697 0.000111 0.000119 0.000675 41.262285
5.086838 1528627637.642803 0.000109 0.000120 0.000693 41.367964
5.098935 1528627637.654900 0.000109 0.000121 0.000686 41.493082
5.112338 1528627637.668303 0.000110 0.000121 0.000675 41.208449
5.124807 1528627637.680772 0.000111 0.000120 0.000667 40.766492
5.137489 1528627637.693454 0.000110 0.000118 0.000661 40.424836
5.150014 1528627637.705979 0.000110 0.000118 0.000669 40.260259
5.161739 1528627637.717704 0.000108 0.000120 0.000671 40.254644
5.175229 1528627637.731194 0.000108 0.000121 0.000685 39.985664
5.187974 1528627637.743939 0.000108 0.000120 0.000688 39.991846
5.200260 1528627637.756225 0.000108 0.000120 0.000678 39.754312
5.211612 1528627637.767576 0.000109 0.000119 0.000683 40.042092
5.224279 1528627637.780244 0.000107 0.000120 0.000685 40.007404
5.236425 1528627637.792390 0.000106 0.000122 0.000706 40.263383
5.249078 1528627637.805043 0.000107 0.000128 0.000697 39.744206
5.261972 1528627637.817937 0.000107 0.000125 0.000689 39.891330
5.273921 1528627637.829885 0.000107 0.000119 0.000683 40.530606
5.287338 1528627637.843302 0.000107 0.000120 0.000699 40.512661
5.300104 1528627637.856069 0.000106 0.000128 0.000724 39.931694
5.313062 1528627637.869027 0.000106 0.000128 0.000706 39.442263
5.326127 1528627637.882092 0.000107 0.000121 0.000690 40.310147
5.337489 1528627637.893454 0.000108 0.000121 0.000683 40.146699
5.350669 1528627637.906634 0.000107 0.000119 0.000673 39.793801
5.362185 1528627637.918149 0.000108 0.000119 0.000682 39.766003
5.374299 1528627637.930264 0.000106 0.000125 0.000707 39.273483
5.386537 1528627637.942502 0.000106 0.000127 0.000710 39.334575
5.399727 1528627637.955692 0.000106 0.000126 0.000706 39.199559
5.411885 1528627637.967850 0.000107 0.000122 0.000691 40.087550
5.424895 1528627637.980860 0.000107 0.000123 0.000690 39.914942
5.437475 1528627637.993440 0.000107 0.000121 0.000688 40.050790
5.451506 1528627638.007471 0.000107 0.000120 0.000686 39.820759
5.462261 1528627638.018226 0.000107 0.000120 0.000683 39.626538
5.475419 1528627638.031384 0.000107 0.000120 0.000683 39.569958
5.487008 1528627638.042973 0.000107 0.000120 0.000682 39.619568
5.499149 1528627638.055114 0.000107 0.000120 0.000690 39.692851
5.511554 1528627638.067519 0.000107 0.000120 0.000686 39.562335
5.525770 1528627638.081735 0.000106 0.000121 0.000683 39.489657
5.537409 1528627638.093374 0.000106 0.000119 0.000686 39.442803
5.549862 1528627638.105827 0.000106 0.000125 0.000696 38.639588
5.561974 1528627638.117939 0.000106 0.000119 0.000687 39.471373
5.574102 1528627638.130067 0.000106 0.000118 0.000681 39.364038
5.586668 1528627638.142632 0.000106 0.000119 0.000685 39.292033
5.599464 1528627638.155429 0.000106 0.000118 0.000679 39.304784
5.611504 1528627638.167469 0.000105 0.000125 0.000681 38.282083
5.624233 1528627638.180198 0.000106 0.000127 0.000670 38.217167
5.636298 1528627638.192263 0.000106 0.000121 0.000675 38.738913
5.649278 1528627638.205243 0.000106 0.000118 0.000685 38.446882
5.661593 1528627638.217558 0.000105 0.000117 0.000695 38.077074
5.675020 1528627638.230985 0.000104 0.000118 0.000690 37.822590
5.687728 1528627638.243693 0.000103 0.000121 0.000710 37.200679
5.699930 1528627638.255895 0.000103 0.000121 0.000703 37.039824
5.713023 1528627638.268988 0.000103 0.000121 0.000702 36.876895
5.725109 1528627638.281074 0.000103 0.000118 0.000693 37.629498
5.736675 1528627638.292640 0.000102 0.000123 0.000698 36.743427
5.749779 1528627638.305744 0.000102 0.000123 0.000700 36.715578
5.762131 1528627638.318096 0.000102 0.000121 0.000699 36.853317
5.775228 1528627638.331192 0.000103 0.000117 0.000691 37.472877
5.787550 1528627638.343515 0.000103 0.000116 0.000692 37.515939
5.800421 1528627638.356386 0.000102 0.000121 0.000699 36.664579
5.812893 1528627638.368858 0.000102 0.000116 0.000694 37.251166
5.825270 1528627638.381235 0.000102 0.000122 0.000699 36.330250
5.838526 1528627638.394491 0.000102 0.000121 0.000697 36.259265
5.850336 1528627638.406301 0.000102 0.000121 0.000698 36.182712
5.861662 1528627638.417627 0.000102 0.000120 0.000698 36.413454
5.874153 1528627638.430118 0.000102 0.000117 0.000689 37.152118
5.887312 1528627638.443277 0.000102 0.000122 0.000698 36.317893
5.899287 1528627638.455252 0.000102 0.000120 0.000697 36.536827
5.912423 1528627638.468388 0.000102 0.000117 0.000691 37.364708
5.924213 1528627638.480178 0.000102 0.000118 0.000686 37.520353
5.936729 1528627638.492694 0.000102 0.000118 0.000688 37.576281
5.949628 1528627638.505593 0.000102 0.000119 0.000691 37.578764
5.961814 1528627638.517779 0.000102 0.000119 0.000690 37.674215
5.976041 1528627638.532006 0.000103 0.000118 0.000689 37.759371
5.988174 1528627638.544139 0.000103 0.000119 0.000689 37.824299
6.000233 1528627638.556198 0.000103 0.000120 0.000690 37.755182
6.011606 1528627638.567570 0.000103 0.000120 0.000689 37.793241
6.024029 1528627638.579994 0.000103 0.000118 0.000687 37.959826
6.036465 1528627638.592430 0.000103 0.000120 0.000687 37.990879
6.049100 1528627638.605065 0.000103 0.000120 0.000686 38.083328
6.061798 1528627638.617763 0.000103 0.000121 0.000686 38.154786
6.074477 1528627638.630442 0.000103 0.000120 0.000690 38.154756
6.086558 1528627638.642523 0.000103 0.000122 0.000690 38.103922
6.099259 1528627638.655224 0.000103 0.000122 0.000687 38.400696
6.112380 1528627638.668345 0.000103 0.000122 0.000687 38.388785
6.126082 1528627638.682047 0.000104 0.000122 0.000687 38.290698
6.137980 1528627638.693945 0.000104 0.000123 0.000687 38.370070
6.149879 1528627638.705843 0.000104 0.000123 0.000684 38.466363
6.162791 1528627638.718756 0.000104 0.000123 0.000685 38.562025
6.174881 1528627638.730846 0.000104 0.000123 0.000686 38.490488
6.187090 1528627638.743055 0.000104 0.000124 0.000685 38.545321
6.199383 1528627638.755348 0.000104 0.000124 0.000685 38.523127
6.212918 1528627638.768883 0.000104 0.000123 0.000687 38.637398
6.226246 1528627638.782211 0.000104 0.000124 0.000686 38.551557
6.238186 1528627638.794151 0.000105 0.000124 0.000686 38.548218
6.250352 1528627638.806317 0.000105 0.000124 0.000685 38.564141
6.262738 1528627638.818703 0.000105 0.000124 0.000682 38.471537
6.274539 1528627638.830504 0.000105 0.000124 0.000685 38.458842
6.286585 1528627638.842550 0.000105 0.000124 0.000685 38.501329
6.299334 1528627638.855299 0.000105 0.000124 0.000684 38.502180
6.314083 1528627638.870048 0.000105 0.000123 0.000688 38.616283
6.325139 1528627638.881104 0.000105 0.000125 0.000682 38.450458
6.337872 1528627638.893837 0.000105 0.000123 0.000682 38.392184
6.350204 1528627638.906169 0.000105 0.000124 0.000685 38.293220
6.361427 1528627638.917392 0.000105 0.000123 0.000683 38.437323
6.375343 1528627638.931308 0.000105 0.000126 0.000683 38.257583
6.386665 1528627638.942630 0.000105 0.000124 0.000679 38.324860
6.399076 1528627638.955041 0.000105 0.000123 0.000682 38.352345
6.411701 1528627638.967666 0.000105 0.000125 0.000682 38.228061
6.425883 1528627638.981848 0.000105 0.000125 0.000680 38.187494
6.437639 1528627638.993604 0.000105 0.000124 0.000681 38.346760
6.450186 1528627639.006151 0.000105 0.000124 0.000679 38.417589
6.461900 1528627639.017864 0.000105 0.000124 0.000678 38.445539
6.474195 1528627639.030159 0.000106 0.000124 0.000678 38.379713
6.488014 1528627639.043978 0.000106 0.000123 0.000681 38.392746
6.501109 1528627639.057074 0.000106 0.000125 0.000676 38.444757
6.513216 1528627639.069181 0.000106 0.000126 0.000677 38.430128
6.525080 1528627639.081045 0.000106 0.000125 0.000679 38.464639
6.536835 1528627639.092800 0.000106 0.000125 0.000677 38.543296
6.550213 1528627639.106178 0.000106 0.000125 0.000677 38.513310
6.562298 1528627639.118263 0.000106 0.000125 0.000677 38.516551
6.574546 1528627639.130511 0.000106 0.000125 0.000676 38.542385
6.587450 1528627639.143415 0.000106 0.000126 0.000676 38.505603
6.599385 1528627639.155350 0.000107 0.000126 0.000676 38.394647
6.611679 1528627639.167644 0.000107 0.000125 0.000675 38.448960
6.625263 1528627639.181228 0.000107 0.000125 0.000674 38.435965
6.639123 1528627639.195088 0.000107 0.000125 0.000676 38.496951
6.650724 1528627639.206689 0.000106 0.000130 0.000682 37.530096
6.662472 1528627639.218437 0.000107 0.000126 0.000675 38.313781
6.674201 1528627639.230166 0.000107 0.000126 0.000677 38.316870
6.686849 1528627639.242814 0.000107 0.000126 0.000673 38.296446
6.699975 1528627639.255940 0.000107 0.000126 0.000675 38.352338
6.711967 1528627639.267932 0.000107 0.000126 0.000677 38.356136
6.724277 1528627639.280242 0.000107 0.000125 0.000674 38.459700
6.736932 1528627639.292897 0.000107 0.000126 0.000676 38.341943
6.749611 1528627639.305576 0.000107 0.000125 0.000676 38.417410
6.761830 1528627639.317795 0.000107 0.000126 0.000675 38.360681
6.774420 1528627639.330385 0.000108 0.000126 0.000672 38.374516
6.786850 1528627639.342815 0.000107 0.000126 0.000676 38.409029
6.799923 1528627639.355888 0.000107 0.000126 0.000676 38.562273
6.811793 1528627639.367758 0.000108 0.000127 0.000676 38.400962
6.824588 1528627639.380553 0.000108 0.000128 0.000674 38.369401
6.837118 1528627639.393083 0.000108 0.000127 0.000677 38.472541
6.849744 1528627639.405709 0.000108 0.000128 0.000678 38.502001
6.862679 1528627639.418644 0.000108 0.000129 0.000675 38.404988
6.874905 1528627639.430870 0.000108 0.000128 0.000674 38.583647
6.887315 1528627639.443280 0.000109 0.000128 0.000679 38.696640
6.899525 1528627639.455490 0.000110 0.000125 0.000683 39.260073
6.912284 1528627639.468249 0.000111 0.000123 0.000698 39.623144
6.925099 1528627639.481064 0.000110 0.000124 0.000708 39.693847
6.937481 1528627639.493446 0.000110 0.000124 0.000712 39.588697
6.950352 1528627639.506317 0.000109 0.000125 0.000716 39.606009
6.963323 1528627639.519288 0.000109 0.000126 0.000715 39.578229
6.976582 1528627639.532547 0.000109 0.000126 0.000716 39.751528
6.987165 1528627639.543130 0.000109 0.000126 0.000713 39.760966
6.999389 1528627639.555354 0.000109 0.000125 0.000714 39.750413
7.012574 1528627639.568539 0.000109 0.000126 0.000714 39.633201
7.025676 1528627639.581641 0.000110 0.000126 0.000711 39.791022
7.038162 1528627639.594127 0.000109 0.000126 0.000715 39.834872
7.050146 1528627639.606111 0.000109 0.000127 0.000718 39.875170
7.062200 1528627639.618165 0.000110 0.000126 0.000712 40.019565
7.074341 1528627639.630306 0.000110 0.000127 0.000711 39.957586
7.086885 1528627639.642850 0.000110 0.000127 0.000716 39.914134
7.099931 1528627639.655896 0.000110 0.000126 0.000713 39.993127
7.111883 1528627639.667848 0.000110 0.000126 0.000710 39.979557
7.125356 1528627639.681321 0.000110 0.000127 0.000711 39.969547
7.137966 1528627639.693931 0.000110 0.000127 0.000713 40.007882
7.150614 1528627639.706579 0.000110 0.000126 0.000710 40.167038
7.162892 1528627639.718857 0.000111 0.000126 0.000709 40.259540
7.175205 1528627639.731169 0.000111 0.000126 0.000709 40.321783
7.187069 1528627639.743034 0.000111 0.000126 0.000708 40.372052
7.199647 1528627639.755612 0.000110 0.000126 0.000708 40.396957
7.212008 1528627639.767973 0.000110 0.000127 0.000707 40.310607
7.224733 1528627639.780698 0.000110 0.000127 0.000706 40.278728
7.237183 1528627639.793148 0.000110 0.000126 0.000705 40.366242
7.249600 1528627639.805565 0.000111 0.000126 0.000704 40.432527
7.263260 1528627639.819225 0.000111 0.000127 0.000703 40.497505
7.275150 1528627639.831115 0.000111 0.000126 0.000703 40.613809
7.288566 1528627639.844531 0.000111 0.000127 0.000702 40.497591
7.300137 1528627639.856102 0.000111 0.000127 0.000698 40.653920
7.313025 1528627639.868989 0.000111 0.000127 0.000697 40.695397
7.325567 1528627639.881532 0.000111 0.000126 0.000698 40.854047
7.337033 1528627639.892998 0.000111 0.000128 0.000697 40.792825
7.349296 1528627639.905261 0.000111 0.000128 0.000699 40.751412
7.362278 1528627639.918243 0.000111 0.000127 0.000700 40.840112
7.375018 1528627639.930983 0.000111 0.000128 0.000698 40.842041
7.386972 1528627639.942937 0.000111 0.000127 0.000696 40.877676
7.399569 1528627639.955534 0.000112 0.000128 0.000699 40.829826
7.412355 1528627639.968320 0.000111 0.000128 0.000698 40.915095
7.424305 1528627639.980270 0.000112 0.000128 0.000696 41.063711
7.437059 1528627639.993024 0.000111 0.000129 0.000692 41.308771
7.449454 1528627640.005419 0.000111 0.000127 0.000685 42.052325
7.462612 1528627640.018577 0.000110 0.000133 0.000691 41.907651
7.475221 1528627640.031186 0.000111 0.000126 0.000687 43.415117
7.487500 1528627640.043465 0.000109 0.000134 0.000713 42.451929
7.499611 1528627640.055576 0.000109 0.000135 0.000717 43.705213
7.511933 1528627640.067898 0.000109 0.000131 0.000713 45.777303
7.523927 1528627640.079892 0.000109 0.000136 0.000719 46.828805
7.536767 1528627640.092732 0.000108 0.000142 0.000712 49.052243
7.549506 1528627640.105471 0.000108 0.000151 0.000710 51.194001
7.561969 1528627640.117934 0.000109 0.000156 0.000727 53.963010
7.574411 1528627640.130376 0.000111 0.000167 0.000746 55.780041
7.587460 1528627640.143425 0.000115 0.000176 0.000791 57.839674
7.599642 1528627640.155607 0.000120 0.000175 0.000784 58.580325
7.612576 1528627640.168541 0.000130 0.000170 0.000782 59.296948
7.624306 1528627640.180271 0.000140 0.000159 0.000816 61.709087
7.636945 1528627640.192910 0.000150 0.000157 0.000859 64.116437
7.649956 1528627640.205921 0.000150 0.000190 0.000814 64.714300
7.661959 1528627640.217924 0.000156 0.000340 0.000761 70.342693
7.674526 1528627640.230491 0.000172 0.000619 0.000758 128.811896
7.686771 1528627640.242736 0.000326 0.000530 0.000670 43.417906
7.699475 1528627640.255440 0.000149 0.000574 0.001217 68.030283
7.711836 1528627640.267801 0.000233 0.000918 0.001675 79.472670
7.724624 1528627640.280589 0.000369 0.000515 0.001105 73.251412
7.736881 1528627640.292846 0.000139 0.000265 0.001211 39.601119
7.749648 1528627640.305613 0.000246 0.000748 0.001028 30.324313
7.762386 1528627640.318351 0.000153 0.000603 0.001307 14.468096
7.774297 1528627640.330262 0.000238 0.001064 0.001707 82.395156
7.787481 1528627640.343446 0.000287 0.000804 0.001900 72.871364
7.799817 1528627640.355782 0.000315 0.000364 0.001094 36.413162
7.812762 1528627640.368727 0.000258 0.000384 0.001454 39.172079
7.824795 1528627640.380760 0.000190 0.000626 0.001478 35.794330
7.837229 1528627640.393193 0.000267 0.000921 0.001653 80.478123
7.853910 1528627640.409875 0.000501 0.000631 0.001518 97.545706
7.862283 1528627640.418248 0.000312 0.000467 0.001076 47.865160
7.874631 1528627640.430596 0.000135 0.000297 0.001130 50.538711
7.886958 1528627640.442923 0.000169 0.000452 0.001100 54.440586
7.899413 1528627640.455378 0.000159 0.000244 0.001033 56.412758
7.912113 1528627640.468078 0.000111 0.000585 0.002161 92.824998
7.925580 1528627640.481545 0.000316 0.000477 0.001620 80.025869
7.938067 1528627640.494032 0.000244 0.000412 0.001165 47.583992
7.950390 1528627640.506355 0.000144 0.000286 0.001391 44.178264
7.962128 1528627640.518093 0.000123 0.000371 0.001377 42.004001
7.974261 1528627640.530226 0.000108 0.000618 0.001268 45.609730
7.987403 1528627640.543368 0.000073 0.000502 0.001012 56.484883
7.999136 1528627640.555101 0.000311 0.000573 0.001120 89.353752
8.011962 1528627640.567927 0.000227 0.000578 0.000754 59.971905
8.025729 1528627640.581694 0.000163 0.000272 0.000943 46.472182
8.038036 1528627640.594001 0.000141 0.000498 0.001167 27.135651
8.050570 1528627640.606535 0.000194 0.000550 0.000979 36.886667
8.062403 1528627640.618368 0.000071 0.000573 0.000915 56.350639
8.075012 1528627640.630977 0.000154 0.000759 0.001591 96.662905
8.087097 1528627640.643062 0.000293 0.000516 0.001046 73.903376
8.100249 1528627640.656214 0.000149 0.000368 0.001160 53.898272
8.112333 1528627640.668298 0.000129 0.000412 0.001435 44.399152
8.125988 1528627640.681953 0.000168 0.000461 0.001330 42.182128
8.138375 1528627640.694340 0.000154 0.000375 0.001184 52.796624
8.150096 1528627640.706061 0.000200 0.000982 0.001463 94.212497
8.161929 1528627640.717894 0.000376 0.000661 0.001235 68.786632
8.174772 1528627640.730737 0.000143 0.000529 0.001287 44.397912
8.189835 1528627640.745800 0.000214 0.000511 0.000930 43.926394
8.200317 1528627640.756282 0.000202 0.000656 0.001086 30.051516
8.212781 1528627640.768746 0.000342 0.000622 0.000997 51.308229
8.225919 1528627640.781884 0.000195 0.000752 0.001766 78.927268
8.237923 1528627640.793888 0.000203 0.000880 0.001714 88.462738
8.250396 1528627640.806361 0.000278 0.000818 0.000941 72.839069
8.263024 1528627640.818989 0.000156 0.000491 0.000954 73.686288
8.274749 1528627640.830714 0.000148 0.000481 0.000649 58.885426
8.287309 1528627640.843274 0.000186 0.000341 0.000635 53.522709
8.299653 1528627640.855618 0.000157 0.000243 0.000662 48.007483
8.311897 1528627640.867862 0.000126 0.000197 0.000696 44.191644
8.324410 1528627640.880375 0.000124 0.000173 0.000702 43.611571
8.337292 1528627640.893257 0.000120 0.000157 0.000727 43.350249
8.349835 1528627640.905800 0.000117 0.000146 0.000736 42.482706
8.362136 1528627640.918101 0.000118 0.000139 0.000723 41.751675
8.375659 1528627640.931624 0.000120 0.000135 0.000723 41.828887
8.387254 1528627640.943219 0.000120 0.000133 0.000726 42.272272
8.399781 1528627640.955746 0.000120 0.000133 0.000724 42.640896
8.412539 1528627640.968504 0.000119 0.000132 0.000721 42.757734
8.425467 1528627640.981432 0.000119 0.000129 0.000715 43.098137
8.438298 1528627640.994263 0.000119 0.000131 0.000713 43.126867
8.451811 1528627641.007776 0.000119 0.000128 0.000711 43.610225
8.462985 1528627641.018950 0.000120 0.000128 0.000710 43.781119
8.476125 1528627641.032090 0.000118 0.000127 0.000722 44.541734
8.486437 1528627641.042402 0.000118 0.000128 0.000726 44.907590
8.499764 1528627641.055729 0.000117 0.000128 0.000731 45.118184
8.511915 1528627641.067880 0.000118 0.000139 0.000726 44.221408
8.524373 1528627641.080338 0.000116 0.000132 0.000731 44.617981
8.536691 1528627641.092656 0.000117 0.000132 0.000722 43.799362
8.549674 1528627641.105639 0.000117 0.000132 0.000711 43.068059
8.562211 1528627641.118176 0.000117 0.000133 0.000697 42.676862
8.575398 1528627641.131363 0.000115 0.000134 0.000691 42.569787
8.587407 1528627641.143372 0.000115 0.000135 0.000688 42.848367
8.600346 1528627641.156311 0.000113 0.000137 0.000690 42.975736
8.612465 1528627641.168430 0.000113 0.000132 0.000685 43.657026
8.625128 1528627641.181093 0.000112 0.000129 0.000689 43.784289
8.637270 1528627641.193235 0.000111 0.000138 0.000690 42.881657
8.649690 1528627641.205655 0.000111 0.000141 0.000691 42.679918
8.662652 1528627641.218617 0.000111 0.000143 0.000690 42.690620
8.675142 1528627641.231107 0.000111 0.000140 0.000695 43.117191
8.687546 1528627641.243511 0.000111 0.000141 0.000691 43.069731
8.700545 1528627641.256510 0.000112 0.000141 0.000697 43.228033
8.712638 1528627641.268603 0.000111 0.000141 0.000703 43.140094
8.725473 1528627641.281438 0.000112 0.000142 0.000698 42.743983
8.738079 1528627641.294044 0.000113 0.000142 0.000698 42.560668
8.750137 1528627641.306102 0.000113 0.000141 0.000697 42.663348
8.762063 1528627641.318028 0.000113 0.000138 0.000698 42.930349
8.775129 1528627641.331094 0.000113 0.000139 0.000698 43.012238
8.787340 1528627641.343305 0.000113 0.000139 0.000697 42.893213
8.800679 1528627641.356644 0.000114 0.000137 0.000699 43.058982
8.812273 1528627641.368237 0.000114 0.000138 0.000703 43.072927
8.824437 1528627641.380402 0.000113 0.000137 0.000710 43.205622
8.836886 1528627641.392851 0.000113 0.000138 0.000711 43.331884
8.849652 1528627641.405617 0.000113 0.000137 0.000716 43.611054
8.862026 1528627641.417991 0.000113 0.000137 0.000720 43.658552
8.874354 1528627641.430319 0.000112 0.000136 0.000721 43.842379
8.886861 1528627641.442826 0.000112 0.000135 0.000719 43.838545
8.899292 1528627641.455256 0.000113 0.000135 0.000719 43.787667
8.911961 1528627641.467926 0.000112 0.000135 0.000717 43.700160
8.924289 1528627641.480254 0.000112 0.000136 0.000722 43.591856
8.937028 1528627641.492993 0.000113 0.000135 0.000719 43.696275
8.949638 1528627641.505603 0.000113 0.000135 0.000723 43.675102
8.962484 1528627641.518449 0.000112 0.000135 0.000718 43.741494
8.974793 1528627641.530758 0.000113 0.000134 0.000725 43.630450
8.988386 1528627641.544351 0.000114 0.000135 0.000722 44.189948
9.000583 1528627641.556548 0.000113 0.000134 0.000734 44.028179
9.013661 1528627641.569626 0.000112 0.000132 0.000741 44.385332
9.025445 1528627641.581410 0.000111 0.000132 0.000748 44.389023
9.037137 1528627641.593102 0.000110 0.000132 0.000755 44.537053
9.049795 1528627641.605760 0.000110 0.000133 0.000757 44.632579
9.062555 1528627641.618520 0.000109 0.000132 0.000762 44.864687
9.074804 1528627641.630769 0.000109 0.000132 0.000757 44.739832
9.087134 1528627641.643099 0.000109 0.000132 0.000757 44.867508
9.100439 1528627641.656404 0.000110 0.000133 0.000756 45.015174
9.112418 1528627641.668383 0.000110 0.000134 0.000755 45.140363
9.124595 1528627641.680560 0.000110 0.000133 0.000758 45.303976
9.137618 1528627641.693583 0.000110 0.000133 0.000757 45.266672
9.150000 1528627641.705965 0.000110 0.000134 0.000758 45.493530
9.161859 1528627641.717824 0.000110 0.000133 0.000759 45.513815
9.174882 1528627641.730847 0.000110 0.000134 0.000753 45.304362
9.188865 1528627641.744830 0.000111 0.000133 0.000754 45.360533
9.200853 1528627641.756818 0.000110 0.000134 0.000753 45.309756
9.213566 1528627641.769531 0.000111 0.000134 0.000748 45.298725
9.225738 1528627641.781703 0.000111 0.000134 0.000747 45.234052
9.238034 1528627641.793999 0.000111 0.000134 0.000747 45.245504
9.250566 1528627641.806531 0.000110 0.000134 0.000753 45.095438
9.263411 1528627641.819376 0.000111 0.000135 0.000747 45.141425
9.274982 1528627641.830947 0.000110 0.000134 0.000750 45.024557
9.287518 1528627641.843483 0.000110 0.000135 0.000748 44.923905
9.299894 1528627641.855859 0.000110 0.000135 0.000750 44.965196
9.313094 1528627641.869059 0.000110 0.000135 0.000749 45.073374
9.326236 1528627641.882201 0.000111 0.000135 0.000745 45.154073
9.337600 1528627641.893565 0.000111 0.000134 0.000749 44.980877
9.350676 1528627641.906641 0.000111 0.000135 0.000745 44.888652
9.362685 1528627641.918650 0.000111 0.000135 0.000741 44.939821
9.375360 1528627641.931325 0.000111 0.000134 0.000740 44.925814
9.388238 1528627641.944203 0.000111 0.000134 0.000742 45.009155
9.400008 1528627641.955973 0.000110 0.000134 0.000744 44.827026
9.412717 1528627641.968682 0.000111 0.000135 0.000738 44.928678
9.425891 1528627641.981856 0.000111 0.000135 0.000738 44.906512
9.437560 1528627641.993525 0.000111 0.000136 0.000740 44.854880
9.449922 1528627642.005887 0.000111 0.000134 0.000734 44.938893
9.464124 1528627642.020089 0.000111 0.000135 0.000740 44.974085
9.475065 1528627642.031030 0.000112 0.000137 0.000736 44.870896
9.487702 1528627642.043667 0.000111 0.000136 0.000738 44.944269
9.500236 1528627642.056201 0.000112 0.000136 0.000737 45.000034
9.513348 1528627642.069313 0.000111 0.000139 0.000741 44.882704
9.525183 1528627642.081148 0.000111 0.000141 0.000747 45.401527
9.537365 1528627642.093330 0.000111 0.000140 0.000759 46.082923
9.550039 1528627642.106004 0.000114 0.000140 0.000800 47.653796
9.563259 1528627642.119224 0.000134 0.000153 0.000931 47.604872
9.575886 1528627642.131851 0.000135 0.000154 0.000804 48.375241
9.588618 1528627642.144583 0.000112 0.000154 0.000706 52.222830
9.601537 1528627642.157502 0.000110 0.000156 0.000773 56.098848
9.613038 1528627642.169003 0.000114 0.000168 0.000894 60.654538
9.625309 1528627642.181274 0.000117 0.000177 0.000877 63.839762
9.637044 1528627642.193009 0.000121 0.000180 0.000824 65.467303
9.649658 1528627642.205623 0.000135 0.000172 0.000817 67.221443
9.662062 1528627642.218027 0.000146 0.000175 0.000850 68.423024
9.675004 1528627642.230969 0.000151 0.000171 0.000888 68.645903
9.687468 1528627642.243433 0.000135 0.000152 0.000904 69.918584
9.699724 1528627642.255689 0.000148 0.000157 0.000899 69.775099
9.712687 1528627642.268652 0.000161 0.000210 0.000887 66.697018
9.725624 1528627642.281589 0.000143 0.000383 0.000802 72.587363
9.737342 1528627642.293307 0.000167 0.000651 0.000843 140.693618
9.750192 1528627642.306157 0.000255 0.000520 0.000752 30.810199
9.762450 1528627642.318415 0.000159 0.000618 0.001636 60.166423
9.775148 1528627642.331113 0.000296 0.000648 0.001835 93.510523
9.787510 1528627642.343475 0.000357 0.000527 0.001266 67.989684
9.799941 1528627642.355906 0.000175 0.000272 0.001252 37.446357
9.813308 1528627642.369272 0.000210 0.000779 0.001378 32.989559
9.825667 1528627642.381632 0.000195 0.000638 0.001291 15.879387
9.837528 1528627642.393493 0.000229 0.000968 0.001974 96.863567
9.850085 1528627642.406050 0.000370 0.000530 0.001541 73.900799
9.862741 1528627642.418706 0.000252 0.000319 0.001160 34.312369
9.875882 1528627642.431847 0.000230 0.000571 0.001342 44.929097
9.887549 1528627642.443514 0.000140 0.000486 0.001337 35.410737
9.901110 1528627642.457075 0.000259 0.000821 0.001860 79.704767
9.912740 1528627642.468705 0.000249 0.000716 0.001334 84.767219
9.925297 1528627642.481262 0.000214 0.000348 0.001025 55.135222
9.938394 1528627642.494359 0.000152 0.000244 0.001039 51.133659
9.949870 1528627642.505835 0.000227 0.000497 0.001043 57.073542
9.962579 1528627642.518544 0.000121 0.000175 0.001050 62.516589
9.975003 1528627642.530967 0.000119 0.000473 0.002289 93.160132
9.987613 1528627642.543578 0.000271 0.000412 0.001313 66.814947
10.000119 1528627642.556084 0.000157 0.000334 0.001181 41.389895
10.012558 1528627642.568522 0.000197 0.000371 0.001304 41.578075
10.024922 1528627642.580887 0.000155 0.000588 0.001512 39.918269
10.038285 1528627642.594250 0.000097 0.000535 0.001118 54.424109
10.049871 1528627642.605836 0.000132 0.000746 0.001168 88.190987
10.062713 1528627642.618678 0.000268 0.000574 0.000987 80.365672
10.074493 1528627642.630458 0.000113 0.000334 0.000957 50.742182
10.087145 1528627642.643110 0.000196 0.000425 0.001063 34.305382
10.099613 1528627642.655578 0.000158 0.000475 0.001048 35.658618
10.112074 1528627642.668039 0.000087 0.000758 0.001054 80.971024
10.124358 1528627642.680323 0.000135 0.000758 0.001419 75.223756
10.136900 1528627642.692865 0.000289 0.000611 0.001177 79.124069
10.149573 1528627642.705538 0.000187 0.000362 0.001093 53.277616
10.162273 1528627642.718238 0.000113 0.000491 0.001203 40.209165
10.174612 1528627642.730577 0.000166 0.000601 0.000947 50.330660
10.186884 1528627642.742849 0.000087 0.000847 0.000922 85.271833
10.199800 1528627642.755764 0.000223 0.000930 0.001213 83.071983
10.212137 1528627642.768102 0.000231 0.000774 0.001219 109.222198
10.224629 1528627642.780594 0.000222 0.000388 0.001102 53.665574
10.236869 1528627642.792834 0.000198 0.000640 0.000863 27.738580
10.249506 1528627642.805471 0.000216 0.000528 0.000889 29.007301
10.261997 1528627642.817962 0.000329 0.000722 0.000882 51.321645
10.274381 1528627642.830346 0.000183 0.000743 0.001352 102.585589
10.286882 1528627642.842847 0.000184 0.000814 0.001036 106.589169
10.299844 1528627642.855809 0.000154 0.000538 0.000823 59.870151
10.312261 1528627642.868226 0.000190 0.000349 0.000785 60.183046
10.324562 1528627642.880527 0.000144 0.000257 0.000727 55.196070
10.337007 1528627642.892972 0.000134 0.000240 0.000621 54.443008
10.349402 1528627642.905367 0.000135 0.000192 0.000633 53.410523
10.362237 1528627642.918202 0.000129 0.000159 0.000705 52.842821
10.374570 1528627642.930535 0.000126 0.000151 0.000682 50.482451
10.386903 1528627642.942868 0.000126 0.000148 0.000668 51.054291
10.399691 1528627642.955656 0.000125 0.000147 0.000666 50.709036
10.412932 1528627642.968897 0.000124 0.000143 0.000676 50.727572
10.426260 1528627642.982225 0.000125 0.000140 0.000689 50.872380
10.437482 1528627642.993447 0.000126 0.000141 0.000687 51.647798
10.449929 1528627643.005894 0.000125 0.000139 0.000717 51.271539
10.462032 1528627643.017997 0.000128 0.000137 0.000664 50.446749
10.474307 1528627643.030272 0.000128 0.000132 0.000719 50.024798
10.487437 1528627643.043402 0.000127 0.000134 0.000745 50.259408
10.499782 1528627643.055747 0.000126 0.000134 0.000727 49.737267
10.512541 1528627643.068506 0.000126 0.000130 0.000698 48.685366
10.524843 1528627643.080808 0.000127 0.000129 0.000641 47.676546
10.537913 1528627643.093878 0.000125 0.000128 0.000650 47.773668
10.550365 1528627643.106330 0.000125 0.000128 0.000660 47.996994
10.563213 1528627643.119178 0.000124 0.000129 0.000652 47.900830
10.574856 1528627643.130821 0.000124 0.000128 0.000642 47.434823
10.587322 1528627643.143287 0.000122 0.000125 0.000641 47.320557
10.600035 1528627643.156000 0.000121 0.000125 0.000658 47.284393
10.612496 1528627643.168461 0.000123 0.000124 0.000707 47.784278
10.625146 1528627643.181111 0.000121 0.000123 0.000703 47.516646
10.637600 1528627643.193565 0.000120 0.000123 0.000692 46.962532
10.650090 1528627643.206055 0.000119 0.000123 0.000648 46.225027
10.662584 1528627643.218549 0.000117 0.000123 0.000658 46.287562
10.675439 1528627643.231404 0.000119 0.000122 0.000715 46.749987
10.688242 1528627643.244207 0.000118 0.000121 0.000710 46.476085
10.700725 1528627643.256690 0.000118 0.000122 0.000646 45.762694
10.713288 1528627643.269253 0.000117 0.000122 0.000659 45.798321
10.725541 1528627643.281506 0.000115 0.000121 0.000719 46.269677
10.738156 1528627643.294121 0.000116 0.000120 0.000732 46.348535
10.751242 1528627643.307207 0.000117 0.000118 0.000711 45.739445
10.763286 1528627643.319251 0.000117 0.000119 0.000655 45.279049
10.775668 1528627643.331633 0.000114 0.000120 0.000661 45.246648
10.788978 1528627643.344943 0.000116 0.000119 0.000673 45.422975
10.800535 1528627643.356500 0.000117 0.000119 0.000668 45.401920
10.813602 1528627643.369567 0.000116 0.000117 0.000703 45.478954
10.825749 1528627643.381714 0.000114 0.000119 0.000652 45.170493
10.838496 1528627643.394461 0.000114 0.000118 0.000706 45.020146
10.850621 1528627643.406586 0.000111 0.000121 0.000756 44.523886
10.863221 1528627643.419186 0.000111 0.000122 0.000765 44.123613
10.876452 1528627643.432417 0.000110 0.000123 0.000755 43.497515
10.887757 1528627643.443722 0.000110 0.000125 0.000693 42.368736
10.900573 1528627643.456538 0.000109 0.000125 0.000694 41.890956
10.912318 1528627643.468282 0.000108 0.000126 0.000741 41.909885
10.925240 1528627643.481205 0.000108 0.000126 0.000730 41.480781
10.938031 1528627643.493996 0.000108 0.000126 0.000693 41.050218
10.950094 1528627643.506059 0.000107 0.000124 0.000686 41.216377
10.962727 1528627643.518692 0.000107 0.000125 0.000688 41.109993
10.975892 1528627643.531857 0.000108 0.000128 0.000697 40.674856
10.988710 1528627643.544675 0.000107 0.000125 0.000697 41.004429
11.002317 1528627643.558282 0.000107 0.000123 0.000690 40.872932
11.013463 1528627643.569428 0.000106 0.000124 0.000684 40.724610
11.025276 1528627643.581241 0.000106 0.000123 0.000692 40.592521
11.037454 1528627643.593419 0.000106 0.000123 0.000702 40.967656
11.050855 1528627643.606820 0.000106 0.000123 0.000706 41.170787
11.063339 1528627643.619304 0.000106 0.000122 0.000746 41.501451
11.075531 1528627643.631496 0.000106 0.000123 0.000740 41.712838
11.087112 1528627643.643077 0.000105 0.000122 0.000741 41.459960
11.099846 1528627643.655811 0.000105 0.000121 0.000749 41.569235
11.113542 1528627643.669507 0.000109 0.000121 0.000729 41.926210
11.126009 1528627643.681974 0.000109 0.000117 0.000731 41.788813
11.138602 1528627643.694567 0.000111 0.000115 0.000683 41.108395
11.150879 1528627643.706844 0.000110 0.000114 0.000693 41.385804
11.162665 1528627643.718630 0.000109 0.000113 0.000696 41.411926
11.174909 1528627643.730874 0.000109 0.000113 0.000695 41.018452
11.187845 1528627643.743809 0.000109 0.000113 0.000703 40.595088
11.200597 1528627643.756562 0.000109 0.000114 0.000705 40.681928
11.212655 1528627643.768620 0.000110 0.000112 0.000693 40.443302
11.225579 1528627643.781543 0.000110 0.000114 0.000691 40.039995
11.237732 1528627643.793697 0.000110 0.000113 0.000689 39.903443
11.250621 1528627643.806586 0.000109 0.000112 0.000686 39.785276
11.263257 1528627643.819222 0.000110 0.000113 0.000686 39.586223
11.275978 1528627643.831943 0.000109 0.000112 0.000686 39.580748
11.287782 1528627643.843747 0.000109 0.000112 0.000687 39.517099
11.300206 1528627643.856171 0.000110 0.000113 0.000686 39.531185
11.312974 1528627643.868939 0.000110 0.000112 0.000687 39.609641
11.325550 1528627643.881515 0.000110 0.000111 0.000688 39.683675
11.337883 1528627643.893848 0.000109 0.000114 0.000685 39.458985
11.350672 1528627643.906637 0.000109 0.000113 0.000684 39.495743
11.362683 1528627643.918648 0.000109 0.000112 0.000681 39.300884
11.374988 1528627643.930953 0.000109 0.000112 0.000679 39.271985
11.387329 1528627643.943294 0.000108 0.000112 0.000682 39.055307
11.400241 1528627643.956206 0.000108 0.000111 0.000676 38.882736
11.412798 1528627643.968763 0.000108 0.000112 0.000676 38.604183
11.426371 1528627643.982336 0.000108 0.000112 0.000674 38.555359
11.438148 1528627643.994113 0.000107 0.000112 0.000674 38.536631
11.450253 1528627644.006217 0.000108 0.000111 0.000669 38.670959
11.462396 1528627644.018361 0.000107 0.000113 0.000669 38.625163
11.474877 1528627644.030842 0.000108 0.000112 0.000673 38.691904
11.488419 1528627644.044384 0.000108 0.000112 0.000673 38.605506
11.500966 1528627644.056931 0.000108 0.000111 0.000669 38.662362
11.512509 1528627644.068474 0.000107 0.000112 0.000669 38.593144
11.524977 1528627644.080942 0.000108 0.000110 0.000669 38.745086
11.538554 1528627644.094519 0.000108 0.000110 0.000667 38.777530
11.551169 1528627644.107134 0.000107 0.000111 0.000668 38.817049
11.562607 1528627644.118572 0.000108 0.000113 0.000664 38.720197
11.574952 1528627644.130917 0.000108 0.000113 0.000668 38.793923
11.588842 1528627644.144807 0.000108 0.000112 0.000666 38.995281
11.601331 1528627644.157295 0.000108 0.000112 0.000659 39.057781
11.613302 1528627644.169267 0.000108 0.000113 0.000665 39.013035
11.625452 1528627644.181417 0.000108 0.000112 0.000663 39.131701
11.638035 1528627644.194000 0.000108 0.000112 0.000666 39.214435
11.650220 1528627644.206185 0.000108 0.000112 0.000669 39.251481
11.662872 1528627644.218837 0.000109 0.000113 0.000668 39.330157
11.675718 1528627644.231683 0.000109 0.000114 0.000666 39.358544
11.689066 1528627644.245031 0.000109 0.000113 0.000669 39.417724
11.700360 1528627644.256325 0.000110 0.000114 0.000671 39.454611
11.712957 1528627644.268922 0.000110 0.000113 0.000667 39.786410
11.725435 1528627644.281399 0.000110 0.000114 0.000673 39.665363
11.737930 1528627644.293895 0.000110 0.000115 0.000669 39.803479
11.750659 1528627644.306624 0.000111 0.000117 0.000663 39.741083
11.763782 1528627644.319746 0.000110 0.000115 0.000671 39.959668
11.775733 1528627644.331698 0.000110 0.000116 0.000667 39.863991
11.788268 1528627644.344233 0.000111 0.000116 0.000665 39.932954
11.800929 1528627644.356894 0.000111 0.000116 0.000669 40.122100
11.812979 1528627644.368943 0.000111 0.000117 0.000668 40.102647
11.825576 1528627644.381541 0.000111 0.000118 0.000677 40.094311
11.838010 1528627644.393975 0.000110 0.000119 0.000679 39.996360
11.850365 1528627644.406330 0.000108 0.000120 0.000686 40.007077
11.863471 1528627644.419436 0.000107 0.000120 0.000694 40.125668
11.875416 1528627644.431381 0.000107 0.000120 0.000697 40.376518
11.887977 1528627644.443942 0.000106 0.000120 0.000701 40.518933
11.900594 1528627644.456558 0.000106 0.000120 0.000707 40.626886
11.912684 1528627644.468649 0.000106 0.000120 0.000707 40.757919
11.925498 1528627644.481463 0.000106 0.000121 0.000708 40.800200
11.937692 1528627644.493657 0.000106 0.000121 0.000706 40.741239
11.950267 1528627644.506232 0.000106 0.000121 0.000703 40.693872
11.962786 1528627644.518751 0.000105 0.000121 0.000701 40.711139
11.976465 1528627644.532430 0.000105 0.000121 0.000704 40.692557
11.989144 1528627644.545109 0.000105 0.000120 0.000706 40.790166
12.001038 1528627644.557003 0.000105 0.000120 0.000703 40.811609
12.013344 1528627644.569309 0.000105 0.000121 0.000704 40.792700
12.026714 1528627644.582679 0.000105 0.000121 0.000703 40.674181
12.038397 1528627644.594362 0.000105 0.000119 0.000704 40.773620
12.051072 1528627644.607037 0.000105 0.000118 0.000703 40.746538
12.063988 1528627644.619953 0.000105 0.000118 0.000704 40.767928
12.075170 1528627644.631135 0.000105 0.000119 0.000703 40.699811
12.088045 1528627644.644010 0.000105 0.000119 0.000704 40.790135
12.100295 1528627644.656260 0.000105 0.000118 0.000706 40.798754
12.113286 1528627644.669251 0.000105 0.000118 0.000705 40.769808
12.126125 1528627644.682090 0.000105 0.000119 0.000705 40.740657
12.138651 1528627644.694616 0.000105 0.000118 0.000704 40.807928
12.150125 1528627644.706090 0.000105 0.000120 0.000706 40.704179
12.162824 1528627644.718789 0.000105 0.000119 0.000705 40.664388
12.176944 1528627644.732909 0.000105 0.000118 0.000705 40.714303
12.187697 1528627644.743662 0.000105 0.000118 0.000703 40.637887
12.200237 1528627644.756202 0.000104 0.000119 0.000703 40.591837
12.212763 1528627644.768728 0.000104 0.000118 0.000704 40.548090
12.225062 1528627644.781027 0.000104 0.000118 0.000703 40.551623
12.237661 1528627644.793626 0.000104 0.000117 0.000703 40.612404
12.250213 1528627644.806178 0.000104 0.000118 0.000705 40.539952
12.262895 1528627644.818860 0.000104 0.000117 0.000702 40.687787
12.275437 1528627644.831402 0.000104 0.000117 0.000705 40.556157
12.287681 1528627644.843646 0.000104 0.000118 0.000703 40.487361
12.300255 1528627644.856220 0.000104 0.000118 0.000704 40.472763
12.312755 1528627644.868720 0.000104 0.000118 0.000703 40.442012
12.325164 1528627644.881129 0.000105 0.000119 0.000704 40.442160
12.338172 1528627644.894137 0.000105 0.000118 0.000704 40.472193
12.350328 1528627644.906293 0.000105 0.000119 0.000704 40.439160
12.363203 1528627644.919168 0.000105 0.000118 0.000702 40.569365
12.375177 1528627644.931142 0.000105 0.000119 0.000702 40.572247
12.388520 1528627644.944485 0.000105 0.000118 0.000705 40.673983
12.401715 1528627644.957680 0.000105 0.000120 0.000702 40.551071
12.413994 1528627644.969959 0.000105 0.000120 0.000704 40.628274
12.426254 1528627644.982219 0.000106 0.000120 0.000701 40.574819
12.439027 1528627644.994992 0.000106 0.000122 0.000704 40.561817
12.451471 1528627645.007436 0.000106 0.000122 0.000713 40.606306
12.463076 1528627645.019041 0.000105 0.000125 0.000722 40.349246
12.475072 1528627645.031037 0.000102 0.000125 0.000727 40.580559
12.487559 1528627645.043524 0.000102 0.000124 0.000730 40.552358
12.500039 1528627645.056004 0.000103 0.000124 0.000737 40.535385
12.512800 1528627645.068765 0.000103 0.000125 0.000741 40.417428
12.525177 1528627645.081141 0.000103 0.000125 0.000746 40.424705
12.537716 1528627645.093681 0.000103 0.000125 0.000745 40.427792
12.549874 1528627645.105839 0.000103 0.000124 0.000745 40.377099
12.563008 1528627645.118973 0.000103 0.000125 0.000747 40.268074
12.575124 1528627645.131089 0.000103 0.000125 0.000746 40.296491
12.587385 1528627645.143350 0.000102 0.000124 0.000748 40.366995
12.599918 1528627645.155883 0.000102 0.000124 0.000743 40.328476
12.612410 1528627645.168375 0.000102 0.000122 0.000744 40.376484
12.625199 1528627645.181164 0.000102 0.000123 0.000746 40.293808
12.637232 1528627645.193197 0.000102 0.000123 0.000745 40.358522
12.650078 1528627645.206043 0.000102 0.000123 0.000743 40.384862
12.662870 1528627645.218835 0.000102 0.000124 0.000741 40.129809
12.675145 1528627645.231110 0.000102 0.000123 0.000745 40.335953
12.687944 1528627645.243909 0.000102 0.000124 0.000744 40.190034
12.700877 1528627645.256842 0.000102 0.000122 0.000744 40.255342
12.714173 1528627645.270138 0.000102 0.000122 0.000743 40.328748
12.727264 1528627645.283229 0.000102 0.000123 0.000743 40.224141
12.739235 1528627645.295200 0.000101 0.000122 0.000746 40.252123
12.750997 1528627645.306962 0.000101 0.000122 0.000743 40.176677
12.763202 1528627645.319167 0.000102 0.000123 0.000742 39.979218
12.775323 1528627645.331288 0.000101 0.000121 0.000742 40.191641
12.788224 1528627645.344189 0.000101 0.000121 0.000746 40.162802
12.800291 1528627645.356256 0.000102 0.000123 0.000747 40.014931
12.812692 1528627645.368657 0.000101 0.000122 0.000743 39.997957
12.825609 1528627645.381574 0.000101 0.000121 0.000744 40.068305
12.837867 1528627645.393832 0.000101 0.000122 0.000744 39.914842
12.850280 1528627645.406245 0.000101 0.000123 0.000744 40.017217
12.862617 1528627645.418582 0.000101 0.000122 0.000747 40.006789
12.875094 1528627645.431059 0.000101 0.000122 0.000745 39.900051
12.887291 1528627645.443256 0.000101 0.000123 0.000748 39.873042
12.900118 1528627645.456083 0.000101 0.000122 0.000747 39.989079
12.912464 1528627645.468429 0.000101 0.000122 0.000746 39.907882
12.924982 1528627645.480947 0.000101 0.000122 0.000746 39.878379
12.937324 1528627645.493289 0.000102 0.000122 0.000743 39.776293
12.949900 1528627645.505865 0.000104 0.000122 0.000733 39.415037
12.962534 1528627645.518499 0.000107 0.000120 0.000730 39.363627
12.974887 1528627645.530852 0.000108 0.000116 0.000729 39.507452
12.987455 1528627645.543420 0.000108 0.000118 0.000729 39.472635
12.999798 1528627645.555763 0.000108 0.000117 0.000729 39.610071
13.012433 1528627645.568398 0.000108 0.000119 0.000730 39.568982
13.025277 1528627645.581242 0.000109 0.000119 0.000733 39.605833
13.037492 1528627645.593457 0.000109 0.000119 0.000729 39.539398
13.049987 1528627645.605952 0.000108 0.000120 0.000732 39.430345
13.062480 1528627645.618445 0.000108 0.000119 0.000730 39.304436
13.075146 1528627645.631111 0.000109 0.000120 0.000731 39.245003
13.088364 1528627645.644329 0.000109 0.000120 0.000730 39.181540
13.100853 1528627645.656818 0.000109 0.000120 0.000729 39.218219
13.113756 1528627645.669721 0.000109 0.000120 0.000730 39.326680
13.126467 1528627645.682431 0.000109 0.000118 0.000729 39.366485
13.138848 1528627645.694813 0.000109 0.000120 0.000731 39.411506
