-4.013975 1529183827.728242 0.000144 0.000179 0.000625 34.725931
-4.001718 1529183827.740499 0.000144 0.000180 0.000618 34.689157
-3.989909 1529183827.752308 0.000144 0.000179 0.000623 34.821118
-3.977573 1529183827.764644 0.000145 0.000178 0.000625 34.799925
-3.965318 1529183827.776899 0.000144 0.000180 0.000619 34.678514
-3.952464 1529183827.789753 0.000144 0.000180 0.000620 34.704077
-3.939901 1529183827.802316 0.000145 0.000179 0.000613 34.769211
-3.927344 1529183827.814873 0.000144 0.000180 0.000634 34.867717
-3.915056 1529183827.827161 0.000144 0.000181 0.000617 34.697410
-3.902768 1529183827.839449 0.000144 0.000179 0.000629 34.847723
-3.890520 1529183827.851697 0.000144 0.000179 0.000626 34.828561
-3.877855 1529183827.864362 0.000144 0.000181 0.000607 34.656733
-3.864297 1529183827.877920 0.000144 0.000182 0.000619 34.752197
-3.851954 1529183827.890263 0.000144 0.000179 0.000621 34.822308
-3.839450 1529183827.902767 0.000144 0.000177 0.000630 34.808713
-3.827032 1529183827.915185 0.000144 0.000178 0.000633 34.866145
-3.814303 1529183827.927914 0.000145 0.000179 0.000620 34.758914
-3.801848 1529183827.940369 0.000145 0.000181 0.000618 34.706303
-3.789706 1529183827.952511 0.000145 0.000180 0.000619 34.754316
-3.776849 1529183827.965368 0.000145 0.000181 0.000621 34.842464
-3.764956 1529183827.977262 0.000146 0.000181 0.000618 34.780435
-3.752749 1529183827.989468 0.000147 0.000179 0.000618 34.793244
-3.739923 1529183828.002294 0.000146 0.000182 0.000616 34.796090
-3.727787 1529183828.014430 0.000146 0.000180 0.000626 34.869411
-3.715426 1529183828.026791 0.000147 0.000180 0.000616 34.872209
-3.702935 1529183828.039282 0.000147 0.000182 0.000618 34.897852
-3.690387 1529183828.051831 0.000147 0.000182 0.000618 34.933137
-3.677917 1529183828.064301 0.000147 0.000181 0.000619 35.021652
-3.665207 1529183828.077010 0.000147 0.000179 0.000631 34.973328
-3.651938 1529183828.090279 0.000147 0.000183 0.000612 34.858229
-3.639703 1529183828.102514 0.000147 0.000181 0.000616 34.985467
-3.627123 1529183828.115094 0.000146 0.000182 0.000621 35.369675
-3.615440 1529183828.126777 0.000144 0.000182 0.000622 36.112908
-3.602872 1529183828.139345 0.000144 0.000181 0.000627 36.704020
-3.590202 1529183828.152015 0.000145 0.000182 0.000618 36.973840
-3.577868 1529183828.164349 0.000148 0.000181 0.000623 36.951844
-3.564880 1529183828.177337 0.000147 0.000181 0.000619 36.670526
-3.552418 1529183828.189800 0.000147 0.000180 0.000623 36.543413
-3.540263 1529183828.201954 0.000148 0.000182 0.000615 36.378753
-3.527785 1529183828.214432 0.000146 0.000181 0.000623 36.455868
-3.514523 1529183828.227694 0.000147 0.000179 0.000623 36.514570
-3.502508 1529183828.239709 0.000146 0.000181 0.000615 36.444194
-3.489323 1529183828.252894 0.000145 0.000180 0.000616 36.423359
-3.476769 1529183828.265448 0.000145 0.000180 0.000618 36.376112
-3.464447 1529183828.277770 0.000146 0.000181 0.000618 36.440268
-3.451824 1529183828.290393 0.000145 0.000180 0.000618 36.442441
-3.439995 1529183828.302222 0.000145 0.000180 0.000614 36.418604
-3.427836 1529183828.314381 0.000144 0.000180 0.000621 36.511881
-3.413900 1529183828.328317 0.000143 0.000180 0.000627 36.511599
-3.401041 1529183828.341176 0.000144 0.000179 0.000619 36.415573
-3.389471 1529183828.352746 0.000143 0.000179 0.000616 36.324756
-3.377093 1529183828.365124 0.000143 0.000180 0.000620 36.329621
-3.365109 1529183828.377108 0.000142 0.000180 0.000617 36.366225
-3.352712 1529183828.389505 0.000143 0.000179 0.000616 36.363943
-3.340665 1529183828.401552 0.000142 0.000178 0.000629 36.394842
-3.327643 1529183828.414574 0.000141 0.000179 0.000622 36.378728
-3.315270 1529183828.426947 0.000141 0.000179 0.000621 36.329100
-3.302948 1529183828.439269 0.000141 0.000180 0.000615 36.283662
-3.288891 1529183828.453326 0.000141 0.000178 0.000635 36.401270
-3.278056 1529183828.464161 0.000141 0.000180 0.000622 36.248859
-3.265348 1529183828.476869 0.000141 0.000178 0.000624 36.355758
-3.252572 1529183828.489645 0.000141 0.000180 0.000621 36.264839
-3.239773 1529183828.502444 0.000141 0.000180 0.000616 36.260257
-3.227220 1529183828.514997 0.000142 0.000181 0.000616 36.139200
-3.215048 1529183828.527169 0.000141 0.000178 0.000630 36.279476
-3.202238 1529183828.539979 0.000141 0.000180 0.000624 36.236110
-3.189919 1529183828.552298 0.000142 0.000180 0.000620 36.256484
-3.177233 1529183828.564985 0.000141 0.000180 0.000620 36.121800
-3.164890 1529183828.577327 0.000141 0.000181 0.000614 36.084576
-3.152430 1529183828.589787 0.000141 0.000179 0.000633 36.248121
-3.139763 1529183828.602454 0.000141 0.000181 0.000619 36.050144
-3.127393 1529183828.614824 0.000141 0.000180 0.000620 36.138447
-3.115083 1529183828.627134 0.000141 0.000181 0.000618 36.038459
-3.102233 1529183828.639984 0.000142 0.000182 0.000614 36.147896
-3.089880 1529183828.652338 0.000142 0.000182 0.000613 36.000498
-3.077485 1529183828.664732 0.000141 0.000181 0.000624 36.010069
-3.064557 1529183828.677660 0.000141 0.000179 0.000629 36.048103
-3.052209 1529183828.690008 0.000141 0.000183 0.000617 35.952215
-3.039844 1529183828.702374 0.000141 0.000184 0.000618 35.885481
-3.027369 1529183828.714848 0.000141 0.000184 0.000610 35.841815
-3.015106 1529183828.727111 0.000141 0.000180 0.000628 36.154400
-3.002214 1529183828.740003 0.000141 0.000181 0.000625 36.073941
-2.989443 1529183828.752774 0.000141 0.000182 0.000630 35.966831
-2.977871 1529183828.764346 0.000142 0.000181 0.000625 36.037258
-2.965276 1529183828.776941 0.000141 0.000182 0.000627 35.919849
-2.952362 1529183828.789855 0.000142 0.000183 0.000620 35.988742
-2.939544 1529183828.802673 0.000142 0.000184 0.000616 35.826540
-2.926389 1529183828.815828 0.000142 0.000182 0.000619 35.900298
-2.914309 1529183828.827908 0.000142 0.000183 0.000624 35.872260
-2.901228 1529183828.840989 0.000143 0.000183 0.000620 35.952370
-2.889549 1529183828.852668 0.000142 0.000186 0.000617 35.798073
-2.876899 1529183828.865318 0.000142 0.000185 0.000618 35.841217
-2.864107 1529183828.878110 0.000142 0.000183 0.000629 35.847832
-2.851592 1529183828.890625 0.000143 0.000183 0.000618 35.883691
-2.839357 1529183828.902860 0.000142 0.000182 0.000636 35.929205
-2.827167 1529183828.915050 0.000143 0.000182 0.000624 35.869841
-2.815300 1529183828.926918 0.000143 0.000184 0.000616 35.792614
-2.802564 1529183828.939653 0.000143 0.000184 0.000617 35.764315
-2.790114 1529183828.952103 0.000143 0.000182 0.000623 35.905719
-2.777805 1529183828.964412 0.000143 0.000184 0.000622 35.695410
-2.765108 1529183828.977109 0.000144 0.000183 0.000627 35.849988
-2.752828 1529183828.989389 0.000144 0.000185 0.000615 35.795731
-2.740159 1529183829.002058 0.000143 0.000183 0.000623 35.764926
-2.726886 1529183829.015331 0.000143 0.000181 0.000627 35.886695
-2.714470 1529183829.027747 0.000144 0.000182 0.000622 35.788220
-2.701704 1529183829.040513 0.000144 0.000180 0.000632 35.899734
-2.689064 1529183829.053154 0.000145 0.000183 0.000614 35.716274
-2.677003 1529183829.065214 0.000144 0.000180 0.000632 35.947806
-2.664587 1529183829.077631 0.000144 0.000183 0.000624 35.794080
-2.652229 1529183829.089988 0.000144 0.000181 0.000628 35.865457
-2.639595 1529183829.102622 0.000144 0.000181 0.000622 35.843576
-2.626831 1529183829.115386 0.000144 0.000180 0.000631 35.799561
-2.614455 1529183829.127762 0.000143 0.000182 0.000623 35.840818
-2.601785 1529183829.140432 0.000144 0.000181 0.000620 35.899126
-2.590133 1529183829.152084 0.000144 0.000181 0.000616 35.817287
-2.577924 1529183829.164294 0.000144 0.000181 0.000611 35.895512
-2.565099 1529183829.177119 0.000144 0.000180 0.000631 36.031961
-2.552868 1529183829.189349 0.000143 0.000182 0.000617 35.984970
-2.540207 1529183829.202010 0.000145 0.000182 0.000616 35.918507
-2.527575 1529183829.214642 0.000144 0.000180 0.000623 35.917227
-2.515154 1529183829.227063 0.000144 0.000181 0.000614 36.039959
-2.502822 1529183829.239395 0.000143 0.000181 0.000619 35.822502
-2.490087 1529183829.252131 0.000143 0.000180 0.000629 35.979752
-2.477585 1529183829.264632 0.000143 0.000181 0.000619 35.989147
-2.464582 1529183829.277635 0.000142 0.000182 0.000617 36.117386
-2.452291 1529183829.289926 0.000140 0.000182 0.000625 36.510482
-2.439796 1529183829.302421 0.000140 0.000179 0.000632 37.148386
-2.427457 1529183829.314760 0.000141 0.000178 0.000642 37.438846
-2.415046 1529183829.327171 0.000142 0.000181 0.000621 37.151642
-2.401895 1529183829.340322 0.000142 0.000182 0.000629 37.094094
-2.389019 1529183829.353198 0.000142 0.000180 0.000632 37.007810
-2.376979 1529183829.365238 0.000141 0.000181 0.000635 36.891313
-2.364337 1529183829.377880 0.000141 0.000181 0.000623 37.001402
-2.351941 1529183829.390276 0.000141 0.000178 0.000641 37.132127
-2.339188 1529183829.403029 0.000141 0.000179 0.000633 36.981726
-2.327298 1529183829.414919 0.000140 0.000179 0.000640 37.104174
-2.314972 1529183829.427245 0.000140 0.000178 0.000634 36.938777
-2.302235 1529183829.439982 0.000140 0.000179 0.000626 36.893610
-2.290117 1529183829.452101 0.000140 0.000180 0.000616 36.880236
-2.276739 1529183829.465478 0.000140 0.000179 0.000623 36.994290
-2.264171 1529183829.478046 0.000139 0.000180 0.000620 36.891896
-2.251856 1529183829.490361 0.000139 0.000179 0.000618 37.057121
-2.240034 1529183829.502183 0.000138 0.000178 0.000630 37.037688
-2.227926 1529183829.514292 0.000139 0.000179 0.000618 37.088805
-2.214246 1529183829.527972 0.000138 0.000178 0.000630 37.183413
-2.201938 1529183829.540279 0.000138 0.000179 0.000620 37.160658
-2.190290 1529183829.551927 0.000137 0.000179 0.000620 37.003104
-2.177641 1529183829.564576 0.000137 0.000178 0.000626 36.959968
-2.164942 1529183829.577276 0.000137 0.000178 0.000632 36.948144
-2.152790 1529183829.589427 0.000137 0.000178 0.000628 37.045736
-2.140360 1529183829.601857 0.000136 0.000177 0.000629 37.019527
-2.127599 1529183829.614619 0.000137 0.000179 0.000623 36.910819
-2.114992 1529183829.627225 0.000136 0.000178 0.000631 36.953755
-2.102592 1529183829.639626 0.000136 0.000179 0.000628 36.974090
-2.089835 1529183829.652382 0.000135 0.000179 0.000622 36.883455
-2.077657 1529183829.664560 0.000137 0.000179 0.000620 36.847168
-2.065112 1529183829.677105 0.000136 0.000178 0.000633 36.952099
-2.052392 1529183829.689825 0.000136 0.000179 0.000630 37.063310
-2.040326 1529183829.701891 0.000136 0.000179 0.000631 37.032668
-2.027455 1529183829.714762 0.000136 0.000179 0.000630 36.877904
-2.015204 1529183829.727013 0.000136 0.000179 0.000630 37.058113
-2.002454 1529183829.739763 0.000137 0.000181 0.000611 36.834953
-1.990152 1529183829.752065 0.000136 0.000181 0.000620 36.831079
-1.977282 1529183829.764935 0.000136 0.000180 0.000624 36.951608
-1.964971 1529183829.777246 0.000135 0.000179 0.000625 36.794674
-1.952599 1529183829.789618 0.000137 0.000180 0.000629 36.882338
-1.939940 1529183829.802277 0.000136 0.000180 0.000621 36.787083
-1.927377 1529183829.814840 0.000136 0.000180 0.000614 36.606776
-1.914999 1529183829.827218 0.000136 0.000179 0.000627 36.781030
-1.901662 1529183829.840555 0.000136 0.000181 0.000621 36.665820
-1.889336 1529183829.852881 0.000136 0.000183 0.000605 36.132827
-1.876582 1529183829.865635 0.000141 0.000183 0.000589 34.986133
-1.864786 1529183829.877431 0.000145 0.000183 0.000596 34.129247
-1.852578 1529183829.889639 0.000143 0.000185 0.000604 33.651695
-1.839993 1529183829.902224 0.000143 0.000183 0.000615 33.744110
-1.827650 1529183829.914567 0.000143 0.000184 0.000608 33.676155
-1.815004 1529183829.927213 0.000143 0.000187 0.000594 33.588373
-1.802229 1529183829.939988 0.000143 0.000181 0.000611 33.584688
-1.789812 1529183829.952405 0.000142 0.000184 0.000604 33.491896
-1.775926 1529183829.966291 0.000143 0.000183 0.000612 33.645643
-1.763680 1529183829.978537 0.000142 0.000184 0.000613 33.537009
-1.751559 1529183829.990658 0.000142 0.000183 0.000609 33.544523
-1.739301 1529183830.002916 0.000141 0.000182 0.000615 33.571307
-1.726809 1529183830.015408 0.000142 0.000184 0.000607 33.584699
-1.714325 1529183830.027892 0.000142 0.000182 0.000611 33.429212
-1.701697 1529183830.040520 0.000141 0.000184 0.000610 33.441095
-1.689515 1529183830.052702 0.000141 0.000183 0.000609 33.334552
-1.677576 1529183830.064641 0.000142 0.000182 0.000608 33.390165
-1.664933 1529183830.077284 0.000142 0.000183 0.000609 33.281738
-1.652653 1529183830.089564 0.000141 0.000183 0.000604 33.224035
-1.639095 1529183830.103122 0.000141 0.000181 0.000617 33.376146
-1.626479 1529183830.115738 0.000141 0.000183 0.000610 33.212085
-1.614482 1529183830.127735 0.000142 0.000182 0.000610 33.283458
-1.601993 1529183830.140224 0.000142 0.000182 0.000608 33.231293
-1.589895 1529183830.152322 0.000141 0.000182 0.000615 33.270979
-1.577027 1529183830.165190 0.000141 0.000183 0.000611 33.272221
-1.564819 1529183830.177398 0.000141 0.000183 0.000616 33.155722
-1.552462 1529183830.189755 0.000142 0.000184 0.000603 33.170380
-1.539895 1529183830.202322 0.000142 0.000181 0.000620 33.264567
-1.527550 1529183830.214667 0.000142 0.000183 0.000608 33.251942
-1.515226 1529183830.226991 0.000142 0.000182 0.000611 33.222225
-1.502545 1529183830.239672 0.000142 0.000182 0.000616 33.281127
-1.489985 1529183830.252232 0.000142 0.000182 0.000608 33.219917
-1.477655 1529183830.264562 0.000142 0.000183 0.000608 33.197098
-1.464248 1529183830.277969 0.000143 0.000181 0.000607 33.201337
-1.452795 1529183830.289423 0.000143 0.000182 0.000604 33.176673
-1.440504 1529183830.301713 0.000143 0.000182 0.000611 33.070653
-1.427828 1529183830.314389 0.000143 0.000182 0.000609 33.186904
-1.415498 1529183830.326719 0.000145 0.000180 0.000606 33.189975
-1.402569 1529183830.339648 0.000144 0.000182 0.000607 33.036915
-1.390440 1529183830.351778 0.000144 0.000181 0.000612 33.148612
-1.377770 1529183830.364447 0.000144 0.000181 0.000612 33.126977
-1.365089 1529183830.377128 0.000146 0.000180 0.000613 32.962778
-1.351761 1529183830.390456 0.000151 0.000178 0.000598 33.049942
-1.340005 1529183830.402212 0.000152 0.000175 0.000609 33.674536
-1.327455 1529183830.414762 0.000150 0.000176 0.000607 33.962218
-1.315043 1529183830.427174 0.000148 0.000177 0.000596 34.322864
-1.302404 1529183830.439813 0.000146 0.000176 0.000610 34.846279
-1.290071 1529183830.452146 0.000146 0.000175 0.000606 35.314831
-1.277456 1529183830.464761 0.000147 0.000175 0.000612 35.153245
-1.264740 1529183830.477477 0.000146 0.000175 0.000600 35.204888
-1.252126 1529183830.490091 0.000144 0.000174 0.000607 35.196824
-1.239031 1529183830.503186 0.000144 0.000175 0.000603 34.891526
-1.227169 1529183830.515049 0.000142 0.000176 0.000613 34.525342
-1.214932 1529183830.527285 0.000141 0.000173 0.000624 34.306459
-1.202015 1529183830.540202 0.000139 0.000174 0.000619 34.092802
-1.189961 1529183830.552256 0.000139 0.000175 0.000602 33.907498
-1.177237 1529183830.564980 0.000137 0.000174 0.000615 33.922108
-1.164129 1529183830.578088 0.000137 0.000173 0.000614 33.710354
-1.151773 1529183830.590444 0.000136 0.000174 0.000616 33.516952
-1.138813 1529183830.603404 0.000137 0.000175 0.000610 33.408380
-1.125835 1529183830.616382 0.000135 0.000172 0.000623 33.439118
-1.114153 1529183830.628064 0.000136 0.000173 0.000617 33.352316
-1.101754 1529183830.640463 0.000136 0.000174 0.000614 33.292446
-1.089675 1529183830.652542 0.000135 0.000172 0.000622 33.338411
-1.077614 1529183830.664603 0.000135 0.000173 0.000612 33.470487
-1.065009 1529183830.677208 0.000136 0.000174 0.000608 33.344679
-1.052659 1529183830.689558 0.000135 0.000172 0.000620 33.435693
-1.039872 1529183830.702345 0.000134 0.000174 0.000606 33.279101
-1.027102 1529183830.715115 0.000135 0.000174 0.000596 33.239554
-1.014929 1529183830.727288 0.000134 0.000174 0.000605 33.377125
-1.002461 1529183830.739756 0.000134 0.000172 0.000624 33.556504
-0.989958 1529183830.752259 0.000134 0.000173 0.000620 33.470293
-0.977576 1529183830.764641 0.000134 0.000172 0.000622 33.475060
-0.965013 1529183830.777204 0.000134 0.000172 0.000614 33.397112
-0.952218 1529183830.789999 0.000134 0.000173 0.000611 33.193304
-0.939664 1529183830.802553 0.000133 0.000172 0.000617 33.347064
-0.927298 1529183830.814919 0.000133 0.000172 0.000617 33.416737
-0.914763 1529183830.827454 0.000133 0.000170 0.000639 33.546151
-0.902362 1529183830.839855 0.000133 0.000173 0.000617 33.158091
-0.889715 1529183830.852502 0.000133 0.000172 0.000620 33.400778
-0.876999 1529183830.865218 0.000132 0.000172 0.000620 33.352603
-0.864837 1529183830.877380 0.000134 0.000173 0.000615 33.291845
-0.852471 1529183830.889746 0.000134 0.000174 0.000605 33.116961
-0.839662 1529183830.902555 0.000132 0.000172 0.000620 33.347056
-0.827218 1529183830.914999 0.000134 0.000174 0.000607 33.148368
-0.814672 1529183830.927545 0.000134 0.000171 0.000621 33.360483
-0.802278 1529183830.939939 0.000133 0.000171 0.000627 33.402507
-0.789708 1529183830.952509 0.000135 0.000173 0.000612 33.199011
-0.777005 1529183830.965212 0.000134 0.000173 0.000617 33.262595
-0.764515 1529183830.977702 0.000134 0.000173 0.000615 33.310546
-0.752012 1529183830.990205 0.000134 0.000171 0.000625 33.427696
-0.738918 1529183831.003299 0.000135 0.000173 0.000620 33.227374
-0.726809 1529183831.015408 0.000135 0.000174 0.000613 32.999119
-0.714788 1529183831.027429 0.000133 0.000176 0.000610 32.775085
-0.702251 1529183831.039966 0.000132 0.000177 0.000611 33.199200
-0.689992 1529183831.052225 0.000132 0.000174 0.000617 33.564707
-0.677112 1529183831.065105 0.000133 0.000174 0.000614 33.594454
-0.664477 1529183831.077740 0.000133 0.000173 0.000617 33.730974
-0.652051 1529183831.090166 0.000133 0.000173 0.000616 33.632568
-0.639786 1529183831.102431 0.000133 0.000173 0.000626 33.580264
-0.627087 1529183831.115130 0.000133 0.000172 0.000624 33.547926
-0.614974 1529183831.127243 0.000133 0.000174 0.000617 33.497807
-0.602285 1529183831.139932 0.000133 0.000174 0.000608 33.342251
-0.589852 1529183831.152365 0.000133 0.000175 0.000605 33.323162
-0.577079 1529183831.165138 0.000132 0.000172 0.000624 33.529491
-0.564691 1529183831.177526 0.000132 0.000172 0.000627 33.552191
-0.552002 1529183831.190215 0.000132 0.000172 0.000628 33.532792
-0.539815 1529183831.202402 0.000132 0.000173 0.000617 33.374706
-0.527237 1529183831.214980 0.000131 0.000174 0.000614 33.289678
-0.514812 1529183831.227405 0.000131 0.000173 0.000616 33.218736
-0.502059 1529183831.240158 0.000131 0.000171 0.000631 33.445618
-0.489508 1529183831.252709 0.000131 0.000172 0.000620 33.194900
-0.476943 1529183831.265274 0.000131 0.000173 0.000622 33.166535
-0.464464 1529183831.277753 0.000131 0.000173 0.000618 33.154973
-0.452152 1529183831.290065 0.000130 0.000172 0.000620 33.214781
-0.438614 1529183831.303603 0.000131 0.000173 0.000611 33.052706
-0.425732 1529183831.316485 0.000131 0.000172 0.000620 33.076350
-0.414270 1529183831.327947 0.000132 0.000172 0.000616 33.072793
-0.402259 1529183831.339958 0.000131 0.000171 0.000625 33.148864
-0.389665 1529183831.352552 0.000131 0.000172 0.000622 33.113372
-0.376151 1529183831.366066 0.000131 0.000173 0.000609 32.917810
-0.364193 1529183831.378024 0.000131 0.000172 0.000628 33.139926
-0.351720 1529183831.390497 0.000131 0.000173 0.000617 32.977413
-0.339967 1529183831.402251 0.000130 0.000173 0.000620 33.031069
-0.327450 1529183831.414767 0.000132 0.000172 0.000625 33.174174
-0.314751 1529183831.427466 0.000133 0.000171 0.000619 33.000934
-0.301751 1529183831.440466 0.000131 0.000172 0.000623 32.955615
-0.288777 1529183831.453440 0.000133 0.000172 0.000619 32.866867
-0.276391 1529183831.465826 0.000131 0.000170 0.000628 33.045249
-0.263665 1529183831.478552 0.000132 0.000172 0.000620 32.947692
-0.251474 1529183831.490743 0.000132 0.000172 0.000618 32.897379
-0.239572 1529183831.502645 0.000131 0.000172 0.000623 32.964610
-0.227365 1529183831.514852 0.000131 0.000172 0.000620 32.921565
-0.214699 1529183831.527518 0.000132 0.000174 0.000609 32.717281
-0.202219 1529183831.539998 0.000132 0.000174 0.000612 32.809113
-0.190014 1529183831.552203 0.000132 0.000174 0.000613 32.823360
-0.177312 1529183831.564905 0.000132 0.000172 0.000626 32.983060
-0.165239 1529183831.576978 0.000134 0.000174 0.000608 32.753891
-0.152411 1529183831.589806 0.000133 0.000174 0.000615 32.911627
-0.139852 1529183831.602365 0.000133 0.000174 0.000614 32.882624
-0.127385 1529183831.614832 0.000132 0.000174 0.000612 32.814194
-0.114599 1529183831.627618 0.000134 0.000175 0.000608 32.862779
-0.101954 1529183831.640263 0.000133 0.000173 0.000621 32.968814
-0.089898 1529183831.652319 0.000133 0.000174 0.000615 32.868903
-0.077259 1529183831.664958 0.000134 0.000175 0.000612 32.894151
-0.064492 1529183831.677725 0.000133 0.000175 0.000612 32.936707
-0.051892 1529183831.690325 0.000133 0.000173 0.000622 33.005818
-0.039472 1529183831.702745 0.000132 0.000174 0.000617 32.983120
-0.027135 1529183831.715082 0.000133 0.000175 0.000608 32.878058
-0.014672 1529183831.727545 0.000134 0.000174 0.000614 32.930832
-0.002492 1529183831.739725 0.000132 0.000174 0.000617 32.843328
0.014818 1529183831.757035 0.000132 0.000174 0.000622 32.892233
0.023068 1529183831.765285 0.000133 0.000174 0.000618 32.889032
0.034981 1529183831.777198 0.000134 0.000173 0.000618 32.947836
0.047676 1529183831.789893 0.000133 0.000174 0.000615 32.921973
0.060109 1529183831.802326 0.000133 0.000174 0.000617 32.905466
0.073156 1529183831.815373 0.000132 0.000173 0.000626 33.063056
0.085666 1529183831.827883 0.000137 0.000170 0.000632 33.491904
0.098057 1529183831.840274 0.000143 0.000171 0.000612 34.548365
0.110185 1529183831.852402 0.000139 0.000173 0.000606 34.677830
0.123168 1529183831.865385 0.000138 0.000171 0.000637 35.268608
0.135232 1529183831.877449 0.000137 0.000169 0.000648 35.489734
0.148192 1529183831.890409 0.000136 0.000166 0.000646 35.490155
0.160779 1529183831.902996 0.000134 0.000171 0.000629 34.876794
0.173567 1529183831.915784 0.000131 0.000170 0.000639 34.709224
0.186062 1529183831.928279 0.000129 0.000169 0.000647 34.560161
0.198280 1529183831.940497 0.000127 0.000170 0.000626 34.196426
0.211311 1529183831.953528 0.000126 0.000168 0.000639 34.286592
0.224137 1529183831.966354 0.000124 0.000167 0.000647 34.189781
0.236160 1529183831.978377 0.000124 0.000167 0.000640 33.969534
0.248282 1529183831.990499 0.000122 0.000168 0.000633 33.568606
0.260355 1529183832.002572 0.000121 0.000171 0.000613 33.423205
0.272778 1529183832.014995 0.000119 0.000173 0.000597 33.625268
0.285414 1529183832.027631 0.000116 0.000167 0.000610 35.352869
0.298806 1529183832.041023 0.000115 0.000163 0.000610 36.483105
0.311146 1529183832.053363 0.000115 0.000158 0.000615 37.151787
0.323734 1529183832.065951 0.000114 0.000157 0.000610 37.023052
0.336241 1529183832.078458 0.000112 0.000154 0.000614 36.524000
0.348617 1529183832.090834 0.000111 0.000153 0.000615 36.322173
0.360408 1529183832.102625 0.000110 0.000150 0.000611 36.052315
0.372963 1529183832.115180 0.000110 0.000149 0.000618 35.696274
0.385448 1529183832.127665 0.000109 0.000148 0.000612 35.579088
0.397655 1529183832.139873 0.000109 0.000147 0.000615 35.318560
0.410450 1529183832.152668 0.000108 0.000147 0.000614 34.965968
0.422718 1529183832.164935 0.000108 0.000146 0.000610 34.934739
0.436195 1529183832.178412 0.000108 0.000146 0.000611 34.874426
0.448581 1529183832.190799 0.000109 0.000145 0.000608 35.002378
0.460948 1529183832.203166 0.000108 0.000143 0.000606 35.231888
0.473681 1529183832.215898 0.000107 0.000142 0.000616 35.020854
0.485434 1529183832.227651 0.000108 0.000141 0.000633 35.532663
0.497719 1529183832.239936 0.000108 0.000141 0.000620 36.281594
0.510072 1529183832.252289 0.000103 0.000140 0.000577 38.020120
0.522864 1529183832.265081 0.000100 0.000140 0.000551 39.283627
0.535266 1529183832.277483 0.000098 0.000137 0.000535 39.721134
0.548053 1529183832.290270 0.000096 0.000135 0.000552 39.363674
0.560495 1529183832.302712 0.000095 0.000134 0.000546 38.723912
0.573067 1529183832.315284 0.000094 0.000134 0.000542 38.036186
0.585335 1529183832.327552 0.000094 0.000131 0.000546 37.841892
0.598021 1529183832.340238 0.000093 0.000131 0.000536 37.401902
0.610311 1529183832.352528 0.000093 0.000129 0.000543 37.262495
0.623147 1529183832.365365 0.000093 0.000128 0.000548 36.999007
0.635422 1529183832.377639 0.000092 0.000128 0.000554 36.923726
0.648050 1529183832.390267 0.000093 0.000128 0.000538 36.955325
0.660714 1529183832.402931 0.000092 0.000124 0.000551 37.018181
0.673082 1529183832.415299 0.000092 0.000128 0.000539 36.436935
0.685643 1529183832.427860 0.000091 0.000125 0.000547 36.557982
0.697777 1529183832.439994 0.000092 0.000123 0.000556 36.854190
0.710818 1529183832.453035 0.000090 0.000124 0.000546 36.194773
0.723654 1529183832.465871 0.000090 0.000124 0.000554 36.800398
0.735997 1529183832.478214 0.000089 0.000121 0.000564 36.918736
0.748530 1529183832.490747 0.000088 0.000123 0.000561 37.202919
0.761060 1529183832.503277 0.000088 0.000122 0.000557 37.147096
0.773067 1529183832.515284 0.000089 0.000123 0.000557 36.400063
0.785353 1529183832.527570 0.000089 0.000119 0.000568 36.702539
0.797686 1529183832.539903 0.000091 0.000120 0.000554 36.169032
0.809900 1529183832.552117 0.000091 0.000119 0.000556 35.072579
0.822591 1529183832.564808 0.000091 0.000117 0.000551 34.542111
0.835396 1529183832.577613 0.000091 0.000116 0.000534 33.631285
0.847934 1529183832.590151 0.000090 0.000116 0.000540 33.237595
0.861408 1529183832.603625 0.000090 0.000117 0.000540 33.431062
0.873636 1529183832.615853 0.000090 0.000117 0.000531 33.270400
0.886453 1529183832.628670 0.000090 0.000117 0.000514 33.813154
0.899210 1529183832.641427 0.000089 0.000120 0.000487 35.147951
0.910398 1529183832.652615 0.000089 0.000124 0.000444 37.673860
0.922731 1529183832.664948 0.000089 0.000130 0.000430 39.437293
0.935262 1529183832.677479 0.000089 0.000134 0.000432 39.695650
0.948038 1529183832.690255 0.000088 0.000130 0.000433 39.663654
0.960433 1529183832.702650 0.000088 0.000129 0.000433 39.632292
0.974014 1529183832.716231 0.000088 0.000127 0.000432 39.235654
0.986262 1529183832.728479 0.000087 0.000124 0.000422 39.141942
0.998584 1529183832.740801 0.000088 0.000125 0.000428 38.832569
1.010777 1529183832.752994 0.000087 0.000125 0.000433 38.647694
1.023071 1529183832.765288 0.000088 0.000127 0.000432 38.916892
1.035406 1529183832.777623 0.000088 0.000124 0.000432 38.873330
1.047673 1529183832.789890 0.000088 0.000125 0.000426 38.476663
1.060248 1529183832.802465 0.000088 0.000123 0.000423 38.519786
1.072986 1529183832.815203 0.000087 0.000123 0.000427 38.582124
1.085634 1529183832.827851 0.000087 0.000123 0.000428 38.510235
1.098592 1529183832.840809 0.000087 0.000124 0.000424 38.436653
1.111203 1529183832.853420 0.000088 0.000122 0.000430 38.293494
1.123915 1529183832.866132 0.000088 0.000122 0.000429 38.439023
1.135619 1529183832.877836 0.000088 0.000124 0.000422 38.096689
1.148521 1529183832.890738 0.000088 0.000123 0.000428 38.365477
1.160727 1529183832.902944 0.000088 0.000120 0.000418 38.112526
1.173265 1529183832.915482 0.000089 0.000119 0.000420 37.915017
1.185633 1529183832.927850 0.000089 0.000121 0.000415 38.120779
1.198232 1529183832.940449 0.000089 0.000121 0.000426 37.855951
1.211045 1529183832.953262 0.000091 0.000122 0.000420 37.164046
1.223615 1529183832.965832 0.000097 0.000121 0.000415 36.127637
1.235568 1529183832.977785 0.000101 0.000120 0.000403 34.584139
1.247761 1529183832.989978 0.000103 0.000121 0.000405 33.587106
1.261069 1529183833.003286 0.000104 0.000122 0.000392 33.089143
1.272695 1529183833.014912 0.000103 0.000120 0.000399 32.984714
1.285167 1529183833.027384 0.000103 0.000121 0.000396 32.647485
1.297992 1529183833.040209 0.000103 0.000120 0.000393 32.949250
1.310300 1529183833.052517 0.000102 0.000119 0.000393 32.787434
1.323193 1529183833.065410 0.000102 0.000120 0.000395 33.132220
1.335491 1529183833.077708 0.000102 0.000117 0.000399 32.954732
1.348044 1529183833.090261 0.000103 0.000122 0.000399 33.212140
1.360802 1529183833.103019 0.000102 0.000121 0.000399 32.504551
1.374465 1529183833.116682 0.000102 0.000121 0.000395 33.102059
1.386201 1529183833.128418 0.000101 0.000124 0.000400 33.319646
1.398847 1529183833.141064 0.000101 0.000121 0.000400 32.997403
1.411205 1529183833.153422 0.000100 0.000124 0.000393 32.350527
1.423719 1529183833.165936 0.000097 0.000123 0.000397 32.456308
1.435717 1529183833.177934 0.000093 0.000121 0.000407 32.770570
1.447866 1529183833.190084 0.000092 0.000120 0.000415 33.941362
1.460281 1529183833.202498 0.000092 0.000123 0.000408 34.148903
1.472733 1529183833.214950 0.000093 0.000122 0.000416 34.646484
1.485026 1529183833.227243 0.000093 0.000122 0.000419 34.213447
1.497779 1529183833.239996 0.000092 0.000123 0.000415 34.004388
1.510148 1529183833.252365 0.000093 0.000123 0.000418 33.822465
1.522815 1529183833.265032 0.000092 0.000124 0.000413 34.384631
1.535230 1529183833.277447 0.000093 0.000123 0.000416 34.833175
1.547847 1529183833.290064 0.000093 0.000122 0.000414 34.400858
1.560002 1529183833.302219 0.000092 0.000124 0.000423 34.550596
1.572669 1529183833.314886 0.000093 0.000124 0.000423 34.183264
1.585060 1529183833.327277 0.000092 0.000121 0.000427 34.625233
1.597725 1529183833.339942 0.000093 0.000122 0.000419 34.736930
1.610444 1529183833.352661 0.000093 0.000124 0.000419 34.037967
1.623030 1529183833.365247 0.000093 0.000123 0.000428 34.349434
1.635240 1529183833.377457 0.000093 0.000123 0.000422 34.277007
1.647655 1529183833.389872 0.000093 0.000123 0.000426 34.265451
1.660202 1529183833.402419 0.000092 0.000123 0.000423 34.223157
1.672768 1529183833.414985 0.000093 0.000123 0.000428 34.603535
1.685226 1529183833.427443 0.000093 0.000124 0.000421 34.042936
1.698813 1529183833.441030 0.000093 0.000123 0.000422 34.343886
1.711356 1529183833.453573 0.000093 0.000124 0.000418 34.346112
1.723177 1529183833.465394 0.000093 0.000123 0.000421 34.512514
1.735276 1529183833.477493 0.000093 0.000124 0.000427 34.527031
1.747699 1529183833.489916 0.000093 0.000125 0.000425 34.751695
1.760111 1529183833.502328 0.000093 0.000123 0.000433 34.670737
1.772586 1529183833.514803 0.000094 0.000126 0.000429 34.237278
1.786090 1529183833.528307 0.000094 0.000123 0.000432 34.635861
1.797741 1529183833.539958 0.000093 0.000127 0.000428 34.348013
1.810228 1529183833.552445 0.000094 0.000123 0.000430 34.314527
1.822565 1529183833.564782 0.000094 0.000124 0.000423 34.363287
1.835874 1529183833.578091 0.000094 0.000125 0.000432 34.843674
1.848423 1529183833.590640 0.000093 0.000125 0.000436 34.734272
1.861125 1529183833.603342 0.000093 0.000127 0.000426 34.418960
1.873791 1529183833.616008 0.000094 0.000128 0.000424 34.373658
1.886170 1529183833.628387 0.000095 0.000125 0.000425 34.795581
1.898748 1529183833.640965 0.000095 0.000126 0.000430 34.323197
1.911005 1529183833.653222 0.000095 0.000126 0.000425 34.408337
1.923579 1529183833.665796 0.000095 0.000129 0.000425 34.358836
1.936372 1529183833.678589 0.000095 0.000125 0.000425 34.966157
1.948413 1529183833.690630 0.000096 0.000127 0.000431 34.166461
1.961067 1529183833.703285 0.000096 0.000125 0.000424 34.403159
1.973046 1529183833.715263 0.000096 0.000126 0.000431 34.790149
1.985365 1529183833.727582 0.000096 0.000126 0.000429 34.431865
1.997919 1529183833.740136 0.000097 0.000125 0.000428 34.495449
2.010220 1529183833.752437 0.000096 0.000129 0.000423 34.745429
2.023210 1529183833.765427 0.000096 0.000127 0.000423 34.189047
2.035318 1529183833.777535 0.000097 0.000128 0.000422 33.980156
2.048074 1529183833.790291 0.000098 0.000126 0.000436 34.317318
2.062143 1529183833.804360 0.000099 0.000123 0.000432 33.823102
2.072918 1529183833.815135 0.000101 0.000124 0.000432 34.265840
2.085759 1529183833.827976 0.000102 0.000125 0.000438 33.734080
2.098204 1529183833.840421 0.000103 0.000126 0.000427 33.081273
2.110590 1529183833.852807 0.000103 0.000125 0.000425 32.729480
2.123176 1529183833.865393 0.000103 0.000127 0.000431 33.176369
2.135733 1529183833.877950 0.000103 0.000124 0.000430 33.405468
2.148365 1529183833.890582 0.000103 0.000126 0.000435 33.366849
2.160796 1529183833.903013 0.000103 0.000126 0.000427 33.100515
2.173584 1529183833.915801 0.000103 0.000126 0.000425 33.249534
2.186048 1529183833.928265 0.000102 0.000125 0.000428 33.445925
2.199339 1529183833.941556 0.000103 0.000127 0.000437 33.401447
2.210807 1529183833.953024 0.000102 0.000126 0.000436 33.354601
2.223659 1529183833.965876 0.000103 0.000129 0.000425 33.175078
2.236296 1529183833.978513 0.000103 0.000128 0.000433 33.353951
2.248995 1529183833.991212 0.000103 0.000124 0.000441 33.713805
2.261688 1529183834.003905 0.000103 0.000125 0.000431 33.720502
2.273245 1529183834.015462 0.000102 0.000128 0.000429 33.678650
2.285742 1529183834.027959 0.000102 0.000125 0.000439 33.824762
2.298359 1529183834.040576 0.000102 0.000126 0.000425 33.436865
2.311057 1529183834.053274 0.000103 0.000125 0.000433 33.623896
2.323685 1529183834.065902 0.000101 0.000130 0.000440 33.806296
2.335991 1529183834.078208 0.000102 0.000126 0.000436 33.873205
2.348616 1529183834.090833 0.000102 0.000125 0.000436 33.824960
2.360854 1529183834.103071 0.000102 0.000128 0.000433 33.978733
2.373602 1529183834.115819 0.000102 0.000124 0.000434 34.154098
2.385800 1529183834.128017 0.000102 0.000128 0.000430 33.750645
2.398415 1529183834.140632 0.000102 0.000126 0.000430 33.686625
2.410664 1529183834.152881 0.000102 0.000129 0.000431 33.941756
2.423518 1529183834.165735 0.000102 0.000127 0.000435 34.134101
2.436286 1529183834.178503 0.000102 0.000126 0.000434 34.078824
2.449068 1529183834.191285 0.000102 0.000129 0.000433 33.251711
2.460918 1529183834.203135 0.000102 0.000127 0.000441 33.928381
2.472893 1529183834.215111 0.000102 0.000127 0.000426 33.805425
2.485191 1529183834.227408 0.000103 0.000126 0.000431 33.886872
2.498237 1529183834.240454 0.000103 0.000127 0.000435 33.501648
2.510295 1529183834.252512 0.000102 0.000124 0.000434 33.981386
2.522952 1529183834.265169 0.000102 0.000128 0.000429 33.719646
2.536226 1529183834.278443 0.000102 0.000129 0.000433 34.053324
2.548845 1529183834.291062 0.000102 0.000129 0.000436 33.725790
2.561365 1529183834.303582 0.000102 0.000127 0.000435 34.359267
2.573246 1529183834.315463 0.000101 0.000129 0.000434 33.828797
2.585531 1529183834.327748 0.000102 0.000127 0.000431 34.548995
2.598162 1529183834.340379 0.000102 0.000127 0.000440 34.224158
2.610332 1529183834.352550 0.000102 0.000128 0.000429 34.063399
2.623265 1529183834.365482 0.000102 0.000128 0.000440 33.943631
2.635357 1529183834.377574 0.000102 0.000130 0.000433 33.845141
2.647896 1529183834.390113 0.000102 0.000127 0.000437 33.620534
2.660424 1529183834.402641 0.000102 0.000128 0.000438 33.642908
2.673246 1529183834.415463 0.000102 0.000128 0.000438 33.989808
2.685779 1529183834.427996 0.000102 0.000129 0.000431 33.773402
2.698181 1529183834.440398 0.000102 0.000127 0.000433 34.190979
2.710777 1529183834.452994 0.000102 0.000128 0.000433 33.802486
2.722967 1529183834.465184 0.000102 0.000125 0.000435 34.331739
2.735710 1529183834.477927 0.000102 0.000129 0.000430 34.254729
2.748031 1529183834.490248 0.000102 0.000127 0.000439 34.007065
2.760875 1529183834.503092 0.000102 0.000128 0.000433 34.345774
2.773188 1529183834.515405 0.000102 0.000130 0.000428 34.125575
2.785887 1529183834.528104 0.000103 0.000128 0.000436 34.342106
2.798570 1529183834.540787 0.000103 0.000125 0.000438 34.422392
2.811597 1529183834.553814 0.000102 0.000130 0.000433 34.468566
2.824223 1529183834.566440 0.000103 0.000125 0.000439 34.353589
2.836217 1529183834.578434 0.000103 0.000129 0.000434 34.057241
2.848713 1529183834.590930 0.000103 0.000129 0.000433 34.585275
2.860918 1529183834.603135 0.000103 0.000128 0.000433 34.603083
2.873173 1529183834.615390 0.000102 0.000132 0.000434 34.228243
2.885465 1529183834.627682 0.000103 0.000131 0.000425 34.278156
2.898247 1529183834.640464 0.000104 0.000130 0.000431 34.504568
2.910707 1529183834.652924 0.000103 0.000128 0.000435 34.118926
2.923587 1529183834.665804 0.000103 0.000131 0.000431 34.217903
2.935537 1529183834.677754 0.000104 0.000128 0.000434 34.521895
2.948011 1529183834.690228 0.000103 0.000129 0.000433 34.620698
2.960778 1529183834.702996 0.000103 0.000131 0.000432 34.186343
2.972866 1529183834.715083 0.000103 0.000133 0.000436 33.886818
2.985247 1529183834.727464 0.000103 0.000130 0.000432 34.434720
2.997905 1529183834.740122 0.000103 0.000131 0.000432 34.155414
3.010382 1529183834.752599 0.000104 0.000129 0.000438 34.365764
3.022809 1529183834.765026 0.000104 0.000129 0.000435 34.219472
3.035254 1529183834.777471 0.000104 0.000132 0.000430 34.098982
3.047822 1529183834.790039 0.000103 0.000131 0.000432 34.048350
3.060253 1529183834.802470 0.000103 0.000132 0.000429 33.908596
3.072900 1529183834.815117 0.000104 0.000127 0.000440 34.486410
3.085119 1529183834.827336 0.000103 0.000129 0.000438 34.524655
3.097927 1529183834.840144 0.000103 0.000129 0.000431 34.316776
3.110693 1529183834.852911 0.000104 0.000129 0.000438 34.420278
3.123368 1529183834.865585 0.000104 0.000131 0.000441 33.898348
3.136299 1529183834.878516 0.000103 0.000131 0.000430 33.871095
3.149601 1529183834.891818 0.000104 0.000130 0.000438 34.524539
3.161381 1529183834.903598 0.000103 0.000133 0.000429 34.155425
3.173660 1529183834.915877 0.000103 0.000133 0.000437 33.774885
3.185433 1529183834.927650 0.000103 0.000132 0.000430 33.999896
3.197923 1529183834.940140 0.000103 0.000132 0.000427 33.764676
3.210718 1529183834.952935 0.000104 0.000129 0.000439 34.457291
3.223946 1529183834.966163 0.000104 0.000132 0.000430 33.854133
3.236480 1529183834.978697 0.000104 0.000132 0.000437 34.895946
3.248801 1529183834.991018 0.000104 0.000134 0.000425 33.885663
3.261243 1529183835.003460 0.000105 0.000132 0.000438 34.369988
3.273677 1529183835.015894 0.000105 0.000131 0.000434 34.426286
3.286280 1529183835.028497 0.000105 0.000130 0.000436 34.543961
3.298487 1529183835.040704 0.000105 0.000131 0.000438 34.368072
3.310917 1529183835.053134 0.000105 0.000132 0.000428 34.279077
3.323457 1529183835.065674 0.000105 0.000131 0.000431 34.284796
3.336192 1529183835.078409 0.000105 0.000132 0.000440 34.366839
3.349105 1529183835.091322 0.000105 0.000131 0.000430 34.674206
3.360870 1529183835.103087 0.000105 0.000132 0.000432 34.278422
3.373237 1529183835.115454 0.000106 0.000130 0.000428 34.662735
3.385978 1529183835.128195 0.000105 0.000133 0.000438 34.348181
3.398170 1529183835.140387 0.000106 0.000132 0.000430 34.667657
3.410887 1529183835.153104 0.000106 0.000131 0.000434 34.226578
3.423376 1529183835.165593 0.000106 0.000130 0.000437 35.028989
3.435655 1529183835.177872 0.000106 0.000131 0.000435 34.945698
3.448350 1529183835.190567 0.000106 0.000133 0.000432 34.583046
3.460437 1529183835.202654 0.000106 0.000132 0.000435 34.853620
3.473237 1529183835.215454 0.000105 0.000135 0.000439 34.583503
3.485570 1529183835.227787 0.000106 0.000135 0.000431 34.158440
3.497977 1529183835.240194 0.000106 0.000133 0.000432 34.832857
3.510420 1529183835.252637 0.000106 0.000132 0.000433 34.776643
3.523184 1529183835.265401 0.000106 0.000133 0.000436 34.743581
3.535992 1529183835.278209 0.000106 0.000133 0.000434 34.308994
3.548383 1529183835.290600 0.000106 0.000133 0.000436 34.188323
3.560641 1529183835.302858 0.000106 0.000131 0.000432 34.515504
3.573392 1529183835.315609 0.000106 0.000130 0.000435 34.578097
3.585664 1529183835.327881 0.000106 0.000134 0.000437 34.634122
3.599150 1529183835.341367 0.000106 0.000134 0.000428 34.597623
3.611537 1529183835.353754 0.000106 0.000133 0.000425 34.439460
3.624201 1529183835.366418 0.000106 0.000130 0.000433 34.960320
3.636515 1529183835.378732 0.000105 0.000134 0.000428 34.399596
3.649277 1529183835.391494 0.000105 0.000135 0.000435 34.340414
3.660727 1529183835.402944 0.000105 0.000137 0.000428 34.418815
3.673216 1529183835.415433 0.000105 0.000134 0.000431 34.085324
3.685759 1529183835.427976 0.000106 0.000130 0.000435 34.624418
3.698122 1529183835.440339 0.000105 0.000133 0.000434 34.271850
3.710488 1529183835.452705 0.000106 0.000133 0.000434 35.104850
3.723439 1529183835.465657 0.000105 0.000137 0.000426 34.170474
3.735669 1529183835.477886 0.000105 0.000136 0.000432 34.352900
3.748182 1529183835.490399 0.000105 0.000134 0.000439 34.448369
3.760694 1529183835.502911 0.000106 0.000133 0.000438 34.306616
3.773587 1529183835.515805 0.000106 0.000132 0.000436 34.408663
3.787496 1529183835.529713 0.000106 0.000135 0.000434 34.295377
3.799301 1529183835.541518 0.000106 0.000130 0.000438 34.740957
3.811564 1529183835.553781 0.000106 0.000136 0.000424 34.149827
3.823737 1529183835.565954 0.000106 0.000135 0.000434 34.294858
3.835681 1529183835.577899 0.000105 0.000134 0.000435 34.566714
3.848556 1529183835.590773 0.000106 0.000133 0.000437 34.468539
3.860787 1529183835.603004 0.000106 0.000131 0.000433 35.197517
3.873035 1529183835.615252 0.000106 0.000134 0.000425 34.513728
3.885699 1529183835.627916 0.000106 0.000136 0.000431 34.378739
3.898210 1529183835.640427 0.000105 0.000138 0.000431 34.478670
3.910852 1529183835.653069 0.000106 0.000134 0.000438 34.372224
3.923692 1529183835.665910 0.000106 0.000134 0.000436 34.578366
3.936218 1529183835.678435 0.000106 0.000136 0.000430 34.089501
3.948897 1529183835.691114 0.000106 0.000137 0.000429 34.210299
3.961419 1529183835.703636 0.000106 0.000134 0.000435 34.349256
3.974526 1529183835.716743 0.000106 0.000135 0.000431 34.655060
3.986744 1529183835.728961 0.000107 0.000134 0.000431 34.647461
3.999162 1529183835.741379 0.000105 0.000136 0.000423 34.909298
4.010849 1529183835.753066 0.000104 0.000138 0.000417 34.716994
4.023485 1529183835.765702 0.000102 0.000140 0.000421 34.570802
4.035858 1529183835.778075 0.000103 0.000133 0.000430 34.946035
4.048244 1529183835.790461 0.000102 0.000137 0.000428 35.427864
4.060898 1529183835.803115 0.000102 0.000137 0.000426 34.860324
4.074249 1529183835.816466 0.000102 0.000134 0.000418 35.103352
4.087270 1529183835.829487 0.000102 0.000139 0.000421 34.991199
4.099656 1529183835.841873 0.000102 0.000138 0.000423 34.778741
4.111121 1529183835.853338 0.000102 0.000138 0.000426 34.770370
4.123270 1529183835.865487 0.000102 0.000138 0.000427 35.197002
4.135629 1529183835.877846 0.000102 0.000134 0.000427 34.747643
4.148400 1529183835.890617 0.000101 0.000142 0.000423 35.123753
4.160551 1529183835.902768 0.000101 0.000139 0.000419 35.119380
4.173274 1529183835.915491 0.000101 0.000135 0.000427 34.912156
4.185870 1529183835.928087 0.000101 0.000136 0.000423 34.707416
4.198324 1529183835.940541 0.000102 0.000136 0.000415 34.819786
4.210948 1529183835.953166 0.000101 0.000137 0.000424 34.856762
4.223386 1529183835.965603 0.000102 0.000134 0.000433 35.081800
4.235479 1529183835.977696 0.000101 0.000135 0.000429 35.078956
4.247866 1529183835.990083 0.000101 0.000134 0.000430 34.993083
4.260437 1529183836.002655 0.000101 0.000138 0.000422 34.483111
4.272863 1529183836.015080 0.000101 0.000135 0.000424 35.098870
4.285564 1529183836.027781 0.000101 0.000135 0.000420 35.111083
4.297939 1529183836.040156 0.000101 0.000137 0.000423 34.713200
4.310672 1529183836.052889 0.000101 0.000134 0.000426 35.093835
4.323220 1529183836.065437 0.000100 0.000138 0.000424 34.961826
4.335608 1529183836.077825 0.000101 0.000137 0.000419 34.864347
4.348051 1529183836.090268 0.000100 0.000138 0.000425 34.784954
4.360380 1529183836.102597 0.000100 0.000138 0.000426 35.027705
4.373150 1529183836.115367 0.000101 0.000135 0.000432 35.077148
4.385606 1529183836.127823 0.000100 0.000138 0.000420 34.685066
4.398002 1529183836.140219 0.000101 0.000136 0.000420 35.227336
4.410565 1529183836.152782 0.000101 0.000137 0.000421 34.905909
4.423065 1529183836.165282 0.000101 0.000137 0.000426 34.963409
4.435497 1529183836.177714 0.000100 0.000139 0.000419 35.036952
4.448118 1529183836.190335 0.000101 0.000135 0.000426 35.066050
4.460661 1529183836.202878 0.000101 0.000137 0.000424 35.161118
4.473289 1529183836.215507 0.000101 0.000136 0.000421 35.328032
4.485657 1529183836.227874 0.000101 0.000137 0.000419 34.591911
4.498042 1529183836.240259 0.000101 0.000137 0.000422 34.964060
4.510670 1529183836.252887 0.000102 0.000135 0.000422 34.851060
4.523234 1529183836.265451 0.000103 0.000136 0.000421 34.671667
4.536328 1529183836.278545 0.000102 0.000138 0.000421 34.765574
4.548136 1529183836.290353 0.000102 0.000136 0.000425 35.021780
4.560574 1529183836.302791 0.000103 0.000135 0.000423 34.719563
4.573144 1529183836.315361 0.000102 0.000139 0.000422 34.629202
4.585620 1529183836.327837 0.000102 0.000137 0.000427 34.710471
4.598155 1529183836.340372 0.000103 0.000135 0.000431 34.768682
4.610652 1529183836.352869 0.000103 0.000134 0.000421 34.584109
4.623221 1529183836.365438 0.000103 0.000136 0.000429 34.607647
4.635468 1529183836.377685 0.000103 0.000137 0.000424 34.893612
4.648216 1529183836.390433 0.000103 0.000139 0.000426 34.774703
4.661135 1529183836.403352 0.000103 0.000138 0.000427 34.565631
4.674473 1529183836.416690 0.000103 0.000136 0.000420 34.781108
4.686460 1529183836.428677 0.000103 0.000137 0.000421 34.881810
4.698987 1529183836.441204 0.000103 0.000135 0.000429 34.713482
4.711380 1529183836.453597 0.000104 0.000133 0.000430 34.801342
4.723782 1529183836.465999 0.000104 0.000136 0.000424 34.515627
4.736488 1529183836.478705 0.000104 0.000137 0.000419 34.587524
4.748949 1529183836.491166 0.000104 0.000138 0.000417 34.557164
4.761567 1529183836.503784 0.000104 0.000139 0.000429 34.535912
4.773973 1529183836.516190 0.000105 0.000134 0.000429 34.738302
4.786771 1529183836.528988 0.000104 0.000136 0.000426 34.400018
4.799014 1529183836.541231 0.000104 0.000137 0.000426 34.768022
4.811441 1529183836.553658 0.000104 0.000134 0.000431 34.618906
4.823844 1529183836.566061 0.000105 0.000136 0.000424 34.127090
4.836378 1529183836.578595 0.000104 0.000138 0.000421 34.377823
4.848991 1529183836.591208 0.000104 0.000139 0.000429 34.677078
4.861093 1529183836.603310 0.000105 0.000137 0.000423 34.506189
4.873648 1529183836.615865 0.000105 0.000136 0.000420 34.571784
4.885897 1529183836.628114 0.000105 0.000139 0.000424 34.417946
4.899596 1529183836.641813 0.000106 0.000135 0.000424 34.545730
4.911112 1529183836.653329 0.000106 0.000136 0.000426 34.368011
4.923929 1529183836.666146 0.000105 0.000139 0.000423 34.691205
4.936134 1529183836.678351 0.000105 0.000136 0.000424 34.411276
4.948323 1529183836.690540 0.000106 0.000135 0.000420 34.593908
4.961191 1529183836.703408 0.000105 0.000139 0.000421 34.201102
4.974750 1529183836.716967 0.000105 0.000137 0.000422 34.671236
4.986715 1529183836.728932 0.000105 0.000139 0.000418 34.266664
4.999658 1529183836.741875 0.000105 0.000138 0.000422 34.098970
5.012471 1529183836.754689 0.000105 0.000139 0.000423 34.414034
5.024429 1529183836.766646 0.000105 0.000140 0.000426 34.429473
5.036588 1529183836.778805 0.000105 0.000138 0.000423 34.311509
5.048681 1529183836.790898 0.000106 0.000138 0.000424 34.358525
5.061012 1529183836.803229 0.000106 0.000137 0.000429 34.512095
5.073770 1529183836.815987 0.000106 0.000136 0.000425 34.738246
5.086110 1529183836.828327 0.000105 0.000138 0.000427 34.824456
5.099365 1529183836.841582 0.000106 0.000139 0.000423 34.138176
5.111241 1529183836.853458 0.000107 0.000136 0.000425 34.258863
5.124663 1529183836.866880 0.000107 0.000139 0.000420 34.906553
5.136578 1529183836.878795 0.000107 0.000136 0.000428 34.505893
5.148786 1529183836.891003 0.000107 0.000140 0.000423 34.344199
5.161227 1529183836.903444 0.000108 0.000139 0.000427 34.309645
5.173740 1529183836.915957 0.000109 0.000139 0.000425 34.035746
5.186322 1529183836.928539 0.000109 0.000141 0.000426 34.164698
5.198704 1529183836.940921 0.000109 0.000139 0.000427 34.271771
5.211364 1529183836.953581 0.000108 0.000143 0.000419 33.973989
5.223873 1529183836.966090 0.000109 0.000141 0.000418 34.556169
5.237577 1529183836.979794 0.000109 0.000139 0.000421 34.282047
5.249624 1529183836.991841 0.000109 0.000138 0.000426 34.565440
5.261744 1529183837.003961 0.000108 0.000139 0.000425 34.321965
5.273937 1529183837.016154 0.000109 0.000136 0.000421 34.839689
5.286003 1529183837.028220 0.000109 0.000138 0.000427 34.432391
5.298125 1529183837.040342 0.000109 0.000135 0.000432 34.770811
5.310670 1529183837.052887 0.000109 0.000137 0.000427 34.761514
5.323272 1529183837.065489 0.000108 0.000143 0.000416 34.110249
5.335701 1529183837.077918 0.000109 0.000140 0.000422 34.386020
5.350258 1529183837.092475 0.000109 0.000139 0.000423 34.327507
5.361643 1529183837.103860 0.000108 0.000137 0.000431 34.953917
5.374634 1529183837.116851 0.000108 0.000143 0.000419 33.877242
5.387245 1529183837.129462 0.000109 0.000138 0.000417 34.103283
5.399594 1529183837.141811 0.000109 0.000138 0.000435 34.253465
5.411531 1529183837.153748 0.000108 0.000142 0.000422 34.098496
5.424242 1529183837.166459 0.000109 0.000136 0.000426 35.095245
5.436948 1529183837.179165 0.000108 0.000140 0.000421 34.405495
5.449551 1529183837.191768 0.000109 0.000140 0.000419 34.220766
5.462042 1529183837.204259 0.000109 0.000136 0.000431 34.684774
5.474335 1529183837.216552 0.000109 0.000140 0.000423 34.787375
5.486957 1529183837.229174 0.000109 0.000142 0.000424 34.393424
5.499319 1529183837.241536 0.000109 0.000139 0.000429 34.719802
5.512013 1529183837.254230 0.000109 0.000138 0.000428 34.712554
5.524664 1529183837.266881 0.000109 0.000140 0.000422 34.214230
5.536173 1529183837.278390 0.000109 0.000141 0.000427 34.657834
5.548909 1529183837.291126 0.000109 0.000141 0.000420 34.569189
5.561040 1529183837.303257 0.000110 0.000139 0.000425 34.790033
5.573529 1529183837.315746 0.000109 0.000141 0.000424 34.645523
5.585901 1529183837.328118 0.000110 0.000140 0.000422 35.065093
5.600022 1529183837.342239 0.000110 0.000138 0.000424 34.584611
5.612105 1529183837.354322 0.000110 0.000139 0.000431 34.940151
5.624429 1529183837.366646 0.000110 0.000136 0.000425 34.787772
5.636722 1529183837.378939 0.000111 0.000141 0.000423 34.612233
5.649585 1529183837.391802 0.000110 0.000142 0.000432 34.989963
5.662111 1529183837.404328 0.000110 0.000140 0.000426 35.069266
5.674411 1529183837.416628 0.000111 0.000138 0.000434 34.509981
5.686181 1529183837.428398 0.000111 0.000140 0.000431 34.814354
5.699647 1529183837.441864 0.000111 0.000141 0.000425 34.829231
5.711783 1529183837.454000 0.000110 0.000142 0.000423 34.404687
5.723987 1529183837.466204 0.000110 0.000141 0.000427 34.078775
5.735948 1529183837.478165 0.000110 0.000140 0.000421 34.094119
5.748541 1529183837.490758 0.000110 0.000141 0.000421 34.310405
5.760835 1529183837.503052 0.000110 0.000142 0.000423 34.436793
5.773516 1529183837.515733 0.000111 0.000140 0.000423 34.965049
5.786024 1529183837.528241 0.000111 0.000137 0.000430 34.746796
5.798598 1529183837.540815 0.000110 0.000142 0.000427 34.483402
5.812262 1529183837.554479 0.000111 0.000139 0.000422 35.067864
5.825397 1529183837.567614 0.000111 0.000141 0.000423 34.562228
5.837259 1529183837.579476 0.000111 0.000139 0.000434 34.971006
5.848892 1529183837.591110 0.000110 0.000143 0.000431 34.206983
5.860889 1529183837.603106 0.000111 0.000140 0.000428 34.602268
5.873698 1529183837.615916 0.000111 0.000140 0.000421 34.607379
5.886121 1529183837.628338 0.000111 0.000138 0.000423 34.042753
5.898285 1529183837.640502 0.000110 0.000143 0.000435 34.769630
5.911089 1529183837.653306 0.000111 0.000139 0.000428 34.954533
5.923634 1529183837.665851 0.000111 0.000141 0.000430 34.535635
5.936197 1529183837.678414 0.000111 0.000138 0.000419 34.692088
5.948682 1529183837.690899 0.000111 0.000143 0.000422 34.867662
5.962104 1529183837.704321 0.000111 0.000142 0.000419 34.636038
5.975096 1529183837.717313 0.000111 0.000142 0.000424 35.232247
5.986870 1529183837.729087 0.000111 0.000142 0.000427 34.103285
5.999219 1529183837.741436 0.000112 0.000138 0.000430 34.464131
6.011000 1529183837.753217 0.000111 0.000143 0.000424 33.978170
6.023829 1529183837.766046 0.000112 0.000139 0.000434 34.782044
6.035870 1529183837.778087 0.000112 0.000140 0.000424 34.193716
6.048460 1529183837.790677 0.000111 0.000143 0.000430 34.162735
6.060889 1529183837.803106 0.000111 0.000141 0.000427 34.325972
6.073672 1529183837.815889 0.000112 0.000144 0.000423 33.937529
6.086056 1529183837.828273 0.000111 0.000143 0.000425 34.615586
6.098497 1529183837.840714 0.000111 0.000145 0.000426 34.245604
6.111482 1529183837.853699 0.000112 0.000142 0.000424 34.615349
6.124056 1529183837.866273 0.000112 0.000143 0.000426 34.692088
6.136490 1529183837.878707 0.000112 0.000141 0.000431 34.566246
6.152495 1529183837.894712 0.000113 0.000139 0.000419 34.242869
6.161016 1529183837.903233 0.000112 0.000141 0.000420 34.716880
6.173741 1529183837.915958 0.000113 0.000140 0.000422 34.372228
6.186121 1529183837.928338 0.000112 0.000144 0.000423 34.290047
6.199008 1529183837.941225 0.000112 0.000144 0.000426 34.953105
6.211633 1529183837.953850 0.000112 0.000144 0.000431 34.672485
6.223875 1529183837.966092 0.000113 0.000140 0.000427 34.930392
6.236918 1529183837.979135 0.000112 0.000146 0.000425 34.810686
6.249546 1529183837.991763 0.000112 0.000141 0.000433 34.846841
6.262050 1529183838.004267 0.000111 0.000145 0.000425 34.661739
6.274301 1529183838.016518 0.000112 0.000143 0.000424 34.566973
6.287157 1529183838.029374 0.000112 0.000140 0.000435 34.575968
6.300049 1529183838.042266 0.000113 0.000141 0.000424 34.010296
6.311982 1529183838.054199 0.000112 0.000145 0.000422 34.784971
6.323811 1529183838.066028 0.000112 0.000144 0.000421 34.498468
6.336100 1529183838.078317 0.000112 0.000144 0.000429 34.553594
6.348711 1529183838.090928 0.000113 0.000141 0.000433 34.586145
6.361049 1529183838.103266 0.000112 0.000141 0.000421 34.314102
6.373520 1529183838.115737 0.000112 0.000143 0.000421 34.353836
6.386277 1529183838.128495 0.000112 0.000144 0.000422 34.470456
6.398754 1529183838.140971 0.000111 0.000143 0.000424 34.329136
6.411199 1529183838.153416 0.000112 0.000143 0.000422 34.656603
6.423545 1529183838.165762 0.000112 0.000141 0.000425 34.513916
6.436392 1529183838.178609 0.000112 0.000141 0.000426 34.820713
6.448625 1529183838.190842 0.000113 0.000142 0.000428 34.905440
6.461349 1529183838.203566 0.000113 0.000145 0.000432 35.351846
6.473901 1529183838.216118 0.000113 0.000140 0.000427 34.580106
6.486115 1529183838.228332 0.000113 0.000142 0.000426 34.866699
6.499298 1529183838.241515 0.000113 0.000141 0.000425 34.752414
6.511696 1529183838.253913 0.000114 0.000144 0.000428 35.065481
6.524379 1529183838.266596 0.000114 0.000139 0.000436 35.338770
6.536861 1529183838.279078 0.000114 0.000143 0.000424 34.299486
6.549176 1529183838.291393 0.000114 0.000140 0.000432 34.993002
6.561784 1529183838.304001 0.000113 0.000142 0.000423 34.704026
6.574858 1529183838.317075 0.000114 0.000144 0.000427 34.587209
6.586545 1529183838.328762 0.000113 0.000144 0.000433 35.158259
6.598446 1529183838.340663 0.000113 0.000144 0.000432 34.858757
6.610824 1529183838.353041 0.000114 0.000139 0.000432 35.343450
6.624182 1529183838.366399 0.000113 0.000141 0.000426 34.633578
6.636773 1529183838.378990 0.000113 0.000145 0.000422 34.282739
6.649200 1529183838.391417 0.000112 0.000144 0.000421 35.282248
6.661434 1529183838.403651 0.000113 0.000144 0.000423 34.485468
6.674626 1529183838.416843 0.000113 0.000143 0.000437 36.111958
6.687089 1529183838.429307 0.000112 0.000147 0.000425 34.976474
6.699054 1529183838.441271 0.000112 0.000145 0.000429 34.641740
6.711642 1529183838.453859 0.000112 0.000144 0.000427 34.971655
6.724339 1529183838.466556 0.000113 0.000145 0.000425 34.885569
6.736477 1529183838.478694 0.000111 0.000148 0.000437 34.951633
6.749281 1529183838.491498 0.000111 0.000148 0.000427 34.739027
6.761587 1529183838.503804 0.000112 0.000146 0.000428 35.067555
6.774121 1529183838.516338 0.000112 0.000147 0.000426 35.024513
6.786343 1529183838.528560 0.000112 0.000146 0.000440 35.727790
6.798806 1529183838.541023 0.000112 0.000146 0.000421 34.902193
6.811747 1529183838.553964 0.000113 0.000145 0.000428 35.146322
6.824056 1529183838.566273 0.000113 0.000142 0.000425 35.424238
6.836411 1529183838.578629 0.000113 0.000142 0.000437 35.735248
6.849029 1529183838.591246 0.000113 0.000145 0.000431 35.715389
6.862203 1529183838.604420 0.000112 0.000144 0.000435 35.896247
6.875175 1529183838.617392 0.000113 0.000144 0.000426 35.246505
6.887582 1529183838.629799 0.000112 0.000144 0.000429 35.170269
6.899775 1529183838.641992 0.000113 0.000144 0.000425 35.439510
6.911516 1529183838.653733 0.000112 0.000146 0.000424 35.103372
6.923629 1529183838.665846 0.000113 0.000142 0.000438 35.165847
6.936279 1529183838.678496 0.000112 0.000146 0.000427 34.692427
6.948661 1529183838.690878 0.000113 0.000148 0.000427 35.704045
6.961230 1529183838.703447 0.000112 0.000146 0.000431 34.883982
6.973631 1529183838.715848 0.000111 0.000148 0.000431 35.548958
6.986122 1529183838.728339 0.000112 0.000149 0.000435 35.776737
6.998664 1529183838.740881 0.000112 0.000146 0.000430 35.205443
7.011018 1529183838.753235 0.000113 0.000142 0.000433 36.076899
7.023981 1529183838.766198 0.000113 0.000147 0.000431 35.421581
7.036961 1529183838.779178 0.000113 0.000146 0.000427 34.775524
7.049034 1529183838.791251 0.000113 0.000144 0.000435 35.009224
7.061032 1529183838.803249 0.000113 0.000147 0.000425 35.373499
7.074048 1529183838.816265 0.000114 0.000144 0.000424 34.778858
7.086259 1529183838.828476 0.000113 0.000145 0.000427 35.282374
7.098917 1529183838.841134 0.000114 0.000143 0.000433 35.726307
7.111409 1529183838.853626 0.000114 0.000144 0.000425 35.123649
7.123719 1529183838.865936 0.000114 0.000144 0.000424 35.638530
7.136704 1529183838.878922 0.000115 0.000145 0.000433 34.814690
7.149270 1529183838.891487 0.000114 0.000147 0.000446 35.211667
7.161418 1529183838.903635 0.000114 0.000144 0.000432 35.468110
7.173772 1529183838.915989 0.000114 0.000144 0.000426 34.663403
7.186508 1529183838.928725 0.000114 0.000146 0.000426 34.903597
7.199288 1529183838.941505 0.000114 0.000146 0.000427 34.976517
7.211452 1529183838.953669 0.000115 0.000145 0.000431 36.055532
7.223721 1529183838.965938 0.000115 0.000147 0.000433 35.743919
7.236101 1529183838.978318 0.000114 0.000144 0.000440 35.584519
7.249000 1529183838.991217 0.000115 0.000145 0.000436 35.816427
7.262255 1529183839.004472 0.000115 0.000144 0.000426 35.061646
7.274967 1529183839.017184 0.000115 0.000142 0.000427 36.028242
7.287136 1529183839.029353 0.000115 0.000145 0.000438 35.559109
7.298890 1529183839.041107 0.000114 0.000148 0.000434 35.009837
7.311081 1529183839.053298 0.000115 0.000146 0.000421 34.725463
7.323656 1529183839.065873 0.000116 0.000145 0.000432 35.321699
7.337605 1529183839.079822 0.000116 0.000146 0.000430 35.295973
7.349722 1529183839.091939 0.000115 0.000148 0.000429 34.654622
7.362433 1529183839.104650 0.000116 0.000148 0.000424 35.430589
7.373616 1529183839.115833 0.000116 0.000147 0.000424 35.400708
7.386044 1529183839.128261 0.000116 0.000147 0.000428 34.590307
7.398912 1529183839.141129 0.000116 0.000150 0.000427 34.871110
7.412223 1529183839.154440 0.000116 0.000147 0.000433 35.552603
7.424729 1529183839.166946 0.000116 0.000148 0.000423 35.580110
7.437096 1529183839.179313 0.000115 0.000153 0.000414 35.408134
7.449739 1529183839.191956 0.000114 0.000150 0.000422 36.449257
7.462060 1529183839.204277 0.000115 0.000147 0.000416 35.854720
7.474927 1529183839.217144 0.000114 0.000148 0.000418 35.514736
7.487489 1529183839.229706 0.000114 0.000148 0.000418 35.632957
7.499556 1529183839.241773 0.000114 0.000147 0.000421 35.810924
7.512262 1529183839.254479 0.000114 0.000149 0.000427 35.945903
7.524907 1529183839.267124 0.000114 0.000145 0.000425 35.863642
7.537220 1529183839.279437 0.000114 0.000146 0.000430 35.452639
7.549904 1529183839.292121 0.000114 0.000150 0.000419 35.570205
7.562305 1529183839.304522 0.000114 0.000147 0.000421 35.695379
7.573839 1529183839.316056 0.000114 0.000149 0.000418 35.916755
7.585995 1529183839.328212 0.000113 0.000148 0.000422 35.691222
7.599042 1529183839.341259 0.000113 0.000148 0.000414 35.481206
7.611418 1529183839.353636 0.000114 0.000145 0.000427 35.500637
7.624272 1529183839.366489 0.000113 0.000149 0.000423 35.446747
7.636129 1529183839.378346 0.000112 0.000151 0.000425 35.529251
7.648710 1529183839.390927 0.000113 0.000147 0.000429 35.920037
7.660947 1529183839.403164 0.000113 0.000145 0.000425 35.497502
7.673763 1529183839.415980 0.000113 0.000150 0.000417 35.529921
7.686276 1529183839.428493 0.000113 0.000149 0.000425 35.330951
7.698636 1529183839.440853 0.000113 0.000148 0.000430 35.955422
7.712276 1529183839.454493 0.000113 0.000146 0.000429 36.066210
7.724598 1529183839.466815 0.000112 0.000149 0.000424 35.959409
7.737508 1529183839.479725 0.000113 0.000148 0.000424 36.232555
7.749387 1529183839.491604 0.000113 0.000146 0.000427 35.549790
7.761522 1529183839.503739 0.000112 0.000151 0.000425 35.294568
7.773805 1529183839.516022 0.000112 0.000148 0.000427 35.910322
7.786128 1529183839.528345 0.000112 0.000152 0.000432 35.969051
7.800169 1529183839.542387 0.000113 0.000149 0.000424 35.112896
7.812229 1529183839.554446 0.000112 0.000148 0.000418 35.641351
7.824946 1529183839.567163 0.000113 0.000149 0.000428 35.839088
7.837043 1529183839.579260 0.000114 0.000149 0.000421 36.192958
7.850186 1529183839.592403 0.000113 0.000149 0.000428 35.722670
7.862199 1529183839.604416 0.000113 0.000149 0.000433 35.850013
7.874729 1529183839.616946 0.000113 0.000151 0.000422 35.909923
7.886407 1529183839.628624 0.000113 0.000149 0.000423 35.790027
7.898552 1529183839.640769 0.000114 0.000145 0.000429 35.957031
7.911461 1529183839.653678 0.000114 0.000147 0.000427 36.505993
7.923964 1529183839.666181 0.000114 0.000150 0.000426 36.006272
7.936432 1529183839.678649 0.000114 0.000150 0.000424 35.694269
7.949080 1529183839.691298 0.000114 0.000154 0.000424 35.521007
7.962558 1529183839.704775 0.000114 0.000155 0.000420 35.147718
7.974014 1529183839.716231 0.000115 0.000154 0.000422 35.354579
7.986851 1529183839.729068 0.000115 0.000153 0.000421 35.660457
7.999771 1529183839.741988 0.000115 0.000152 0.000417 35.559972
8.012072 1529183839.754289 0.000115 0.000153 0.000417 35.732801
8.024836 1529183839.767053 0.000115 0.000154 0.000426 35.533709
8.037066 1529183839.779283 0.000116 0.000155 0.000415 35.352253
8.048766 1529183839.790983 0.000117 0.000151 0.000423 35.730354
8.062238 1529183839.804455 0.000116 0.000154 0.000416 35.234069
8.075358 1529183839.817575 0.000116 0.000157 0.000421 35.525770
8.086459 1529183839.828676 0.000118 0.000153 0.000419 35.829790
8.098889 1529183839.841106 0.000117 0.000154 0.000420 35.771813
8.111284 1529183839.853501 0.000118 0.000156 0.000423 35.867154
8.123914 1529183839.866131 0.000119 0.000150 0.000412 35.997658
8.136974 1529183839.879191 0.000118 0.000153 0.000419 35.794184
8.149617 1529183839.891834 0.000119 0.000154 0.000419 36.092291
8.162222 1529183839.904439 0.000118 0.000156 0.000423 35.766400
8.174529 1529183839.916746 0.000119 0.000155 0.000420 35.854512
8.187090 1529183839.929307 0.000119 0.000157 0.000418 35.117795
8.199760 1529183839.941977 0.000120 0.000154 0.000424 36.077849
8.211663 1529183839.953880 0.000119 0.000159 0.000421 35.659513
8.223737 1529183839.965954 0.000118 0.000159 0.000421 35.529809
8.236529 1529183839.978746 0.000120 0.000157 0.000415 35.875961
8.249095 1529183839.991313 0.000121 0.000156 0.000416 35.869205
8.261626 1529183840.003843 0.000120 0.000150 0.000426 36.581220
8.273729 1529183840.015946 0.000120 0.000156 0.000416 35.084511
8.286567 1529183840.028785 0.000121 0.000153 0.000417 35.887713
8.298879 1529183840.041096 0.000120 0.000157 0.000414 35.498434
8.311981 1529183840.054199 0.000119 0.000155 0.000418 35.468213
8.324253 1529183840.066470 0.000121 0.000152 0.000416 35.728034
8.336501 1529183840.078718 0.000120 0.000157 0.000412 35.694127
8.348831 1529183840.091048 0.000121 0.000155 0.000406 35.726857
8.362201 1529183840.104418 0.000123 0.000154 0.000397 35.715818
8.374715 1529183840.116932 0.000125 0.000156 0.000393 35.515362
8.387365 1529183840.129582 0.000125 0.000152 0.000402 35.522259
8.399508 1529183840.141725 0.000126 0.000151 0.000403 36.112265
8.412328 1529183840.154545 0.000125 0.000154 0.000399 35.231587
8.424778 1529183840.166995 0.000125 0.000154 0.000402 35.657646
8.436811 1529183840.179028 0.000125 0.000152 0.000402 35.743349
8.449141 1529183840.191358 0.000124 0.000157 0.000400 34.851272
8.461321 1529183840.203538 0.000124 0.000151 0.000401 35.518562
8.474144 1529183840.216361 0.000124 0.000151 0.000397 35.190750
8.486475 1529183840.228692 0.000122 0.000150 0.000396 35.250538
8.498877 1529183840.241094 0.000122 0.000152 0.000397 34.673180
8.511600 1529183840.253817 0.000121 0.000153 0.000397 34.489184
8.524284 1529183840.266501 0.000121 0.000148 0.000400 34.819350
8.536674 1529183840.278891 0.000121 0.000151 0.000402 34.681160
8.549469 1529183840.291686 0.000121 0.000148 0.000400 34.917716
8.561546 1529183840.303763 0.000120 0.000150 0.000402 34.638458
8.574047 1529183840.316264 0.000119 0.000153 0.000409 34.729505
8.586702 1529183840.328919 0.000119 0.000152 0.000406 34.111237
8.599149 1529183840.341366 0.000119 0.000147 0.000401 35.190238
8.611665 1529183840.353883 0.000118 0.000152 0.000401 33.714952
8.624132 1529183840.366349 0.000120 0.000149 0.000398 34.958084
8.636492 1529183840.378710 0.000120 0.000148 0.000400 34.590290
8.649109 1529183840.391326 0.000119 0.000150 0.000404 34.261102
8.661972 1529183840.404189 0.000119 0.000149 0.000402 34.230023
8.674334 1529183840.416551 0.000119 0.000148 0.000397 35.121310
8.686646 1529183840.428863 0.000120 0.000147 0.000407 34.679138
8.699031 1529183840.441248 0.000119 0.000149 0.000402 34.981070
8.711543 1529183840.453760 0.000119 0.000146 0.000400 35.044138
8.724553 1529183840.466770 0.000118 0.000151 0.000403 34.912910
8.736631 1529183840.478848 0.000119 0.000146 0.000402 34.934053
8.749110 1529183840.491327 0.000118 0.000149 0.000399 34.785259
8.761711 1529183840.503928 0.000118 0.000148 0.000406 35.046231
8.774177 1529183840.516394 0.000118 0.000150 0.000404 35.165913
8.786785 1529183840.529002 0.000118 0.000149 0.000407 34.890983
8.798985 1529183840.541202 0.000118 0.000150 0.000408 34.784181
8.811433 1529183840.553650 0.000118 0.000151 0.000399 34.937905
8.824041 1529183840.566258 0.000118 0.000149 0.000407 35.104338
8.836712 1529183840.578929 0.000118 0.000154 0.000402 33.983196
8.849064 1529183840.591281 0.000119 0.000149 0.000402 34.374545
8.861625 1529183840.603842 0.000118 0.000152 0.000400 34.418460
8.873908 1529183840.616125 0.000119 0.000152 0.000396 34.394901
8.886744 1529183840.628961 0.000120 0.000148 0.000407 34.966583
8.899495 1529183840.641712 0.000119 0.000150 0.000400 35.044142
8.911660 1529183840.653877 0.000118 0.000152 0.000398 34.006795
8.924470 1529183840.666687 0.000119 0.000152 0.000406 34.996609
8.936912 1529183840.679129 0.000121 0.000148 0.000402 34.981860
8.949414 1529183840.691631 0.000120 0.000150 0.000399 34.539464
8.962569 1529183840.704786 0.000121 0.000150 0.000401 34.447231
8.974896 1529183840.717113 0.000121 0.000150 0.000400 34.614848
8.987231 1529183840.729448 0.000120 0.000152 0.000403 34.575996
9.000177 1529183840.742394 0.000121 0.000150 0.000398 34.618834
9.012232 1529183840.754449 0.000121 0.000151 0.000405 34.798672
9.024611 1529183840.766828 0.000121 0.000152 0.000402 34.398970
9.036749 1529183840.778966 0.000122 0.000151 0.000400 34.822819
9.048919 1529183840.791136 0.000122 0.000154 0.000397 34.546523
9.061708 1529183840.803925 0.000123 0.000152 0.000396 34.164858
9.074124 1529183840.816341 0.000123 0.000148 0.000399 35.113329
9.086644 1529183840.828861 0.000123 0.000152 0.000402 34.798585
9.098899 1529183840.841116 0.000124 0.000153 0.000403 34.546869
9.111253 1529183840.853470 0.000123 0.000155 0.000405 35.184351
9.123507 1529183840.865724 0.000124 0.000147 0.000406 35.342306
9.136098 1529183840.878315 0.000124 0.000152 0.000402 34.882770
9.148845 1529183840.891062 0.000125 0.000154 0.000399 34.877620
9.161350 1529183840.903567 0.000125 0.000156 0.000404 34.744184
9.173663 1529183840.915880 0.000127 0.000149 0.000402 34.669374
9.186067 1529183840.928284 0.000126 0.000154 0.000397 34.380916
9.198748 1529183840.940965 0.000125 0.000155 0.000407 35.086590
9.212121 1529183840.954338 0.000124 0.000153 0.000410 35.446354
9.224593 1529183840.966810 0.000123 0.000151 0.000412 35.378084
9.236676 1529183840.978893 0.000123 0.000153 0.000414 35.313786
9.249307 1529183840.991524 0.000124 0.000152 0.000408 35.503566
9.261657 1529183841.003874 0.000124 0.000154 0.000409 35.669835
9.274104 1529183841.016321 0.000124 0.000153 0.000409 35.603315
9.286967 1529183841.029184 0.000124 0.000153 0.000410 35.406934
9.299285 1529183841.041502 0.000124 0.000152 0.000406 35.060314
9.311955 1529183841.054172 0.000123 0.000157 0.000405 35.080811
9.324372 1529183841.066589 0.000123 0.000152 0.000403 35.492259
9.336627 1529183841.078844 0.000123 0.000155 0.000413 34.910016
9.349719 1529183841.091936 0.000122 0.000153 0.000410 35.187505
9.361660 1529183841.103877 0.000122 0.000154 0.000415 35.140842
9.374048 1529183841.116265 0.000121 0.000154 0.000406 34.984494
9.386845 1529183841.129062 0.000121 0.000152 0.000411 34.607460
9.399528 1529183841.141745 0.000122 0.000149 0.000414 35.158783
9.411735 1529183841.153952 0.000121 0.000151 0.000418 34.859671
9.424188 1529183841.166405 0.000121 0.000153 0.000403 34.704039
9.437346 1529183841.179563 0.000121 0.000152 0.000411 35.039174
9.449978 1529183841.192195 0.000122 0.000151 0.000408 34.806446
9.461766 1529183841.203983 0.000122 0.000152 0.000414 35.304660
9.474529 1529183841.216746 0.000122 0.000153 0.000411 35.146809
9.486996 1529183841.229213 0.000121 0.000152 0.000417 34.707671
9.499445 1529183841.241662 0.000121 0.000152 0.000407 34.557433
9.511831 1529183841.254048 0.000122 0.000151 0.000417 35.238036
9.524458 1529183841.266675 0.000121 0.000155 0.000410 35.141474
9.537022 1529183841.279239 0.000122 0.000153 0.000407 34.914161
9.549536 1529183841.291754 0.000121 0.000155 0.000415 34.610204
9.562019 1529183841.304236 0.000123 0.000152 0.000408 34.768780
9.574481 1529183841.316699 0.000122 0.000152 0.000419 35.025947
9.586793 1529183841.329010 0.000123 0.000152 0.000413 35.067816
9.599554 1529183841.341771 0.000123 0.000151 0.000418 34.924531
9.611975 1529183841.354192 0.000122 0.000153 0.000415 34.985889
9.624330 1529183841.366547 0.000123 0.000151 0.000414 35.019296
9.637060 1529183841.379277 0.000122 0.000155 0.000408 34.637802
9.650013 1529183841.392230 0.000123 0.000151 0.000417 34.930043
9.662162 1529183841.404379 0.000123 0.000155 0.000412 34.977305
9.674418 1529183841.416635 0.000124 0.000153 0.000413 34.607554
9.686861 1529183841.429078 0.000124 0.000153 0.000412 34.605632
9.699542 1529183841.441759 0.000124 0.000155 0.000409 34.682743
9.712106 1529183841.454323 0.000124 0.000154 0.000408 34.678252
9.724349 1529183841.466567 0.000124 0.000150 0.000415 34.754648
9.737406 1529183841.479623 0.000124 0.000154 0.000407 34.652453
9.749408 1529183841.491625 0.000125 0.000155 0.000407 34.393259
9.762301 1529183841.504519 0.000124 0.000155 0.000414 34.658497
9.774214 1529183841.516431 0.000124 0.000154 0.000405 34.317502
9.786863 1529183841.529080 0.000124 0.000157 0.000410 34.330648
9.799420 1529183841.541637 0.000125 0.000155 0.000411 34.408944
9.812305 1529183841.554522 0.000125 0.000153 0.000411 34.290789
9.824879 1529183841.567096 0.000125 0.000154 0.000411 34.242975
9.837149 1529183841.579366 0.000125 0.000156 0.000408 34.595643
9.849654 1529183841.591871 0.000125 0.000156 0.000412 34.321122
9.862169 1529183841.604386 0.000125 0.000154 0.000414 34.664028
9.874565 1529183841.616782 0.000126 0.000154 0.000409 34.776999
9.887340 1529183841.629557 0.000126 0.000158 0.000410 34.530451
9.899468 1529183841.641685 0.000126 0.000152 0.000411 34.496615
9.911865 1529183841.654082 0.000127 0.000154 0.000415 34.933268
9.924528 1529183841.666745 0.000127 0.000154 0.000409 34.367958
9.937146 1529183841.679363 0.000127 0.000156 0.000409 34.076797
9.949380 1529183841.691597 0.000126 0.000159 0.000407 34.532391
9.961948 1529183841.704165 0.000127 0.000154 0.000415 34.317004
9.974293 1529183841.716510 0.000127 0.000154 0.000411 34.315507
9.987048 1529183841.729265 0.000127 0.000156 0.000414 34.385857
9.999485 1529183841.741702 0.000127 0.000156 0.000405 33.610939
10.013005 1529183841.755222 0.000128 0.000155 0.000409 34.032979
10.024310 1529183841.766527 0.000128 0.000157 0.000409 33.560812
10.036937 1529183841.779154 0.000127 0.000159 0.000408 33.614097
10.049567 1529183841.791784 0.000128 0.000155 0.000414 34.645707
10.062222 1529183841.804439 0.000128 0.000153 0.000407 34.634865
10.074442 1529183841.816659 0.000128 0.000158 0.000410 34.097934
10.087172 1529183841.829389 0.000128 0.000153 0.000408 34.443558
10.099485 1529183841.841702 0.000128 0.000157 0.000407 34.174573
10.111735 1529183841.853952 0.000129 0.000153 0.000411 34.413487
10.125614 1529183841.867831 0.000128 0.000156 0.000412 34.060389
10.137177 1529183841.879394 0.000128 0.000154 0.000414 34.123201
10.149482 1529183841.891700 0.000128 0.000155 0.000409 33.928166
10.161747 1529183841.903964 0.000129 0.000157 0.000409 34.722798
10.174515 1529183841.916733 0.000128 0.000155 0.000409 33.742465
10.187160 1529183841.929378 0.000127 0.000158 0.000410 33.927646
10.199625 1529183841.941842 0.000128 0.000153 0.000409 33.912733
10.212388 1529183841.954605 0.000127 0.000157 0.000409 34.222832
10.224459 1529183841.966676 0.000128 0.000154 0.000409 34.030592
10.237271 1529183841.979488 0.000127 0.000156 0.000412 34.060195
10.249491 1529183841.991709 0.000128 0.000154 0.000408 34.177939
10.261760 1529183842.003977 0.000127 0.000159 0.000409 34.230332
10.274765 1529183842.016983 0.000127 0.000155 0.000409 34.040240
10.287397 1529183842.029614 0.000127 0.000154 0.000411 33.960582
10.299998 1529183842.042215 0.000127 0.000157 0.000409 33.783160
10.312153 1529183842.054370 0.000128 0.000157 0.000413 34.505858
10.324507 1529183842.066724 0.000127 0.000159 0.000407 33.844504
10.336794 1529183842.079011 0.000129 0.000153 0.000411 33.944708
10.349041 1529183842.091258 0.000129 0.000154 0.000411 34.265895
10.361325 1529183842.103542 0.000129 0.000153 0.000414 34.327079
10.373635 1529183842.115852 0.000128 0.000157 0.000410 33.594381
10.386228 1529183842.128445 0.000129 0.000154 0.000412 33.841478
10.398895 1529183842.141112 0.000129 0.000155 0.000407 34.396369
10.411467 1529183842.153684 0.000129 0.000161 0.000407 34.195359
10.423940 1529183842.166157 0.000129 0.000157 0.000412 34.215461
10.436294 1529183842.178511 0.000129 0.000154 0.000408 34.303698
10.448819 1529183842.191036 0.000129 0.000160 0.000401 33.586355
10.461371 1529183842.203588 0.000130 0.000155 0.000410 34.468452
10.474004 1529183842.216221 0.000129 0.000155 0.000411 33.932833
10.486601 1529183842.228818 0.000128 0.000161 0.000410 34.021630
10.499024 1529183842.241241 0.000129 0.000159 0.000407 34.069947
10.511497 1529183842.253714 0.000129 0.000157 0.000407 33.956430
10.523893 1529183842.266110 0.000129 0.000157 0.000414 33.915733
10.536415 1529183842.278632 0.000128 0.000160 0.000409 33.629698
10.548817 1529183842.291034 0.000128 0.000158 0.000410 33.837192
10.562227 1529183842.304444 0.000129 0.000154 0.000408 34.035302
10.574240 1529183842.316457 0.000129 0.000156 0.000412 34.021561
10.586537 1529183842.328754 0.000128 0.000156 0.000409 33.489199
10.598889 1529183842.341106 0.000129 0.000153 0.000410 33.920230
10.611436 1529183842.353653 0.000128 0.000159 0.000411 33.831669
10.624061 1529183842.366278 0.000127 0.000158 0.000411 33.749126
10.636496 1529183842.378713 0.000128 0.000157 0.000408 34.335646
10.648919 1529183842.391136 0.000129 0.000155 0.000406 34.175560
10.661837 1529183842.404054 0.000128 0.000155 0.000406 34.355548
10.674136 1529183842.416353 0.000128 0.000155 0.000414 34.237201
10.686564 1529183842.428781 0.000128 0.000154 0.000415 33.848895
10.698905 1529183842.441123 0.000127 0.000155 0.000412 34.008811
10.711615 1529183842.453832 0.000128 0.000154 0.000413 34.066388
10.725898 1529183842.468115 0.000127 0.000157 0.000408 33.791552
10.737978 1529183842.480196 0.000127 0.000157 0.000421 34.545512
10.750373 1529183842.492590 0.000128 0.000155 0.000410 33.916575
10.762279 1529183842.504496 0.000128 0.000155 0.000411 34.098102
10.775865 1529183842.518082 0.000128 0.000155 0.000417 33.912667
10.787866 1529183842.530083 0.000128 0.000156 0.000411 33.893843
10.799534 1529183842.541751 0.000128 0.000157 0.000406 34.070215
10.811855 1529183842.554072 0.000129 0.000154 0.000413 34.115089
10.824267 1529183842.566484 0.000129 0.000156 0.000410 33.974789
10.836985 1529183842.579202 0.000128 0.000161 0.000406 33.389312
10.849239 1529183842.591456 0.000129 0.000155 0.000405 34.949595
10.861730 1529183842.603947 0.000128 0.000158 0.000414 34.442427
10.874664 1529183842.616881 0.000129 0.000156 0.000412 33.902642
10.886965 1529183842.629182 0.000130 0.000161 0.000407 33.709848
10.899767 1529183842.641984 0.000129 0.000158 0.000412 33.998823
10.911860 1529183842.654077 0.000131 0.000155 0.000408 34.245126
10.924277 1529183842.666494 0.000130 0.000159 0.000410 33.693962
10.937137 1529183842.679354 0.000130 0.000162 0.000407 34.235654
10.949720 1529183842.691937 0.000131 0.000159 0.000416 34.498384
10.961983 1529183842.704200 0.000132 0.000157 0.000414 34.182608
10.974381 1529183842.716599 0.000132 0.000158 0.000409 34.040285
10.987016 1529183842.729233 0.000132 0.000162 0.000406 33.897327
10.999535 1529183842.741752 0.000132 0.000159 0.000407 33.537370
11.011804 1529183842.754021 0.000133 0.000160 0.000412 33.726691
11.024568 1529183842.766785 0.000133 0.000158 0.000413 33.781379
11.037083 1529183842.779300 0.000133 0.000163 0.000405 33.537816
11.049873 1529183842.792090 0.000134 0.000159 0.000408 33.940147
11.062539 1529183842.804756 0.000134 0.000160 0.000410 33.883692
11.074795 1529183842.817013 0.000134 0.000159 0.000411 33.941854
11.087264 1529183842.829481 0.000134 0.000161 0.000410 34.260523
11.099816 1529183842.842033 0.000134 0.000162 0.000409 33.822609
11.112078 1529183842.854295 0.000134 0.000163 0.000408 33.740327
11.124479 1529183842.866696 0.000135 0.000160 0.000405 33.337704
11.137317 1529183842.879534 0.000135 0.000162 0.000411 33.667589
11.149750 1529183842.891967 0.000135 0.000163 0.000408 33.582052
11.162313 1529183842.904530 0.000136 0.000164 0.000407 33.532643
11.174889 1529183842.917106 0.000136 0.000160 0.000407 33.839194
11.187266 1529183842.929483 0.000136 0.000160 0.000412 34.035039
11.199769 1529183842.941986 0.000136 0.000161 0.000408 33.463584
11.212297 1529183842.954514 0.000137 0.000162 0.000401 33.801243
11.224638 1529183842.966855 0.000138 0.000160 0.000406 33.618273
11.237242 1529183842.979459 0.000138 0.000160 0.000410 33.933127
11.249495 1529183842.991712 0.000138 0.000159 0.000407 33.948990
11.261930 1529183843.004147 0.000138 0.000162 0.000401 33.831184
11.274348 1529183843.016565 0.000138 0.000163 0.000401 33.557030
11.287206 1529183843.029423 0.000138 0.000162 0.000406 33.802948
11.299420 1529183843.041637 0.000139 0.000162 0.000409 33.478002
11.311994 1529183843.054211 0.000139 0.000161 0.000408 33.964689
11.324476 1529183843.066693 0.000139 0.000163 0.000407 33.540107
11.336920 1529183843.079137 0.000140 0.000163 0.000401 33.827464
11.349465 1529183843.091682 0.000139 0.000161 0.000407 33.644927
11.362179 1529183843.104396 0.000140 0.000163 0.000405 33.380248
11.374772 1529183843.116989 0.000140 0.000164 0.000404 33.720166
11.387119 1529183843.129336 0.000140 0.000162 0.000406 33.400518
11.399620 1529183843.141837 0.000140 0.000165 0.000402 33.364600
11.412222 1529183843.154439 0.000140 0.000164 0.000402 32.804399
11.424725 1529183843.166942 0.000140 0.000160 0.000412 33.936378
11.437204 1529183843.179421 0.000140 0.000163 0.000409 33.921992
11.449891 1529183843.192108 0.000139 0.000164 0.000414 32.738734
11.462121 1529183843.204338 0.000140 0.000163 0.000405 33.209162
11.474782 1529183843.216999 0.000139 0.000161 0.000409 33.847565
11.486971 1529183843.229188 0.000139 0.000162 0.000406 33.935322
11.499638 1529183843.241855 0.000138 0.000161 0.000407 34.078313
11.511896 1529183843.254113 0.000137 0.000167 0.000406 33.179394
11.524884 1529183843.267101 0.000138 0.000162 0.000407 33.154474
11.537130 1529183843.279347 0.000138 0.000167 0.000402 33.142588
11.549629 1529183843.291846 0.000138 0.000164 0.000411 33.751699
11.562073 1529183843.304291 0.000138 0.000161 0.000411 33.699226
11.574945 1529183843.317162 0.000138 0.000163 0.000409 33.199315
11.587524 1529183843.329741 0.000137 0.000165 0.000404 33.379272
11.600259 1529183843.342476 0.000138 0.000165 0.000408 33.471389
11.612727 1529183843.354944 0.000138 0.000163 0.000412 33.532406
11.624596 1529183843.366813 0.000138 0.000163 0.000409 33.804276
11.637024 1529183843.379241 0.000138 0.000163 0.000411 33.206690
11.649732 1529183843.391949 0.000137 0.000164 0.000418 33.194721
11.662446 1529183843.404663 0.000137 0.000163 0.000416 33.552677
11.674593 1529183843.416810 0.000137 0.000164 0.000415 33.369742
11.687301 1529183843.429518 0.000137 0.000165 0.000423 33.769432
11.699764 1529183843.441982 0.000137 0.000164 0.000419 33.716136
11.712255 1529183843.454472 0.000137 0.000163 0.000417 33.745421
11.724538 1529183843.466755 0.000137 0.000165 0.000421 34.066921
11.737460 1529183843.479677 0.000136 0.000164 0.000422 33.571512
11.750583 1529183843.492800 0.000137 0.000162 0.000418 33.632473
11.762867 1529183843.505084 0.000136 0.000161 0.000420 34.201622
11.774886 1529183843.517103 0.000135 0.000163 0.000420 33.914325
11.787069 1529183843.529286 0.000135 0.000162 0.000426 33.615838
11.799289 1529183843.541506 0.000135 0.000164 0.000420 33.890377
11.812006 1529183843.554223 0.000135 0.000161 0.000420 34.169322
11.824485 1529183843.566702 0.000134 0.000161 0.000422 33.954254
11.837071 1529183843.579288 0.000134 0.000161 0.000423 33.746087
11.849303 1529183843.591520 0.000133 0.000159 0.000423 34.623524
11.862039 1529183843.604256 0.000133 0.000162 0.000417 34.026332
11.874525 1529183843.616742 0.000133 0.000161 0.000425 34.548897
11.887220 1529183843.629437 0.000133 0.000162 0.000422 34.091577
11.899535 1529183843.641752 0.000133 0.000160 0.000420 34.250579
11.912205 1529183843.654422 0.000132 0.000163 0.000421 34.075827
11.925054 1529183843.667271 0.000133 0.000161 0.000421 33.828823
11.937424 1529183843.679641 0.000132 0.000163 0.000425 34.242805
11.950308 1529183843.692525 0.000132 0.000162 0.000425 33.819172
11.962795 1529183843.705012 0.000132 0.000159 0.000422 33.995909
11.974384 1529183843.716601 0.000132 0.000160 0.000433 35.028102
11.986912 1529183843.729129 0.000132 0.000159 0.000429 34.084252
11.999482 1529183843.741699 0.000132 0.000159 0.000426 33.660600
12.012030 1529183843.754247 0.000132 0.000162 0.000419 33.706417
12.024471 1529183843.766688 0.000131 0.000161 0.000420 34.191328
12.037313 1529183843.779530 0.000131 0.000162 0.000422 32.797590
12.049695 1529183843.791913 0.000133 0.000162 0.000412 33.334916
12.062026 1529183843.804243 0.000132 0.000160 0.000421 33.502239
12.074914 1529183843.817131 0.000132 0.000160 0.000422 34.034996
12.087106 1529183843.829323 0.000132 0.000160 0.000423 34.069013
12.099660 1529183843.841877 0.000132 0.000159 0.000421 34.176323
12.112321 1529183843.854538 0.000132 0.000160 0.000423 33.699823
12.124596 1529183843.866813 0.000132 0.000161 0.000423 34.276787
12.137150 1529183843.879367 0.000132 0.000162 0.000423 33.550717
12.150044 1529183843.892261 0.000132 0.000159 0.000423 33.684337
12.162082 1529183843.904299 0.000132 0.000158 0.000425 34.178083
12.174834 1529183843.917051 0.000133 0.000158 0.000425 34.278113
12.187100 1529183843.929317 0.000133 0.000160 0.000424 34.249906
12.199776 1529183843.941993 0.000133 0.000160 0.000421 33.832533
12.212224 1529183843.954442 0.000132 0.000159 0.000418 33.619496
12.224982 1529183843.967199 0.000132 0.000163 0.000419 33.395518
12.237446 1529183843.979663 0.000133 0.000160 0.000418 33.075405
12.249954 1529183843.992171 0.000133 0.000159 0.000419 33.907372
12.261987 1529183844.004205 0.000133 0.000159 0.000426 33.765075
12.274842 1529183844.017059 0.000133 0.000159 0.000422 33.469159
12.287128 1529183844.029346 0.000133 0.000162 0.000423 33.529993
12.299695 1529183844.041912 0.000133 0.000160 0.000420 33.426861
12.312349 1529183844.054566 0.000132 0.000160 0.000425 33.526718
12.324820 1529183844.067037 0.000134 0.000161 0.000422 33.835832
12.337902 1529183844.080119 0.000134 0.000162 0.000423 33.944830
12.350542 1529183844.092759 0.000134 0.000159 0.000418 33.604573
12.363139 1529183844.105356 0.000134 0.000163 0.000425 33.314958
12.375038 1529183844.117255 0.000134 0.000160 0.000425 34.049649
12.386960 1529183844.129177 0.000135 0.000161 0.000423 33.644457
12.399566 1529183844.141783 0.000134 0.000163 0.000420 34.048552
12.412990 1529183844.155207 0.000134 0.000161 0.000426 33.407702
12.425333 1529183844.167550 0.000135 0.000163 0.000425 33.375646
12.438182 1529183844.180399 0.000134 0.000163 0.000421 33.601471
12.450477 1529183844.192694 0.000135 0.000161 0.000428 33.134124
12.463075 1529183844.205292 0.000134 0.000161 0.000426 33.171583
12.475733 1529183844.217950 0.000135 0.000162 0.000419 33.128197
12.487839 1529183844.230056 0.000134 0.000161 0.000423 33.489355
12.499912 1529183844.242129 0.000135 0.000164 0.000418 33.340200
12.511857 1529183844.254074 0.000134 0.000163 0.000424 33.107226
12.524727 1529183844.266944 0.000135 0.000162 0.000416 32.726218
12.537369 1529183844.279586 0.000135 0.000164 0.000419 33.382022
12.549785 1529183844.292002 0.000134 0.000163 0.000423 33.286368
12.562381 1529183844.304598 0.000134 0.000164 0.000420 33.446015
12.574719 1529183844.316936 0.000134 0.000161 0.000422 33.248732
12.587220 1529183844.329437 0.000134 0.000162 0.000421 33.369759
12.599517 1529183844.341734 0.000134 0.000160 0.000429 32.946674
12.612756 1529183844.354973 0.000134 0.000163 0.000414 32.805505
12.625144 1529183844.367362 0.000133 0.000160 0.000428 33.143123
12.637856 1529183844.380073 0.000133 0.000159 0.000425 33.385314
12.650300 1529183844.392517 0.000132 0.000162 0.000423 32.831968
12.662884 1529183844.405101 0.000132 0.000162 0.000421 33.153310
12.674754 1529183844.416971 0.000132 0.000161 0.000426 33.194666
12.687059 1529183844.429276 0.000132 0.000158 0.000427 33.106083
12.699432 1529183844.441649 0.000132 0.000159 0.000425 33.028296
12.712346 1529183844.454563 0.000132 0.000161 0.000422 32.610251
12.724337 1529183844.466554 0.000132 0.000158 0.000428 33.220462
12.736916 1529183844.479133 0.000131 0.000160 0.000423 33.330904
12.749140 1529183844.491357 0.000132 0.000159 0.000424 33.341835
12.761694 1529183844.503911 0.000132 0.000159 0.000429 33.747763
12.774037 1529183844.516254 0.000132 0.000159 0.000422 33.145721
12.786560 1529183844.528777 0.000131 0.000158 0.000423 33.062091
12.799396 1529183844.541613 0.000131 0.000159 0.000429 33.560074
12.811927 1529183844.554144 0.000130 0.000159 0.000421 32.780226
12.824222 1529183844.566439 0.000130 0.000161 0.000426 33.447846
12.836625 1529183844.578842 0.000130 0.000161 0.000421 33.403712
12.849294 1529183844.591511 0.000130 0.000160 0.000422 33.209887
12.861636 1529183844.603853 0.000130 0.000159 0.000424 33.826177
12.874121 1529183844.616338 0.000130 0.000156 0.000428 33.277513
12.886724 1529183844.628942 0.000129 0.000158 0.000425 33.323118
12.899141 1529183844.641358 0.000129 0.000160 0.000420 32.606453
12.911885 1529183844.654102 0.000130 0.000155 0.000429 33.287938
12.924808 1529183844.667025 0.000130 0.000159 0.000411 32.871679
12.936636 1529183844.678853 0.000128 0.000161 0.000419 32.956375
12.949465 1529183844.691682 0.000129 0.000157 0.000420 33.420081
12.961703 1529183844.703920 0.000128 0.000156 0.000420 33.233059
12.974553 1529183844.716770 0.000128 0.000161 0.000418 33.440311
12.987035 1529183844.729252 0.000129 0.000156 0.000419 33.397810
12.999299 1529183844.741516 0.000128 0.000157 0.000423 33.477272
13.013097 1529183844.755314 0.000128 0.000159 0.000418 33.448518
13.025450 1529183844.767667 0.000127 0.000159 0.000419 33.707185
13.038123 1529183844.780340 0.000128 0.000155 0.000423 33.886353
13.049928 1529183844.792145 0.000128 0.000155 0.000423 33.633468
13.061900 1529183844.804117 0.000127 0.000157 0.000422 33.670455
13.074219 1529183844.816436 0.000127 0.000159 0.000417 33.452862
13.086830 1529183844.829047 0.000128 0.000155 0.000425 33.388798
13.099348 1529183844.841565 0.000127 0.000154 0.000421 33.982457
13.111935 1529183844.854152 0.000127 0.000157 0.000426 34.046013
13.124232 1529183844.866449 0.000126 0.000155 0.000427 33.987915
13.137078 1529183844.879295 0.000127 0.000153 0.000426 33.987449
13.149538 1529183844.891755 0.000126 0.000154 0.000426 34.068719
13.162927 1529183844.905144 0.000126 0.000155 0.000415 34.029275
13.175844 1529183844.918061 0.000126 0.000153 0.000429 34.099196
13.188285 1529183844.930502 0.000127 0.000154 0.000422 34.025092
13.200608 1529183844.942826 0.000126 0.000155 0.000420 34.224340
13.213197 1529183844.955414 0.000126 0.000154 0.000422 34.040851
13.225490 1529183844.967707 0.000126 0.000155 0.000424 33.944245
13.237990 1529183844.980207 0.000125 0.000156 0.000416 33.616151
13.250536 1529183844.992753 0.000126 0.000156 0.000420 33.394595
13.262985 1529183845.005202 0.000126 0.000156 0.000422 33.971516
13.275541 1529183845.017758 0.000125 0.000157 0.000419 33.499262
13.287992 1529183845.030209 0.000126 0.000156 0.000417 33.673301
13.300663 1529183845.042880 0.000126 0.000153 0.000421 34.001109
13.313482 1529183845.055699 0.000126 0.000154 0.000424 34.007700
13.325521 1529183845.067739 0.000126 0.000155 0.000426 34.426254
13.338326 1529183845.080543 0.000126 0.000155 0.000421 33.966641
13.350079 1529183845.092296 0.000126 0.000155 0.000419 34.065340
13.362338 1529183845.104555 0.000126 0.000158 0.000424 34.241573
13.375098 1529183845.117315 0.000126 0.000156 0.000416 34.075635
13.387567 1529183845.129784 0.000127 0.000156 0.000423 34.141866
13.399758 1529183845.141975 0.000127 0.000154 0.000424 34.044861
13.412211 1529183845.154428 0.000127 0.000155 0.000424 34.419489
