-6.108789 1527936424.468234 0.000091 0.000116 0.000662 57.045702
-6.096676 1527936424.480346 0.000091 0.000116 0.000665 56.962142
-6.083035 1527936424.493988 0.000091 0.000116 0.000663 56.852274
-6.070722 1527936424.506301 0.000091 0.000116 0.000668 56.911292
-6.058231 1527936424.518792 0.000091 0.000116 0.000663 56.936395
-6.045681 1527936424.531342 0.000091 0.000115 0.000668 56.853911
-6.033208 1527936424.543815 0.000091 0.000115 0.000668 56.808278
-6.020789 1527936424.556234 0.000090 0.000115 0.000666 56.901559
-6.008133 1527936424.568890 0.000090 0.000115 0.000664 56.904525
-5.995365 1527936424.581658 0.000090 0.000114 0.000667 56.824702
-5.983173 1527936424.593850 0.000090 0.000114 0.000668 56.895400
-5.970568 1527936424.606455 0.000090 0.000114 0.000667 56.729448
-5.958580 1527936424.618443 0.000089 0.000115 0.000666 56.564038
-5.946214 1527936424.630809 0.000089 0.000114 0.000666 56.601483
-5.933661 1527936424.643362 0.000089 0.000114 0.000664 56.525767
-5.921260 1527936424.655763 0.000088 0.000114 0.000663 56.587295
-5.908708 1527936424.668315 0.000088 0.000114 0.000665 56.385567
-5.896134 1527936424.680889 0.000088 0.000114 0.000666 56.349983
-5.883499 1527936424.693523 0.000088 0.000114 0.000662 56.415530
-5.871243 1527936424.705779 0.000088 0.000114 0.000669 56.236939
-5.858569 1527936424.718453 0.000088 0.000114 0.000670 56.183215
-5.845444 1527936424.731579 0.000088 0.000114 0.000665 56.294756
-5.833243 1527936424.743780 0.000088 0.000114 0.000665 56.225095
-5.820253 1527936424.756769 0.000089 0.000114 0.000665 56.387415
-5.808724 1527936424.768298 0.000089 0.000114 0.000660 56.227060
-5.796684 1527936424.780339 0.000088 0.000114 0.000662 56.280347
-5.782866 1527936424.794157 0.000089 0.000114 0.000663 56.298390
-5.770591 1527936424.806432 0.000089 0.000114 0.000664 56.226300
-5.757855 1527936424.819168 0.000089 0.000114 0.000661 56.388733
-5.745360 1527936424.831662 0.000090 0.000114 0.000660 56.347803
-5.733549 1527936424.843473 0.000090 0.000114 0.000661 56.544103
-5.721360 1527936424.855662 0.000090 0.000114 0.000659 56.602221
-5.709123 1527936424.867900 0.000091 0.000114 0.000663 56.637411
-5.696729 1527936424.880294 0.000091 0.000114 0.000663 56.657311
-5.684008 1527936424.893015 0.000091 0.000114 0.000661 56.853464
-5.671437 1527936424.905586 0.000091 0.000114 0.000671 56.585059
-5.658519 1527936424.918504 0.000090 0.000115 0.000680 56.590163
-5.646271 1527936424.930752 0.000090 0.000117 0.000684 57.289104
-5.633268 1527936424.943754 0.000090 0.000120 0.000683 58.253428
-5.620507 1527936424.956516 0.000090 0.000119 0.000678 59.127210
-5.608001 1527936424.969022 0.000090 0.000120 0.000689 59.470966
-5.595924 1527936424.981098 0.000091 0.000119 0.000685 59.598397
-5.584021 1527936424.993002 0.000092 0.000120 0.000683 59.634384
-5.571520 1527936425.005503 0.000092 0.000120 0.000684 59.703930
-5.558787 1527936425.018235 0.000092 0.000120 0.000680 59.723238
-5.546675 1527936425.030347 0.000092 0.000120 0.000684 59.902150
-5.533913 1527936425.043110 0.000092 0.000120 0.000680 59.864282
-5.521403 1527936425.055620 0.000092 0.000120 0.000687 60.013212
-5.508964 1527936425.068059 0.000091 0.000120 0.000687 60.014651
-5.496079 1527936425.080944 0.000091 0.000120 0.000683 60.045777
-5.483793 1527936425.093230 0.000091 0.000120 0.000685 60.208949
-5.469662 1527936425.107361 0.000091 0.000121 0.000689 60.333764
-5.458066 1527936425.118957 0.000090 0.000122 0.000688 60.470881
-5.445176 1527936425.131846 0.000091 0.000124 0.000700 60.393816
-5.433138 1527936425.143884 0.000089 0.000129 0.000699 60.712875
-5.420227 1527936425.156796 0.000091 0.000136 0.000708 60.847183
-5.407703 1527936425.169320 0.000088 0.000138 0.000716 61.155361
-5.395921 1527936425.181102 0.000091 0.000139 0.000723 61.205657
-5.383475 1527936425.193548 0.000087 0.000135 0.000733 61.735616
-5.371118 1527936425.205905 0.000084 0.000136 0.000750 62.492592
-5.358558 1527936425.218465 0.000083 0.000137 0.000756 63.512458
-5.346046 1527936425.230976 0.000080 0.000136 0.000776 64.360411
-5.333545 1527936425.243478 0.000080 0.000137 0.000761 65.164989
-5.321066 1527936425.255957 0.000082 0.000144 0.000737 65.877295
-5.308325 1527936425.268698 0.000081 0.000163 0.000721 67.211562
-5.296119 1527936425.280904 0.000085 0.000168 0.000737 67.646709
-5.283500 1527936425.293523 0.000086 0.000169 0.000754 68.919030
-5.271144 1527936425.305879 0.000085 0.000168 0.000763 69.805061
-5.258313 1527936425.318709 0.000081 0.000169 0.000796 69.703496
-5.245867 1527936425.331156 0.000078 0.000173 0.000846 69.071176
-5.233557 1527936425.343466 0.000077 0.000175 0.000886 67.785550
-5.221219 1527936425.355804 0.000079 0.000175 0.000898 66.038382
-5.208533 1527936425.368490 0.000079 0.000169 0.000879 64.919802
-5.195801 1527936425.381222 0.000083 0.000165 0.000845 64.328731
-5.183420 1527936425.393603 0.000084 0.000161 0.000830 64.239089
-5.170778 1527936425.406245 0.000084 0.000158 0.000838 64.408655
-5.158305 1527936425.418718 0.000080 0.000156 0.000876 64.570551
-5.146048 1527936425.430975 0.000080 0.000153 0.000886 64.586799
-5.133535 1527936425.443488 0.000080 0.000151 0.000893 64.490593
-5.121014 1527936425.456009 0.000081 0.000151 0.000882 64.461434
-5.108649 1527936425.468374 0.000083 0.000150 0.000885 64.175014
-5.096214 1527936425.480808 0.000081 0.000153 0.000855 64.331097
-5.083495 1527936425.493528 0.000083 0.000152 0.000843 64.581654
-5.070866 1527936425.506157 0.000085 0.000151 0.000873 65.153128
-5.058022 1527936425.519001 0.000081 0.000148 0.000892 64.960696
-5.046142 1527936425.530881 0.000079 0.000143 0.000920 64.577620
-5.033821 1527936425.543202 0.000077 0.000142 0.000947 64.423849
-5.021183 1527936425.555840 0.000073 0.000141 0.000975 64.483312
-5.008683 1527936425.568340 0.000072 0.000138 0.000984 64.222971
-4.996340 1527936425.580683 0.000072 0.000138 0.000987 63.875329
-4.984014 1527936425.593009 0.000073 0.000139 0.000965 63.652747
-4.971255 1527936425.605768 0.000072 0.000138 0.000970 63.576915
-4.958862 1527936425.618161 0.000072 0.000138 0.000964 62.931063
-4.946067 1527936425.630955 0.000072 0.000138 0.000965 62.287689
-4.933637 1527936425.643385 0.000073 0.000136 0.000945 61.804801
-4.921167 1527936425.655856 0.000073 0.000136 0.000933 61.490895
-4.908902 1527936425.668121 0.000073 0.000136 0.000915 60.999282
-4.896621 1527936425.680402 0.000073 0.000136 0.000912 60.433808
-4.883591 1527936425.693432 0.000073 0.000138 0.000887 60.210710
-4.871297 1527936425.705726 0.000073 0.000141 0.000876 60.293896
-4.858589 1527936425.718434 0.000073 0.000142 0.000891 60.405928
-4.846152 1527936425.730871 0.000073 0.000143 0.000897 60.221323
-4.833159 1527936425.743864 0.000073 0.000144 0.000907 60.148068
-4.820602 1527936425.756421 0.000076 0.000147 0.000897 60.332918
-4.807765 1527936425.769258 0.000082 0.000148 0.000892 60.669078
-4.796058 1527936425.780965 0.000091 0.000145 0.000882 60.005946
-4.783834 1527936425.793189 0.000102 0.000142 0.000887 58.693028
-4.771381 1527936425.805641 0.000112 0.000141 0.000900 56.702430
-4.758883 1527936425.818140 0.000118 0.000139 0.000895 54.614056
-4.746300 1527936425.830723 0.000120 0.000139 0.000894 53.243065
-4.733938 1527936425.843085 0.000119 0.000139 0.000872 51.805595
-4.721332 1527936425.855690 0.000117 0.000138 0.000847 50.308210
-4.708739 1527936425.868284 0.000114 0.000138 0.000831 49.634953
-4.695387 1527936425.881636 0.000113 0.000138 0.000837 49.587475
-4.682663 1527936425.894360 0.000112 0.000139 0.000832 49.450740
-4.670706 1527936425.906317 0.000111 0.000138 0.000815 49.235739
-4.657999 1527936425.919024 0.000111 0.000139 0.000837 49.764976
-4.645827 1527936425.931196 0.000110 0.000138 0.000839 50.163726
-4.633552 1527936425.943470 0.000111 0.000138 0.000834 50.290156
-4.620742 1527936425.956280 0.000110 0.000139 0.000831 50.665988
-4.608342 1527936425.968681 0.000109 0.000139 0.000828 50.874098
-4.595776 1527936425.981247 0.000107 0.000139 0.000823 51.081034
-4.583472 1527936425.993551 0.000107 0.000139 0.000828 51.135978
-4.570932 1527936426.006090 0.000107 0.000138 0.000824 51.041046
-4.558164 1527936426.018858 0.000105 0.000138 0.000819 50.850546
-4.545775 1527936426.031248 0.000105 0.000137 0.000827 50.736564
-4.533457 1527936426.043566 0.000103 0.000138 0.000817 50.714141
-4.520949 1527936426.056074 0.000103 0.000137 0.000807 50.353291
-4.508198 1527936426.068824 0.000102 0.000137 0.000817 50.203958
-4.495914 1527936426.081108 0.000102 0.000136 0.000797 49.840390
-4.482698 1527936426.094325 0.000105 0.000135 0.000798 49.764789
-4.470365 1527936426.106658 0.000111 0.000133 0.000791 49.254419
-4.457455 1527936426.119567 0.000114 0.000132 0.000797 48.659071
-4.446084 1527936426.130938 0.000115 0.000132 0.000800 48.466220
-4.433827 1527936426.143196 0.000115 0.000131 0.000793 48.014681
-4.421032 1527936426.155990 0.000114 0.000131 0.000788 47.706708
-4.408816 1527936426.168206 0.000113 0.000130 0.000787 47.294500
-4.396477 1527936426.180545 0.000112 0.000130 0.000788 47.111325
-4.383775 1527936426.193248 0.000113 0.000130 0.000792 46.998862
-4.371377 1527936426.205646 0.000112 0.000130 0.000792 47.019067
-4.358899 1527936426.218124 0.000113 0.000130 0.000787 46.893358
-4.346230 1527936426.230793 0.000112 0.000130 0.000790 46.853290
-4.333859 1527936426.243164 0.000111 0.000130 0.000786 46.721890
-4.321291 1527936426.255731 0.000109 0.000129 0.000784 46.618550
-4.309032 1527936426.267991 0.000110 0.000129 0.000785 46.442274
-4.296063 1527936426.280960 0.000109 0.000128 0.000790 46.077815
-4.283818 1527936426.293205 0.000108 0.000128 0.000784 46.042480
-4.270288 1527936426.306735 0.000108 0.000128 0.000786 45.806117
-4.257734 1527936426.319288 0.000107 0.000127 0.000785 45.610375
-4.245392 1527936426.331631 0.000106 0.000127 0.000784 45.503584
-4.233035 1527936426.343988 0.000105 0.000126 0.000782 45.146913
-4.221043 1527936426.355980 0.000105 0.000126 0.000782 45.018371
-4.208395 1527936426.368628 0.000104 0.000126 0.000777 44.877033
-4.195868 1527936426.381155 0.000104 0.000126 0.000777 44.662405
-4.183395 1527936426.393627 0.000103 0.000125 0.000775 44.403695
-4.170919 1527936426.406103 0.000103 0.000125 0.000775 44.378807
-4.158354 1527936426.418669 0.000103 0.000125 0.000774 44.448964
-4.145682 1527936426.431341 0.000103 0.000125 0.000771 44.132410
-4.133326 1527936426.443697 0.000102 0.000124 0.000773 44.154373
-4.120298 1527936426.456724 0.000101 0.000124 0.000777 44.038611
-4.107671 1527936426.469352 0.000101 0.000124 0.000775 44.033222
-4.095024 1527936426.481999 0.000101 0.000124 0.000777 44.050109
-4.082776 1527936426.494247 0.000101 0.000124 0.000775 43.872989
-4.071050 1527936426.505973 0.000101 0.000124 0.000767 43.739524
-4.058734 1527936426.518289 0.000100 0.000124 0.000767 43.804881
-4.045879 1527936426.531144 0.000100 0.000124 0.000761 43.601104
-4.032431 1527936426.544592 0.000100 0.000125 0.000763 43.535404
-4.020155 1527936426.556868 0.000100 0.000124 0.000760 43.440767
-4.007805 1527936426.569218 0.000100 0.000124 0.000765 43.389327
-3.995299 1527936426.581724 0.000100 0.000124 0.000760 43.216930
-3.982741 1527936426.594282 0.000103 0.000123 0.000763 42.816435
-3.971016 1527936426.606007 0.000106 0.000123 0.000772 42.129150
-3.957835 1527936426.619188 0.000109 0.000123 0.000776 41.229988
-3.945421 1527936426.631602 0.000110 0.000124 0.000780 40.537605
-3.932678 1527936426.644345 0.000111 0.000125 0.000775 39.752150
-3.921026 1527936426.655997 0.000111 0.000124 0.000775 39.195963
-3.908425 1527936426.668598 0.000110 0.000123 0.000777 38.922654
-3.895797 1527936426.681225 0.000110 0.000123 0.000767 38.514859
-3.883107 1527936426.693915 0.000110 0.000122 0.000767 38.447807
-3.870494 1527936426.706529 0.000110 0.000122 0.000771 38.272716
-3.858300 1527936426.718722 0.000110 0.000121 0.000770 38.225625
-3.845677 1527936426.731345 0.000109 0.000121 0.000768 38.230809
-3.833355 1527936426.743668 0.000109 0.000122 0.000766 38.269750
-3.820874 1527936426.756149 0.000109 0.000122 0.000766 38.197805
-3.808311 1527936426.768712 0.000109 0.000122 0.000766 38.064455
-3.795814 1527936426.781209 0.000109 0.000121 0.000763 37.990897
-3.783205 1527936426.793818 0.000108 0.000121 0.000758 37.938993
-3.770867 1527936426.806156 0.000108 0.000121 0.000758 37.940557
-3.758284 1527936426.818739 0.000107 0.000121 0.000763 37.734320
-3.745607 1527936426.831416 0.000107 0.000121 0.000760 37.747934
-3.732868 1527936426.844155 0.000107 0.000121 0.000765 37.710703
-3.720785 1527936426.856238 0.000106 0.000120 0.000767 37.699685
-3.708158 1527936426.868865 0.000105 0.000120 0.000763 37.754801
-3.695982 1527936426.881041 0.000105 0.000121 0.000759 37.774622
-3.683287 1527936426.893736 0.000106 0.000120 0.000762 37.754928
-3.670837 1527936426.906186 0.000106 0.000120 0.000765 37.656308
-3.658124 1527936426.918899 0.000106 0.000120 0.000760 37.678913
-3.645751 1527936426.931271 0.000105 0.000120 0.000760 37.655466
-3.633664 1527936426.943359 0.000105 0.000120 0.000761 37.528296
-3.621014 1527936426.956009 0.000105 0.000120 0.000753 37.486859
-3.608495 1527936426.968528 0.000105 0.000120 0.000760 37.517376
-3.595081 1527936426.981942 0.000104 0.000120 0.000762 37.531634
-3.582728 1527936426.994295 0.000104 0.000120 0.000758 37.539360
-3.571094 1527936427.005929 0.000105 0.000120 0.000756 37.364528
-3.558381 1527936427.018642 0.000105 0.000120 0.000759 37.397528
-3.545934 1527936427.031089 0.000105 0.000119 0.000758 37.330209
-3.533527 1527936427.043496 0.000105 0.000120 0.000756 37.315267
-3.520302 1527936427.056720 0.000105 0.000120 0.000758 37.411482
-3.507629 1527936427.069394 0.000105 0.000119 0.000758 37.397833
-3.495296 1527936427.081727 0.000105 0.000119 0.000759 37.463119
-3.482636 1527936427.094386 0.000106 0.000119 0.000763 37.562424
-3.470593 1527936427.106430 0.000106 0.000119 0.000767 37.671321
-3.458285 1527936427.118738 0.000107 0.000118 0.000765 37.745170
-3.446099 1527936427.130924 0.000108 0.000119 0.000758 38.167525
-3.433390 1527936427.143632 0.000108 0.000121 0.000750 38.824928
-3.420923 1527936427.156100 0.000108 0.000123 0.000746 38.779907
-3.408704 1527936427.168319 0.000109 0.000124 0.000740 38.735874
-3.395842 1527936427.181180 0.000110 0.000126 0.000728 38.649629
-3.383179 1527936427.193843 0.000110 0.000126 0.000719 38.135460
-3.370792 1527936427.206230 0.000110 0.000126 0.000721 37.889074
-3.358298 1527936427.218725 0.000110 0.000127 0.000717 37.912817
-3.345811 1527936427.231211 0.000110 0.000127 0.000714 37.947724
-3.333332 1527936427.243691 0.000111 0.000126 0.000718 37.968566
-3.320745 1527936427.256278 0.000111 0.000127 0.000710 38.010389
-3.308538 1527936427.268485 0.000112 0.000127 0.000710 38.306314
-3.295885 1527936427.281138 0.000112 0.000127 0.000715 38.071465
-3.283217 1527936427.293806 0.000113 0.000127 0.000717 38.228013
-3.271096 1527936427.305927 0.000113 0.000127 0.000712 38.228904
-3.258286 1527936427.318737 0.000113 0.000128 0.000708 38.103988
-3.245778 1527936427.331245 0.000113 0.000128 0.000708 38.102265
-3.233194 1527936427.343828 0.000113 0.000128 0.000705 37.946746
-3.220616 1527936427.356407 0.000113 0.000128 0.000697 37.935146
-3.208498 1527936427.368525 0.000113 0.000128 0.000700 37.767424
-3.195886 1527936427.381136 0.000113 0.000128 0.000699 37.733185
-3.183163 1527936427.393859 0.000114 0.000128 0.000703 37.695848
-3.170948 1527936427.406075 0.000114 0.000128 0.000703 37.701210
-3.158358 1527936427.418665 0.000114 0.000127 0.000703 37.635139
-3.145910 1527936427.431113 0.000113 0.000126 0.000708 37.555553
-3.133353 1527936427.443670 0.000113 0.000127 0.000703 37.713602
-3.120833 1527936427.456190 0.000113 0.000127 0.000702 37.774958
-3.108407 1527936427.468616 0.000113 0.000126 0.000702 37.720568
-3.095706 1527936427.481316 0.000113 0.000126 0.000707 37.782173
-3.083419 1527936427.493604 0.000113 0.000126 0.000704 37.681060
-3.070770 1527936427.506253 0.000114 0.000126 0.000704 37.674368
-3.057958 1527936427.519065 0.000114 0.000126 0.000702 37.807842
-3.045449 1527936427.531573 0.000114 0.000127 0.000693 38.313230
-3.033087 1527936427.543935 0.000113 0.000127 0.000675 39.524375
-3.020514 1527936427.556508 0.000116 0.000127 0.000677 39.787861
-3.008267 1527936427.568756 0.000116 0.000127 0.000661 40.092640
-2.995696 1527936427.581326 0.000117 0.000128 0.000650 40.258363
-2.982413 1527936427.594609 0.000116 0.000128 0.000649 40.496205
-2.970193 1527936427.606830 0.000118 0.000127 0.000658 40.198307
-2.957418 1527936427.619605 0.000117 0.000128 0.000661 40.835228
-2.945718 1527936427.631305 0.000119 0.000127 0.000669 40.871353
-2.933092 1527936427.643931 0.000120 0.000128 0.000675 40.684443
-2.920824 1527936427.656199 0.000118 0.000127 0.000665 41.322553
-2.908086 1527936427.668937 0.000119 0.000128 0.000665 40.724023
-2.895706 1527936427.681317 0.000120 0.000128 0.000670 40.567042
-2.883118 1527936427.693905 0.000118 0.000128 0.000663 41.093746
-2.870626 1527936427.706397 0.000118 0.000128 0.000664 41.047621
-2.858259 1527936427.718763 0.000119 0.000128 0.000657 41.039236
-2.845702 1527936427.731320 0.000118 0.000128 0.000656 40.996736
-2.833213 1527936427.743810 0.000119 0.000129 0.000658 40.779391
-2.820853 1527936427.756170 0.000119 0.000128 0.000650 40.778989
-2.808506 1527936427.768517 0.000120 0.000129 0.000650 40.612348
-2.795960 1527936427.781063 0.000119 0.000128 0.000645 40.487946
-2.783537 1527936427.793486 0.000118 0.000129 0.000647 40.840831
-2.771108 1527936427.805915 0.000118 0.000128 0.000643 40.548612
-2.758560 1527936427.818463 0.000120 0.000129 0.000640 40.352404
-2.746268 1527936427.830755 0.000119 0.000128 0.000643 40.035282
-2.733660 1527936427.843362 0.000118 0.000129 0.000640 40.345110
-2.721234 1527936427.855789 0.000119 0.000129 0.000640 40.479134
-2.708673 1527936427.868350 0.000120 0.000129 0.000648 39.610231
-2.695074 1527936427.881949 0.000116 0.000129 0.000649 39.116474
-2.682550 1527936427.894472 0.000109 0.000131 0.000646 39.334486
-2.670320 1527936427.906703 0.000100 0.000132 0.000652 40.276359
-2.658338 1527936427.918685 0.000096 0.000131 0.000656 40.803134
-2.645949 1527936427.931074 0.000097 0.000128 0.000685 41.253252
-2.633641 1527936427.943381 0.000095 0.000129 0.000708 42.013989
-2.620817 1527936427.956206 0.000094 0.000129 0.000706 42.523604
-2.608442 1527936427.968581 0.000095 0.000129 0.000707 42.546383
-2.595914 1527936427.981109 0.000095 0.000129 0.000705 42.800020
-2.583463 1527936427.993560 0.000096 0.000129 0.000712 42.597726
-2.570984 1527936428.006039 0.000095 0.000129 0.000705 42.591514
-2.558335 1527936428.018688 0.000096 0.000129 0.000703 42.392986
-2.545713 1527936428.031310 0.000096 0.000128 0.000703 42.113744
-2.533362 1527936428.043661 0.000095 0.000128 0.000697 42.157681
-2.521079 1527936428.055944 0.000095 0.000128 0.000697 41.954815
-2.508498 1527936428.068525 0.000095 0.000128 0.000690 41.879977
-2.495878 1527936428.081145 0.000094 0.000128 0.000698 41.995720
-2.483050 1527936428.093973 0.000094 0.000128 0.000698 41.817856
-2.470852 1527936428.106171 0.000094 0.000128 0.000696 41.972047
-2.458379 1527936428.118644 0.000094 0.000128 0.000690 41.942974
-2.446196 1527936428.130827 0.000093 0.000128 0.000691 42.057131
-2.433227 1527936428.143796 0.000093 0.000127 0.000692 42.130885
-2.420745 1527936428.156277 0.000093 0.000127 0.000693 41.953837
-2.408474 1527936428.168549 0.000093 0.000127 0.000692 41.981127
-2.395691 1527936428.181331 0.000092 0.000127 0.000687 42.038679
-2.383088 1527936428.193935 0.000092 0.000127 0.000691 42.064652
-2.370345 1527936428.206678 0.000092 0.000126 0.000689 41.896970
-2.357857 1527936428.219166 0.000092 0.000126 0.000687 42.011746
-2.345312 1527936428.231710 0.000089 0.000128 0.000663 42.974450
-2.332667 1527936428.244356 0.000087 0.000130 0.000620 43.743691
-2.320234 1527936428.256789 0.000086 0.000130 0.000607 43.492233
-2.307883 1527936428.269140 0.000084 0.000129 0.000615 43.660566
-2.295289 1527936428.281734 0.000084 0.000129 0.000614 43.986458
-2.282738 1527936428.294284 0.000083 0.000130 0.000617 44.250551
-2.270344 1527936428.306678 0.000083 0.000129 0.000621 44.106715
-2.257710 1527936428.319312 0.000083 0.000129 0.000622 44.038776
-2.245241 1527936428.331782 0.000083 0.000129 0.000616 44.216017
-2.232713 1527936428.344310 0.000083 0.000129 0.000612 43.982022
-2.220464 1527936428.356559 0.000083 0.000129 0.000606 43.951164
-2.207738 1527936428.369284 0.000083 0.000128 0.000607 43.844285
-2.195322 1527936428.381701 0.000083 0.000127 0.000607 43.458442
-2.182819 1527936428.394204 0.000083 0.000127 0.000608 43.516958
-2.170108 1527936428.406914 0.000083 0.000126 0.000611 43.178845
-2.157758 1527936428.419264 0.000083 0.000127 0.000610 43.131107
-2.145092 1527936428.431931 0.000083 0.000126 0.000606 43.103131
-2.132510 1527936428.444513 0.000083 0.000126 0.000610 43.194709
-2.119835 1527936428.457187 0.000085 0.000125 0.000661 41.950067
-2.107519 1527936428.469504 0.000095 0.000117 0.000754 39.326859
-2.095576 1527936428.481447 0.000098 0.000116 0.000752 38.728019
-2.083325 1527936428.493698 0.000098 0.000118 0.000748 38.482821
-2.071157 1527936428.505866 0.000098 0.000118 0.000736 38.029659
-2.058456 1527936428.518566 0.000099 0.000118 0.000725 37.914496
-2.045663 1527936428.531360 0.000100 0.000119 0.000720 37.894201
-2.032923 1527936428.544100 0.000100 0.000118 0.000731 38.254473
-2.020011 1527936428.557012 0.000099 0.000118 0.000735 38.406077
-2.007586 1527936428.569437 0.000100 0.000118 0.000736 38.595691
-1.994927 1527936428.582095 0.000100 0.000118 0.000735 38.587836
-1.983126 1527936428.593897 0.000100 0.000118 0.000739 38.572793
-1.970683 1527936428.606340 0.000100 0.000118 0.000734 38.486138
-1.958510 1527936428.618512 0.000100 0.000119 0.000733 38.443307
-1.945796 1527936428.631227 0.000100 0.000118 0.000736 38.533572
-1.933316 1527936428.643707 0.000100 0.000118 0.000740 38.662826
-1.920890 1527936428.656133 0.000100 0.000118 0.000741 38.830424
-1.908129 1527936428.668894 0.000100 0.000118 0.000738 38.741899
-1.895357 1527936428.681665 0.000100 0.000118 0.000739 38.823127
-1.882975 1527936428.694048 0.000101 0.000118 0.000729 38.779184
-1.870390 1527936428.706633 0.000101 0.000117 0.000739 38.793397
-1.857895 1527936428.719128 0.000101 0.000118 0.000734 38.708826
-1.845235 1527936428.731788 0.000101 0.000118 0.000731 38.578211
-1.833018 1527936428.744005 0.000101 0.000119 0.000726 38.352820
-1.820295 1527936428.756728 0.000099 0.000122 0.000728 38.361651
-1.807950 1527936428.769073 0.000100 0.000120 0.000735 38.135932
-1.795458 1527936428.781565 0.000100 0.000119 0.000740 38.194658
-1.782933 1527936428.794090 0.000100 0.000119 0.000750 38.320062
-1.770357 1527936428.806665 0.000100 0.000119 0.000754 38.424114
-1.757977 1527936428.819046 0.000100 0.000119 0.000750 38.273735
-1.745402 1527936428.831621 0.000100 0.000119 0.000745 38.164813
-1.732418 1527936428.844605 0.000100 0.000119 0.000744 38.121354
-1.720549 1527936428.856473 0.000099 0.000118 0.000751 38.163537
-1.707825 1527936428.869198 0.000100 0.000118 0.000753 38.215871
-1.695552 1527936428.881471 0.000099 0.000118 0.000750 38.187685
-1.682571 1527936428.894452 0.000099 0.000118 0.000742 38.156242
-1.670366 1527936428.906657 0.000099 0.000118 0.000748 38.088053
-1.657512 1527936428.919511 0.000099 0.000118 0.000749 38.102308
-1.644955 1527936428.932068 0.000099 0.000118 0.000747 37.968030
-1.632565 1527936428.944458 0.000099 0.000118 0.000744 37.867843
-1.620420 1527936428.956603 0.000099 0.000118 0.000740 37.863272
-1.607729 1527936428.969294 0.000100 0.000118 0.000742 37.839642
-1.595194 1527936428.981829 0.000100 0.000118 0.000740 37.837460
-1.582784 1527936428.994238 0.000100 0.000118 0.000740 37.707229
-1.570643 1527936429.006380 0.000100 0.000118 0.000739 37.721219
-1.558105 1527936429.018918 0.000100 0.000118 0.000744 37.786840
-1.545272 1527936429.031751 0.000100 0.000118 0.000739 37.687406
-1.533080 1527936429.043943 0.000100 0.000117 0.000745 37.685264
-1.520607 1527936429.056416 0.000100 0.000118 0.000739 37.655634
-1.507971 1527936429.069052 0.000100 0.000117 0.000740 37.659663
-1.495307 1527936429.081715 0.000100 0.000118 0.000741 37.657237
-1.483073 1527936429.093950 0.000100 0.000118 0.000738 37.573249
-1.470311 1527936429.106712 0.000101 0.000117 0.000742 37.679784
-1.457951 1527936429.119071 0.000100 0.000117 0.000741 37.632316
-1.445154 1527936429.131869 0.000100 0.000117 0.000741 37.579318
-1.432718 1527936429.144305 0.000100 0.000116 0.000746 37.611919
-1.420141 1527936429.156882 0.000100 0.000117 0.000747 37.682403
-1.407600 1527936429.169423 0.000100 0.000118 0.000743 37.552913
-1.395474 1527936429.181549 0.000100 0.000117 0.000748 37.548403
-1.383127 1527936429.193896 0.000100 0.000117 0.000744 37.540787
-1.370655 1527936429.206368 0.000100 0.000117 0.000747 37.591151
-1.358383 1527936429.218640 0.000100 0.000117 0.000743 37.506668
-1.345808 1527936429.231215 0.000100 0.000117 0.000743 37.378845
-1.332144 1527936429.244879 0.000100 0.000117 0.000742 37.382437
-1.319725 1527936429.257298 0.000100 0.000117 0.000746 37.461558
-1.307621 1527936429.269402 0.000100 0.000117 0.000743 37.358395
-1.295276 1527936429.281747 0.000100 0.000117 0.000742 37.448907
-1.283137 1527936429.293886 0.000100 0.000117 0.000750 37.507326
-1.270513 1527936429.306509 0.000100 0.000117 0.000742 37.411097
-1.257824 1527936429.319199 0.000100 0.000117 0.000753 37.434673
-1.245469 1527936429.331554 0.000100 0.000117 0.000746 37.438547
-1.233363 1527936429.343660 0.000100 0.000117 0.000746 37.428135
-1.220645 1527936429.356377 0.000100 0.000117 0.000746 37.342583
-1.208004 1527936429.369019 0.000099 0.000117 0.000757 37.422668
-1.195579 1527936429.381444 0.000097 0.000118 0.000767 37.256198
-1.182346 1527936429.394677 0.000096 0.000117 0.000780 37.479606
-1.169906 1527936429.407117 0.000097 0.000116 0.000783 37.552633
-1.157179 1527936429.419843 0.000097 0.000116 0.000791 37.615183
-1.144655 1527936429.432368 0.000097 0.000115 0.000802 37.742250
-1.132457 1527936429.444566 0.000097 0.000116 0.000794 37.737025
-1.119702 1527936429.457321 0.000097 0.000116 0.000789 37.584496
-1.107347 1527936429.469676 0.000097 0.000116 0.000797 37.561073
-1.095336 1527936429.481687 0.000097 0.000115 0.000796 37.517962
-1.083400 1527936429.493622 0.000097 0.000115 0.000795 37.491591
-1.070919 1527936429.506104 0.000097 0.000116 0.000785 37.418619
-1.058465 1527936429.518557 0.000097 0.000115 0.000793 37.380484
-1.045706 1527936429.531317 0.000097 0.000115 0.000788 37.367247
-1.032295 1527936429.544728 0.000097 0.000116 0.000789 37.357475
-1.019974 1527936429.557049 0.000097 0.000115 0.000790 37.294052
-1.007367 1527936429.569656 0.000097 0.000115 0.000790 37.218115
-0.994721 1527936429.582302 0.000096 0.000115 0.000788 37.161966
-0.982531 1527936429.594492 0.000096 0.000115 0.000789 37.212325
-0.969463 1527936429.607560 0.000096 0.000115 0.000789 37.157441
-0.957874 1527936429.619149 0.000096 0.000115 0.000789 37.088497
-0.945434 1527936429.631589 0.000096 0.000115 0.000791 37.049957
-0.933005 1527936429.644017 0.000096 0.000115 0.000790 36.933639
-0.919603 1527936429.657420 0.000096 0.000115 0.000790 37.011836
-0.907899 1527936429.669124 0.000096 0.000115 0.000786 36.875069
-0.895517 1527936429.681506 0.000095 0.000115 0.000788 36.894548
-0.883244 1527936429.693779 0.000096 0.000116 0.000782 36.857864
-0.870444 1527936429.706579 0.000096 0.000115 0.000786 36.895802
-0.857844 1527936429.719178 0.000095 0.000115 0.000784 36.838125
-0.845215 1527936429.731808 0.000095 0.000115 0.000784 36.779180
-0.833112 1527936429.743911 0.000095 0.000115 0.000786 36.762363
-0.820769 1527936429.756254 0.000096 0.000115 0.000780 36.710502
-0.807252 1527936429.769770 0.000095 0.000115 0.000784 36.792143
-0.795250 1527936429.781772 0.000095 0.000115 0.000787 36.794982
-0.782278 1527936429.794744 0.000095 0.000114 0.000789 36.793728
-0.769643 1527936429.807380 0.000098 0.000113 0.000767 36.502419
-0.757360 1527936429.819663 0.000103 0.000113 0.000756 36.058738
-0.745460 1527936429.831563 0.000101 0.000113 0.000767 35.766769
-0.733211 1527936429.843812 0.000102 0.000113 0.000776 35.632738
-0.720671 1527936429.856352 0.000101 0.000112 0.000771 35.547416
-0.707943 1527936429.869079 0.000101 0.000112 0.000771 35.576837
-0.694359 1527936429.882663 0.000101 0.000112 0.000772 35.766546
-0.683200 1527936429.893823 0.000102 0.000113 0.000776 35.752729
-0.670755 1527936429.906268 0.000102 0.000112 0.000770 35.673810
-0.658201 1527936429.918822 0.000102 0.000112 0.000772 35.683665
-0.645754 1527936429.931269 0.000102 0.000112 0.000775 35.652283
-0.633083 1527936429.943940 0.000102 0.000112 0.000774 35.613773
-0.620658 1527936429.956364 0.000102 0.000112 0.000774 35.630509
-0.608113 1527936429.968910 0.000102 0.000112 0.000779 35.645537
-0.595709 1527936429.981314 0.000102 0.000112 0.000776 35.643600
-0.581791 1527936429.995232 0.000102 0.000112 0.000771 35.599058
-0.570702 1527936430.006321 0.000102 0.000112 0.000777 35.650852
-0.558111 1527936430.018912 0.000102 0.000112 0.000775 35.604391
-0.545356 1527936430.031667 0.000101 0.000112 0.000771 35.557547
-0.532948 1527936430.044075 0.000102 0.000112 0.000766 35.516268
-0.520720 1527936430.056303 0.000101 0.000112 0.000775 35.597267
-0.507914 1527936430.069108 0.000101 0.000112 0.000769 35.522230
-0.495506 1527936430.081517 0.000101 0.000112 0.000773 35.568624
-0.482936 1527936430.094087 0.000101 0.000111 0.000771 35.532214
-0.469040 1527936430.107983 0.000101 0.000112 0.000773 35.471828
-0.457806 1527936430.119217 0.000100 0.000114 0.000757 35.942098
-0.445254 1527936430.131769 0.000100 0.000114 0.000755 36.250725
-0.432829 1527936430.144194 0.000102 0.000114 0.000749 36.058658
-0.420418 1527936430.156605 0.000104 0.000115 0.000740 36.029278
-0.408141 1527936430.168882 0.000104 0.000114 0.000728 35.490819
-0.395726 1527936430.181297 0.000104 0.000114 0.000722 35.231370
-0.383248 1527936430.193774 0.000105 0.000114 0.000719 35.431503
-0.370786 1527936430.206237 0.000105 0.000114 0.000725 35.552903
-0.356819 1527936430.220204 0.000105 0.000114 0.000724 35.539912
-0.345831 1527936430.231192 0.000104 0.000113 0.000730 35.420926
-0.333240 1527936430.243783 0.000104 0.000114 0.000726 35.709896
-0.319432 1527936430.257591 0.000104 0.000113 0.000730 35.469771
-0.307302 1527936430.269720 0.000104 0.000113 0.000733 35.412576
-0.294775 1527936430.282248 0.000103 0.000114 0.000728 35.540260
-0.282273 1527936430.294750 0.000103 0.000114 0.000729 35.468011
-0.270676 1527936430.306347 0.000103 0.000113 0.000728 35.468293
-0.258143 1527936430.318880 0.000103 0.000113 0.000732 35.439620
-0.245620 1527936430.331403 0.000103 0.000114 0.000722 35.566587
-0.233002 1527936430.344021 0.000103 0.000114 0.000717 35.367594
-0.220622 1527936430.356401 0.000103 0.000114 0.000722 35.474518
-0.207857 1527936430.369165 0.000103 0.000114 0.000724 35.379630
-0.195101 1527936430.381921 0.000104 0.000114 0.000722 35.318642
-0.182920 1527936430.394103 0.000104 0.000117 0.000711 34.558119
-0.170369 1527936430.406654 0.000098 0.000121 0.000707 34.402206
-0.157511 1527936430.419511 0.000096 0.000119 0.000728 34.547642
-0.145254 1527936430.431769 0.000096 0.000117 0.000734 34.840932
-0.132920 1527936430.444103 0.000096 0.000117 0.000737 35.304530
-0.120058 1527936430.456965 0.000096 0.000117 0.000745 35.501886
-0.107476 1527936430.469547 0.000096 0.000117 0.000743 35.487833
-0.094934 1527936430.482089 0.000097 0.000116 0.000743 35.470775
-0.082868 1527936430.494154 0.000097 0.000116 0.000736 35.342617
-0.070407 1527936430.506616 0.000097 0.000117 0.000735 35.272279
-0.057127 1527936430.519895 0.000098 0.000117 0.000731 35.192986
-0.044876 1527936430.532146 0.000097 0.000117 0.000734 35.171029
-0.032350 1527936430.544673 0.000097 0.000116 0.000729 35.136588
-0.020312 1527936430.556711 0.000098 0.000117 0.000728 35.175992
-0.007670 1527936430.569353 0.000097 0.000117 0.000729 35.141482
0.004382 1527936430.581404 0.000097 0.000116 0.000734 35.142941
0.017067 1527936430.594090 0.000097 0.000116 0.000733 35.072587
0.029472 1527936430.606495 0.000098 0.000116 0.000725 35.047309
0.042087 1527936430.619110 0.000097 0.000116 0.000727 34.866328
0.055336 1527936430.632359 0.000097 0.000116 0.000731 34.902854
0.067646 1527936430.644669 0.000097 0.000116 0.000725 34.733163
0.080126 1527936430.657149 0.000097 0.000116 0.000725 34.720083
0.093233 1527936430.670256 0.000097 0.000116 0.000726 34.608261
0.106375 1527936430.683398 0.000097 0.000116 0.000727 34.606089
0.117567 1527936430.694590 0.000097 0.000116 0.000733 34.674322
0.129397 1527936430.706420 0.000097 0.000116 0.000729 34.581730
0.141927 1527936430.718950 0.000097 0.000116 0.000730 34.541040
0.154448 1527936430.731470 0.000097 0.000115 0.000734 34.637328
0.166947 1527936430.743970 0.000097 0.000115 0.000732 34.523789
0.180667 1527936430.757689 0.000097 0.000116 0.000726 34.440090
0.192671 1527936430.769693 0.000097 0.000115 0.000727 34.375654
0.205476 1527936430.782499 0.000097 0.000115 0.000733 34.506145
0.218403 1527936430.795426 0.000097 0.000115 0.000725 34.280292
0.229774 1527936430.806797 0.000097 0.000115 0.000722 34.118337
0.242015 1527936430.819038 0.000097 0.000115 0.000723 34.142429
0.255327 1527936430.832350 0.000097 0.000119 0.000724 34.616073
0.267635 1527936430.844658 0.000098 0.000130 0.000752 37.693958
0.281150 1527936430.858172 0.000100 0.000142 0.000758 41.918139
0.293665 1527936430.870688 0.000104 0.000147 0.000801 47.400316
0.305022 1527936430.882045 0.000104 0.000149 0.000815 51.379222
0.316856 1527936430.893879 0.000107 0.000167 0.000824 56.326147
0.329262 1527936430.906284 0.000106 0.000179 0.000842 60.474901
0.341734 1527936430.918757 0.000107 0.000188 0.000857 62.762395
0.355212 1527936430.932235 0.000111 0.000199 0.000845 65.758907
0.368083 1527936430.945106 0.000112 0.000210 0.000821 70.062228
0.380158 1527936430.957181 0.000114 0.000219 0.000758 74.811517
0.392945 1527936430.969968 0.000112 0.000236 0.000678 79.632402
0.405580 1527936430.982603 0.000107 0.000251 0.000664 84.362283
0.418071 1527936430.995093 0.000105 0.000253 0.000674 87.763567
0.429998 1527936431.007020 0.000106 0.000255 0.000668 91.175388
0.441944 1527936431.018966 0.000106 0.000258 0.000684 93.850927
0.454486 1527936431.031509 0.000108 0.000256 0.000699 96.029615
0.468133 1527936431.045156 0.000108 0.000252 0.000710 98.156502
0.480555 1527936431.057578 0.000109 0.000246 0.000722 100.159998
0.493012 1527936431.070035 0.000111 0.000239 0.000712 101.549438
0.505067 1527936431.082089 0.000115 0.000231 0.000718 102.799720
0.517110 1527936431.094132 0.000115 0.000225 0.000724 103.695527
0.529487 1527936431.106509 0.000117 0.000217 0.000721 104.700855
0.542019 1527936431.119041 0.000118 0.000215 0.000710 105.530476
0.554697 1527936431.131719 0.000118 0.000211 0.000735 106.388429
0.567132 1527936431.144154 0.000119 0.000208 0.000727 107.125766
0.579577 1527936431.156600 0.000120 0.000207 0.000718 107.399350
0.592025 1527936431.169047 0.000119 0.000205 0.000726 108.037022
0.604458 1527936431.181481 0.000120 0.000203 0.000714 108.541811
0.617198 1527936431.194220 0.000121 0.000202 0.000719 108.991127
0.629683 1527936431.206706 0.000120 0.000202 0.000721 109.193727
0.641988 1527936431.219010 0.000121 0.000201 0.000720 109.949240
0.654592 1527936431.231615 0.000121 0.000200 0.000732 110.410552
0.667053 1527936431.244076 0.000120 0.000199 0.000733 111.159278
0.680554 1527936431.257577 0.000123 0.000198 0.000732 111.768525
0.693158 1527936431.270181 0.000121 0.000197 0.000737 112.709799
0.705978 1527936431.283001 0.000120 0.000195 0.000735 113.272840
0.717381 1527936431.294404 0.000121 0.000195 0.000732 113.678409
0.730412 1527936431.307435 0.000121 0.000194 0.000725 114.142671
0.742872 1527936431.319895 0.000122 0.000191 0.000717 114.177175
0.755550 1527936431.332573 0.000123 0.000191 0.000737 114.772485
0.767789 1527936431.344812 0.000123 0.000189 0.000737 115.521590
0.779554 1527936431.356577 0.000124 0.000189 0.000729 115.745781
0.791970 1527936431.368993 0.000124 0.000188 0.000740 116.404677
0.804533 1527936431.381556 0.000125 0.000187 0.000741 116.888481
0.817026 1527936431.394049 0.000125 0.000188 0.000719 116.787112
0.829390 1527936431.406413 0.000128 0.000187 0.000729 117.156944
0.841681 1527936431.418703 0.000127 0.000187 0.000733 117.214833
0.854884 1527936431.431907 0.000128 0.000186 0.000725 117.481492
0.867105 1527936431.444128 0.000128 0.000184 0.000721 117.832200
0.879218 1527936431.456241 0.000129 0.000183 0.000713 117.950764
0.891786 1527936431.468809 0.000128 0.000182 0.000720 118.264143
0.904066 1527936431.481089 0.000128 0.000181 0.000724 118.499299
0.916766 1527936431.493789 0.000130 0.000181 0.000711 118.434774
0.929158 1527936431.506181 0.000130 0.000181 0.000734 118.935573
0.943152 1527936431.520175 0.000130 0.000180 0.000720 118.933828
0.955570 1527936431.532593 0.000130 0.000180 0.000732 119.227117
0.967998 1527936431.545020 0.000129 0.000180 0.000739 119.573188
0.980188 1527936431.557210 0.000129 0.000179 0.000732 119.439975
0.992151 1527936431.569174 0.000130 0.000179 0.000738 119.636142
1.004426 1527936431.581449 0.000131 0.000178 0.000737 119.844468
1.016929 1527936431.593951 0.000131 0.000177 0.000733 120.078684
1.029642 1527936431.606664 0.000132 0.000175 0.000737 120.490926
1.042129 1527936431.619152 0.000131 0.000176 0.000734 120.388989
1.055407 1527936431.632430 0.000132 0.000176 0.000728 120.312674
1.067949 1527936431.644972 0.000132 0.000175 0.000743 120.394694
1.080348 1527936431.657370 0.000132 0.000176 0.000734 120.494506
1.092845 1527936431.669868 0.000132 0.000175 0.000737 120.389350
1.104960 1527936431.681983 0.000132 0.000176 0.000741 120.417652
1.117116 1527936431.694139 0.000132 0.000175 0.000736 120.310591
1.129555 1527936431.706578 0.000132 0.000173 0.000728 119.990576
1.142047 1527936431.719070 0.000132 0.000175 0.000738 120.245965
1.154927 1527936431.731950 0.000132 0.000173 0.000738 120.237783
1.167654 1527936431.744677 0.000135 0.000173 0.000735 120.227991
1.179659 1527936431.756682 0.000133 0.000173 0.000730 120.117192
1.192233 1527936431.769256 0.000133 0.000174 0.000732 120.090013
1.204948 1527936431.781971 0.000133 0.000173 0.000730 119.767134
1.217687 1527936431.794709 0.000133 0.000173 0.000732 119.721607
1.230013 1527936431.807035 0.000134 0.000172 0.000725 119.612995
1.242331 1527936431.819354 0.000135 0.000172 0.000725 119.311494
1.254843 1527936431.831866 0.000135 0.000171 0.000737 119.534151
1.267223 1527936431.844246 0.000134 0.000171 0.000741 119.689141
1.279743 1527936431.856766 0.000136 0.000171 0.000734 119.513165
1.292549 1527936431.869572 0.000133 0.000172 0.000730 119.432515
1.305133 1527936431.882156 0.000135 0.000170 0.000731 119.243566
1.317351 1527936431.894374 0.000134 0.000169 0.000738 119.402041
1.329890 1527936431.906913 0.000135 0.000169 0.000727 119.207927
1.342536 1527936431.919559 0.000134 0.000168 0.000731 119.269944
1.354962 1527936431.931985 0.000134 0.000169 0.000724 119.248873
1.367634 1527936431.944657 0.000134 0.000169 0.000727 119.161021
1.379824 1527936431.956846 0.000136 0.000169 0.000733 119.298899
1.392413 1527936431.969436 0.000137 0.000170 0.000721 119.204962
1.404695 1527936431.981718 0.000137 0.000169 0.000728 119.170850
1.417547 1527936431.994570 0.000137 0.000169 0.000729 119.169455
1.429761 1527936432.006784 0.000137 0.000168 0.000727 118.877548
1.442382 1527936432.019405 0.000139 0.000168 0.000724 118.787510
1.454806 1527936432.031828 0.000139 0.000169 0.000729 118.710599
1.467300 1527936432.044322 0.000140 0.000169 0.000720 118.681205
1.479845 1527936432.056868 0.000140 0.000169 0.000723 118.798489
1.492376 1527936432.069399 0.000139 0.000170 0.000726 118.508236
1.505486 1527936432.082508 0.000141 0.000169 0.000713 118.203218
1.517941 1527936432.094964 0.000139 0.000170 0.000730 118.143085
1.531084 1527936432.108106 0.000141 0.000170 0.000719 117.953211
1.543155 1527936432.120178 0.000141 0.000169 0.000721 118.110151
1.555607 1527936432.132629 0.000138 0.000170 0.000724 117.935861
1.568197 1527936432.145219 0.000138 0.000170 0.000712 117.730171
1.580042 1527936432.157065 0.000139 0.000170 0.000714 117.727043
1.592146 1527936432.169169 0.000140 0.000170 0.000731 118.126237
1.604294 1527936432.181317 0.000139 0.000170 0.000723 117.897998
1.616872 1527936432.193895 0.000138 0.000170 0.000715 117.706930
1.629437 1527936432.206460 0.000141 0.000169 0.000726 117.869136
1.642042 1527936432.219065 0.000143 0.000169 0.000711 117.782533
1.655032 1527936432.232055 0.000144 0.000170 0.000720 117.589383
1.668210 1527936432.245233 0.000140 0.000170 0.000715 117.866667
1.680442 1527936432.257465 0.000143 0.000170 0.000723 118.144266
1.693154 1527936432.270177 0.000143 0.000170 0.000712 118.061297
1.705502 1527936432.282524 0.000143 0.000170 0.000723 118.252213
1.718551 1527936432.295574 0.000141 0.000170 0.000717 118.016221
1.730765 1527936432.307788 0.000144 0.000171 0.000709 117.959944
1.743698 1527936432.320721 0.000144 0.000170 0.000716 118.039168
1.755615 1527936432.332638 0.000145 0.000170 0.000708 117.986930
1.768258 1527936432.345281 0.000142 0.000170 0.000722 117.881872
1.781031 1527936432.358053 0.000143 0.000169 0.000719 117.935012
1.793029 1527936432.370052 0.000145 0.000171 0.000704 117.610927
1.805468 1527936432.382490 0.000144 0.000170 0.000711 117.468175
1.817228 1527936432.394250 0.000146 0.000171 0.000726 117.825516
1.830493 1527936432.407516 0.000146 0.000170 0.000725 118.199856
1.842995 1527936432.420017 0.000144 0.000170 0.000704 117.766927
1.855427 1527936432.432450 0.000146 0.000170 0.000712 117.602615
1.867665 1527936432.444688 0.000144 0.000170 0.000717 117.921070
1.880218 1527936432.457241 0.000145 0.000171 0.000713 117.867518
1.893092 1527936432.470115 0.000146 0.000171 0.000717 117.546252
1.905173 1527936432.482196 0.000145 0.000170 0.000715 117.613709
1.918333 1527936432.495356 0.000146 0.000170 0.000719 117.831658
1.930597 1527936432.507620 0.000147 0.000171 0.000714 117.774894
1.942241 1527936432.519264 0.000145 0.000170 0.000714 117.642181
1.954492 1527936432.531515 0.000146 0.000170 0.000732 117.768278
1.966986 1527936432.544009 0.000146 0.000170 0.000711 117.870877
1.979473 1527936432.556496 0.000145 0.000170 0.000718 117.758202
1.991940 1527936432.568963 0.000145 0.000172 0.000729 117.702454
2.004811 1527936432.581834 0.000146 0.000171 0.000716 117.688492
2.017180 1527936432.594203 0.000146 0.000171 0.000714 117.737004
2.031111 1527936432.608134 0.000145 0.000171 0.000729 117.849380
2.042860 1527936432.619883 0.000144 0.000171 0.000717 117.579283
2.055413 1527936432.632436 0.000145 0.000171 0.000716 117.305474
2.067798 1527936432.644821 0.000147 0.000172 0.000715 117.315358
2.079587 1527936432.656610 0.000146 0.000172 0.000715 117.327756
2.092157 1527936432.669180 0.000146 0.000172 0.000712 117.198473
2.104452 1527936432.681474 0.000145 0.000172 0.000713 117.282887
2.117059 1527936432.694081 0.000147 0.000173 0.000711 117.241651
2.129164 1527936432.706187 0.000147 0.000172 0.000717 117.435475
2.141739 1527936432.718762 0.000147 0.000172 0.000714 117.065534
2.154403 1527936432.731426 0.000148 0.000172 0.000712 117.170650
2.167319 1527936432.744341 0.000148 0.000173 0.000711 117.261074
2.179413 1527936432.756436 0.000148 0.000173 0.000716 117.257325
2.192178 1527936432.769200 0.000148 0.000172 0.000715 117.475591
2.204619 1527936432.781642 0.000146 0.000173 0.000723 117.468645
2.217320 1527936432.794343 0.000145 0.000173 0.000719 117.290706
2.230020 1527936432.807042 0.000147 0.000173 0.000719 117.312397
2.242265 1527936432.819288 0.000146 0.000173 0.000719 117.266879
2.254827 1527936432.831850 0.000146 0.000173 0.000714 117.270417
2.268233 1527936432.845255 0.000146 0.000172 0.000716 117.153593
2.280732 1527936432.857755 0.000148 0.000174 0.000706 117.044072
2.293007 1527936432.870030 0.000146 0.000174 0.000712 117.053436
2.304892 1527936432.881914 0.000145 0.000173 0.000719 117.018564
2.317752 1527936432.894775 0.000145 0.000173 0.000718 116.856534
2.329527 1527936432.906550 0.000147 0.000174 0.000712 116.430828
2.342554 1527936432.919576 0.000145 0.000173 0.000713 116.217850
2.354478 1527936432.931500 0.000145 0.000173 0.000714 116.003971
2.367417 1527936432.944439 0.000145 0.000174 0.000717 116.088300
2.379995 1527936432.957018 0.000148 0.000174 0.000712 116.101751
2.392575 1527936432.969598 0.000145 0.000174 0.000710 116.135096
2.405686 1527936432.982709 0.000145 0.000173 0.000711 116.327277
2.418348 1527936432.995370 0.000145 0.000175 0.000715 116.228847
2.430317 1527936433.007340 0.000147 0.000174 0.000721 116.253964
2.442848 1527936433.019871 0.000145 0.000174 0.000713 116.116881
2.455236 1527936433.032259 0.000147 0.000174 0.000712 116.229975
2.468082 1527936433.045105 0.000147 0.000173 0.000714 116.113691
2.480437 1527936433.057460 0.000146 0.000174 0.000712 115.955599
2.492917 1527936433.069940 0.000148 0.000174 0.000712 115.917593
2.505325 1527936433.082348 0.000146 0.000172 0.000717 115.994534
2.517450 1527936433.094473 0.000148 0.000172 0.000708 116.098702
2.529769 1527936433.106792 0.000147 0.000173 0.000709 116.171731
2.543365 1527936433.120388 0.000148 0.000173 0.000707 116.063018
2.556030 1527936433.133053 0.000149 0.000172 0.000709 116.133817
2.567347 1527936433.144370 0.000146 0.000172 0.000710 116.036339
2.579852 1527936433.156875 0.000146 0.000171 0.000717 116.103072
2.592251 1527936433.169274 0.000145 0.000171 0.000719 116.292192
2.604812 1527936433.181834 0.000149 0.000171 0.000714 116.266165
2.617299 1527936433.194322 0.000146 0.000171 0.000715 116.067484
2.629772 1527936433.206795 0.000147 0.000170 0.000712 116.262592
2.642318 1527936433.219341 0.000147 0.000172 0.000709 116.101822
2.655307 1527936433.232329 0.000147 0.000173 0.000706 115.895100
2.668439 1527936433.245462 0.000147 0.000173 0.000707 115.734385
2.680866 1527936433.257889 0.000147 0.000173 0.000716 115.719046
2.692725 1527936433.269748 0.000149 0.000173 0.000709 115.740030
2.704776 1527936433.281799 0.000148 0.000174 0.000724 115.405192
2.717067 1527936433.294090 0.000146 0.000174 0.000726 115.224700
2.729885 1527936433.306908 0.000146 0.000174 0.000727 115.174415
2.742571 1527936433.319594 0.000148 0.000174 0.000722 115.065503
2.754837 1527936433.331860 0.000149 0.000174 0.000719 114.961786
2.767614 1527936433.344637 0.000148 0.000174 0.000717 114.848729
2.780312 1527936433.357335 0.000147 0.000174 0.000715 114.872658
2.792613 1527936433.369636 0.000147 0.000173 0.000719 115.168014
2.805259 1527936433.382282 0.000148 0.000174 0.000715 115.036313
2.817508 1527936433.394531 0.000148 0.000174 0.000719 115.098592
2.830262 1527936433.407284 0.000147 0.000174 0.000719 114.940941
2.842740 1527936433.419763 0.000146 0.000176 0.000714 114.733816
2.855326 1527936433.432349 0.000149 0.000173 0.000706 115.183547
2.867337 1527936433.444360 0.000150 0.000174 0.000699 115.064937
2.880116 1527936433.457138 0.000149 0.000174 0.000701 114.938966
2.892655 1527936433.469678 0.000148 0.000175 0.000710 114.718950
2.905157 1527936433.482179 0.000148 0.000174 0.000697 114.807452
2.917863 1527936433.494886 0.000151 0.000174 0.000691 115.103800
2.930249 1527936433.507272 0.000149 0.000174 0.000698 115.307524
2.942790 1527936433.519812 0.000149 0.000173 0.000701 115.200945
2.955389 1527936433.532411 0.000148 0.000174 0.000700 115.063632
2.967752 1527936433.544774 0.000148 0.000175 0.000697 114.848214
2.980348 1527936433.557371 0.000149 0.000175 0.000690 114.808581
2.992653 1527936433.569676 0.000147 0.000174 0.000693 114.895098
3.005374 1527936433.582397 0.000148 0.000174 0.000688 114.785060
3.017545 1527936433.594568 0.000147 0.000175 0.000691 114.614837
3.030274 1527936433.607296 0.000147 0.000176 0.000688 114.500692
3.042689 1527936433.619712 0.000148 0.000176 0.000686 114.579039
3.055110 1527936433.632132 0.000147 0.000175 0.000693 114.813161
3.067422 1527936433.644445 0.000146 0.000176 0.000692 114.813550
3.080179 1527936433.657202 0.000146 0.000176 0.000685 114.203369
3.092638 1527936433.669661 0.000147 0.000177 0.000687 114.504414
3.105138 1527936433.682160 0.000146 0.000177 0.000698 114.790044
3.117788 1527936433.694811 0.000148 0.000177 0.000694 114.698801
3.130234 1527936433.707257 0.000147 0.000178 0.000700 114.543574
3.142435 1527936433.719458 0.000150 0.000177 0.000697 114.688862
3.155202 1527936433.732225 0.000149 0.000178 0.000708 114.728541
3.167478 1527936433.744500 0.000148 0.000178 0.000711 114.848533
3.180468 1527936433.757491 0.000149 0.000179 0.000708 114.686174
3.192647 1527936433.769670 0.000151 0.000179 0.000700 114.825372
3.205296 1527936433.782319 0.000149 0.000179 0.000705 114.978122
3.217860 1527936433.794883 0.000151 0.000181 0.000694 115.036503
3.230477 1527936433.807500 0.000151 0.000181 0.000698 115.078693
3.242880 1527936433.819903 0.000149 0.000181 0.000703 114.916463
3.255225 1527936433.832248 0.000150 0.000182 0.000702 114.879655
3.268186 1527936433.845208 0.000149 0.000180 0.000701 114.706588
3.280231 1527936433.857254 0.000149 0.000181 0.000698 114.808134
3.292944 1527936433.869967 0.000151 0.000181 0.000689 114.863470
3.305489 1527936433.882512 0.000150 0.000181 0.000692 114.881518
3.317789 1527936433.894812 0.000151 0.000180 0.000692 114.830246
3.329779 1527936433.906802 0.000151 0.000181 0.000688 114.799543
3.342119 1527936433.919142 0.000152 0.000182 0.000680 114.608078
3.354756 1527936433.931779 0.000150 0.000181 0.000686 114.484379
3.367162 1527936433.944185 0.000151 0.000181 0.000673 114.433858
3.379924 1527936433.956947 0.000150 0.000182 0.000676 114.422752
3.392325 1527936433.969348 0.000151 0.000182 0.000673 114.076846
3.404616 1527936433.981639 0.000151 0.000184 0.000676 113.914672
3.417243 1527936433.994266 0.000150 0.000183 0.000674 113.752069
3.429584 1527936434.006606 0.000149 0.000182 0.000682 113.727637
3.442010 1527936434.019033 0.000148 0.000184 0.000676 113.413279
3.454682 1527936434.031704 0.000148 0.000183 0.000674 113.134722
3.467278 1527936434.044301 0.000148 0.000182 0.000685 112.465363
3.479778 1527936434.056801 0.000147 0.000179 0.000701 112.163351
3.492079 1527936434.069102 0.000147 0.000179 0.000694 111.930628
3.504947 1527936434.081970 0.000145 0.000177 0.000700 111.659098
3.517604 1527936434.094627 0.000146 0.000177 0.000698 111.391198
3.529867 1527936434.106890 0.000147 0.000179 0.000687 110.738279
3.542161 1527936434.119184 0.000147 0.000178 0.000693 110.752827
3.554676 1527936434.131699 0.000149 0.000178 0.000693 110.697297
3.567356 1527936434.144378 0.000151 0.000181 0.000689 109.939259
3.579747 1527936434.156770 0.000152 0.000180 0.000695 109.326905
3.592258 1527936434.169281 0.000153 0.000180 0.000692 108.973938
3.604764 1527936434.181787 0.000151 0.000181 0.000682 108.483955
3.617479 1527936434.194502 0.000151 0.000180 0.000677 108.092778
3.629543 1527936434.206565 0.000151 0.000180 0.000673 107.778917
3.642339 1527936434.219362 0.000149 0.000179 0.000675 107.454275
3.654811 1527936434.231833 0.000149 0.000179 0.000673 106.934144
3.667419 1527936434.244442 0.000149 0.000179 0.000676 106.439180
3.679805 1527936434.256828 0.000149 0.000179 0.000671 105.933780
3.692107 1527936434.269130 0.000149 0.000179 0.000680 105.502611
3.704972 1527936434.281995 0.000146 0.000179 0.000682 104.915468
3.718396 1527936434.295419 0.000147 0.000180 0.000695 104.523897
3.730725 1527936434.307748 0.000146 0.000178 0.000705 104.155769
3.743232 1527936434.320255 0.000144 0.000177 0.000706 103.786263
3.755681 1527936434.332704 0.000144 0.000176 0.000695 103.361382
3.769035 1527936434.346058 0.000142 0.000176 0.000694 103.155378
3.780169 1527936434.357192 0.000142 0.000176 0.000686 102.979315
3.792725 1527936434.369748 0.000140 0.000177 0.000691 102.880921
3.805278 1527936434.382300 0.000139 0.000177 0.000695 102.784587
3.818052 1527936434.395074 0.000139 0.000177 0.000697 102.634035
3.831103 1527936434.408126 0.000140 0.000177 0.000698 102.570831
3.843453 1527936434.420475 0.000137 0.000176 0.000695 102.596678
3.855191 1527936434.432214 0.000138 0.000176 0.000691 102.482919
3.867538 1527936434.444561 0.000137 0.000175 0.000689 102.314479
3.880522 1527936434.457545 0.000135 0.000175 0.000698 102.348097
3.892859 1527936434.469882 0.000136 0.000175 0.000683 102.037384
3.905362 1527936434.482385 0.000135 0.000174 0.000694 101.816229
3.918009 1527936434.495032 0.000134 0.000174 0.000687 101.690073
3.930473 1527936434.507496 0.000131 0.000173 0.000695 101.404677
3.942848 1527936434.519871 0.000130 0.000173 0.000695 101.053809
3.955582 1527936434.532605 0.000129 0.000173 0.000694 100.769006
3.968009 1527936434.545032 0.000129 0.000173 0.000691 100.624752
3.980804 1527936434.557827 0.000128 0.000173 0.000692 100.499576
3.993222 1527936434.570245 0.000128 0.000173 0.000690 100.196195
4.005041 1527936434.582063 0.000128 0.000172 0.000696 100.005149
4.017567 1527936434.594589 0.000126 0.000173 0.000699 99.930227
4.029951 1527936434.606974 0.000125 0.000173 0.000695 99.877042
4.042739 1527936434.619762 0.000126 0.000171 0.000696 99.867837
4.055311 1527936434.632334 0.000123 0.000167 0.000697 100.085226
4.067432 1527936434.644455 0.000123 0.000168 0.000696 100.140374
4.080105 1527936434.657128 0.000122 0.000171 0.000688 100.346387
4.092522 1527936434.669544 0.000124 0.000172 0.000694 100.444357
4.104877 1527936434.681900 0.000124 0.000176 0.000678 99.717060
4.117454 1527936434.694476 0.000124 0.000177 0.000678 99.325270
4.130102 1527936434.707125 0.000121 0.000181 0.000675 98.785181
4.142408 1527936434.719431 0.000123 0.000182 0.000670 98.430134
4.154821 1527936434.731844 0.000121 0.000183 0.000673 98.379957
4.167307 1527936434.744330 0.000120 0.000186 0.000666 98.122994
4.180195 1527936434.757218 0.000121 0.000185 0.000671 98.114334
4.192602 1527936434.769624 0.000119 0.000185 0.000676 98.028721
4.205279 1527936434.782302 0.000119 0.000186 0.000677 97.874227
4.217786 1527936434.794808 0.000119 0.000185 0.000678 97.684720
4.230337 1527936434.807360 0.000118 0.000187 0.000672 97.371278
4.242694 1527936434.819717 0.000117 0.000187 0.000676 97.051071
4.256016 1527936434.833038 0.000116 0.000186 0.000680 96.889247
4.268635 1527936434.845657 0.000115 0.000186 0.000688 96.654762
4.280945 1527936434.857968 0.000114 0.000187 0.000681 96.410006
4.293343 1527936434.870366 0.000115 0.000187 0.000676 96.119351
4.305541 1527936434.882564 0.000113 0.000188 0.000669 95.822368
4.317921 1527936434.894944 0.000112 0.000188 0.000674 95.502419
4.330296 1527936434.907319 0.000112 0.000187 0.000686 95.167767
4.342987 1527936434.920010 0.000110 0.000188 0.000689 94.785453
4.355389 1527936434.932412 0.000109 0.000190 0.000679 94.456231
4.367630 1527936434.944652 0.000109 0.000191 0.000672 94.167443
4.380460 1527936434.957483 0.000108 0.000192 0.000667 93.784265
4.392776 1527936434.969799 0.000108 0.000192 0.000656 93.364850
4.404933 1527936434.981956 0.000108 0.000194 0.000642 92.784372
4.417506 1527936434.994529 0.000106 0.000194 0.000652 92.637673
4.431051 1527936435.008074 0.000105 0.000195 0.000653 92.173435
4.442819 1527936435.019842 0.000105 0.000195 0.000655 91.930678
4.455068 1527936435.032091 0.000105 0.000194 0.000647 91.446529
4.468696 1527936435.045719 0.000104 0.000194 0.000639 91.155763
4.480995 1527936435.058018 0.000106 0.000192 0.000633 90.722628
4.493350 1527936435.070373 0.000103 0.000192 0.000640 90.514604
4.505260 1527936435.082283 0.000103 0.000194 0.000637 89.587119
4.517459 1527936435.094482 0.000107 0.000197 0.000637 88.550381
4.529982 1527936435.107005 0.000111 0.000203 0.000613 87.977698
4.543242 1527936435.120265 0.000118 0.000204 0.000598 86.018585
4.555059 1527936435.132082 0.000126 0.000208 0.000601 83.295025
4.567574 1527936435.144597 0.000126 0.000212 0.000611 81.720686
4.580014 1527936435.157037 0.000123 0.000215 0.000606 80.382500
4.592463 1527936435.169486 0.000122 0.000213 0.000604 79.077520
4.606024 1527936435.183047 0.000121 0.000210 0.000610 78.146973
4.618422 1527936435.195445 0.000122 0.000207 0.000604 77.564854
4.631249 1527936435.208272 0.000121 0.000207 0.000614 77.329763
4.643409 1527936435.220432 0.000121 0.000207 0.000621 77.280907
4.655824 1527936435.232847 0.000120 0.000205 0.000621 76.862851
4.667773 1527936435.244796 0.000120 0.000203 0.000625 76.608117
4.680268 1527936435.257291 0.000119 0.000203 0.000623 76.381422
4.692496 1527936435.269518 0.000118 0.000201 0.000624 76.006102
4.705141 1527936435.282163 0.000118 0.000198 0.000615 75.304550
4.718107 1527936435.295129 0.000117 0.000196 0.000612 74.916594
4.730264 1527936435.307287 0.000118 0.000193 0.000598 74.139416
4.742867 1527936435.319890 0.000114 0.000192 0.000620 74.103247
4.755179 1527936435.332202 0.000113 0.000189 0.000605 73.482213
4.768694 1527936435.345716 0.000115 0.000185 0.000581 72.493487
4.780444 1527936435.357467 0.000114 0.000185 0.000588 72.365192
4.792675 1527936435.369698 0.000113 0.000184 0.000589 72.043641
4.805497 1527936435.382520 0.000112 0.000182 0.000594 71.869970
4.818059 1527936435.395082 0.000113 0.000180 0.000607 71.327416
4.830123 1527936435.407146 0.000112 0.000178 0.000614 71.073027
4.843354 1527936435.420377 0.000113 0.000176 0.000622 70.618255
4.855337 1527936435.432360 0.000110 0.000176 0.000628 70.835039
4.868323 1527936435.445346 0.000110 0.000174 0.000639 70.382146
4.881404 1527936435.458427 0.000110 0.000172 0.000636 69.988362
4.892995 1527936435.470018 0.000109 0.000172 0.000635 69.685572
4.905524 1527936435.482547 0.000109 0.000172 0.000634 69.871082
4.917973 1527936435.494996 0.000110 0.000170 0.000637 69.478165
4.930144 1527936435.507167 0.000109 0.000171 0.000634 69.695309
4.942588 1527936435.519611 0.000109 0.000171 0.000640 69.563649
4.955073 1527936435.532095 0.000108 0.000170 0.000642 69.482201
4.967811 1527936435.544834 0.000108 0.000169 0.000635 69.447214
4.980448 1527936435.557471 0.000108 0.000169 0.000633 69.395769
4.993924 1527936435.570947 0.000108 0.000168 0.000633 69.215769
5.005209 1527936435.582232 0.000108 0.000168 0.000630 69.051078
5.017987 1527936435.595010 0.000108 0.000167 0.000640 68.785933
5.030612 1527936435.607635 0.000107 0.000168 0.000644 68.905490
5.043240 1527936435.620263 0.000109 0.000167 0.000634 68.809830
5.055970 1527936435.632993 0.000108 0.000167 0.000638 68.579091
5.068485 1527936435.645508 0.000108 0.000167 0.000644 68.597968
5.081146 1527936435.658169 0.000108 0.000167 0.000644 68.550771
5.093062 1527936435.670085 0.000107 0.000166 0.000652 68.421248
5.106917 1527936435.683940 0.000107 0.000165 0.000645 68.242441
5.118733 1527936435.695756 0.000107 0.000165 0.000645 68.170913
5.131288 1527936435.708311 0.000106 0.000164 0.000650 67.986296
5.143600 1527936435.720623 0.000107 0.000165 0.000648 68.037067
5.155427 1527936435.732450 0.000107 0.000165 0.000650 67.960568
5.167895 1527936435.744918 0.000107 0.000163 0.000652 67.820484
5.181222 1527936435.758245 0.000107 0.000164 0.000651 67.955274
5.193283 1527936435.770306 0.000106 0.000163 0.000652 67.797840
5.205131 1527936435.782153 0.000106 0.000163 0.000647 67.588348
5.218987 1527936435.796010 0.000108 0.000162 0.000669 66.678814
5.230931 1527936435.807954 0.000110 0.000162 0.000649 66.020230
5.243474 1527936435.820497 0.000113 0.000159 0.000645 65.196613
5.255509 1527936435.832531 0.000115 0.000157 0.000650 64.947434
5.267516 1527936435.844539 0.000116 0.000156 0.000652 64.711163
5.280120 1527936435.857143 0.000114 0.000156 0.000669 64.571863
5.292629 1527936435.869652 0.000115 0.000156 0.000667 64.280844
5.305048 1527936435.882071 0.000115 0.000155 0.000678 64.001075
5.318095 1527936435.895118 0.000115 0.000153 0.000685 63.561176
5.331708 1527936435.908731 0.000114 0.000153 0.000692 63.448242
5.343367 1527936435.920390 0.000112 0.000153 0.000704 63.111304
5.355651 1527936435.932674 0.000112 0.000153 0.000705 62.532113
5.368513 1527936435.945536 0.000111 0.000152 0.000711 62.305440
5.380660 1527936435.957682 0.000111 0.000151 0.000714 61.984252
5.393174 1527936435.970197 0.000110 0.000152 0.000714 61.683795
5.405784 1527936435.982807 0.000110 0.000150 0.000724 61.452275
5.418223 1527936435.995246 0.000109 0.000151 0.000722 61.358515
5.431133 1527936436.008155 0.000109 0.000150 0.000722 61.282068
5.443141 1527936436.020164 0.000109 0.000151 0.000721 61.218311
5.455942 1527936436.032965 0.000109 0.000149 0.000728 61.080268
5.468248 1527936436.045271 0.000108 0.000149 0.000732 60.993284
5.480512 1527936436.057535 0.000108 0.000149 0.000732 60.884173
5.492976 1527936436.069999 0.000109 0.000149 0.000733 60.782177
5.505587 1527936436.082610 0.000109 0.000149 0.000733 60.603075
5.518364 1527936436.095387 0.000108 0.000149 0.000736 60.645364
5.530910 1527936436.107933 0.000109 0.000149 0.000735 60.446877
5.543250 1527936436.120273 0.000108 0.000148 0.000741 60.342924
5.555566 1527936436.132589 0.000107 0.000149 0.000741 60.366269
5.568117 1527936436.145140 0.000108 0.000148 0.000734 60.249369
5.580753 1527936436.157776 0.000108 0.000149 0.000738 60.130908
5.592999 1527936436.170022 0.000108 0.000148 0.000737 60.105479
5.605677 1527936436.182699 0.000108 0.000148 0.000739 59.870305
5.618060 1527936436.195083 0.000107 0.000148 0.000736 59.887206
5.630635 1527936436.207658 0.000106 0.000147 0.000736 59.731903
5.643131 1527936436.220154 0.000106 0.000146 0.000742 59.734634
5.655913 1527936436.232936 0.000106 0.000146 0.000740 59.661605
5.668716 1527936436.245739 0.000105 0.000147 0.000739 59.702170
5.680421 1527936436.257444 0.000106 0.000147 0.000743 59.705690
5.692719 1527936436.269742 0.000106 0.000146 0.000742 59.680860
5.704890 1527936436.281913 0.000106 0.000146 0.000740 59.765543
5.717448 1527936436.294471 0.000106 0.000147 0.000736 59.738226
5.729910 1527936436.306933 0.000106 0.000146 0.000732 59.625852
5.742547 1527936436.319570 0.000105 0.000147 0.000733 59.615970
5.755310 1527936436.332333 0.000106 0.000146 0.000734 59.646171
5.767830 1527936436.344852 0.000105 0.000146 0.000732 59.701810
5.780118 1527936436.357141 0.000105 0.000146 0.000733 59.629258
5.793664 1527936436.370687 0.000106 0.000146 0.000716 59.563459
5.806397 1527936436.383420 0.000106 0.000146 0.000734 59.603410
5.818805 1527936436.395828 0.000106 0.000146 0.000738 59.647379
5.831281 1527936436.408304 0.000107 0.000145 0.000733 59.636425
5.843096 1527936436.420119 0.000106 0.000146 0.000738 59.678189
5.856218 1527936436.433241 0.000106 0.000146 0.000737 59.665285
5.868661 1527936436.445683 0.000106 0.000146 0.000741 59.612060
5.881375 1527936436.458398 0.000106 0.000146 0.000738 59.463053
5.893741 1527936436.470764 0.000105 0.000146 0.000734 59.413734
5.906480 1527936436.483503 0.000106 0.000145 0.000728 59.107674
5.918574 1527936436.495597 0.000110 0.000144 0.000718 58.694900
5.930796 1527936436.507819 0.000114 0.000140 0.000719 57.747860
5.943117 1527936436.520140 0.000116 0.000139 0.000735 56.986988
5.955559 1527936436.532582 0.000116 0.000137 0.000767 56.498858
5.968338 1527936436.545361 0.000117 0.000136 0.000784 56.098301
5.980697 1527936436.557720 0.000116 0.000135 0.000786 55.406260
5.992875 1527936436.569897 0.000113 0.000134 0.000785 55.310541
6.005765 1527936436.582788 0.000112 0.000134 0.000781 54.921495
6.018209 1527936436.595232 0.000112 0.000133 0.000783 54.705631
6.030489 1527936436.607512 0.000111 0.000133 0.000784 54.359559
6.042929 1527936436.619951 0.000111 0.000132 0.000780 54.308300
6.055745 1527936436.632768 0.000111 0.000132 0.000773 54.018979
6.068373 1527936436.645396 0.000110 0.000131 0.000775 53.855577
6.080647 1527936436.657670 0.000110 0.000130 0.000776 53.562412
6.092987 1527936436.670010 0.000109 0.000130 0.000769 53.318271
6.105677 1527936436.682699 0.000109 0.000130 0.000760 52.973216
6.118472 1527936436.695495 0.000108 0.000129 0.000752 52.703010
6.131078 1527936436.708101 0.000108 0.000129 0.000745 52.350983
6.144183 1527936436.721205 0.000108 0.000129 0.000735 52.205386
6.156986 1527936436.734009 0.000108 0.000129 0.000729 51.907842
6.168965 1527936436.745987 0.000107 0.000129 0.000729 51.677286
6.180785 1527936436.757808 0.000107 0.000127 0.000729 51.444220
6.192952 1527936436.769975 0.000106 0.000128 0.000725 51.055134
6.205238 1527936436.782261 0.000106 0.000127 0.000725 50.869999
6.217771 1527936436.794794 0.000106 0.000127 0.000729 50.858962
6.231347 1527936436.808370 0.000106 0.000127 0.000723 50.963889
6.247857 1527936436.824880 0.000107 0.000128 0.000719 50.924367
6.256409 1527936436.833431 0.000107 0.000127 0.000719 51.051657
6.268750 1527936436.845773 0.000107 0.000128 0.000721 50.907025
6.280860 1527936436.857882 0.000107 0.000128 0.000721 50.935904
6.292954 1527936436.869977 0.000108 0.000128 0.000720 50.775683
6.305562 1527936436.882585 0.000107 0.000128 0.000720 50.900838
6.318591 1527936436.895614 0.000107 0.000127 0.000725 50.739149
6.330958 1527936436.907981 0.000107 0.000128 0.000717 50.819524
6.343410 1527936436.920433 0.000107 0.000127 0.000720 50.691538
6.355449 1527936436.932472 0.000107 0.000127 0.000723 50.652277
6.368217 1527936436.945240 0.000107 0.000127 0.000720 50.666817
6.380762 1527936436.957785 0.000107 0.000127 0.000721 50.658600
6.393380 1527936436.970402 0.000107 0.000127 0.000720 50.581667
6.405508 1527936436.982531 0.000106 0.000127 0.000717 50.491821
6.418407 1527936436.995430 0.000107 0.000126 0.000718 50.476756
6.430472 1527936437.007495 0.000107 0.000126 0.000719 50.275515
6.443271 1527936437.020293 0.000106 0.000126 0.000720 50.355412
6.455790 1527936437.032813 0.000106 0.000126 0.000722 50.263206
6.468117 1527936437.045140 0.000106 0.000126 0.000718 50.192813
6.480516 1527936437.057539 0.000106 0.000126 0.000716 50.189317
6.493117 1527936437.070140 0.000107 0.000126 0.000717 50.197991
6.506520 1527936437.083543 0.000106 0.000126 0.000715 50.239690
6.519196 1527936437.096218 0.000107 0.000126 0.000716 50.127946
6.530774 1527936437.107797 0.000105 0.000127 0.000709 50.169420
6.543226 1527936437.120249 0.000103 0.000127 0.000733 50.020113
6.555841 1527936437.132864 0.000104 0.000125 0.000757 49.741047
6.568495 1527936437.145518 0.000106 0.000124 0.000775 49.262239
6.580877 1527936437.157900 0.000106 0.000123 0.000787 48.857547
6.593359 1527936437.170382 0.000105 0.000122 0.000791 48.621058
6.606066 1527936437.183089 0.000104 0.000122 0.000790 48.426301
6.618417 1527936437.195440 0.000104 0.000121 0.000788 48.293107
6.630931 1527936437.207954 0.000104 0.000121 0.000791 48.132803
6.642918 1527936437.219941 0.000104 0.000121 0.000785 47.894917
6.655310 1527936437.232332 0.000103 0.000121 0.000784 47.678250
6.668547 1527936437.245570 0.000102 0.000121 0.000785 47.486728
6.680648 1527936437.257671 0.000102 0.000120 0.000782 47.222474
6.692874 1527936437.269897 0.000102 0.000120 0.000779 46.988180
6.705605 1527936437.282628 0.000101 0.000120 0.000785 46.881117
6.719061 1527936437.296084 0.000101 0.000120 0.000782 46.825332
6.731822 1527936437.308844 0.000100 0.000120 0.000781 46.742047
6.743758 1527936437.320781 0.000100 0.000120 0.000779 46.678963
6.755358 1527936437.332381 0.000100 0.000120 0.000779 46.601656
6.767791 1527936437.344814 0.000100 0.000119 0.000781 46.636971
6.780456 1527936437.357479 0.000100 0.000120 0.000778 46.608095
6.793935 1527936437.370957 0.000100 0.000120 0.000781 46.594224
6.806282 1527936437.383305 0.000100 0.000119 0.000781 46.547476
6.818697 1527936437.395720 0.000100 0.000120 0.000772 46.404603
6.830765 1527936437.407788 0.000100 0.000120 0.000776 46.384180
6.842862 1527936437.419884 0.000100 0.000120 0.000777 46.284694
6.855297 1527936437.432320 0.000100 0.000120 0.000776 46.323410
6.867866 1527936437.444888 0.000100 0.000120 0.000773 46.253925
6.880807 1527936437.457829 0.000100 0.000120 0.000771 46.221290
6.893290 1527936437.470313 0.000100 0.000120 0.000767 46.149525
6.905850 1527936437.482872 0.000100 0.000120 0.000770 46.166553
6.918024 1527936437.495047 0.000100 0.000120 0.000773 46.113466
6.930535 1527936437.507558 0.000100 0.000120 0.000769 46.013751
6.942923 1527936437.519946 0.000100 0.000120 0.000767 45.934911
6.955505 1527936437.532528 0.000100 0.000120 0.000768 45.969447
6.968160 1527936437.545183 0.000100 0.000120 0.000767 45.991508
6.980947 1527936437.557969 0.000101 0.000120 0.000764 45.963099
6.993255 1527936437.570278 0.000101 0.000120 0.000761 45.975015
7.005713 1527936437.582736 0.000101 0.000120 0.000762 45.952136
7.018270 1527936437.595292 0.000101 0.000120 0.000759 45.892923
7.030491 1527936437.607514 0.000101 0.000120 0.000759 45.872574
7.043270 1527936437.620293 0.000101 0.000120 0.000759 45.899605
7.055337 1527936437.632360 0.000101 0.000120 0.000764 45.919404
7.067845 1527936437.644867 0.000101 0.000120 0.000764 45.847987
7.080384 1527936437.657407 0.000102 0.000120 0.000760 45.791756
7.093154 1527936437.670177 0.000102 0.000120 0.000765 45.826235
7.105705 1527936437.682728 0.000102 0.000120 0.000762 45.756197
7.118237 1527936437.695259 0.000102 0.000120 0.000763 45.754391
7.130754 1527936437.707777 0.000102 0.000120 0.000760 45.759575
7.143250 1527936437.720273 0.000102 0.000120 0.000762 45.810755
7.156709 1527936437.733732 0.000102 0.000120 0.000760 45.731481
7.168561 1527936437.745584 0.000102 0.000120 0.000758 45.681408
7.181102 1527936437.758125 0.000102 0.000120 0.000759 45.696489
7.193468 1527936437.770491 0.000102 0.000120 0.000762 45.706531
7.205832 1527936437.782855 0.000102 0.000119 0.000762 45.679376
7.218239 1527936437.795262 0.000102 0.000120 0.000764 45.717296
7.230713 1527936437.807736 0.000101 0.000120 0.000761 45.663871
7.243232 1527936437.820255 0.000101 0.000119 0.000766 45.654338
7.255592 1527936437.832615 0.000102 0.000120 0.000763 45.645446
7.269343 1527936437.846366 0.000102 0.000120 0.000759 45.591001
7.280771 1527936437.857794 0.000101 0.000120 0.000762 45.643258
7.292976 1527936437.869998 0.000101 0.000119 0.000761 45.672327
7.305555 1527936437.882578 0.000102 0.000120 0.000758 45.591027
7.318194 1527936437.895217 0.000101 0.000120 0.000761 45.665335
7.330483 1527936437.907506 0.000101 0.000119 0.000760 45.662710
7.343198 1527936437.920221 0.000102 0.000119 0.000759 45.598465
7.355718 1527936437.932741 0.000107 0.000119 0.000744 44.828855
7.368644 1527936437.945667 0.000106 0.000118 0.000748 44.866457
7.382012 1527936437.959035 0.000105 0.000119 0.000752 44.891208
7.393189 1527936437.970212 0.000107 0.000118 0.000757 44.607210
7.405927 1527936437.982949 0.000108 0.000118 0.000756 44.243250
7.418275 1527936437.995298 0.000108 0.000117 0.000746 43.806540
7.430870 1527936438.007893 0.000108 0.000117 0.000742 43.602103
7.443509 1527936438.020532 0.000108 0.000117 0.000738 43.445998
7.456079 1527936438.033102 0.000107 0.000116 0.000736 43.360374
7.468368 1527936438.045391 0.000107 0.000116 0.000736 43.366148
7.480940 1527936438.057963 0.000107 0.000116 0.000736 43.409052
7.493274 1527936438.070297 0.000107 0.000116 0.000735 43.384616
7.505752 1527936438.082775 0.000107 0.000116 0.000737 43.405325
7.518324 1527936438.095347 0.000107 0.000116 0.000738 43.478426
7.530929 1527936438.107952 0.000106 0.000116 0.000738 43.470288
7.543251 1527936438.120273 0.000107 0.000117 0.000735 43.472995
7.555813 1527936438.132836 0.000106 0.000117 0.000734 43.443089
7.568359 1527936438.145382 0.000107 0.000117 0.000737 43.556058
7.581725 1527936438.158747 0.000107 0.000117 0.000731 43.561092
7.594378 1527936438.171400 0.000107 0.000116 0.000732 43.507965
7.606701 1527936438.183723 0.000107 0.000117 0.000728 43.376240
7.618937 1527936438.195960 0.000106 0.000116 0.000728 43.413713
7.631330 1527936438.208352 0.000106 0.000117 0.000726 43.354558
7.644064 1527936438.221087 0.000107 0.000116 0.000723 43.230523
7.656639 1527936438.233662 0.000106 0.000117 0.000722 43.130186
7.669106 1527936438.246129 0.000106 0.000116 0.000723 43.075476
7.681380 1527936438.258403 0.000106 0.000116 0.000721 43.108480
7.693993 1527936438.271016 0.000106 0.000116 0.000717 42.909429
7.706445 1527936438.283468 0.000106 0.000116 0.000715 42.889422
7.719410 1527936438.296433 0.000106 0.000116 0.000718 42.830096
7.731066 1527936438.308089 0.000106 0.000116 0.000718 42.872232
7.743053 1527936438.320076 0.000106 0.000116 0.000716 42.803139
7.755235 1527936438.332258 0.000106 0.000116 0.000716 42.835001
7.767882 1527936438.344904 0.000106 0.000116 0.000715 42.827724
7.781346 1527936438.358369 0.000106 0.000116 0.000716 42.816858
7.794466 1527936438.371488 0.000106 0.000116 0.000715 42.751982
7.806670 1527936438.383693 0.000106 0.000116 0.000715 42.782539
7.818567 1527936438.395589 0.000107 0.000116 0.000712 42.788783
7.830407 1527936438.407430 0.000106 0.000117 0.000713 42.874339
7.843056 1527936438.420079 0.000107 0.000117 0.000709 42.769527
7.856459 1527936438.433482 0.000107 0.000117 0.000712 42.800859
7.869176 1527936438.446199 0.000106 0.000117 0.000711 42.802030
7.881362 1527936438.458385 0.000107 0.000117 0.000710 42.872262
7.893593 1527936438.470616 0.000107 0.000117 0.000711 42.775763
7.905874 1527936438.482897 0.000107 0.000117 0.000710 42.724647
7.918421 1527936438.495443 0.000107 0.000117 0.000710 42.708783
7.930865 1527936438.507887 0.000107 0.000117 0.000709 42.729457
7.943285 1527936438.520308 0.000107 0.000117 0.000710 42.701188
7.955831 1527936438.532854 0.000107 0.000117 0.000705 42.732805
7.967949 1527936438.544972 0.000107 0.000117 0.000709 42.763222
7.981535 1527936438.558558 0.000107 0.000117 0.000704 42.644262
7.994206 1527936438.571229 0.000107 0.000117 0.000693 42.454334
8.006109 1527936438.583132 0.000107 0.000117 0.000695 42.510200
8.018259 1527936438.595282 0.000107 0.000117 0.000695 42.560782
8.030646 1527936438.607669 0.000108 0.000118 0.000690 42.441335
8.043086 1527936438.620109 0.000107 0.000118 0.000690 42.316508
8.055559 1527936438.632582 0.000107 0.000119 0.000687 42.473816
8.068051 1527936438.645073 0.000109 0.000119 0.000683 42.315153
8.080767 1527936438.657790 0.000112 0.000118 0.000672 42.059208
8.093386 1527936438.670409 0.000112 0.000119 0.000656 41.648597
8.106821 1527936438.683843 0.000112 0.000119 0.000642 41.438027
8.119151 1527936438.696173 0.000112 0.000119 0.000638 41.178498
8.131591 1527936438.708613 0.000112 0.000119 0.000643 41.232895
8.143568 1527936438.720591 0.000112 0.000119 0.000644 41.210319
8.155981 1527936438.733004 0.000112 0.000119 0.000648 41.401303
8.168321 1527936438.745344 0.000112 0.000119 0.000646 41.215802
8.180467 1527936438.757489 0.000112 0.000118 0.000645 41.165955
8.192763 1527936438.769786 0.000111 0.000118 0.000649 41.151636
8.205383 1527936438.782406 0.000111 0.000118 0.000647 41.283674
8.217805 1527936438.794828 0.000111 0.000118 0.000646 41.257539
8.230374 1527936438.807397 0.000111 0.000119 0.000643 41.263250
8.242855 1527936438.819878 0.000111 0.000118 0.000642 41.089557
8.255173 1527936438.832196 0.000111 0.000119 0.000644 41.260956
8.268331 1527936438.845354 0.000110 0.000118 0.000645 41.377894
8.280729 1527936438.857752 0.000110 0.000118 0.000648 41.305871
8.296409 1527936438.873432 0.000111 0.000119 0.000643 41.350029
8.306426 1527936438.883449 0.000110 0.000118 0.000645 41.309476
8.318976 1527936438.895999 0.000110 0.000119 0.000640 41.055612
8.331668 1527936438.908690 0.000110 0.000119 0.000642 41.325867
8.344145 1527936438.921168 0.000110 0.000118 0.000643 41.194587
8.356162 1527936438.933185 0.000110 0.000118 0.000645 41.294652
8.368334 1527936438.945356 0.000110 0.000118 0.000647 41.219076
8.380891 1527936438.957914 0.000110 0.000118 0.000645 41.314363
8.393084 1527936438.970107 0.000110 0.000119 0.000645 41.365306
8.406537 1527936438.983560 0.000109 0.000118 0.000647 41.422687
8.419529 1527936438.996552 0.000110 0.000118 0.000646 41.282725
8.430898 1527936439.007921 0.000109 0.000118 0.000643 41.367175
8.443100 1527936439.020123 0.000110 0.000119 0.000643 41.185632
8.455501 1527936439.032524 0.000110 0.000118 0.000642 41.179544
8.468325 1527936439.045348 0.000109 0.000119 0.000640 41.291078
8.480907 1527936439.057930 0.000110 0.000118 0.000643 41.187497
8.492971 1527936439.069994 0.000110 0.000118 0.000640 41.095337
8.505623 1527936439.082646 0.000110 0.000118 0.000640 41.069419
8.519344 1527936439.096367 0.000110 0.000118 0.000645 41.210438
8.531579 1527936439.108602 0.000110 0.000118 0.000644 41.082697
8.544359 1527936439.121382 0.000110 0.000118 0.000636 40.846622
8.555976 1527936439.132999 0.000110 0.000118 0.000640 40.875141
8.568243 1527936439.145266 0.000110 0.000118 0.000639 40.808671
8.580671 1527936439.157694 0.000110 0.000118 0.000636 40.830779
8.594172 1527936439.171195 0.000110 0.000118 0.000640 40.734783
8.606534 1527936439.183557 0.000110 0.000118 0.000639 40.827771
8.619095 1527936439.196118 0.000110 0.000118 0.000635 40.720282
8.631125 1527936439.208148 0.000110 0.000119 0.000635 40.708711
8.643182 1527936439.220205 0.000110 0.000118 0.000638 40.827793
8.655553 1527936439.232575 0.000110 0.000118 0.000638 40.807430
8.669657 1527936439.246680 0.000110 0.000119 0.000633 40.788026
8.681793 1527936439.258816 0.000110 0.000118 0.000639 40.767726
8.694494 1527936439.271516 0.000111 0.000119 0.000633 40.813079
8.706541 1527936439.283564 0.000110 0.000118 0.000638 40.793204
8.719089 1527936439.296112 0.000111 0.000119 0.000635 40.897180
8.731123 1527936439.308146 0.000111 0.000119 0.000630 40.628592
8.743225 1527936439.320248 0.000111 0.000119 0.000636 40.882440
8.756166 1527936439.333188 0.000111 0.000120 0.000629 40.852684
8.768496 1527936439.345519 0.000111 0.000119 0.000634 40.956520
8.781060 1527936439.358083 0.000111 0.000119 0.000630 40.852176
8.793576 1527936439.370599 0.000111 0.000119 0.000636 40.931140
8.805868 1527936439.382891 0.000111 0.000119 0.000631 40.859156
8.818544 1527936439.395567 0.000111 0.000119 0.000633 40.850148
8.831179 1527936439.408202 0.000111 0.000119 0.000633 40.896940
8.843342 1527936439.420365 0.000111 0.000119 0.000630 40.930043
8.855958 1527936439.432981 0.000111 0.000120 0.000630 40.908826
8.869071 1527936439.446093 0.000111 0.000119 0.000636 41.015366
8.881782 1527936439.458805 0.000110 0.000119 0.000635 40.894949
8.894249 1527936439.471272 0.000110 0.000119 0.000635 41.122201
8.906262 1527936439.483284 0.000111 0.000120 0.000630 41.030704
8.918119 1527936439.495142 0.000111 0.000120 0.000627 40.915359
8.930862 1527936439.507885 0.000112 0.000120 0.000622 40.595931
8.944990 1527936439.522013 0.000114 0.000120 0.000607 39.906603
8.957578 1527936439.534601 0.000111 0.000123 0.000609 39.799294
8.969468 1527936439.546491 0.000110 0.000123 0.000622 39.638199
8.981051 1527936439.558074 0.000110 0.000122 0.000638 39.214585
8.993511 1527936439.570534 0.000109 0.000121 0.000651 39.169940
9.005688 1527936439.582711 0.000109 0.000121 0.000656 39.207800
9.018295 1527936439.595317 0.000108 0.000120 0.000666 39.240654
9.030499 1527936439.607521 0.000108 0.000120 0.000665 39.236346
9.043374 1527936439.620396 0.000108 0.000120 0.000670 39.316580
9.055861 1527936439.632884 0.000107 0.000120 0.000671 39.359895
9.068142 1527936439.645165 0.000107 0.000120 0.000668 39.173356
9.080830 1527936439.657853 0.000107 0.000120 0.000676 39.291545
9.092900 1527936439.669923 0.000107 0.000120 0.000670 39.172696
9.105797 1527936439.682820 0.000107 0.000119 0.000673 39.158844
9.118199 1527936439.695222 0.000106 0.000119 0.000672 39.133273
9.131385 1527936439.708408 0.000106 0.000119 0.000673 39.164586
9.143960 1527936439.720983 0.000106 0.000119 0.000674 39.124417
9.156441 1527936439.733464 0.000106 0.000119 0.000672 39.116386
9.168811 1527936439.745834 0.000106 0.000119 0.000675 39.223145
9.181439 1527936439.758461 0.000106 0.000120 0.000676 39.267206
9.193733 1527936439.770756 0.000107 0.000119 0.000677 39.159955
9.205760 1527936439.782782 0.000106 0.000120 0.000677 39.296035
9.218253 1527936439.795275 0.000106 0.000119 0.000682 39.319849
9.230677 1527936439.807699 0.000106 0.000119 0.000681 39.345879
9.243196 1527936439.820219 0.000106 0.000120 0.000679 39.311020
9.255911 1527936439.832933 0.000106 0.000119 0.000678 39.176316
9.268359 1527936439.845382 0.000106 0.000119 0.000682 39.214206
9.281086 1527936439.858109 0.000106 0.000119 0.000682 39.169829
9.293388 1527936439.870410 0.000106 0.000119 0.000678 39.188021
9.306061 1527936439.883084 0.000106 0.000119 0.000678 39.080710
9.318402 1527936439.895424 0.000106 0.000119 0.000682 39.095128
9.330762 1527936439.907785 0.000106 0.000119 0.000683 39.098019
9.343490 1527936439.920513 0.000106 0.000119 0.000683 39.105949
9.356649 1527936439.933672 0.000106 0.000118 0.000682 39.037469
9.369172 1527936439.946195 0.000106 0.000119 0.000682 38.989265
9.381839 1527936439.958862 0.000106 0.000119 0.000681 39.055172
9.394105 1527936439.971128 0.000106 0.000119 0.000682 38.943926
9.406045 1527936439.983068 0.000106 0.000119 0.000685 38.933934
9.418497 1527936439.995520 0.000106 0.000119 0.000680 38.920971
9.430786 1527936440.007809 0.000106 0.000119 0.000679 38.793538
9.443224 1527936440.020247 0.000106 0.000119 0.000683 38.802537
9.455556 1527936440.032579 0.000107 0.000118 0.000687 38.947168
9.468391 1527936440.045414 0.000107 0.000119 0.000678 38.633381
9.480761 1527936440.057783 0.000107 0.000119 0.000683 38.763610
9.493277 1527936440.070300 0.000107 0.000119 0.000684 38.712868
9.505833 1527936440.082856 0.000107 0.000119 0.000679 38.675429
9.518303 1527936440.095326 0.000107 0.000119 0.000681 38.672780
9.530569 1527936440.107591 0.000107 0.000119 0.000683 38.669431
9.542905 1527936440.119928 0.000107 0.000119 0.000677 38.591317
9.555448 1527936440.132471 0.000107 0.000119 0.000678 38.605845
9.567962 1527936440.144985 0.000108 0.000119 0.000681 38.620874
9.580726 1527936440.157749 0.000108 0.000120 0.000680 38.676253
9.593229 1527936440.170252 0.000108 0.000120 0.000674 38.521893
9.605891 1527936440.182914 0.000110 0.000119 0.000669 38.520400
9.618280 1527936440.195303 0.000110 0.000119 0.000673 38.509395
9.630535 1527936440.207558 0.000110 0.000119 0.000675 38.440357
9.643368 1527936440.220391 0.000110 0.000119 0.000674 38.510414
9.655300 1527936440.232323 0.000110 0.000119 0.000680 38.570762
9.668223 1527936440.245246 0.000110 0.000119 0.000683 38.575411
9.680451 1527936440.257474 0.000110 0.000119 0.000682 38.577195
9.693285 1527936440.270308 0.000110 0.000119 0.000682 38.593693
9.705662 1527936440.282685 0.000109 0.000119 0.000683 38.618558
9.718072 1527936440.295095 0.000109 0.000119 0.000680 38.552796
9.730639 1527936440.307662 0.000109 0.000119 0.000679 38.562688
9.742956 1527936440.319979 0.000109 0.000119 0.000679 38.381420
9.755361 1527936440.332384 0.000109 0.000119 0.000676 38.484189
9.768106 1527936440.345129 0.000109 0.000119 0.000674 38.486541
9.780685 1527936440.357708 0.000109 0.000119 0.000680 38.409681
9.793050 1527936440.370073 0.000109 0.000119 0.000675 38.417677
9.805799 1527936440.382822 0.000109 0.000119 0.000676 38.418082
9.819266 1527936440.396289 0.000108 0.000118 0.000680 38.400010
9.831806 1527936440.408828 0.000108 0.000118 0.000681 38.272734
9.844399 1527936440.421422 0.000108 0.000119 0.000675 38.191452
9.856227 1527936440.433250 0.000108 0.000119 0.000678 38.259038
9.868313 1527936440.445336 0.000108 0.000119 0.000674 38.176226
9.880774 1527936440.457797 0.000108 0.000118 0.000675 38.222995
9.893287 1527936440.470310 0.000108 0.000118 0.000676 38.037438
9.906035 1527936440.483058 0.000107 0.000119 0.000671 38.056154
9.918691 1527936440.495714 0.000108 0.000118 0.000674 38.093833
9.931515 1527936440.508538 0.000107 0.000118 0.000678 38.008195
9.943725 1527936440.520747 0.000107 0.000118 0.000681 37.969291
9.956302 1527936440.533324 0.000107 0.000118 0.000675 37.798498
9.969110 1527936440.546133 0.000107 0.000118 0.000676 37.884748
9.981555 1527936440.558578 0.000107 0.000118 0.000677 37.862683
9.993889 1527936440.570911 0.000107 0.000118 0.000674 37.818217
10.006403 1527936440.583426 0.000107 0.000118 0.000674 37.933454
10.018764 1527936440.595787 0.000107 0.000118 0.000672 37.964772
10.031447 1527936440.608470 0.000108 0.000116 0.000675 37.772978
10.044141 1527936440.621163 0.000108 0.000115 0.000679 38.023102
10.056226 1527936440.633249 0.000107 0.000115 0.000674 38.426628
10.069098 1527936440.646121 0.000107 0.000116 0.000665 38.506678
10.081640 1527936440.658663 0.000108 0.000116 0.000667 38.726359
10.093985 1527936440.671008 0.000108 0.000115 0.000667 38.851503
10.106474 1527936440.683497 0.000108 0.000116 0.000669 38.955281
10.118832 1527936440.695855 0.000108 0.000116 0.000667 38.884780
10.131181 1527936440.708204 0.000108 0.000116 0.000666 38.825432
10.144108 1527936440.721131 0.000108 0.000115 0.000674 38.971093
10.156736 1527936440.733758 0.000108 0.000116 0.000672 38.851715
10.168748 1527936440.745771 0.000108 0.000115 0.000674 38.929311
10.181701 1527936440.758724 0.000108 0.000115 0.000671 38.851805
10.194045 1527936440.771068 0.000108 0.000116 0.000672 38.892361
10.206660 1527936440.783682 0.000108 0.000115 0.000673 38.913424
10.219089 1527936440.796112 0.000108 0.000116 0.000665 38.689496
10.231462 1527936440.808485 0.000108 0.000115 0.000669 38.793747
10.243967 1527936440.820990 0.000108 0.000115 0.000671 38.794196
10.256717 1527936440.833740 0.000108 0.000116 0.000665 38.578543
10.268861 1527936440.845884 0.000107 0.000115 0.000668 38.624804
10.281586 1527936440.858609 0.000108 0.000115 0.000670 38.640793
10.293952 1527936440.870975 0.000107 0.000115 0.000668 38.557512
10.306743 1527936440.883766 0.000107 0.000115 0.000664 38.417654
10.319097 1527936440.896119 0.000107 0.000115 0.000663 38.311204
10.331457 1527936440.908480 0.000107 0.000115 0.000665 38.338082
10.343948 1527936440.920971 0.000107 0.000115 0.000664 38.271657
10.356472 1527936440.933495 0.000107 0.000115 0.000664 38.213138
10.368937 1527936440.945960 0.000107 0.000115 0.000666 38.245215
10.381452 1527936440.958475 0.000107 0.000115 0.000666 38.359291
10.393939 1527936440.970961 0.000108 0.000115 0.000663 38.201380
10.406442 1527936440.983465 0.000108 0.000115 0.000659 38.027397
10.419045 1527936440.996068 0.000108 0.000115 0.000660 38.069752
10.431411 1527936441.008434 0.000108 0.000115 0.000661 37.992199
10.443954 1527936441.020977 0.000108 0.000116 0.000654 38.058227
10.457394 1527936441.034416 0.000108 0.000116 0.000663 38.220836
10.468814 1527936441.045837 0.000110 0.000117 0.000658 38.005362
10.481649 1527936441.058671 0.000112 0.000118 0.000649 37.689637
10.494277 1527936441.071300 0.000114 0.000118 0.000640 36.915915
10.506450 1527936441.083473 0.000116 0.000118 0.000615 36.377059
10.518948 1527936441.095970 0.000116 0.000118 0.000611 35.955984
10.531654 1527936441.108676 0.000116 0.000118 0.000600 35.803169
10.544063 1527936441.121086 0.000116 0.000118 0.000600 35.624930
10.556680 1527936441.133703 0.000116 0.000118 0.000603 35.485386
10.570188 1527936441.147211 0.000115 0.000118 0.000591 35.460363
10.581365 1527936441.158388 0.000116 0.000118 0.000600 35.257929
10.594250 1527936441.171273 0.000115 0.000118 0.000607 35.390593
10.606462 1527936441.183485 0.000115 0.000118 0.000602 35.231596
10.618855 1527936441.195878 0.000115 0.000118 0.000598 35.318161
10.631337 1527936441.208359 0.000115 0.000118 0.000600 35.326467
10.643667 1527936441.220690 0.000114 0.000117 0.000604 35.191581
10.656756 1527936441.233779 0.000114 0.000118 0.000598 35.361847
10.668963 1527936441.245986 0.000114 0.000117 0.000601 35.350799
10.682810 1527936441.259832 0.000113 0.000118 0.000600 35.235437
10.694002 1527936441.271025 0.000113 0.000118 0.000603 35.243490
10.706715 1527936441.283738 0.000113 0.000118 0.000604 35.389585
10.719359 1527936441.296382 0.000113 0.000118 0.000603 35.230591
10.731555 1527936441.308578 0.000113 0.000118 0.000600 35.121839
10.744345 1527936441.321368 0.000113 0.000118 0.000602 35.071971
10.756346 1527936441.333368 0.000113 0.000118 0.000600 34.956599
10.769081 1527936441.346104 0.000112 0.000118 0.000598 34.911770
10.781591 1527936441.358614 0.000112 0.000118 0.000597 34.947261
10.794136 1527936441.371159 0.000112 0.000118 0.000602 35.249207
10.806384 1527936441.383407 0.000112 0.000118 0.000597 35.275498
10.819299 1527936441.396322 0.000112 0.000118 0.000598 35.167574
10.831557 1527936441.408580 0.000112 0.000118 0.000601 35.079154
10.844058 1527936441.421080 0.000112 0.000117 0.000597 35.081025
10.856462 1527936441.433484 0.000112 0.000118 0.000590 35.073845
10.868898 1527936441.445921 0.000112 0.000118 0.000594 35.129905
10.881233 1527936441.458256 0.000112 0.000118 0.000589 35.211883
10.893860 1527936441.470883 0.000113 0.000117 0.000592 35.112152
10.906810 1527936441.483833 0.000112 0.000118 0.000591 35.319711
10.919116 1527936441.496139 0.000112 0.000118 0.000594 35.393421
10.931617 1527936441.508640 0.000112 0.000118 0.000586 35.254029
10.944083 1527936441.521106 0.000113 0.000118 0.000586 35.187409
10.956821 1527936441.533844 0.000113 0.000117 0.000585 35.161529
10.969374 1527936441.546396 0.000113 0.000118 0.000581 35.307267
10.981415 1527936441.558438 0.000113 0.000118 0.000579 34.999331
10.993895 1527936441.570917 0.000113 0.000118 0.000580 34.348327
11.006481 1527936441.583503 0.000112 0.000119 0.000581 34.748084
11.019228 1527936441.596251 0.000111 0.000122 0.000581 34.964577
11.031618 1527936441.608641 0.000112 0.000126 0.000572 34.711582
11.044147 1527936441.621170 0.000114 0.000129 0.000548 34.121116
11.056447 1527936441.633470 0.000116 0.000130 0.000525 32.900897
11.068983 1527936441.646006 0.000117 0.000131 0.000494 31.270022
11.081644 1527936441.658667 0.000117 0.000130 0.000498 30.939071
11.094009 1527936441.671032 0.000116 0.000129 0.000485 30.230077
11.106627 1527936441.683650 0.000116 0.000129 0.000481 29.944665
11.119216 1527936441.696239 0.000116 0.000128 0.000483 30.021849
11.131236 1527936441.708259 0.000116 0.000128 0.000481 30.089591
11.143996 1527936441.721019 0.000117 0.000128 0.000486 30.376371
11.156623 1527936441.733646 0.000117 0.000128 0.000485 30.212120
11.169104 1527936441.746127 0.000117 0.000128 0.000483 30.268211
11.181587 1527936441.758610 0.000117 0.000126 0.000481 30.261689
11.194352 1527936441.771375 0.000117 0.000126 0.000482 30.054348
11.207237 1527936441.784259 0.000117 0.000126 0.000482 30.314225
11.219499 1527936441.796522 0.000116 0.000126 0.000482 30.076843
11.231303 1527936441.808326 0.000117 0.000125 0.000479 30.253784
11.243458 1527936441.820481 0.000116 0.000125 0.000482 29.957862
11.255897 1527936441.832919 0.000116 0.000124 0.000483 30.103556
11.268401 1527936441.845424 0.000116 0.000125 0.000482 30.134330
11.281058 1527936441.858081 0.000116 0.000124 0.000484 30.286288
11.293314 1527936441.870337 0.000116 0.000124 0.000482 30.054767
11.306110 1527936441.883133 0.000116 0.000124 0.000486 30.137008
11.318568 1527936441.895590 0.000117 0.000124 0.000479 29.768605
11.330772 1527936441.907795 0.000120 0.000123 0.000471 29.269742
11.343451 1527936441.920473 0.000116 0.000120 0.000475 28.843936
11.355893 1527936441.932916 0.000113 0.000118 0.000500 28.861232
11.368226 1527936441.945249 0.000111 0.000118 0.000521 29.831001
11.380946 1527936441.957969 0.000109 0.000118 0.000540 30.810522
11.394711 1527936441.971734 0.000109 0.000119 0.000547 31.301245
11.407367 1527936441.984390 0.000109 0.000118 0.000551 31.591642
11.419765 1527936441.996788 0.000110 0.000119 0.000555 31.652872
11.432894 1527936442.009917 0.000110 0.000118 0.000554 31.572064
11.444120 1527936442.021143 0.000109 0.000118 0.000552 31.315963
11.456150 1527936442.033173 0.000110 0.000118 0.000556 31.341801
11.469856 1527936442.046879 0.000110 0.000118 0.000552 31.254320
11.481981 1527936442.059004 0.000110 0.000117 0.000555 31.314082
11.494309 1527936442.071332 0.000109 0.000118 0.000555 31.309728
11.506725 1527936442.083748 0.000109 0.000117 0.000559 31.351236
11.518892 1527936442.095915 0.000109 0.000117 0.000556 31.210094
11.531296 1527936442.108319 0.000109 0.000117 0.000553 31.209508
11.544149 1527936442.121172 0.000109 0.000117 0.000557 31.163184
11.557448 1527936442.134471 0.000109 0.000117 0.000559 31.186517
11.569634 1527936442.146657 0.000109 0.000117 0.000552 30.926050
11.581855 1527936442.158877 0.000109 0.000117 0.000553 30.864195
11.593527 1527936442.170549 0.000109 0.000117 0.000557 31.011416
11.606346 1527936442.183369 0.000109 0.000117 0.000559 31.103246
11.618551 1527936442.195573 0.000109 0.000117 0.000555 30.920241
11.631067 1527936442.208090 0.000109 0.000117 0.000556 30.926606
11.644820 1527936442.221843 0.000108 0.000117 0.000554 30.887667
11.657345 1527936442.234368 0.000108 0.000117 0.000553 30.918491
11.669587 1527936442.246609 0.000109 0.000117 0.000550 30.837766
11.681630 1527936442.258653 0.000109 0.000117 0.000552 30.882170
11.693489 1527936442.270512 0.000109 0.000117 0.000552 30.888903
11.705934 1527936442.282957 0.000108 0.000118 0.000557 31.039760
11.718000 1527936442.295023 0.000109 0.000117 0.000550 30.745414
11.730731 1527936442.307754 0.000109 0.000117 0.000552 30.706774
11.743333 1527936442.320355 0.000109 0.000117 0.000551 30.826069
11.756078 1527936442.333101 0.000109 0.000117 0.000553 30.860026
11.768433 1527936442.345456 0.000109 0.000118 0.000560 30.989396
11.781204 1527936442.358227 0.000109 0.000118 0.000555 30.818198
11.793431 1527936442.370453 0.000109 0.000118 0.000554 31.005832
11.805939 1527936442.382962 0.000110 0.000119 0.000538 30.819340
11.818525 1527936442.395548 0.000108 0.000121 0.000531 30.697171
11.831021 1527936442.408044 0.000106 0.000119 0.000546 30.863040
11.843641 1527936442.420663 0.000105 0.000117 0.000564 31.156982
11.856115 1527936442.433137 0.000105 0.000116 0.000590 31.694293
11.868979 1527936442.446002 0.000105 0.000117 0.000607 32.177122
11.881281 1527936442.458303 0.000105 0.000119 0.000618 32.417066
11.894008 1527936442.471030 0.000105 0.000119 0.000625 32.573800
11.906467 1527936442.483490 0.000105 0.000119 0.000624 32.633357
11.918689 1527936442.495712 0.000105 0.000119 0.000629 32.674689
11.931187 1527936442.508210 0.000105 0.000120 0.000625 32.621795
11.944769 1527936442.521792 0.000105 0.000119 0.000624 32.657997
11.957565 1527936442.534587 0.000105 0.000119 0.000618 32.646716
11.969373 1527936442.546396 0.000105 0.000119 0.000613 32.565951
11.982121 1527936442.559144 0.000105 0.000118 0.000617 32.562502
11.994461 1527936442.571484 0.000105 0.000119 0.000615 32.634786
12.007172 1527936442.584195 0.000105 0.000119 0.000614 32.631224
12.018994 1527936442.596017 0.000104 0.000119 0.000613 32.586637
12.031393 1527936442.608416 0.000105 0.000119 0.000611 32.641024
