-3.521426 1528552029.224643 0.000109 0.000117 0.000744 45.451191
-3.509321 1528552029.236747 0.000109 0.000116 0.000742 45.281408
-3.496514 1528552029.249554 0.000110 0.000117 0.000737 45.371785
-3.484153 1528552029.261916 0.000109 0.000117 0.000741 45.352264
-3.471918 1528552029.274151 0.000109 0.000117 0.000741 45.366521
-3.459365 1528552029.286703 0.000109 0.000117 0.000744 45.351060
-3.447100 1528552029.298969 0.000109 0.000117 0.000743 45.348715
-3.434366 1528552029.311703 0.000109 0.000117 0.000744 45.224859
-3.422191 1528552029.323878 0.000110 0.000119 0.000740 44.928804
-3.409530 1528552029.336539 0.000109 0.000123 0.000735 44.341237
-3.397211 1528552029.348858 0.000107 0.000122 0.000743 43.789736
-3.383823 1528552029.362245 0.000107 0.000121 0.000747 43.541971
-3.372098 1528552029.373971 0.000106 0.000121 0.000753 43.714094
-3.359464 1528552029.386604 0.000106 0.000121 0.000752 43.810372
-3.347104 1528552029.398965 0.000106 0.000120 0.000757 43.978163
-3.334642 1528552029.411426 0.000108 0.000122 0.000756 43.712930
-3.322296 1528552029.423772 0.000106 0.000119 0.000754 43.815469
-3.309045 1528552029.437023 0.000106 0.000121 0.000750 43.808501
-3.296529 1528552029.449540 0.000105 0.000120 0.000752 43.825950
-3.284758 1528552029.461311 0.000106 0.000119 0.000757 43.817535
-3.273013 1528552029.473056 0.000106 0.000121 0.000753 43.823103
-3.260405 1528552029.485664 0.000106 0.000119 0.000755 43.695610
-3.246612 1528552029.499456 0.000106 0.000120 0.000753 43.790671
-3.234065 1528552029.512004 0.000106 0.000119 0.000754 43.637456
-3.221458 1528552029.524610 0.000108 0.000122 0.000750 43.528717
-3.208984 1528552029.537085 0.000108 0.000121 0.000751 43.409186
-3.196813 1528552029.549255 0.000106 0.000119 0.000750 43.515540
-3.184507 1528552029.561562 0.000106 0.000119 0.000750 43.613158
-3.171541 1528552029.574528 0.000108 0.000121 0.000749 43.347243
-3.159469 1528552029.586600 0.000106 0.000119 0.000751 43.621061
-3.146453 1528552029.599616 0.000106 0.000119 0.000747 43.540042
-3.133925 1528552029.612144 0.000106 0.000119 0.000750 43.571563
-3.121729 1528552029.624340 0.000107 0.000120 0.000748 43.654493
-3.109968 1528552029.636101 0.000108 0.000121 0.000749 43.386361
-3.097409 1528552029.648660 0.000107 0.000120 0.000749 43.697000
-3.084672 1528552029.661397 0.000107 0.000121 0.000748 43.689640
-3.072240 1528552029.673829 0.000107 0.000119 0.000747 43.583447
-3.059433 1528552029.686636 0.000106 0.000119 0.000745 43.417363
-3.047001 1528552029.699067 0.000106 0.000120 0.000745 43.570672
-3.034462 1528552029.711607 0.000106 0.000119 0.000748 43.468050
-3.021767 1528552029.724301 0.000106 0.000119 0.000747 43.484199
-3.009607 1528552029.736462 0.000106 0.000120 0.000746 43.547248
-2.997165 1528552029.748903 0.000106 0.000119 0.000747 43.452901
-2.984707 1528552029.761362 0.000106 0.000118 0.000749 43.414106
-2.972425 1528552029.773643 0.000106 0.000118 0.000748 43.435263
-2.959724 1528552029.786345 0.000106 0.000119 0.000744 43.504451
-2.947263 1528552029.798805 0.000108 0.000119 0.000750 43.205067
-2.934896 1528552029.811173 0.000106 0.000118 0.000748 43.416895
-2.922068 1528552029.824000 0.000106 0.000118 0.000749 43.442519
-2.909444 1528552029.836625 0.000108 0.000119 0.000749 43.145683
-2.896891 1528552029.849178 0.000108 0.000119 0.000747 43.103136
-2.884658 1528552029.861411 0.000105 0.000118 0.000752 43.292918
-2.872257 1528552029.873812 0.000107 0.000119 0.000750 43.082359
-2.859673 1528552029.886396 0.000107 0.000119 0.000750 43.095307
-2.847378 1528552029.898691 0.000106 0.000117 0.000749 43.223838
-2.834309 1528552029.911760 0.000105 0.000117 0.000752 43.310236
-2.822119 1528552029.923949 0.000106 0.000117 0.000749 43.214184
-2.809900 1528552029.936169 0.000106 0.000117 0.000748 43.200824
-2.796400 1528552029.949669 0.000105 0.000117 0.000751 43.299530
-2.784397 1528552029.961672 0.000105 0.000117 0.000750 43.322507
-2.772146 1528552029.973922 0.000105 0.000118 0.000751 43.301497
-2.759999 1528552029.986069 0.000107 0.000120 0.000751 42.877488
-2.747484 1528552029.998585 0.000105 0.000121 0.000763 42.714407
-2.734180 1528552030.011889 0.000103 0.000121 0.000769 42.922574
-2.721987 1528552030.024081 0.000103 0.000119 0.000775 42.860757
-2.709759 1528552030.036309 0.000105 0.000118 0.000786 42.813186
-2.697054 1528552030.049015 0.000103 0.000117 0.000791 43.207485
-2.684609 1528552030.061460 0.000105 0.000119 0.000792 43.027073
-2.672230 1528552030.073839 0.000103 0.000118 0.000783 43.132455
-2.659548 1528552030.086521 0.000106 0.000120 0.000785 42.929161
-2.647040 1528552030.099029 0.000106 0.000120 0.000786 43.033373
-2.634881 1528552030.111187 0.000105 0.000119 0.000788 43.057369
-2.622317 1528552030.123752 0.000104 0.000120 0.000782 43.348075
-2.609661 1528552030.136408 0.000106 0.000121 0.000789 43.120984
-2.597234 1528552030.148834 0.000106 0.000121 0.000785 43.075099
-2.583929 1528552030.162140 0.000106 0.000121 0.000787 43.088428
-2.572095 1528552030.173974 0.000106 0.000121 0.000786 43.123549
-2.559578 1528552030.186490 0.000104 0.000119 0.000783 43.288335
-2.547163 1528552030.198906 0.000104 0.000119 0.000782 43.252181
-2.534121 1528552030.211948 0.000106 0.000120 0.000783 42.853949
-2.522417 1528552030.223651 0.000104 0.000119 0.000782 43.147194
-2.509250 1528552030.236818 0.000106 0.000120 0.000783 42.897180
-2.496838 1528552030.249231 0.000106 0.000120 0.000781 42.912799
-2.484565 1528552030.261504 0.000104 0.000119 0.000781 43.151203
-2.472231 1528552030.273838 0.000106 0.000121 0.000783 42.971935
-2.459054 1528552030.287015 0.000106 0.000121 0.000785 43.010944
-2.446732 1528552030.299336 0.000104 0.000119 0.000783 43.144084
-2.434485 1528552030.311584 0.000106 0.000120 0.000781 42.908143
-2.422237 1528552030.323831 0.000104 0.000119 0.000781 43.139325
-2.409975 1528552030.336093 0.000104 0.000119 0.000783 43.143364
-2.397704 1528552030.348365 0.000105 0.000119 0.000779 43.088323
-2.385054 1528552030.361015 0.000107 0.000116 0.000768 43.324667
-2.372491 1528552030.373577 0.000106 0.000116 0.000783 43.395703
-2.360243 1528552030.385826 0.000105 0.000118 0.000789 43.036720
-2.347878 1528552030.398190 0.000103 0.000119 0.000790 42.942094
-2.334902 1528552030.411166 0.000105 0.000119 0.000794 42.832589
-2.321236 1528552030.424833 0.000103 0.000119 0.000792 43.090176
-2.309061 1528552030.437008 0.000104 0.000118 0.000792 43.049063
-2.296555 1528552030.449513 0.000105 0.000120 0.000796 43.072022
-2.283886 1528552030.462182 0.000104 0.000119 0.000798 43.104656
-2.271519 1528552030.474550 0.000103 0.000118 0.000797 43.366431
-2.259683 1528552030.486385 0.000103 0.000118 0.000793 43.384298
-2.246954 1528552030.499115 0.000102 0.000118 0.000794 43.387869
-2.234612 1528552030.511457 0.000102 0.000118 0.000793 43.385010
-2.222280 1528552030.523789 0.000103 0.000118 0.000790 43.342037
-2.209821 1528552030.536247 0.000102 0.000118 0.000792 43.330272
-2.197396 1528552030.548673 0.000102 0.000118 0.000794 43.355860
-2.184399 1528552030.561670 0.000102 0.000119 0.000791 43.534918
-2.172206 1528552030.573863 0.000102 0.000118 0.000791 43.530005
-2.160100 1528552030.585968 0.000102 0.000118 0.000792 43.483014
-2.147671 1528552030.598398 0.000102 0.000117 0.000791 43.412804
-2.134198 1528552030.611871 0.000102 0.000118 0.000793 43.544247
-2.121912 1528552030.624156 0.000102 0.000118 0.000791 43.479349
-2.109326 1528552030.636743 0.000102 0.000117 0.000791 43.434127
-2.096656 1528552030.649413 0.000102 0.000117 0.000790 43.390516
-2.083781 1528552030.662288 0.000102 0.000117 0.000791 43.396872
-2.070669 1528552030.675400 0.000102 0.000117 0.000788 43.358481
-2.058468 1528552030.687601 0.000102 0.000117 0.000787 43.381794
-2.047102 1528552030.698966 0.000102 0.000117 0.000787 43.314086
-2.034831 1528552030.711238 0.000102 0.000117 0.000789 43.342624
-2.022244 1528552030.723825 0.000102 0.000117 0.000791 43.368445
-2.009944 1528552030.736125 0.000103 0.000117 0.000788 43.386445
-1.997476 1528552030.748593 0.000102 0.000117 0.000789 43.390757
-1.984910 1528552030.761158 0.000102 0.000117 0.000792 43.308592
-1.972404 1528552030.773664 0.000102 0.000118 0.000789 43.400341
-1.958389 1528552030.787680 0.000102 0.000117 0.000793 43.467381
-1.947363 1528552030.798706 0.000102 0.000117 0.000791 43.360310
-1.934684 1528552030.811385 0.000102 0.000117 0.000790 43.367791
-1.921694 1528552030.824375 0.000102 0.000117 0.000791 43.349611
-1.909021 1528552030.837048 0.000102 0.000117 0.000792 43.351887
-1.896308 1528552030.849761 0.000103 0.000118 0.000789 43.330466
-1.884101 1528552030.861967 0.000103 0.000116 0.000792 43.679328
-1.871725 1528552030.874344 0.000103 0.000117 0.000793 44.241220
-1.859276 1528552030.886793 0.000103 0.000121 0.000789 44.308983
-1.847019 1528552030.899050 0.000104 0.000124 0.000782 43.999637
-1.834833 1528552030.911235 0.000104 0.000125 0.000778 43.711112
-1.822690 1528552030.923379 0.000105 0.000125 0.000765 43.573976
-1.810132 1528552030.935937 0.000105 0.000123 0.000765 43.501879
-1.797516 1528552030.948553 0.000105 0.000123 0.000769 43.536705
-1.784945 1528552030.961123 0.000105 0.000123 0.000772 43.628200
-1.771354 1528552030.974715 0.000105 0.000123 0.000769 43.593329
-1.758787 1528552030.987282 0.000105 0.000123 0.000766 43.582573
-1.746550 1528552030.999519 0.000105 0.000122 0.000770 43.521016
-1.734885 1528552031.011184 0.000105 0.000122 0.000766 43.618985
-1.722156 1528552031.023913 0.000105 0.000122 0.000765 43.556067
-1.709302 1528552031.036767 0.000105 0.000122 0.000767 43.604841
-1.696960 1528552031.049109 0.000105 0.000122 0.000761 43.536309
-1.684386 1528552031.061682 0.000105 0.000122 0.000766 43.684838
-1.672310 1528552031.073759 0.000105 0.000123 0.000767 43.640443
-1.659562 1528552031.086507 0.000105 0.000123 0.000764 43.701597
-1.646852 1528552031.099217 0.000105 0.000122 0.000765 43.575908
-1.634516 1528552031.111553 0.000106 0.000122 0.000766 43.662649
-1.621762 1528552031.124307 0.000106 0.000123 0.000765 43.646119
-1.609656 1528552031.136412 0.000107 0.000125 0.000752 43.410719
-1.596680 1528552031.149389 0.000106 0.000126 0.000739 42.897700
-1.584317 1528552031.161752 0.000104 0.000126 0.000739 42.940776
-1.571644 1528552031.174425 0.000105 0.000127 0.000746 42.750357
-1.559484 1528552031.186585 0.000103 0.000124 0.000756 43.004779
-1.546582 1528552031.199487 0.000102 0.000124 0.000759 43.105863
-1.534138 1528552031.211931 0.000102 0.000124 0.000759 43.112607
-1.521791 1528552031.224277 0.000102 0.000124 0.000758 43.049288
-1.509413 1528552031.236656 0.000102 0.000124 0.000760 42.974929
-1.495512 1528552031.250556 0.000102 0.000123 0.000756 42.858215
-1.484900 1528552031.261168 0.000102 0.000123 0.000755 42.829257
-1.472244 1528552031.273825 0.000102 0.000123 0.000756 42.847671
-1.459826 1528552031.286242 0.000103 0.000124 0.000755 42.604243
-1.447212 1528552031.298856 0.000102 0.000122 0.000758 42.735690
-1.434709 1528552031.311360 0.000103 0.000124 0.000758 42.461334
-1.422163 1528552031.323905 0.000102 0.000122 0.000757 42.509001
-1.409475 1528552031.336593 0.000103 0.000123 0.000757 42.411350
-1.396899 1528552031.349170 0.000103 0.000122 0.000756 42.273716
-1.384109 1528552031.361959 0.000103 0.000122 0.000757 42.321330
-1.372068 1528552031.374001 0.000103 0.000122 0.000757 42.309122
-1.359513 1528552031.386556 0.000103 0.000122 0.000758 42.174131
-1.346923 1528552031.399145 0.000103 0.000122 0.000759 42.238144
-1.334212 1528552031.411856 0.000103 0.000122 0.000757 42.096443
-1.321596 1528552031.424473 0.000103 0.000122 0.000756 42.136434
-1.308515 1528552031.437554 0.000100 0.000123 0.000765 42.080499
-1.296499 1528552031.449570 0.000100 0.000121 0.000773 41.853684
-1.284220 1528552031.461848 0.000099 0.000116 0.000787 42.038222
-1.271687 1528552031.474381 0.000099 0.000114 0.000790 42.191839
-1.259054 1528552031.487015 0.000100 0.000115 0.000798 42.339419
-1.245739 1528552031.500330 0.000099 0.000114 0.000798 42.569075
-1.233179 1528552031.512890 0.000098 0.000114 0.000795 42.530114
-1.221107 1528552031.524962 0.000099 0.000114 0.000795 42.426951
-1.208655 1528552031.537413 0.000098 0.000114 0.000792 42.460494
-1.197374 1528552031.548695 0.000098 0.000114 0.000795 42.378076
-1.184777 1528552031.561292 0.000100 0.000115 0.000793 42.114621
-1.172570 1528552031.573499 0.000100 0.000115 0.000794 42.081769
-1.160043 1528552031.586025 0.000098 0.000114 0.000790 42.233640
-1.147525 1528552031.598543 0.000098 0.000114 0.000794 42.271196
-1.134893 1528552031.611176 0.000098 0.000114 0.000795 42.186502
-1.122012 1528552031.624056 0.000098 0.000114 0.000791 42.132818
-1.109700 1528552031.636369 0.000100 0.000115 0.000794 42.030132
-1.096845 1528552031.649223 0.000100 0.000115 0.000796 42.020761
-1.084547 1528552031.661522 0.000100 0.000115 0.000793 41.965627
-1.072268 1528552031.673801 0.000099 0.000115 0.000796 41.976731
-1.059500 1528552031.686568 0.000098 0.000114 0.000795 42.163615
-1.046939 1528552031.699130 0.000098 0.000114 0.000794 42.135775
-1.034319 1528552031.711750 0.000100 0.000115 0.000796 41.937896
-1.021785 1528552031.724284 0.000098 0.000114 0.000793 42.095026
-1.009470 1528552031.736599 0.000100 0.000115 0.000792 41.892191
-0.997353 1528552031.748716 0.000098 0.000115 0.000794 42.182944
-0.984750 1528552031.761318 0.000097 0.000115 0.000791 42.062746
-0.972351 1528552031.773718 0.000098 0.000115 0.000793 42.137435
-0.960004 1528552031.786065 0.000100 0.000115 0.000793 41.870961
-0.947612 1528552031.798457 0.000100 0.000116 0.000795 41.923802
-0.935083 1528552031.810986 0.000100 0.000116 0.000793 41.936128
-0.922741 1528552031.823328 0.000100 0.000115 0.000790 41.816742
-0.910059 1528552031.836010 0.000100 0.000117 0.000793 41.987810
-0.897724 1528552031.848345 0.000097 0.000116 0.000791 42.251132
-0.885173 1528552031.860896 0.000098 0.000113 0.000794 42.697889
-0.872751 1528552031.873318 0.000101 0.000108 0.000796 43.035791
-0.859203 1528552031.886866 0.000105 0.000107 0.000793 42.924112
-0.846193 1528552031.899876 0.000104 0.000105 0.000793 43.094155
-0.834282 1528552031.911787 0.000104 0.000104 0.000788 42.892806
-0.821835 1528552031.924233 0.000104 0.000105 0.000786 42.853308
-0.809531 1528552031.936537 0.000104 0.000105 0.000789 42.761610
-0.796924 1528552031.949144 0.000103 0.000111 0.000785 42.366399
-0.784200 1528552031.961869 0.000104 0.000110 0.000782 42.249003
-0.771801 1528552031.974267 0.000104 0.000110 0.000785 42.272482
-0.759122 1528552031.986947 0.000104 0.000105 0.000784 42.356107
-0.746748 1528552031.999321 0.000104 0.000105 0.000784 42.312314
-0.733872 1528552032.012197 0.000104 0.000106 0.000784 42.284192
-0.721793 1528552032.024275 0.000104 0.000111 0.000786 41.985405
-0.709594 1528552032.036474 0.000104 0.000106 0.000786 42.308614
-0.697098 1528552032.048971 0.000104 0.000105 0.000784 42.259240
-0.684432 1528552032.061637 0.000104 0.000110 0.000786 41.960806
-0.671569 1528552032.074500 0.000104 0.000105 0.000786 42.313705
-0.659333 1528552032.086736 0.000104 0.000106 0.000784 42.276682
-0.647230 1528552032.098839 0.000104 0.000106 0.000781 42.223122
-0.634601 1528552032.111468 0.000104 0.000106 0.000784 42.140524
-0.622065 1528552032.124003 0.000104 0.000106 0.000782 42.181696
-0.609472 1528552032.136596 0.000104 0.000106 0.000784 42.192893
-0.596337 1528552032.149732 0.000104 0.000106 0.000783 42.225780
-0.584435 1528552032.161634 0.000105 0.000110 0.000785 41.850269
-0.571796 1528552032.174273 0.000103 0.000106 0.000782 42.128717
-0.559342 1528552032.186727 0.000103 0.000106 0.000783 42.085558
-0.546836 1528552032.199233 0.000103 0.000106 0.000782 42.192633
-0.534590 1528552032.211479 0.000103 0.000106 0.000786 42.140715
-0.521487 1528552032.224581 0.000102 0.000106 0.000782 42.235603
-0.509406 1528552032.236663 0.000105 0.000110 0.000785 41.830658
-0.496662 1528552032.249407 0.000104 0.000109 0.000769 41.681644
-0.484218 1528552032.261851 0.000105 0.000113 0.000775 41.238865
-0.472266 1528552032.273802 0.000105 0.000107 0.000769 41.856419
-0.459526 1528552032.286543 0.000105 0.000112 0.000778 41.464061
-0.447229 1528552032.298840 0.000102 0.000108 0.000771 41.993189
-0.434583 1528552032.311486 0.000103 0.000112 0.000774 41.792239
-0.422260 1528552032.323809 0.000100 0.000110 0.000778 42.427103
-0.409560 1528552032.336508 0.000100 0.000110 0.000777 42.580279
-0.397105 1528552032.348964 0.000100 0.000110 0.000778 42.622867
-0.384241 1528552032.361827 0.000102 0.000114 0.000775 42.280321
-0.371797 1528552032.374272 0.000100 0.000111 0.000775 42.642466
-0.357915 1528552032.388154 0.000103 0.000115 0.000772 42.262898
-0.346583 1528552032.399486 0.000101 0.000111 0.000771 42.616719
-0.334062 1528552032.412006 0.000103 0.000114 0.000773 42.278353
-0.322062 1528552032.424007 0.000101 0.000111 0.000773 42.573489
-0.309904 1528552032.436164 0.000103 0.000115 0.000773 42.260745
-0.297290 1528552032.448779 0.000103 0.000114 0.000776 42.294788
-0.284930 1528552032.461139 0.000103 0.000114 0.000770 42.238515
-0.272438 1528552032.473631 0.000100 0.000111 0.000774 42.539005
-0.259848 1528552032.486221 0.000102 0.000114 0.000776 42.278326
-0.246735 1528552032.499334 0.000102 0.000114 0.000772 42.166386
-0.234517 1528552032.511552 0.000100 0.000111 0.000772 42.579487
-0.222193 1528552032.523876 0.000100 0.000111 0.000774 42.576383
-0.208364 1528552032.537705 0.000100 0.000111 0.000773 42.488761
-0.196212 1528552032.549857 0.000100 0.000111 0.000773 42.514021
-0.183378 1528552032.562691 0.000103 0.000115 0.000772 42.134712
-0.171319 1528552032.574749 0.000100 0.000111 0.000770 42.481379
-0.159416 1528552032.586653 0.000103 0.000115 0.000772 42.138776
-0.147238 1528552032.598831 0.000100 0.000111 0.000771 42.504563
-0.133795 1528552032.612273 0.000103 0.000114 0.000770 42.193767
-0.121963 1528552032.624106 0.000102 0.000114 0.000771 42.237822
-0.109797 1528552032.636272 0.000101 0.000111 0.000770 42.481979
-0.096899 1528552032.649169 0.000102 0.000114 0.000770 42.264334
-0.084501 1528552032.661568 0.000103 0.000115 0.000768 42.128310
-0.072335 1528552032.673734 0.000101 0.000111 0.000770 42.530353
-0.059611 1528552032.686458 0.000101 0.000112 0.000766 42.476760
-0.046799 1528552032.699270 0.000101 0.000111 0.000768 42.490431
-0.034471 1528552032.711597 0.000103 0.000114 0.000772 42.129905
-0.021122 1528552032.724947 0.000104 0.000114 0.000783 42.234570
-0.009785 1528552032.736284 0.000103 0.000117 0.000785 42.303568
0.003785 1528552032.749853 0.000101 0.000119 0.000783 42.200783
0.015890 1528552032.761958 0.000097 0.000118 0.000780 42.468770
0.028498 1528552032.774566 0.000100 0.000120 0.000781 42.238310
0.040916 1528552032.786985 0.000098 0.000119 0.000779 42.707353
0.054413 1528552032.800482 0.000100 0.000121 0.000782 42.588747
0.066391 1528552032.812459 0.000098 0.000118 0.000782 42.851614
0.078469 1528552032.824538 0.000098 0.000119 0.000782 43.011024
0.091825 1528552032.837893 0.000098 0.000120 0.000778 43.050619
0.103382 1528552032.849451 0.000098 0.000120 0.000776 42.992095
0.116053 1528552032.862122 0.000098 0.000119 0.000778 42.945933
0.128492 1528552032.874561 0.000098 0.000120 0.000778 43.048354
0.140959 1528552032.887028 0.000098 0.000120 0.000776 43.042690
0.153468 1528552032.899537 0.000101 0.000123 0.000777 42.704423
0.165867 1528552032.911936 0.000101 0.000122 0.000777 42.821190
0.178268 1528552032.924337 0.000099 0.000120 0.000775 43.111307
0.190951 1528552032.937020 0.000098 0.000120 0.000777 43.155111
0.203153 1528552032.949222 0.000101 0.000122 0.000777 42.777365
0.215271 1528552032.961339 0.000101 0.000122 0.000778 42.905817
0.227873 1528552032.973942 0.000101 0.000122 0.000775 42.770913
0.240379 1528552032.986448 0.000099 0.000119 0.000774 42.958018
0.253035 1528552032.999104 0.000099 0.000119 0.000776 43.066232
0.265259 1528552033.011327 0.000099 0.000119 0.000771 43.018414
0.278068 1528552033.024136 0.000099 0.000120 0.000772 43.084098
0.290695 1528552033.036764 0.000099 0.000120 0.000774 43.148760
0.303645 1528552033.049713 0.000101 0.000122 0.000773 42.798677
0.316095 1528552033.062163 0.000102 0.000121 0.000758 43.107989
0.328117 1528552033.074186 0.000103 0.000118 0.000741 44.231449
0.340976 1528552033.087045 0.000106 0.000114 0.000738 46.137147
0.353092 1528552033.099160 0.000108 0.000111 0.000753 48.255412
0.366164 1528552033.112232 0.000108 0.000112 0.000761 49.970819
0.378302 1528552033.124371 0.000111 0.000137 0.000776 50.758216
0.390848 1528552033.136917 0.000112 0.000141 0.000780 51.571940
0.403165 1528552033.149233 0.000112 0.000146 0.000785 52.156365
0.416080 1528552033.162148 0.000111 0.000120 0.000736 52.761355
0.428006 1528552033.174074 0.000112 0.000150 0.000722 52.480628
0.440645 1528552033.186714 0.000112 0.000154 0.000719 52.789725
0.452993 1528552033.199061 0.000112 0.000131 0.000720 54.194197
0.465759 1528552033.211828 0.000113 0.000162 0.000787 55.082087
0.477865 1528552033.223934 0.000113 0.000135 0.000825 56.909316
0.490530 1528552033.236599 0.000117 0.000138 0.000831 58.538733
0.503839 1528552033.249907 0.000116 0.000142 0.000828 60.127148
0.515630 1528552033.261699 0.000116 0.000146 0.000828 62.349465
0.528157 1528552033.274225 0.000122 0.000149 0.000814 65.343095
0.540389 1528552033.286457 0.000131 0.000161 0.000786 69.054310
0.554863 1528552033.300932 0.000136 0.000157 0.000769 72.124890
0.565402 1528552033.311471 0.000133 0.000176 0.000755 76.449941
0.578118 1528552033.324187 0.000139 0.000175 0.000746 80.377974
0.591444 1528552033.337512 0.000141 0.000179 0.000750 84.306285
0.604157 1528552033.350226 0.000128 0.000182 0.000722 87.431239
0.616640 1528552033.362708 0.000130 0.000188 0.000699 90.128181
0.628262 1528552033.374331 0.000132 0.000195 0.000688 92.631374
0.640411 1528552033.386480 0.000181 0.000213 0.000663 95.990844
0.653009 1528552033.399077 0.000181 0.000218 0.000649 98.309361
0.665629 1528552033.411698 0.000179 0.000222 0.000640 100.036839
0.677840 1528552033.423908 0.000176 0.000226 0.000641 101.806136
0.691449 1528552033.437518 0.000175 0.000230 0.000621 103.348884
0.703835 1528552033.449904 0.000176 0.000235 0.000627 105.094576
0.716408 1528552033.462477 0.000154 0.000220 0.000622 104.362624
0.728314 1528552033.474383 0.000140 0.000220 0.000614 104.782501
0.741120 1528552033.487189 0.000154 0.000220 0.000606 106.649440
0.753454 1528552033.499523 0.000143 0.000219 0.000606 106.078838
0.765841 1528552033.511909 0.000144 0.000219 0.000605 106.676253
0.778508 1528552033.524577 0.000145 0.000221 0.000605 107.609937
0.790735 1528552033.536803 0.000147 0.000219 0.000594 108.340415
0.803436 1528552033.549504 0.000148 0.000219 0.000591 108.708892
0.816498 1528552033.562567 0.000148 0.000218 0.000594 109.012412
0.828925 1528552033.574994 0.000148 0.000216 0.000586 109.205656
0.841395 1528552033.587464 0.000149 0.000215 0.000589 109.600681
0.854077 1528552033.600145 0.000149 0.000214 0.000585 109.715709
0.866391 1528552033.612459 0.000150 0.000212 0.000588 109.940437
0.878886 1528552033.624954 0.000150 0.000212 0.000587 109.936457
0.891304 1528552033.637372 0.000150 0.000211 0.000586 110.289065
0.904271 1528552033.650340 0.000151 0.000211 0.000584 110.381404
0.915778 1528552033.661847 0.000151 0.000209 0.000594 110.334474
0.927884 1528552033.673953 0.000151 0.000208 0.000592 110.549176
0.940725 1528552033.686793 0.000151 0.000208 0.000596 110.868647
0.953778 1528552033.699847 0.000152 0.000207 0.000588 110.807286
0.966483 1528552033.712552 0.000153 0.000205 0.000593 110.956388
0.979140 1528552033.725208 0.000154 0.000206 0.000596 111.102986
0.991886 1528552033.737955 0.000155 0.000206 0.000599 111.162207
1.003679 1528552033.749748 0.000155 0.000205 0.000595 111.061221
1.015622 1528552033.761691 0.000156 0.000205 0.000595 111.151238
1.028126 1528552033.774195 0.000155 0.000205 0.000598 110.808343
1.040254 1528552033.786323 0.000157 0.000203 0.000591 110.837694
1.052974 1528552033.799043 0.000156 0.000202 0.000589 110.354596
1.065567 1528552033.811636 0.000158 0.000201 0.000592 110.885928
1.078220 1528552033.824288 0.000158 0.000201 0.000580 110.683112
1.090823 1528552033.836892 0.000159 0.000198 0.000596 110.380595
1.103040 1528552033.849108 0.000159 0.000198 0.000599 110.825164
1.115826 1528552033.861895 0.000159 0.000198 0.000593 110.893252
1.128378 1528552033.874446 0.000159 0.000197 0.000594 110.926674
1.141315 1528552033.887384 0.000165 0.000199 0.000605 111.671607
1.153730 1528552033.899799 0.000159 0.000196 0.000606 111.069235
1.165939 1528552033.912008 0.000160 0.000197 0.000600 111.044622
1.178596 1528552033.924665 0.000165 0.000198 0.000604 111.463501
1.191184 1528552033.937253 0.000164 0.000198 0.000604 111.562894
1.203730 1528552033.949799 0.000165 0.000198 0.000610 111.703854
1.216045 1528552033.962114 0.000164 0.000198 0.000605 111.525545
1.228351 1528552033.974420 0.000163 0.000198 0.000601 110.980315
1.241526 1528552033.987595 0.000163 0.000197 0.000598 110.652080
1.253236 1528552033.999305 0.000157 0.000197 0.000602 109.728690
1.266026 1528552034.012095 0.000157 0.000197 0.000598 109.512616
1.278290 1528552034.024359 0.000157 0.000197 0.000598 109.051587
1.291197 1528552034.037266 0.000156 0.000197 0.000595 108.603169
1.303578 1528552034.049646 0.000156 0.000196 0.000589 108.532771
1.316026 1528552034.062094 0.000157 0.000197 0.000592 108.044200
1.328424 1528552034.074493 0.000157 0.000197 0.000588 107.906811
1.341208 1528552034.087277 0.000157 0.000196 0.000584 107.613187
1.353524 1528552034.099593 0.000157 0.000197 0.000593 107.436935
1.366168 1528552034.112236 0.000157 0.000196 0.000603 107.501902
1.378560 1528552034.124629 0.000158 0.000198 0.000604 107.439759
1.390773 1528552034.136842 0.000159 0.000196 0.000614 107.662396
1.403461 1528552034.149529 0.000158 0.000195 0.000611 107.433032
1.415781 1528552034.161850 0.000159 0.000195 0.000595 106.632138
1.428346 1528552034.174415 0.000159 0.000197 0.000596 106.067657
1.440653 1528552034.186722 0.000158 0.000198 0.000605 105.972446
1.453232 1528552034.199301 0.000158 0.000197 0.000592 105.247632
1.466697 1528552034.212766 0.000159 0.000194 0.000587 105.021019
1.479151 1528552034.225219 0.000159 0.000193 0.000593 105.166171
1.491760 1528552034.237829 0.000161 0.000193 0.000588 105.186492
1.504041 1528552034.250109 0.000163 0.000193 0.000582 105.007402
1.516307 1528552034.262376 0.000164 0.000194 0.000581 104.808344
1.528838 1528552034.274907 0.000164 0.000195 0.000582 105.166812
1.541339 1528552034.287407 0.000165 0.000197 0.000586 105.801221
1.553279 1528552034.299347 0.000166 0.000199 0.000579 106.261229
1.565601 1528552034.311670 0.000167 0.000200 0.000574 106.436537
1.578349 1528552034.324417 0.000168 0.000199 0.000572 106.276226
1.590276 1528552034.336345 0.000167 0.000201 0.000569 106.371985
1.603146 1528552034.349215 0.000167 0.000202 0.000566 106.605466
1.615452 1528552034.361520 0.000167 0.000203 0.000564 106.761183
1.628047 1528552034.374116 0.000167 0.000204 0.000561 107.070261
1.640705 1528552034.386773 0.000167 0.000204 0.000566 106.839958
1.653694 1528552034.399763 0.000167 0.000204 0.000568 107.160535
1.665991 1528552034.412060 0.000167 0.000205 0.000563 107.307842
1.678432 1528552034.424500 0.000167 0.000205 0.000568 107.346930
1.691242 1528552034.437311 0.000168 0.000207 0.000560 107.119279
1.703419 1528552034.449488 0.000168 0.000207 0.000559 107.013673
1.716932 1528552034.463001 0.000168 0.000206 0.000562 106.782281
1.729376 1528552034.475445 0.000167 0.000204 0.000563 106.423142
1.741902 1528552034.487970 0.000166 0.000203 0.000561 105.926596
1.754160 1528552034.500229 0.000166 0.000202 0.000553 105.430036
1.766044 1528552034.512112 0.000165 0.000202 0.000555 105.221437
1.778198 1528552034.524267 0.000164 0.000201 0.000551 104.916838
1.791589 1528552034.537658 0.000163 0.000201 0.000551 104.965979
1.803964 1528552034.550033 0.000163 0.000200 0.000553 104.478764
1.815670 1528552034.561739 0.000163 0.000200 0.000554 103.989318
1.828288 1528552034.574357 0.000163 0.000199 0.000554 103.785359
1.840776 1528552034.586845 0.000163 0.000200 0.000549 103.496351
1.853203 1528552034.599272 0.000163 0.000199 0.000553 103.477348
1.866245 1528552034.612314 0.000164 0.000199 0.000549 103.348335
1.878442 1528552034.624511 0.000164 0.000199 0.000545 103.451380
1.890985 1528552034.637054 0.000164 0.000199 0.000550 103.679656
1.903295 1528552034.649364 0.000164 0.000199 0.000546 103.562696
1.916899 1528552034.662968 0.000163 0.000198 0.000548 103.675155
1.928542 1528552034.674610 0.000164 0.000197 0.000554 103.642702
1.940894 1528552034.686963 0.000164 0.000198 0.000549 103.729440
1.953567 1528552034.699636 0.000164 0.000197 0.000550 103.721823
1.966047 1528552034.712116 0.000165 0.000197 0.000544 103.790159
1.978323 1528552034.724392 0.000165 0.000198 0.000543 103.718711
1.991246 1528552034.737315 0.000165 0.000199 0.000538 103.643594
2.003789 1528552034.749858 0.000165 0.000200 0.000549 103.644108
2.015925 1528552034.761993 0.000166 0.000201 0.000548 103.616353
2.029519 1528552034.775588 0.000167 0.000201 0.000546 103.334832
2.041114 1528552034.787183 0.000168 0.000203 0.000545 103.262909
2.053527 1528552034.799596 0.000167 0.000203 0.000545 103.169199
2.066016 1528552034.812084 0.000166 0.000203 0.000548 102.834067
2.078214 1528552034.824282 0.000165 0.000203 0.000548 102.542814
2.091326 1528552034.837395 0.000164 0.000202 0.000551 102.293938
2.103601 1528552034.849670 0.000163 0.000202 0.000553 102.079687
2.115737 1528552034.861806 0.000163 0.000200 0.000554 101.908973
2.128530 1528552034.874599 0.000162 0.000198 0.000556 101.759149
2.141943 1528552034.888011 0.000161 0.000199 0.000548 101.428952
2.153258 1528552034.899327 0.000161 0.000197 0.000551 101.216838
2.165940 1528552034.912009 0.000160 0.000196 0.000551 100.995971
2.178137 1528552034.924206 0.000159 0.000196 0.000558 100.551085
2.190241 1528552034.936309 0.000158 0.000194 0.000558 99.926468
2.202776 1528552034.948845 0.000158 0.000192 0.000562 99.422861
2.215488 1528552034.961557 0.000157 0.000189 0.000573 98.365597
2.227981 1528552034.974049 0.000153 0.000190 0.000585 97.063407
2.240381 1528552034.986450 0.000145 0.000186 0.000607 96.714192
2.254296 1528552035.000365 0.000140 0.000183 0.000621 96.353828
2.265821 1528552035.011889 0.000136 0.000182 0.000634 96.051195
2.278162 1528552035.024231 0.000132 0.000184 0.000660 95.730995
2.290511 1528552035.036580 0.000131 0.000184 0.000673 95.076765
2.303060 1528552035.049129 0.000134 0.000180 0.000679 94.761520
2.315382 1528552035.061451 0.000130 0.000179 0.000700 94.160340
2.328506 1528552035.074574 0.000133 0.000177 0.000708 94.264117
2.340880 1528552035.086949 0.000136 0.000176 0.000710 93.712718
2.353442 1528552035.099511 0.000136 0.000172 0.000705 93.122260
2.367363 1528552035.113432 0.000136 0.000170 0.000707 92.671027
2.378508 1528552035.124577 0.000134 0.000170 0.000709 92.427908
2.390859 1528552035.136928 0.000134 0.000169 0.000715 92.113172
2.403645 1528552035.149714 0.000134 0.000168 0.000717 91.721141
2.416080 1528552035.162149 0.000132 0.000168 0.000729 91.678819
2.428800 1528552035.174869 0.000133 0.000167 0.000731 91.454081
2.440994 1528552035.187063 0.000134 0.000167 0.000734 91.204441
2.453441 1528552035.199509 0.000133 0.000167 0.000738 90.824309
2.466061 1528552035.212130 0.000128 0.000166 0.000746 90.361387
2.478555 1528552035.224624 0.000133 0.000165 0.000748 90.418718
2.491101 1528552035.237169 0.000132 0.000164 0.000751 90.299318
2.503531 1528552035.249600 0.000131 0.000164 0.000757 90.282893
2.515875 1528552035.261943 0.000130 0.000164 0.000759 90.213281
2.528509 1528552035.274578 0.000130 0.000163 0.000759 90.161140
2.541502 1528552035.287570 0.000128 0.000164 0.000761 90.215203
2.553823 1528552035.299892 0.000128 0.000164 0.000765 90.014946
2.566218 1528552035.312286 0.000127 0.000164 0.000767 89.887982
2.578248 1528552035.324317 0.000127 0.000165 0.000768 89.645402
2.591571 1528552035.337639 0.000126 0.000166 0.000767 89.243067
2.604806 1528552035.350874 0.000126 0.000164 0.000767 88.782707
2.616580 1528552035.362649 0.000130 0.000159 0.000762 88.001612
2.629136 1528552035.375205 0.000129 0.000155 0.000744 86.934390
2.641215 1528552035.387284 0.000132 0.000154 0.000731 85.799836
2.653158 1528552035.399227 0.000140 0.000160 0.000720 85.170712
2.665727 1528552035.411795 0.000139 0.000164 0.000694 84.029347
2.678903 1528552035.424972 0.000138 0.000167 0.000681 82.830101
2.690927 1528552035.436996 0.000134 0.000170 0.000676 81.888540
2.703485 1528552035.449554 0.000132 0.000168 0.000660 80.460327
2.715661 1528552035.461729 0.000126 0.000166 0.000651 78.978642
2.728438 1528552035.474506 0.000124 0.000165 0.000651 78.488465
2.741895 1528552035.487963 0.000129 0.000164 0.000657 78.170859
2.754482 1528552035.500551 0.000120 0.000163 0.000672 77.190757
2.766705 1528552035.512774 0.000119 0.000162 0.000677 76.551450
2.779062 1528552035.525131 0.000118 0.000161 0.000687 76.068384
2.791953 1528552035.538022 0.000116 0.000159 0.000693 75.528608
2.804997 1528552035.551065 0.000115 0.000158 0.000700 75.100536
2.817015 1528552035.563084 0.000115 0.000157 0.000698 74.393421
2.828365 1528552035.574434 0.000113 0.000158 0.000706 74.105242
2.840922 1528552035.586990 0.000113 0.000156 0.000710 73.939178
2.853528 1528552035.599596 0.000119 0.000156 0.000712 74.049651
2.866012 1528552035.612081 0.000112 0.000155 0.000713 73.371756
2.878645 1528552035.624714 0.000111 0.000154 0.000717 73.226406
2.891403 1528552035.637471 0.000118 0.000154 0.000715 73.421478
2.903806 1528552035.649875 0.000117 0.000154 0.000719 73.393491
2.915883 1528552035.661952 0.000117 0.000154 0.000719 73.297859
2.929179 1528552035.675248 0.000117 0.000152 0.000717 73.288230
2.942079 1528552035.688147 0.000110 0.000152 0.000719 72.845957
2.953659 1528552035.699728 0.000109 0.000153 0.000724 72.832151
2.965754 1528552035.711823 0.000109 0.000153 0.000722 72.604225
2.979462 1528552035.725531 0.000109 0.000152 0.000722 72.480477
2.991990 1528552035.738059 0.000109 0.000153 0.000723 72.222348
3.004358 1528552035.750427 0.000117 0.000153 0.000719 72.333213
3.016555 1528552035.762623 0.000108 0.000153 0.000722 71.825482
3.029090 1528552035.775158 0.000117 0.000152 0.000719 71.937160
3.041395 1528552035.787464 0.000117 0.000151 0.000723 71.838259
3.053670 1528552035.799739 0.000118 0.000151 0.000720 71.902358
3.066112 1528552035.812181 0.000119 0.000156 0.000720 71.707642
3.078517 1528552035.824585 0.000119 0.000151 0.000720 71.938621
3.091323 1528552035.837391 0.000119 0.000152 0.000721 72.018173
3.103797 1528552035.849866 0.000119 0.000152 0.000722 72.007528
3.115981 1528552035.862050 0.000119 0.000152 0.000723 71.978347
3.128633 1528552035.874702 0.000119 0.000152 0.000720 72.072928
3.141202 1528552035.887270 0.000119 0.000152 0.000723 72.124292
3.153847 1528552035.899915 0.000119 0.000152 0.000721 72.190285
3.166353 1528552035.912422 0.000120 0.000152 0.000722 72.314989
3.178662 1528552035.924731 0.000120 0.000153 0.000723 72.283779
3.191845 1528552035.937914 0.000120 0.000155 0.000722 72.266103
3.203890 1528552035.949959 0.000119 0.000152 0.000724 72.200172
3.216500 1528552035.962569 0.000120 0.000152 0.000719 72.143999
3.229007 1528552035.975076 0.000119 0.000153 0.000724 71.989201
3.241124 1528552035.987193 0.000119 0.000152 0.000726 71.928686
3.253714 1528552035.999782 0.000119 0.000153 0.000729 71.830687
3.266299 1528552036.012367 0.000119 0.000152 0.000725 71.766507
3.279032 1528552036.025100 0.000120 0.000154 0.000727 71.649001
3.290971 1528552036.037040 0.000119 0.000154 0.000727 71.599009
3.303737 1528552036.049805 0.000119 0.000152 0.000731 71.675272
3.316005 1528552036.062074 0.000119 0.000151 0.000731 71.544227
3.328725 1528552036.074794 0.000119 0.000154 0.000727 71.255906
3.341639 1528552036.087708 0.000119 0.000153 0.000730 71.269168
3.353624 1528552036.099693 0.000118 0.000152 0.000727 71.269083
3.366431 1528552036.112500 0.000119 0.000156 0.000727 71.113707
3.378577 1528552036.124645 0.000108 0.000152 0.000731 71.119819
3.391284 1528552036.137353 0.000118 0.000152 0.000729 71.228902
3.403574 1528552036.149642 0.000119 0.000154 0.000729 71.271214
3.415707 1528552036.161776 0.000119 0.000154 0.000726 71.316465
3.427984 1528552036.174052 0.000117 0.000152 0.000727 71.437224
3.440714 1528552036.186783 0.000118 0.000153 0.000730 71.515739
3.452902 1528552036.198970 0.000118 0.000158 0.000733 70.955317
3.465582 1528552036.211651 0.000115 0.000155 0.000746 70.991814
3.478088 1528552036.224156 0.000102 0.000157 0.000756 70.715040
3.490611 1528552036.236680 0.000112 0.000158 0.000755 71.107774
3.503219 1528552036.249288 0.000113 0.000163 0.000752 70.872033
3.515404 1528552036.261472 0.000113 0.000160 0.000750 70.992443
3.529338 1528552036.275407 0.000114 0.000163 0.000747 70.820614
3.542164 1528552036.288232 0.000113 0.000157 0.000749 70.789752
3.554222 1528552036.300291 0.000112 0.000157 0.000756 70.339820
3.566754 1528552036.312823 0.000112 0.000156 0.000761 69.568943
3.579558 1528552036.325627 0.000112 0.000158 0.000762 69.028790
3.591078 1528552036.337147 0.000111 0.000155 0.000770 68.773277
3.603484 1528552036.349553 0.000111 0.000155 0.000768 68.623862
3.616233 1528552036.362302 0.000111 0.000156 0.000769 68.524930
3.628207 1528552036.374276 0.000111 0.000155 0.000774 68.329610
3.640857 1528552036.386925 0.000110 0.000154 0.000778 68.193094
3.653619 1528552036.399688 0.000111 0.000154 0.000772 68.110964
3.666041 1528552036.412109 0.000111 0.000154 0.000769 68.153590
3.678471 1528552036.424540 0.000112 0.000155 0.000774 68.194007
3.691050 1528552036.437119 0.000112 0.000155 0.000771 68.308033
3.703864 1528552036.449932 0.000113 0.000155 0.000767 68.301464
3.716993 1528552036.463062 0.000112 0.000155 0.000769 68.407255
3.729363 1528552036.475431 0.000113 0.000155 0.000765 68.490465
3.741609 1528552036.487677 0.000113 0.000156 0.000766 68.546000
3.754321 1528552036.500390 0.000113 0.000156 0.000768 68.621882
3.766718 1528552036.512787 0.000113 0.000156 0.000764 68.712990
3.779508 1528552036.525576 0.000114 0.000156 0.000764 68.718612
3.791087 1528552036.537156 0.000114 0.000156 0.000759 68.774310
3.803500 1528552036.549568 0.000113 0.000157 0.000761 68.738888
3.815784 1528552036.561852 0.000114 0.000156 0.000765 68.814924
3.828447 1528552036.574516 0.000115 0.000157 0.000757 68.933016
3.841016 1528552036.587084 0.000115 0.000157 0.000757 68.882820
3.853939 1528552036.600008 0.000115 0.000157 0.000757 68.974872
3.865697 1528552036.611766 0.000115 0.000158 0.000755 69.113815
3.878245 1528552036.624314 0.000116 0.000162 0.000754 69.019013
3.891001 1528552036.637069 0.000116 0.000158 0.000754 69.068979
3.903853 1528552036.649921 0.000116 0.000159 0.000758 69.048291
3.915783 1528552036.661852 0.000116 0.000158 0.000755 69.027869
3.928675 1528552036.674744 0.000115 0.000157 0.000757 69.165224
3.941325 1528552036.687393 0.000114 0.000156 0.000763 69.256494
3.954466 1528552036.700535 0.000113 0.000155 0.000763 69.640352
3.967279 1528552036.713348 0.000113 0.000153 0.000762 70.013026
3.979847 1528552036.725916 0.000114 0.000157 0.000759 70.431385
3.991901 1528552036.737970 0.000114 0.000158 0.000763 70.699816
4.004473 1528552036.750541 0.000113 0.000154 0.000767 70.793956
4.016869 1528552036.762938 0.000113 0.000153 0.000767 70.673902
4.029170 1528552036.775239 0.000114 0.000152 0.000764 70.736403
4.041854 1528552036.787923 0.000113 0.000153 0.000760 70.833390
4.053873 1528552036.799942 0.000112 0.000152 0.000760 70.912918
4.066234 1528552036.812303 0.000114 0.000152 0.000759 71.072111
4.080132 1528552036.826201 0.000115 0.000156 0.000752 71.170884
4.092213 1528552036.838282 0.000114 0.000157 0.000753 71.304765
4.104601 1528552036.850669 0.000114 0.000158 0.000751 71.392192
4.116170 1528552036.862239 0.000114 0.000157 0.000750 71.611071
4.128718 1528552036.874787 0.000114 0.000157 0.000749 71.834765
4.142079 1528552036.888148 0.000114 0.000154 0.000750 71.962577
4.154547 1528552036.900616 0.000113 0.000154 0.000745 72.052372
4.167004 1528552036.913073 0.000114 0.000154 0.000747 72.178455
4.179532 1528552036.925601 0.000113 0.000154 0.000745 72.195217
4.191707 1528552036.937776 0.000114 0.000156 0.000745 72.145159
4.204491 1528552036.950560 0.000114 0.000154 0.000744 72.228094
4.216738 1528552036.962806 0.000114 0.000158 0.000743 72.133353
4.229647 1528552036.975716 0.000114 0.000154 0.000747 72.036247
4.242292 1528552036.988361 0.000114 0.000154 0.000745 72.132423
4.253933 1528552037.000001 0.000114 0.000159 0.000746 71.954049
4.266051 1528552037.012120 0.000113 0.000154 0.000751 71.991245
4.278342 1528552037.024411 0.000114 0.000155 0.000752 71.919364
4.291288 1528552037.037357 0.000113 0.000154 0.000753 71.897074
4.303440 1528552037.049509 0.000114 0.000154 0.000752 71.951617
4.315705 1528552037.061773 0.000114 0.000154 0.000752 71.919456
4.329177 1528552037.075246 0.000114 0.000154 0.000751 71.903467
4.341644 1528552037.087712 0.000114 0.000157 0.000752 71.718858
4.354101 1528552037.100170 0.000114 0.000154 0.000750 71.787805
4.365785 1528552037.111854 0.000114 0.000156 0.000747 71.700172
4.378271 1528552037.124340 0.000115 0.000155 0.000747 71.688512
4.392243 1528552037.138312 0.000114 0.000155 0.000746 71.782927
4.404338 1528552037.150406 0.000115 0.000155 0.000748 71.756400
4.416749 1528552037.162818 0.000115 0.000155 0.000748 71.645913
4.429179 1528552037.175248 0.000116 0.000159 0.000745 71.524097
4.441901 1528552037.187969 0.000117 0.000159 0.000746 71.496571
4.454715 1528552037.200784 0.000116 0.000159 0.000744 71.705187
4.466315 1528552037.212383 0.000115 0.000158 0.000742 71.744115
4.478523 1528552037.224592 0.000116 0.000161 0.000743 71.602790
4.491271 1528552037.237339 0.000114 0.000165 0.000744 71.890322
4.503671 1528552037.249740 0.000112 0.000175 0.000738 72.580842
4.516156 1528552037.262225 0.000111 0.000181 0.000732 73.249505
4.528861 1528552037.274929 0.000114 0.000186 0.000716 73.814511
4.542287 1528552037.288355 0.000117 0.000199 0.000696 74.332824
4.554208 1528552037.300277 0.000117 0.000209 0.000674 74.450518
4.566737 1528552037.312806 0.000133 0.000221 0.000663 73.299582
4.578826 1528552037.324895 0.000120 0.000232 0.000658 74.382416
4.591157 1528552037.337225 0.000122 0.000245 0.000673 74.890726
4.604100 1528552037.350169 0.000126 0.000248 0.000699 74.641477
4.616580 1528552037.362649 0.000143 0.000250 0.000734 74.902583
4.629606 1528552037.375675 0.000158 0.000235 0.000764 74.478164
4.641481 1528552037.387550 0.000177 0.000236 0.000770 74.779996
4.655375 1528552037.401443 0.000170 0.000357 0.000740 77.757206
4.666241 1528552037.412310 0.000146 0.000610 0.000692 62.014570
4.678820 1528552037.424889 0.000150 0.000444 0.000809 72.292988
4.690944 1528552037.437013 0.000100 0.000542 0.000930 74.854354
4.703218 1528552037.449287 0.000147 0.000423 0.000968 79.151922
4.715808 1528552037.461876 0.000100 0.000385 0.000921 79.587375
4.728129 1528552037.474198 0.000100 0.000385 0.000899 77.798304
4.740691 1528552037.486759 0.000115 0.000178 0.000947 80.352733
4.753294 1528552037.499363 0.000113 0.000142 0.000944 78.546306
4.765835 1528552037.511904 0.000115 0.000143 0.000918 78.987915
4.778049 1528552037.524118 0.000112 0.000125 0.000914 77.634290
4.790642 1528552037.536711 0.000102 0.000118 0.000936 77.744878
4.803380 1528552037.549449 0.000098 0.000118 0.000944 78.606451
4.816985 1528552037.563053 0.000097 0.000118 0.000940 79.324958
4.828380 1528552037.574449 0.000096 0.000120 0.000945 80.261979
4.840638 1528552037.586707 0.000095 0.000118 0.000931 80.959129
4.853417 1528552037.599485 0.000094 0.000121 0.000925 81.478481
4.866041 1528552037.612109 0.000095 0.000120 0.000905 81.746119
4.878192 1528552037.624261 0.000094 0.000122 0.000922 81.634994
4.890743 1528552037.636811 0.000091 0.000123 0.000912 81.233490
4.903216 1528552037.649284 0.000094 0.000125 0.000920 81.269397
4.915869 1528552037.661937 0.000093 0.000127 0.000920 81.306131
4.928479 1528552037.674548 0.000093 0.000125 0.000922 81.241033
4.940959 1528552037.687027 0.000094 0.000123 0.000918 81.159162
4.953395 1528552037.699464 0.000093 0.000118 0.000913 81.049634
4.965868 1528552037.711936 0.000095 0.000115 0.000908 80.809968
4.978143 1528552037.724212 0.000095 0.000113 0.000901 80.595984
4.990819 1528552037.736888 0.000095 0.000113 0.000893 80.476197
5.003629 1528552037.749698 0.000093 0.000113 0.000881 80.099990
5.015851 1528552037.761920 0.000091 0.000114 0.000864 79.802610
5.028169 1528552037.774238 0.000092 0.000117 0.000840 79.534896
5.040825 1528552037.786894 0.000091 0.000119 0.000831 79.188788
5.053598 1528552037.799667 0.000091 0.000121 0.000807 79.067947
5.067639 1528552037.813708 0.000089 0.000122 0.000804 78.860009
5.079409 1528552037.825477 0.000089 0.000124 0.000795 78.714511
5.092643 1528552037.838712 0.000088 0.000125 0.000798 78.601188
5.103730 1528552037.849798 0.000088 0.000127 0.000784 78.570047
5.116136 1528552037.862205 0.000088 0.000127 0.000780 78.390633
5.128870 1528552037.874939 0.000088 0.000128 0.000761 78.178657
5.141206 1528552037.887275 0.000087 0.000129 0.000774 78.014686
5.153815 1528552037.899884 0.000087 0.000129 0.000756 77.948965
5.165981 1528552037.912050 0.000087 0.000130 0.000752 77.748193
5.178613 1528552037.924681 0.000087 0.000129 0.000733 77.519765
5.191223 1528552037.937292 0.000087 0.000128 0.000737 77.373250
5.204603 1528552037.950672 0.000087 0.000129 0.000723 77.236282
5.217196 1528552037.963264 0.000087 0.000130 0.000723 77.372690
5.229466 1528552037.975535 0.000088 0.000130 0.000719 77.631012
5.242163 1528552037.988231 0.000088 0.000131 0.000722 77.714566
5.254389 1528552038.000458 0.000088 0.000131 0.000718 77.828887
5.267240 1528552038.013308 0.000088 0.000130 0.000714 77.784373
5.279191 1528552038.025259 0.000089 0.000129 0.000707 77.876941
5.291317 1528552038.037386 0.000089 0.000130 0.000710 77.791529
5.303908 1528552038.049976 0.000089 0.000130 0.000700 77.687409
5.316313 1528552038.062382 0.000089 0.000130 0.000703 77.616227
5.328966 1528552038.075035 0.000089 0.000130 0.000706 77.540371
5.341327 1528552038.087396 0.000089 0.000130 0.000694 77.346290
5.353703 1528552038.099771 0.000089 0.000130 0.000695 77.133809
5.366169 1528552038.112237 0.000089 0.000131 0.000690 77.192123
5.378720 1528552038.124789 0.000090 0.000132 0.000690 77.050296
5.391395 1528552038.137464 0.000089 0.000131 0.000693 76.975669
5.403525 1528552038.149594 0.000089 0.000131 0.000690 76.787941
5.416262 1528552038.162331 0.000089 0.000132 0.000687 76.740032
5.428623 1528552038.174691 0.000089 0.000132 0.000685 76.585007
5.440885 1528552038.186953 0.000089 0.000131 0.000686 76.409777
5.453650 1528552038.199719 0.000090 0.000132 0.000678 76.428383
5.466280 1528552038.212349 0.000089 0.000132 0.000676 76.258824
5.478958 1528552038.225027 0.000089 0.000133 0.000677 76.108045
5.491443 1528552038.237512 0.000090 0.000132 0.000671 76.037759
5.504227 1528552038.250296 0.000090 0.000133 0.000676 76.057573
5.516966 1528552038.263034 0.000089 0.000135 0.000676 75.956131
5.529330 1528552038.275398 0.000089 0.000134 0.000669 75.803893
5.541470 1528552038.287539 0.000089 0.000136 0.000667 75.699414
5.553612 1528552038.299681 0.000090 0.000135 0.000667 75.199502
5.566381 1528552038.312450 0.000092 0.000136 0.000666 74.626064
5.578781 1528552038.324850 0.000096 0.000135 0.000666 73.439302
5.591114 1528552038.337183 0.000100 0.000137 0.000664 72.636270
5.604608 1528552038.350677 0.000108 0.000136 0.000647 71.456675
5.617682 1528552038.363751 0.000112 0.000138 0.000643 71.064550
5.630172 1528552038.376241 0.000112 0.000138 0.000634 70.507218
5.642514 1528552038.388583 0.000112 0.000141 0.000635 70.633402
5.654283 1528552038.400352 0.000112 0.000142 0.000626 70.656354
5.666473 1528552038.412542 0.000112 0.000144 0.000625 70.684566
5.678432 1528552038.424500 0.000111 0.000145 0.000622 70.669577
5.691478 1528552038.437546 0.000111 0.000145 0.000620 70.709357
5.703879 1528552038.449948 0.000111 0.000145 0.000614 70.835508
5.716162 1528552038.462231 0.000110 0.000146 0.000617 71.139225
5.728840 1528552038.474909 0.000111 0.000146 0.000617 71.125473
5.741291 1528552038.487360 0.000109 0.000147 0.000615 71.103045
5.754116 1528552038.500185 0.000109 0.000149 0.000611 71.394659
5.766641 1528552038.512709 0.000109 0.000147 0.000609 71.336113
5.779384 1528552038.525452 0.000109 0.000148 0.000605 71.483614
5.791311 1528552038.537380 0.000108 0.000148 0.000608 71.639251
5.803888 1528552038.549957 0.000109 0.000148 0.000607 71.783272
5.817283 1528552038.563352 0.000108 0.000147 0.000611 71.861444
5.829903 1528552038.575972 0.000108 0.000148 0.000610 71.907821
5.842621 1528552038.588690 0.000107 0.000149 0.000612 71.920243
5.854779 1528552038.600848 0.000107 0.000148 0.000609 71.781628
5.867571 1528552038.613639 0.000108 0.000147 0.000610 71.528778
5.879279 1528552038.625348 0.000109 0.000148 0.000604 71.451234
5.891232 1528552038.637300 0.000107 0.000147 0.000602 71.360530
5.903661 1528552038.649730 0.000107 0.000148 0.000602 71.086032
5.915959 1528552038.662028 0.000107 0.000148 0.000603 71.005933
5.928611 1528552038.674679 0.000107 0.000147 0.000600 71.054377
5.941144 1528552038.687212 0.000108 0.000147 0.000600 70.875859
5.953688 1528552038.699757 0.000108 0.000148 0.000604 70.971260
5.966444 1528552038.712513 0.000107 0.000148 0.000609 70.833422
5.979048 1528552038.725117 0.000107 0.000146 0.000614 70.627609
5.990885 1528552038.736953 0.000107 0.000146 0.000608 70.637284
6.003844 1528552038.749912 0.000107 0.000147 0.000607 70.563852
6.016411 1528552038.762479 0.000107 0.000148 0.000608 70.498869
6.028717 1528552038.774786 0.000106 0.000147 0.000611 70.291684
6.041441 1528552038.787509 0.000107 0.000148 0.000601 70.356244
6.053985 1528552038.800053 0.000106 0.000146 0.000608 70.247663
6.066356 1528552038.812425 0.000107 0.000147 0.000602 70.177380
6.078726 1528552038.824794 0.000107 0.000147 0.000605 70.084228
6.091572 1528552038.837640 0.000108 0.000147 0.000601 70.314842
6.103782 1528552038.849850 0.000108 0.000146 0.000606 70.288228
6.116498 1528552038.862567 0.000108 0.000147 0.000609 70.257802
6.129483 1528552038.875552 0.000109 0.000146 0.000604 70.115913
6.142311 1528552038.888380 0.000109 0.000147 0.000602 70.117631
6.154077 1528552038.900145 0.000108 0.000146 0.000605 70.098169
6.166263 1528552038.912332 0.000108 0.000147 0.000604 70.053362
6.178308 1528552038.924376 0.000108 0.000147 0.000601 70.039992
6.191343 1528552038.937412 0.000108 0.000148 0.000606 70.083130
6.203568 1528552038.949637 0.000109 0.000147 0.000600 69.878523
6.217560 1528552038.963629 0.000108 0.000148 0.000600 69.856694
6.229602 1528552038.975671 0.000109 0.000147 0.000601 69.694876
6.242303 1528552038.988372 0.000109 0.000148 0.000597 69.924651
6.254238 1528552039.000306 0.000109 0.000149 0.000600 69.687657
6.266295 1528552039.012364 0.000109 0.000148 0.000598 69.736291
6.278955 1528552039.025024 0.000109 0.000148 0.000599 69.390224
6.291773 1528552039.037842 0.000108 0.000148 0.000592 69.339701
6.304353 1528552039.050422 0.000108 0.000148 0.000597 69.378415
6.316272 1528552039.062341 0.000109 0.000148 0.000594 69.218846
6.328923 1528552039.074991 0.000109 0.000150 0.000598 69.450958
6.342504 1528552039.088573 0.000108 0.000150 0.000599 69.463724
6.354783 1528552039.100852 0.000108 0.000150 0.000594 69.238874
6.367242 1528552039.113311 0.000108 0.000151 0.000591 69.256944
6.379905 1528552039.125973 0.000108 0.000151 0.000593 69.244268
6.392438 1528552039.138506 0.000108 0.000151 0.000595 69.233971
6.404047 1528552039.150116 0.000108 0.000152 0.000594 69.191798
6.416497 1528552039.162566 0.000107 0.000152 0.000593 69.207128
6.429718 1528552039.175787 0.000108 0.000152 0.000591 68.999770
6.442424 1528552039.188492 0.000107 0.000152 0.000588 68.950582
6.454520 1528552039.200588 0.000108 0.000151 0.000587 69.059183
6.467361 1528552039.213430 0.000108 0.000152 0.000590 68.978910
6.479823 1528552039.225892 0.000107 0.000152 0.000592 69.038949
6.492350 1528552039.238419 0.000107 0.000152 0.000595 69.152921
6.504467 1528552039.250535 0.000108 0.000151 0.000593 68.811211
6.516373 1528552039.262442 0.000108 0.000152 0.000592 68.941234
6.528932 1528552039.275000 0.000107 0.000152 0.000596 68.871654
6.541483 1528552039.287552 0.000108 0.000152 0.000593 68.667272
6.554055 1528552039.300124 0.000109 0.000152 0.000590 68.436698
6.566377 1528552039.312445 0.000110 0.000151 0.000595 67.602319
6.578876 1528552039.324945 0.000110 0.000151 0.000593 66.905943
6.591590 1528552039.337659 0.000111 0.000153 0.000599 66.741844
6.603952 1528552039.350021 0.000114 0.000154 0.000594 66.212707
6.616502 1528552039.362571 0.000114 0.000155 0.000600 65.897128
6.628830 1528552039.374899 0.000116 0.000155 0.000589 65.419090
6.641755 1528552039.387824 0.000115 0.000155 0.000584 65.138020
6.654194 1528552039.400263 0.000115 0.000155 0.000585 65.092287
6.666763 1528552039.412832 0.000115 0.000155 0.000586 64.849340
6.679609 1528552039.425677 0.000115 0.000155 0.000580 64.681198
6.691571 1528552039.437640 0.000115 0.000155 0.000579 64.419525
6.704180 1528552039.450249 0.000114 0.000155 0.000583 64.238460
6.716903 1528552039.462972 0.000114 0.000156 0.000582 64.047698
6.729205 1528552039.475273 0.000114 0.000155 0.000576 63.794959
6.741691 1528552039.487759 0.000114 0.000155 0.000581 63.787428
6.754124 1528552039.500193 0.000115 0.000155 0.000577 63.719984
6.766815 1528552039.512883 0.000114 0.000155 0.000579 63.954624
6.779126 1528552039.525195 0.000115 0.000155 0.000577 64.020304
6.791591 1528552039.537660 0.000115 0.000156 0.000581 64.426160
6.804092 1528552039.550161 0.000116 0.000157 0.000577 64.377004
6.816589 1528552039.562658 0.000119 0.000157 0.000562 64.487114
6.828940 1528552039.575009 0.000121 0.000159 0.000553 64.782306
6.842285 1528552039.588354 0.000120 0.000160 0.000553 64.791755
6.854923 1528552039.600992 0.000120 0.000162 0.000553 64.446721
6.867377 1528552039.613446 0.000120 0.000164 0.000548 63.992813
6.879763 1528552039.625831 0.000120 0.000165 0.000548 63.944480
6.892256 1528552039.638325 0.000120 0.000165 0.000543 63.904389
6.904687 1528552039.650756 0.000120 0.000165 0.000551 64.288530
6.916889 1528552039.662958 0.000120 0.000165 0.000546 64.213143
6.929433 1528552039.675501 0.000119 0.000165 0.000544 64.353647
6.942400 1528552039.688469 0.000119 0.000164 0.000549 64.437356
6.953858 1528552039.699927 0.000119 0.000165 0.000548 64.476593
6.966508 1528552039.712576 0.000119 0.000164 0.000554 64.576117
6.978719 1528552039.724788 0.000119 0.000164 0.000546 64.593703
6.992431 1528552039.738500 0.000119 0.000163 0.000547 64.592661
7.004401 1528552039.750470 0.000120 0.000164 0.000540 64.607090
7.017337 1528552039.763406 0.000119 0.000164 0.000547 64.746704
7.029517 1528552039.775586 0.000119 0.000163 0.000549 64.611557
7.042069 1528552039.788137 0.000118 0.000163 0.000551 64.632755
7.054446 1528552039.800515 0.000119 0.000164 0.000546 64.602220
7.066581 1528552039.812650 0.000118 0.000164 0.000549 64.609742
7.078664 1528552039.824732 0.000119 0.000164 0.000545 64.456338
7.092466 1528552039.838535 0.000118 0.000164 0.000548 64.432279
7.104513 1528552039.850582 0.000119 0.000164 0.000544 64.275878
7.117186 1528552039.863255 0.000118 0.000163 0.000547 64.476958
7.129606 1528552039.875675 0.000118 0.000163 0.000547 64.271029
7.142207 1528552039.888275 0.000118 0.000163 0.000544 64.290706
7.154707 1528552039.900775 0.000118 0.000163 0.000545 64.355203
7.166549 1528552039.912617 0.000118 0.000163 0.000549 64.491016
7.179098 1528552039.925167 0.000118 0.000163 0.000547 64.364176
7.191398 1528552039.937467 0.000118 0.000163 0.000539 64.231233
7.203964 1528552039.950033 0.000118 0.000162 0.000543 64.266704
7.216405 1528552039.962474 0.000118 0.000162 0.000544 64.282271
7.229104 1528552039.975173 0.000120 0.000163 0.000539 63.996024
7.241624 1528552039.987692 0.000120 0.000162 0.000531 63.016337
7.254121 1528552040.000189 0.000117 0.000159 0.000544 62.165265
7.266402 1528552040.012471 0.000116 0.000158 0.000551 61.599169
7.279339 1528552040.025408 0.000115 0.000157 0.000560 61.842563
7.292113 1528552040.038182 0.000115 0.000157 0.000561 62.118355
7.304633 1528552040.050702 0.000114 0.000156 0.000561 62.399814
7.316677 1528552040.062746 0.000114 0.000156 0.000566 62.585553
7.329225 1528552040.075294 0.000114 0.000156 0.000566 62.696018
7.341670 1528552040.087739 0.000114 0.000156 0.000561 62.592206
7.354161 1528552040.100230 0.000114 0.000156 0.000567 62.779546
7.366959 1528552040.113028 0.000114 0.000155 0.000568 62.702575
7.379434 1528552040.125503 0.000114 0.000154 0.000566 62.629280
7.391622 1528552040.137691 0.000114 0.000155 0.000568 62.695501
7.404520 1528552040.150589 0.000113 0.000154 0.000569 62.606516
7.416588 1528552040.162657 0.000114 0.000154 0.000567 62.497266
7.429570 1528552040.175639 0.000113 0.000154 0.000567 62.509523
7.442122 1528552040.188191 0.000114 0.000154 0.000565 62.447947
7.454839 1528552040.200907 0.000113 0.000153 0.000567 62.457184
7.467230 1528552040.213298 0.000113 0.000153 0.000565 62.400773
7.478959 1528552040.225028 0.000113 0.000153 0.000567 62.429121
7.491681 1528552040.237750 0.000113 0.000153 0.000565 62.273152
7.504330 1528552040.250399 0.000113 0.000152 0.000564 62.296991
7.517409 1528552040.263477 0.000113 0.000152 0.000564 62.210271
7.530031 1528552040.276100 0.000113 0.000152 0.000568 62.228377
7.542255 1528552040.288324 0.000113 0.000152 0.000568 62.209497
7.554736 1528552040.300805 0.000113 0.000152 0.000566 62.254411
7.567004 1528552040.313073 0.000113 0.000152 0.000568 62.364673
7.579621 1528552040.325690 0.000113 0.000152 0.000565 62.321653
7.592478 1528552040.338546 0.000114 0.000151 0.000563 62.299874
7.604755 1528552040.350823 0.000114 0.000152 0.000565 62.427936
7.617554 1528552040.363623 0.000114 0.000152 0.000566 62.335735
7.629177 1528552040.375246 0.000114 0.000152 0.000563 62.325376
7.641607 1528552040.387676 0.000114 0.000152 0.000572 62.465436
7.654078 1528552040.400146 0.000114 0.000152 0.000565 62.392242
7.666539 1528552040.412608 0.000114 0.000151 0.000567 62.382923
7.679137 1528552040.425206 0.000115 0.000152 0.000559 62.359679
7.691666 1528552040.437735 0.000114 0.000152 0.000565 62.448058
7.704315 1528552040.450384 0.000115 0.000152 0.000559 62.386280
7.716777 1528552040.462846 0.000115 0.000152 0.000561 62.331832
7.729027 1528552040.475096 0.000115 0.000152 0.000565 62.492406
7.742092 1528552040.488160 0.000115 0.000153 0.000564 62.453063
7.754247 1528552040.500315 0.000115 0.000153 0.000569 62.607576
7.766524 1528552040.512593 0.000115 0.000152 0.000567 62.465485
7.779397 1528552040.525466 0.000116 0.000152 0.000560 62.371163
7.792012 1528552040.538080 0.000115 0.000152 0.000562 62.397365
7.804419 1528552040.550488 0.000115 0.000153 0.000564 62.469317
7.817515 1528552040.563584 0.000115 0.000153 0.000561 62.425365
7.829740 1528552040.575809 0.000115 0.000153 0.000561 62.399644
7.842054 1528552040.588123 0.000115 0.000153 0.000561 62.443161
7.853902 1528552040.599971 0.000115 0.000152 0.000566 62.496117
7.866403 1528552040.612472 0.000115 0.000152 0.000569 62.579264
7.879524 1528552040.625592 0.000115 0.000152 0.000571 62.555309
7.891864 1528552040.637932 0.000115 0.000152 0.000565 62.303707
7.904167 1528552040.650236 0.000114 0.000152 0.000569 62.350592
7.917788 1528552040.663856 0.000115 0.000152 0.000571 62.375629
7.930136 1528552040.676204 0.000115 0.000152 0.000569 62.252458
7.942395 1528552040.688463 0.000115 0.000151 0.000565 62.147059
7.953828 1528552040.699897 0.000115 0.000150 0.000567 62.012111
7.966392 1528552040.712461 0.000114 0.000150 0.000568 61.972471
7.978724 1528552040.724793 0.000114 0.000150 0.000569 62.071036
7.991375 1528552040.737444 0.000115 0.000149 0.000565 62.005654
8.003991 1528552040.750060 0.000115 0.000149 0.000570 62.134363
8.016519 1528552040.762588 0.000115 0.000149 0.000570 62.234175
8.029138 1528552040.775206 0.000115 0.000149 0.000565 62.269846
8.041553 1528552040.787622 0.000115 0.000150 0.000572 62.356166
8.054188 1528552040.800256 0.000115 0.000149 0.000576 62.360552
8.066864 1528552040.812932 0.000115 0.000149 0.000572 62.142562
8.079446 1528552040.825515 0.000115 0.000149 0.000566 62.078241
8.091446 1528552040.837515 0.000114 0.000149 0.000571 62.066526
8.104005 1528552040.850074 0.000115 0.000147 0.000573 61.905533
8.116599 1528552040.862668 0.000114 0.000147 0.000572 61.587801
8.129180 1528552040.875248 0.000112 0.000148 0.000582 61.632632
8.141477 1528552040.887546 0.000108 0.000151 0.000590 61.500162
8.154154 1528552040.900222 0.000109 0.000150 0.000595 61.049380
8.167127 1528552040.913196 0.000109 0.000148 0.000614 61.071630
8.179567 1528552040.925636 0.000109 0.000144 0.000614 60.735935
8.192137 1528552040.938206 0.000108 0.000144 0.000624 60.979577
8.204452 1528552040.950521 0.000108 0.000142 0.000623 60.925731
8.217869 1528552040.963938 0.000109 0.000141 0.000620 60.901077
8.230110 1528552040.976179 0.000108 0.000141 0.000630 61.186313
8.242698 1528552040.988766 0.000109 0.000141 0.000625 61.121970
8.254997 1528552041.001066 0.000108 0.000141 0.000626 61.149553
8.267594 1528552041.013663 0.000108 0.000141 0.000630 61.335842
8.279740 1528552041.025808 0.000109 0.000141 0.000626 61.350125
8.291795 1528552041.037864 0.000109 0.000141 0.000626 61.273209
8.304290 1528552041.050358 0.000110 0.000141 0.000629 61.386715
8.316955 1528552041.063024 0.000109 0.000140 0.000627 61.403027
8.329081 1528552041.075149 0.000110 0.000140 0.000622 61.249986
8.341528 1528552041.087596 0.000110 0.000140 0.000628 61.334441
8.354155 1528552041.100224 0.000109 0.000139 0.000631 61.380857
8.366796 1528552041.112864 0.000110 0.000139 0.000625 61.284548
8.379066 1528552041.125134 0.000110 0.000140 0.000625 61.265519
8.391419 1528552041.137487 0.000110 0.000139 0.000628 61.255505
8.405048 1528552041.151116 0.000110 0.000140 0.000622 61.112958
8.417701 1528552041.163769 0.000109 0.000139 0.000628 61.158067
8.430182 1528552041.176251 0.000110 0.000140 0.000624 61.191479
8.442322 1528552041.188391 0.000110 0.000139 0.000628 61.204689
8.454741 1528552041.200809 0.000110 0.000140 0.000613 61.054662
8.467041 1528552041.213109 0.000110 0.000140 0.000628 61.267340
8.479396 1528552041.225465 0.000110 0.000141 0.000626 61.291632
8.492651 1528552041.238719 0.000110 0.000140 0.000629 61.263905
8.505303 1528552041.251372 0.000110 0.000139 0.000618 60.968201
8.516942 1528552041.263010 0.000110 0.000140 0.000628 61.314159
8.529057 1528552041.275126 0.000110 0.000140 0.000623 61.044714
8.541732 1528552041.287801 0.000110 0.000140 0.000619 61.007352
8.553879 1528552041.299948 0.000110 0.000141 0.000620 61.117433
8.566363 1528552041.312431 0.000110 0.000140 0.000620 61.013455
8.579230 1528552041.325299 0.000110 0.000141 0.000620 61.057727
8.591416 1528552041.337485 0.000109 0.000141 0.000621 61.157906
8.605236 1528552041.351305 0.000110 0.000140 0.000621 60.965505
8.617522 1528552041.363591 0.000110 0.000140 0.000623 60.971905
8.630097 1528552041.376166 0.000109 0.000140 0.000620 60.693888
8.641717 1528552041.387785 0.000110 0.000141 0.000626 60.995545
8.654375 1528552041.400444 0.000110 0.000142 0.000628 61.079339
8.666900 1528552041.412969 0.000110 0.000142 0.000625 61.056126
8.679183 1528552041.425251 0.000110 0.000141 0.000623 60.790056
8.691500 1528552041.437568 0.000111 0.000142 0.000623 60.807967
8.704185 1528552041.450254 0.000110 0.000142 0.000625 60.945176
8.716843 1528552041.462912 0.000110 0.000142 0.000628 60.917066
8.729090 1528552041.475158 0.000110 0.000142 0.000623 61.034556
8.741526 1528552041.487595 0.000110 0.000142 0.000616 60.853269
8.754320 1528552041.500389 0.000110 0.000142 0.000620 60.791257
8.766733 1528552041.512802 0.000110 0.000142 0.000618 60.702149
8.779402 1528552041.525471 0.000110 0.000141 0.000623 60.749236
8.791910 1528552041.537979 0.000110 0.000141 0.000625 60.769314
8.804149 1528552041.550218 0.000111 0.000143 0.000621 60.674933
8.817591 1528552041.563660 0.000110 0.000143 0.000626 60.686721
8.830183 1528552041.576252 0.000109 0.000144 0.000627 60.757213
8.842773 1528552041.588842 0.000107 0.000145 0.000630 60.770472
8.854359 1528552041.600427 0.000104 0.000146 0.000632 60.857616
8.866874 1528552041.612943 0.000105 0.000145 0.000645 60.740116
8.879175 1528552041.625244 0.000104 0.000145 0.000639 60.642909
8.891653 1528552041.637722 0.000103 0.000145 0.000653 60.920904
8.904018 1528552041.650087 0.000103 0.000145 0.000643 60.874944
8.916708 1528552041.662776 0.000103 0.000145 0.000644 61.138503
8.929136 1528552041.675204 0.000104 0.000146 0.000646 61.099279
8.941757 1528552041.687826 0.000104 0.000146 0.000647 61.298084
8.954232 1528552041.700300 0.000104 0.000147 0.000638 61.187874
8.966602 1528552041.712671 0.000104 0.000147 0.000641 61.274933
8.979345 1528552041.725414 0.000103 0.000146 0.000643 61.357376
8.991642 1528552041.737711 0.000104 0.000146 0.000633 61.284545
9.004460 1528552041.750528 0.000103 0.000146 0.000636 61.373010
9.016865 1528552041.762934 0.000104 0.000147 0.000644 61.543720
9.029346 1528552041.775415 0.000104 0.000147 0.000647 61.612299
9.041860 1528552041.787929 0.000104 0.000147 0.000638 61.557236
9.054216 1528552041.800285 0.000104 0.000146 0.000638 61.525451
9.067024 1528552041.813093 0.000104 0.000146 0.000648 61.656709
9.079139 1528552041.825208 0.000104 0.000146 0.000644 61.440558
9.092333 1528552041.838402 0.000105 0.000146 0.000637 61.482879
9.104193 1528552041.850262 0.000104 0.000146 0.000645 61.528578
9.116713 1528552041.862782 0.000104 0.000146 0.000640 61.474755
9.129392 1528552041.875461 0.000104 0.000147 0.000651 61.733287
9.142519 1528552041.888587 0.000104 0.000147 0.000649 61.740582
9.154912 1528552041.900981 0.000105 0.000148 0.000646 61.667789
9.167560 1528552041.913628 0.000105 0.000148 0.000648 61.770200
9.179672 1528552041.925741 0.000105 0.000148 0.000646 61.637959
9.191700 1528552041.937769 0.000105 0.000148 0.000647 61.622578
9.204929 1528552041.950998 0.000105 0.000148 0.000642 61.622356
9.216864 1528552041.962933 0.000105 0.000149 0.000649 61.768465
9.229058 1528552041.975127 0.000107 0.000145 0.000648 61.530269
9.241585 1528552041.987654 0.000109 0.000136 0.000650 61.138259
9.254002 1528552042.000071 0.000111 0.000133 0.000652 61.861371
9.266951 1528552042.013019 0.000111 0.000131 0.000654 62.478981
9.279804 1528552042.025872 0.000107 0.000132 0.000649 63.498764
9.292045 1528552042.038114 0.000106 0.000133 0.000660 64.484929
9.304623 1528552042.050692 0.000105 0.000133 0.000664 64.848595
9.317929 1528552042.063998 0.000106 0.000133 0.000668 65.163480
9.329926 1528552042.075995 0.000106 0.000132 0.000671 65.211966
9.342265 1528552042.088334 0.000106 0.000133 0.000670 65.253783
9.354564 1528552042.100633 0.000106 0.000132 0.000670 65.102737
9.367157 1528552042.113226 0.000106 0.000133 0.000671 65.120508
9.379896 1528552042.125965 0.000106 0.000133 0.000672 65.134726
9.392223 1528552042.138291 0.000106 0.000133 0.000664 65.260111
9.404554 1528552042.150622 0.000105 0.000133 0.000674 65.305461
9.417564 1528552042.163633 0.000106 0.000133 0.000673 65.267993
9.430739 1528552042.176808 0.000106 0.000134 0.000669 65.366713
9.441995 1528552042.188064 0.000106 0.000134 0.000666 65.433666
9.454637 1528552042.200706 0.000106 0.000134 0.000675 65.439826
9.467371 1528552042.213439 0.000106 0.000134 0.000674 65.401519
9.479590 1528552042.225659 0.000106 0.000135 0.000670 65.490492
9.492361 1528552042.238430 0.000106 0.000135 0.000671 65.634663
9.505001 1528552042.251069 0.000107 0.000134 0.000672 65.622035
9.517395 1528552042.263464 0.000106 0.000134 0.000672 65.751372
9.529162 1528552042.275231 0.000107 0.000134 0.000674 65.645335
9.542966 1528552042.289035 0.000106 0.000134 0.000670 65.666800
9.554023 1528552042.300092 0.000106 0.000134 0.000676 65.727102
9.566749 1528552042.312818 0.000107 0.000133 0.000668 65.623689
9.579113 1528552042.325182 0.000107 0.000134 0.000667 65.776120
9.591659 1528552042.337728 0.000106 0.000135 0.000671 65.779920
9.604081 1528552042.350150 0.000106 0.000134 0.000675 65.776732
9.616947 1528552042.363016 0.000107 0.000134 0.000667 65.614772
9.629233 1528552042.375301 0.000107 0.000135 0.000670 65.650164
9.641779 1528552042.387847 0.000107 0.000134 0.000670 65.519952
9.655669 1528552042.401737 0.000107 0.000135 0.000675 65.611411
9.666990 1528552042.413059 0.000107 0.000134 0.000672 65.600798
9.679487 1528552042.425556 0.000107 0.000135 0.000673 65.496726
9.692423 1528552042.438492 0.000107 0.000134 0.000673 65.484986
9.705021 1528552042.451090 0.000107 0.000134 0.000675 65.396524
9.717092 1528552042.463160 0.000108 0.000134 0.000673 65.309058
9.729506 1528552042.475575 0.000107 0.000134 0.000671 65.198283
9.742303 1528552042.488372 0.000107 0.000134 0.000671 65.281518
9.754939 1528552042.501008 0.000108 0.000134 0.000666 65.205600
9.767389 1528552042.513457 0.000108 0.000133 0.000672 65.157568
9.779498 1528552042.525567 0.000108 0.000134 0.000671 65.181489
9.792056 1528552042.538125 0.000107 0.000134 0.000675 65.334640
9.805016 1528552042.551085 0.000108 0.000133 0.000669 65.246845
9.817643 1528552042.563712 0.000108 0.000133 0.000672 65.258802
9.829536 1528552042.575605 0.000108 0.000133 0.000667 65.133753
9.842077 1528552042.588146 0.000108 0.000134 0.000676 65.196633
9.854386 1528552042.600455 0.000108 0.000134 0.000673 65.199831
9.867330 1528552042.613399 0.000108 0.000134 0.000675 65.234840
9.879569 1528552042.625637 0.000108 0.000133 0.000672 65.087594
9.891968 1528552042.638037 0.000108 0.000133 0.000672 65.190397
9.905129 1528552042.651198 0.000107 0.000137 0.000663 65.726312
9.917236 1528552042.663304 0.000107 0.000139 0.000668 65.617236
9.929734 1528552042.675802 0.000109 0.000138 0.000668 65.342339
9.942077 1528552042.688146 0.000112 0.000135 0.000671 64.809168
9.954486 1528552042.700555 0.000113 0.000133 0.000676 64.551483
9.966875 1528552042.712943 0.000113 0.000131 0.000675 64.459341
9.979416 1528552042.725485 0.000113 0.000131 0.000681 64.503911
9.992031 1528552042.738100 0.000112 0.000131 0.000679 64.734139
10.004475 1528552042.750543 0.000113 0.000131 0.000678 64.689290
10.016996 1528552042.763065 0.000112 0.000131 0.000678 64.829509
10.029775 1528552042.775844 0.000113 0.000132 0.000676 64.745181
10.042284 1528552042.788352 0.000113 0.000132 0.000674 64.854005
10.054594 1528552042.800663 0.000113 0.000131 0.000679 64.772681
10.067283 1528552042.813352 0.000112 0.000131 0.000682 64.688416
10.079445 1528552042.825513 0.000113 0.000132 0.000669 64.644218
10.092119 1528552042.838188 0.000113 0.000132 0.000670 64.625321
10.104559 1528552042.850628 0.000113 0.000132 0.000673 64.510223
10.117176 1528552042.863245 0.000115 0.000132 0.000680 64.742228
10.129733 1528552042.875802 0.000112 0.000131 0.000681 64.477263
10.142063 1528552042.888131 0.000112 0.000131 0.000674 64.466397
10.154442 1528552042.900510 0.000112 0.000130 0.000674 64.487783
10.166823 1528552042.912891 0.000113 0.000131 0.000681 64.400588
10.179560 1528552042.925628 0.000112 0.000132 0.000677 64.428834
10.191963 1528552042.938032 0.000113 0.000131 0.000674 64.349494
10.204199 1528552042.950268 0.000113 0.000132 0.000672 64.343357
10.216800 1528552042.962869 0.000114 0.000133 0.000673 64.398079
10.229216 1528552042.975284 0.000113 0.000132 0.000680 64.389297
10.243205 1528552042.989274 0.000113 0.000131 0.000673 64.178364
10.255491 1528552043.001560 0.000113 0.000131 0.000672 64.047411
10.268103 1528552043.014172 0.000113 0.000132 0.000677 64.135738
10.280376 1528552043.026445 0.000114 0.000133 0.000676 64.259245
10.292729 1528552043.038798 0.000113 0.000132 0.000671 64.015040
10.304800 1528552043.050869 0.000113 0.000132 0.000667 63.972373
10.316831 1528552043.062899 0.000112 0.000133 0.000671 63.977564
10.329323 1528552043.075391 0.000112 0.000132 0.000670 63.947087
10.341692 1528552043.087761 0.000113 0.000132 0.000671 63.895432
10.354305 1528552043.100373 0.000112 0.000132 0.000663 63.781575
10.367136 1528552043.113204 0.000112 0.000132 0.000669 63.843878
10.380730 1528552043.126799 0.000113 0.000132 0.000668 63.819027
10.392914 1528552043.138982 0.000113 0.000132 0.000677 63.942391
10.404983 1528552043.151052 0.000113 0.000133 0.000674 63.632853
10.416996 1528552043.163064 0.000114 0.000132 0.000670 63.458576
10.429448 1528552043.175517 0.000118 0.000130 0.000669 62.845112
10.442098 1528552043.188167 0.000120 0.000130 0.000669 62.066807
10.454955 1528552043.201024 0.000119 0.000133 0.000659 61.135427
10.468054 1528552043.214122 0.000119 0.000138 0.000665 60.553664
10.480584 1528552043.226653 0.000118 0.000139 0.000660 59.900804
10.492635 1528552043.238704 0.000117 0.000140 0.000651 59.451672
10.504804 1528552043.250873 0.000119 0.000139 0.000652 59.501622
10.517524 1528552043.263593 0.000120 0.000139 0.000653 59.541440
10.529654 1528552043.275722 0.000119 0.000139 0.000651 59.704665
10.542011 1528552043.288080 0.000119 0.000138 0.000658 59.688844
10.554491 1528552043.300559 0.000119 0.000138 0.000660 59.698692
10.567336 1528552043.313404 0.000120 0.000138 0.000659 59.672948
10.579823 1528552043.325891 0.000119 0.000137 0.000660 59.691963
10.592552 1528552043.338621 0.000120 0.000138 0.000658 59.685660
10.604947 1528552043.351016 0.000120 0.000137 0.000660 59.560969
10.617197 1528552043.363265 0.000119 0.000137 0.000653 59.445575
10.629739 1528552043.375807 0.000119 0.000137 0.000657 59.396998
10.642461 1528552043.388530 0.000119 0.000137 0.000651 59.233423
10.654696 1528552043.400765 0.000119 0.000137 0.000651 59.323307
10.667749 1528552043.413818 0.000119 0.000138 0.000651 59.418790
10.680452 1528552043.426521 0.000120 0.000137 0.000658 59.489730
10.692161 1528552043.438230 0.000119 0.000137 0.000652 59.325774
10.704553 1528552043.450622 0.000121 0.000138 0.000655 59.636422
10.717355 1528552043.463423 0.000119 0.000138 0.000648 59.408699
10.729646 1528552043.475715 0.000119 0.000138 0.000653 59.405286
10.742135 1528552043.488203 0.000119 0.000138 0.000651 59.497068
10.754525 1528552043.500594 0.000119 0.000138 0.000654 59.593491
10.767397 1528552043.513465 0.000120 0.000138 0.000653 59.447928
10.779937 1528552043.526006 0.000119 0.000139 0.000649 59.451558
10.796514 1528552043.542583 0.000120 0.000139 0.000653 59.534263
10.804405 1528552043.550474 0.000120 0.000138 0.000658 59.516268
10.816958 1528552043.563027 0.000119 0.000138 0.000656 59.329939
10.829602 1528552043.575671 0.000118 0.000138 0.000656 59.431100
10.842140 1528552043.588209 0.000119 0.000138 0.000653 59.346379
10.854168 1528552043.600237 0.000118 0.000138 0.000657 59.220416
10.866830 1528552043.612899 0.000118 0.000137 0.000649 59.065266
10.879355 1528552043.625424 0.000119 0.000137 0.000655 59.164113
10.891927 1528552043.637995 0.000119 0.000138 0.000651 59.102323
10.904056 1528552043.650124 0.000119 0.000138 0.000648 58.986701
10.916556 1528552043.662625 0.000119 0.000138 0.000654 59.184663
10.929233 1528552043.675301 0.000119 0.000137 0.000647 58.967426
10.941878 1528552043.687947 0.000119 0.000138 0.000647 59.025171
10.954163 1528552043.700231 0.000120 0.000138 0.000645 58.959355
10.966659 1528552043.712728 0.000119 0.000138 0.000649 59.089729
10.979138 1528552043.725207 0.000118 0.000138 0.000643 58.929673
10.991545 1528552043.737614 0.000120 0.000138 0.000643 58.901752
11.004190 1528552043.750258 0.000118 0.000138 0.000648 58.887381
11.016896 1528552043.762965 0.000120 0.000138 0.000649 59.025987
11.029147 1528552043.775216 0.000120 0.000138 0.000652 58.948653
11.041757 1528552043.787825 0.000119 0.000138 0.000642 58.739546
11.054470 1528552043.800538 0.000120 0.000138 0.000643 58.716948
11.066771 1528552043.812840 0.000120 0.000138 0.000650 58.919085
11.079288 1528552043.825356 0.000121 0.000137 0.000648 58.915317
11.091849 1528552043.837918 0.000120 0.000137 0.000648 58.784198
11.104642 1528552043.850711 0.000120 0.000137 0.000649 58.678865
11.116776 1528552043.862844 0.000120 0.000138 0.000646 58.781671
11.128980 1528552043.875048 0.000120 0.000137 0.000650 58.783382
11.141944 1528552043.888012 0.000120 0.000137 0.000645 58.657371
11.155997 1528552043.902066 0.000120 0.000137 0.000652 58.729302
11.167781 1528552043.913850 0.000121 0.000137 0.000653 58.815421
11.180153 1528552043.926222 0.000120 0.000137 0.000644 58.783952
11.192534 1528552043.938603 0.000120 0.000137 0.000649 58.625936
11.204374 1528552043.950443 0.000120 0.000137 0.000647 58.629021
11.216841 1528552043.962909 0.000120 0.000136 0.000648 58.555042
11.229735 1528552043.975804 0.000120 0.000136 0.000651 58.615636
11.241880 1528552043.987949 0.000121 0.000136 0.000643 58.467606
11.254260 1528552044.000329 0.000121 0.000137 0.000645 58.770217
11.267272 1528552044.013341 0.000126 0.000135 0.000637 59.455341
11.279382 1528552044.025450 0.000126 0.000135 0.000620 60.073786
11.291851 1528552044.037919 0.000129 0.000135 0.000599 60.479397
11.304490 1528552044.050558 0.000129 0.000138 0.000599 60.530916
11.317835 1528552044.063904 0.000127 0.000138 0.000592 60.996126
11.330347 1528552044.076416 0.000127 0.000140 0.000593 60.397151
11.342760 1528552044.088829 0.000127 0.000139 0.000593 60.639520
11.355646 1528552044.101715 0.000126 0.000139 0.000592 60.557082
11.367706 1528552044.113775 0.000126 0.000138 0.000595 60.253056
11.380332 1528552044.126401 0.000126 0.000138 0.000595 60.218760
11.393193 1528552044.139262 0.000126 0.000137 0.000594 60.591813
11.405341 1528552044.151410 0.000127 0.000137 0.000591 60.486123
11.417875 1528552044.163944 0.000126 0.000138 0.000598 60.720768
11.430282 1528552044.176350 0.000127 0.000138 0.000596 60.503283
11.442529 1528552044.188598 0.000126 0.000138 0.000590 60.439255
11.454430 1528552044.200499 0.000126 0.000138 0.000596 60.620532
11.467314 1528552044.213383 0.000127 0.000137 0.000595 60.695402
11.479523 1528552044.225592 0.000126 0.000138 0.000593 60.194198
11.492222 1528552044.238291 0.000126 0.000138 0.000593 60.445867
11.504540 1528552044.250608 0.000129 0.000137 0.000592 60.678682
11.517418 1528552044.263487 0.000127 0.000138 0.000593 60.378289
11.529807 1528552044.275876 0.000127 0.000137 0.000590 60.311624
11.542186 1528552044.288255 0.000125 0.000138 0.000589 59.738978
11.554908 1528552044.300977 0.000126 0.000137 0.000590 60.341572
11.567287 1528552044.313356 0.000128 0.000137 0.000589 60.135220
11.579669 1528552044.325737 0.000127 0.000137 0.000588 60.256242
11.592264 1528552044.338333 0.000127 0.000136 0.000583 60.239457
11.604679 1528552044.350748 0.000126 0.000137 0.000593 60.088667
11.617182 1528552044.363251 0.000126 0.000136 0.000587 60.198777
11.629740 1528552044.375809 0.000128 0.000136 0.000589 60.139813
11.642171 1528552044.388240 0.000126 0.000137 0.000591 60.024056
11.655027 1528552044.401096 0.000127 0.000136 0.000588 60.309768
11.667301 1528552044.413370 0.000126 0.000136 0.000589 60.066596
11.679868 1528552044.425937 0.000128 0.000137 0.000590 59.660631
11.692268 1528552044.438337 0.000126 0.000136 0.000589 60.053603
11.704586 1528552044.450654 0.000127 0.000135 0.000585 60.251493
11.717093 1528552044.463161 0.000126 0.000136 0.000586 59.931379
11.729798 1528552044.475866 0.000123 0.000136 0.000592 59.516338
11.742530 1528552044.488599 0.000123 0.000136 0.000593 60.013395
11.755038 1528552044.501107 0.000125 0.000137 0.000589 59.839665
11.767252 1528552044.513321 0.000125 0.000137 0.000590 59.770029
11.779563 1528552044.525632 0.000124 0.000136 0.000584 59.837075
11.792314 1528552044.538383 0.000124 0.000136 0.000590 59.891602
11.804765 1528552044.550833 0.000125 0.000137 0.000591 59.891559
11.817794 1528552044.563863 0.000126 0.000137 0.000588 59.878167
11.830351 1528552044.576420 0.000125 0.000137 0.000589 59.773751
11.843500 1528552044.589569 0.000126 0.000138 0.000588 59.677979
11.855597 1528552044.601666 0.000124 0.000140 0.000593 59.066215
11.868080 1528552044.614149 0.000126 0.000137 0.000592 58.833179
11.880675 1528552044.626743 0.000126 0.000137 0.000613 59.220767
11.893056 1528552044.639124 0.000124 0.000137 0.000624 58.491376
11.905515 1528552044.651584 0.000122 0.000137 0.000635 58.671116
11.918047 1528552044.664116 0.000124 0.000137 0.000641 58.533693
11.930185 1528552044.676254 0.000122 0.000137 0.000646 58.467366
11.942025 1528552044.688094 0.000121 0.000137 0.000645 58.261643
11.954618 1528552044.700686 0.000124 0.000137 0.000642 58.253503
11.967444 1528552044.713513 0.000125 0.000136 0.000646 58.578542
11.979818 1528552044.725886 0.000125 0.000139 0.000638 57.975307
11.993071 1528552044.739140 0.000125 0.000138 0.000644 58.028183
12.006127 1528552044.752196 0.000124 0.000138 0.000639 57.750590
12.018322 1528552044.764391 0.000124 0.000137 0.000640 57.703492
12.029849 1528552044.775918 0.000125 0.000138 0.000650 58.020885
12.042908 1528552044.788977 0.000125 0.000141 0.000655 58.019835
12.055790 1528552044.801859 0.000124 0.000139 0.000648 57.910147
12.068190 1528552044.814259 0.000124 0.000139 0.000648 58.002499
12.080558 1528552044.826627 0.000124 0.000139 0.000649 57.963989
12.093246 1528552044.839315 0.000126 0.000145 0.000669 57.562595
12.105175 1528552044.851243 0.000124 0.000149 0.000648 57.027518
12.117117 1528552044.863186 0.000125 0.000148 0.000677 57.191896
12.129534 1528552044.875603 0.000123 0.000144 0.000648 57.301389
12.142127 1528552044.888196 0.000124 0.000148 0.000672 57.179684
12.155730 1528552044.901799 0.000125 0.000149 0.000674 57.137908
12.167035 1528552044.913104 0.000125 0.000147 0.000670 57.513310
12.179573 1528552044.925642 0.000125 0.000147 0.000657 57.386288
12.192005 1528552044.938074 0.000126 0.000149 0.000672 56.954459
12.204890 1528552044.950959 0.000124 0.000148 0.000650 57.160856
12.217125 1528552044.963194 0.000125 0.000143 0.000679 57.665692
12.229804 1528552044.975873 0.000124 0.000150 0.000668 56.747954
12.242138 1528552044.988206 0.000124 0.000147 0.000668 57.113824
12.254560 1528552045.000629 0.000124 0.000148 0.000649 57.069716
12.268016 1528552045.014085 0.000123 0.000143 0.000651 57.653207
12.280595 1528552045.026664 0.000125 0.000143 0.000674 57.602088
12.292874 1528552045.038942 0.000124 0.000141 0.000677 57.438932
12.305436 1528552045.051505 0.000124 0.000150 0.000669 57.094544
12.317891 1528552045.063960 0.000124 0.000148 0.000679 57.230239
12.329808 1528552045.075877 0.000124 0.000143 0.000657 57.671013
12.341834 1528552045.087903 0.000125 0.000145 0.000673 57.367507
12.354586 1528552045.100655 0.000124 0.000144 0.000656 57.786050
12.367350 1528552045.113418 0.000124 0.000146 0.000658 57.600852
12.380824 1528552045.126893 0.000126 0.000144 0.000680 57.733486
12.392116 1528552045.138185 0.000125 0.000148 0.000678 57.569029
12.404416 1528552045.150485 0.000123 0.000144 0.000682 57.775532
12.417244 1528552045.163313 0.000123 0.000148 0.000676 57.638245
12.429668 1528552045.175737 0.000124 0.000145 0.000680 58.203233
12.442361 1528552045.188429 0.000124 0.000149 0.000670 58.108187
12.455034 1528552045.201103 0.000121 0.000150 0.000669 58.134440
12.467632 1528552045.213701 0.000122 0.000142 0.000670 58.890337
12.479666 1528552045.225735 0.000122 0.000147 0.000689 58.633171
12.493246 1528552045.239314 0.000123 0.000141 0.000688 58.871953
12.505067 1528552045.251136 0.000122 0.000142 0.000685 58.749001
12.517422 1528552045.263491 0.000122 0.000142 0.000687 58.881784
12.529850 1528552045.275918 0.000125 0.000150 0.000687 58.584705
12.542455 1528552045.288524 0.000121 0.000144 0.000686 58.604167
12.555088 1528552045.301157 0.000120 0.000153 0.000677 57.679210
12.567789 1528552045.313858 0.000120 0.000153 0.000677 57.333657
12.580024 1528552045.326093 0.000121 0.000153 0.000696 57.533556
12.592762 1528552045.338831 0.000121 0.000150 0.000722 57.490861
12.605776 1528552045.351844 0.000120 0.000149 0.000727 57.543345
12.617694 1528552045.363763 0.000120 0.000153 0.000738 57.289475
12.629845 1528552045.375914 0.000122 0.000150 0.000737 57.549212
12.642635 1528552045.388704 0.000121 0.000147 0.000747 57.651807
12.655187 1528552045.401256 0.000119 0.000143 0.000742 57.762504
12.667484 1528552045.413553 0.000120 0.000143 0.000751 57.766843
12.680004 1528552045.426072 0.000120 0.000144 0.000744 57.359768
12.692465 1528552045.438534 0.000121 0.000151 0.000749 57.132564
12.705117 1528552045.451186 0.000121 0.000150 0.000739 57.036365
12.717387 1528552045.463456 0.000121 0.000148 0.000741 57.163063
12.729767 1528552045.475835 0.000123 0.000152 0.000744 56.735863
12.742244 1528552045.488312 0.000122 0.000150 0.000742 56.993462
12.755300 1528552045.501369 0.000122 0.000151 0.000741 56.872704
12.767688 1528552045.513757 0.000121 0.000151 0.000738 56.728497
12.779864 1528552045.525933 0.000122 0.000151 0.000750 56.411621
12.792595 1528552045.538664 0.000122 0.000151 0.000754 56.821194
12.805150 1528552045.551219 0.000120 0.000152 0.000740 56.445114
12.817315 1528552045.563384 0.000121 0.000150 0.000749 56.632676
12.829891 1528552045.575960 0.000120 0.000152 0.000739 56.150300
12.842586 1528552045.588654 0.000121 0.000152 0.000745 56.140748
12.855048 1528552045.601116 0.000119 0.000155 0.000747 55.622107
12.867446 1528552045.613515 0.000120 0.000153 0.000747 55.399202
12.880104 1528552045.626173 0.000119 0.000156 0.000756 55.538956
12.892466 1528552045.638535 0.000118 0.000153 0.000771 55.529254
12.905530 1528552045.651599 0.000119 0.000156 0.000780 55.174346
12.917794 1528552045.663863 0.000118 0.000149 0.000781 55.427604
12.929726 1528552045.675794 0.000115 0.000149 0.000793 56.455146
12.942266 1528552045.688334 0.000113 0.000149 0.000829 57.736739
12.955067 1528552045.701136 0.000108 0.000146 0.000849 59.305336
12.967379 1528552045.713448 0.000105 0.000149 0.000878 59.970879
12.980068 1528552045.726137 0.000102 0.000151 0.000906 60.418066
12.992750 1528552045.738818 0.000104 0.000152 0.000920 60.596711
13.004888 1528552045.750957 0.000103 0.000154 0.000936 60.601916
13.017742 1528552045.763811 0.000104 0.000151 0.000925 60.715364
13.029665 1528552045.775734 0.000106 0.000149 0.000917 60.339422
13.041878 1528552045.787946 0.000106 0.000151 0.000905 60.058892
13.067131 1528552045.813199 0.000107 0.000148 0.000886 59.386339
13.079442 1528552045.825510 0.000107 0.000147 0.000881 59.507648
13.092029 1528552045.838098 0.000107 0.000146 0.000878 59.262067
13.104675 1528552045.850744 0.000107 0.000144 0.000878 59.381442
13.117061 1528552045.863130 0.000107 0.000148 0.000879 59.135557
13.129673 1528552045.875742 0.000107 0.000146 0.000880 58.778882
13.141998 1528552045.888066 0.000107 0.000144 0.000882 58.436024
13.154891 1528552045.900960 0.000109 0.000139 0.000883 57.720071
13.167056 1528552045.913125 0.000106 0.000136 0.000875 58.229651
13.179469 1528552045.925538 0.000105 0.000136 0.000876 58.714246
13.191899 1528552045.937968 0.000104 0.000135 0.000886 59.254211
13.204644 1528552045.950713 0.000103 0.000133 0.000901 59.838338
13.217191 1528552045.963259 0.000103 0.000135 0.000903 59.942711
13.229605 1528552045.975674 0.000103 0.000136 0.000905 60.352617
13.241946 1528552045.988014 0.000102 0.000134 0.000896 60.418240
13.254572 1528552046.000641 0.000103 0.000136 0.000897 60.171438
13.267328 1528552046.013397 0.000104 0.000137 0.000898 60.123389
13.279668 1528552046.025737 0.000103 0.000134 0.000900 60.187377
13.292550 1528552046.038619 0.000102 0.000136 0.000902 60.138618
13.305829 1528552046.051897 0.000103 0.000136 0.000893 60.099171
13.318213 1528552046.064282 0.000102 0.000135 0.000892 60.375060
13.330689 1528552046.076758 0.000102 0.000133 0.000892 60.367626
13.343548 1528552046.089617 0.000104 0.000135 0.000897 60.094645
13.354833 1528552046.100902 0.000103 0.000135 0.000892 60.102987
13.367312 1528552046.113381 0.000103 0.000134 0.000899 60.185012
13.381073 1528552046.127141 0.000104 0.000135 0.000891 60.005102
13.393467 1528552046.139536 0.000105 0.000135 0.000893 60.042217
13.405123 1528552046.151191 0.000105 0.000136 0.000894 60.138823
13.417219 1528552046.163288 0.000105 0.000136 0.000893 59.787745
13.429728 1528552046.175797 0.000105 0.000133 0.000898 59.992744
13.442243 1528552046.188312 0.000105 0.000133 0.000895 60.107111
13.455127 1528552046.201196 0.000106 0.000135 0.000898 59.922672
13.468995 1528552046.215064 0.000105 0.000133 0.000900 60.128667
13.480963 1528552046.227032 0.000105 0.000132 0.000907 60.181735
13.492527 1528552046.238595 0.000106 0.000134 0.000905 59.966297
13.504969 1528552046.251038 0.000106 0.000134 0.000899 60.214033
13.517351 1528552046.263420 0.000106 0.000134 0.000900 60.072028
13.529866 1528552046.275935 0.000106 0.000135 0.000898 59.966192
13.543744 1528552046.289813 0.000107 0.000137 0.000895 60.127549
13.555883 1528552046.301952 0.000107 0.000137 0.000889 60.280985
13.568045 1528552046.314113 0.000108 0.000138 0.000885 60.503283
13.581515 1528552046.327584 0.000107 0.000140 0.000874 61.715736
13.593016 1528552046.339085 0.000108 0.000143 0.000873 61.817865
13.605155 1528552046.351223 0.000108 0.000147 0.000867 61.298929
13.617585 1528552046.363654 0.000108 0.000150 0.000863 60.565033
13.629671 1528552046.375739 0.000108 0.000151 0.000847 59.969739
13.642021 1528552046.388090 0.000108 0.000151 0.000841 59.251126
13.654933 1528552046.401002 0.000108 0.000150 0.000840 58.793511
13.667460 1528552046.413529 0.000108 0.000149 0.000832 58.421341
13.679987 1528552046.426056 0.000109 0.000151 0.000825 58.372126
13.692432 1528552046.438500 0.000109 0.000150 0.000828 58.614092
13.704768 1528552046.450837 0.000110 0.000150 0.000825 58.651728
13.717779 1528552046.463848 0.000109 0.000149 0.000830 58.766134
13.730907 1528552046.476976 0.000110 0.000151 0.000832 58.680802
13.743252 1528552046.489320 0.000109 0.000151 0.000831 58.760842
13.755474 1528552046.501543 0.000109 0.000150 0.000834 58.745522
13.768099 1528552046.514168 0.000109 0.000150 0.000828 58.767984
13.780089 1528552046.526158 0.000109 0.000150 0.000830 58.725155
13.792791 1528552046.538860 0.000109 0.000150 0.000830 58.630200
13.805042 1528552046.551111 0.000108 0.000144 0.000825 58.873280
13.817563 1528552046.563632 0.000108 0.000144 0.000824 58.855741
13.830388 1528552046.576457 0.000109 0.000148 0.000821 58.642636
13.842261 1528552046.588330 0.000108 0.000144 0.000825 58.786995
13.854774 1528552046.600843 0.000109 0.000149 0.000819 58.513757
13.867754 1528552046.613823 0.000109 0.000148 0.000822 58.425473
13.880184 1528552046.626253 0.000107 0.000143 0.000815 58.648075
13.892574 1528552046.638642 0.000109 0.000148 0.000817 58.253885
13.905083 1528552046.651151 0.000108 0.000147 0.000818 58.237029
13.918386 1528552046.664455 0.000108 0.000142 0.000822 58.445410
13.930866 1528552046.676935 0.000107 0.000143 0.000820 58.458624
13.944010 1528552046.690079 0.000108 0.000142 0.000819 58.417485
