-6.794715 1528206423.523674 0.000103 0.000126 0.000881 135.637948
-6.782766 1528206423.535623 0.000104 0.000124 0.000871 135.514984
-6.770988 1528206423.547401 0.000103 0.000124 0.000869 135.716529
-6.758832 1528206423.559557 0.000104 0.000125 0.000874 135.640141
-6.746329 1528206423.572060 0.000103 0.000123 0.000872 135.616053
-6.734550 1528206423.583838 0.000103 0.000125 0.000875 135.912405
-6.722219 1528206423.596170 0.000103 0.000124 0.000867 135.830335
-6.709643 1528206423.608746 0.000104 0.000125 0.000858 135.567310
-6.696712 1528206423.621677 0.000103 0.000130 0.000859 135.493526
-6.684581 1528206423.633808 0.000104 0.000128 0.000827 134.302555
-6.672118 1528206423.646271 0.000106 0.000129 0.000818 132.423251
-6.659577 1528206423.658812 0.000106 0.000129 0.000817 130.979178
-6.647310 1528206423.671078 0.000106 0.000131 0.000811 129.073835
-6.634481 1528206423.683908 0.000107 0.000134 0.000816 127.929187
-6.621775 1528206423.696614 0.000107 0.000134 0.000816 127.003258
-6.609781 1528206423.708608 0.000107 0.000136 0.000835 126.514526
-6.597016 1528206423.721373 0.000107 0.000137 0.000837 125.306663
-6.584730 1528206423.733659 0.000107 0.000135 0.000851 123.830589
-6.572294 1528206423.746095 0.000108 0.000134 0.000862 122.489919
-6.559556 1528206423.758832 0.000108 0.000134 0.000910 119.846195
-6.546751 1528206423.771637 0.000107 0.000136 0.000934 117.074050
-6.534305 1528206423.784084 0.000110 0.000135 0.000891 115.099025
-6.521703 1528206423.796686 0.000112 0.000129 0.000894 112.122531
-6.509148 1528206423.809241 0.000114 0.000121 0.000878 108.731030
-6.497007 1528206423.821382 0.000111 0.000127 0.000898 105.665014
-6.485017 1528206423.833372 0.000108 0.000128 0.000923 102.661081
-6.471468 1528206423.846920 0.000111 0.000127 0.000911 100.984072
-6.459072 1528206423.859317 0.000111 0.000129 0.000906 99.906668
-6.446118 1528206423.872271 0.000113 0.000130 0.000878 99.474607
-6.435023 1528206423.883366 0.000115 0.000131 0.000857 98.844908
-6.422464 1528206423.895925 0.000113 0.000132 0.000848 99.772782
-6.410163 1528206423.908226 0.000106 0.000137 0.000861 101.528310
-6.397703 1528206423.920686 0.000098 0.000139 0.000868 103.427226
-6.385250 1528206423.933139 0.000093 0.000136 0.000904 104.437488
-6.372721 1528206423.945668 0.000086 0.000133 0.000968 104.379766
-6.359104 1528206423.959285 0.000078 0.000134 0.001015 103.816286
-6.346508 1528206423.971881 0.000080 0.000137 0.001018 102.806913
-6.334101 1528206423.984288 0.000076 0.000142 0.001015 101.187048
-6.322182 1528206423.996207 0.000078 0.000142 0.001015 98.783880
-6.310271 1528206424.008118 0.000074 0.000148 0.001076 96.526086
-6.297574 1528206424.020815 0.000065 0.000149 0.001119 94.384719
-6.284805 1528206424.033584 0.000062 0.000147 0.001135 92.359152
-6.272299 1528206424.046090 0.000058 0.000154 0.001181 89.726638
-6.260226 1528206424.058163 0.000057 0.000161 0.001223 87.290820
-6.247167 1528206424.071222 0.000057 0.000160 0.001232 84.744377
-6.234744 1528206424.083645 0.000083 0.000146 0.001235 81.777041
-6.222525 1528206424.095864 0.000087 0.000141 0.001228 78.543415
-6.209157 1528206424.109232 0.000088 0.000129 0.001176 75.080951
-6.196511 1528206424.121878 0.000088 0.000126 0.001103 71.116366
-6.183419 1528206424.134970 0.000087 0.000127 0.001072 66.766130
-6.171439 1528206424.146950 0.000083 0.000126 0.001144 63.419416
-6.159468 1528206424.158921 0.000082 0.000130 0.001260 59.266203
-6.146656 1528206424.171733 0.000085 0.000127 0.001215 56.375222
-6.134411 1528206424.183978 0.000095 0.000134 0.001223 54.563706
-6.122477 1528206424.195912 0.000107 0.000141 0.001258 54.840410
-6.109879 1528206424.208510 0.000081 0.000152 0.001194 56.045249
-6.097492 1528206424.220896 0.000063 0.000158 0.001151 57.444858
-6.085057 1528206424.233332 0.000064 0.000153 0.001164 59.920313
-6.072543 1528206424.245846 0.000093 0.000143 0.000923 65.061835
-6.060185 1528206424.258204 0.000106 0.000235 0.001031 72.674423
-6.047485 1528206424.270904 0.000168 0.000534 0.001346 44.757043
-6.034041 1528206424.284348 0.000194 0.000264 0.000479 95.321628
-6.021283 1528206424.297106 0.000050 0.000201 0.001241 78.505114
-6.008758 1528206424.309631 0.000019 0.000210 0.000308 102.202586
-5.996248 1528206424.322141 0.000016 0.000029 0.000110 126.435710
-5.983553 1528206424.334836 0.000003 0.000013 0.000064 54.098075
-4.959920 1528206425.358469 0.000011 0.000034 0.000218 91.998908
-4.947276 1528206425.371113 0.000131 0.000305 0.001218 85.454607
-4.934528 1528206425.383861 0.000067 0.000132 0.003599 54.278340
-4.922220 1528206425.396169 0.000111 0.000134 0.000699 45.478754
-4.909585 1528206425.408804 0.000156 0.000175 0.000379 50.274478
-4.897235 1528206425.421154 0.000127 0.000289 0.000336 52.557659
-4.883952 1528206425.434437 0.000209 0.000425 0.000483 46.658093
-4.871498 1528206425.446891 0.000270 0.000276 0.001133 22.123240
-4.858458 1528206425.459931 0.000142 0.000210 0.001971 20.884572
-4.846699 1528206425.471690 0.000097 0.000140 0.002188 22.149626
-4.834573 1528206425.483816 0.000099 0.000134 0.001940 22.018109
-4.822506 1528206425.495883 0.000107 0.000163 0.001450 13.914078
-4.809788 1528206425.508600 0.000111 0.000115 0.000437 13.811673
-4.796183 1528206425.522206 0.000105 0.000126 0.000477 13.173909
-4.783716 1528206425.534673 0.000104 0.000124 0.000536 15.287797
-4.771396 1528206425.546993 0.000107 0.000128 0.000575 17.510008
-4.758807 1528206425.559582 0.000108 0.000141 0.000604 19.559430
-4.747173 1528206425.571216 0.000106 0.000142 0.000637 22.625055
-4.735021 1528206425.583368 0.000105 0.000146 0.000643 24.792151
-4.720788 1528206425.597600 0.000105 0.000148 0.000618 25.985301
-4.708979 1528206425.609410 0.000106 0.000151 0.000647 26.790125
-4.696560 1528206425.621829 0.000107 0.000140 0.000609 27.288780
-4.684365 1528206425.634024 0.000107 0.000140 0.000630 28.153412
-4.671923 1528206425.646466 0.000108 0.000143 0.000603 28.457041
-4.659137 1528206425.659252 0.000109 0.000145 0.000614 28.984920
-4.646904 1528206425.671485 0.000109 0.000143 0.000633 29.382274
-4.634302 1528206425.684087 0.000108 0.000136 0.000690 29.666927
-4.621104 1528206425.697285 0.000109 0.000139 0.000753 30.628171
-4.608720 1528206425.709669 0.000121 0.000129 0.000781 32.974904
-4.596003 1528206425.722386 0.000114 0.000130 0.000796 35.307102
-4.583568 1528206425.734821 0.000124 0.000136 0.000811 35.778105
-4.571273 1528206425.747116 0.000125 0.000138 0.000809 36.794888
-4.558729 1528206425.759660 0.000121 0.000136 0.000815 37.445991
-4.546401 1528206425.771988 0.000116 0.000135 0.000804 37.741431
-4.533830 1528206425.784559 0.000115 0.000133 0.000798 37.814148
-4.521275 1528206425.797114 0.000114 0.000133 0.000786 38.266357
-4.508915 1528206425.809474 0.000117 0.000133 0.000788 38.717895
-4.497489 1528206425.820900 0.000117 0.000134 0.000790 39.241930
-4.484982 1528206425.833407 0.000118 0.000133 0.000788 39.544511
-4.472511 1528206425.845878 0.000119 0.000133 0.000782 39.687306
-4.460013 1528206425.858376 0.000121 0.000133 0.000782 39.808704
-4.446577 1528206425.871812 0.000119 0.000133 0.000774 40.581191
-4.434064 1528206425.884325 0.000119 0.000132 0.000770 40.377991
-4.421582 1528206425.896806 0.000120 0.000131 0.000764 39.900929
-4.409019 1528206425.909370 0.000121 0.000134 0.000768 38.981333
-4.392575 1528206425.925814 0.000119 0.000131 0.000756 39.303975
-4.383169 1528206425.935220 0.000119 0.000131 0.000753 39.122016
-4.371762 1528206425.946627 0.000120 0.000133 0.000761 38.556986
-4.359695 1528206425.958694 0.000120 0.000135 0.000761 38.689353
-4.347203 1528206425.971186 0.000121 0.000134 0.000761 39.275778
-4.333755 1528206425.984634 0.000121 0.000135 0.000765 39.454763
-4.321583 1528206425.996806 0.000120 0.000134 0.000767 39.825614
-4.309169 1528206426.009220 0.000119 0.000136 0.000772 39.579518
-4.296238 1528206426.022151 0.000118 0.000137 0.000766 39.845185
-4.283941 1528206426.034448 0.000118 0.000138 0.000764 39.781761
-4.271529 1528206426.046860 0.000117 0.000137 0.000763 39.653484
-4.259034 1528206426.059355 0.000117 0.000139 0.000765 39.481069
-4.246379 1528206426.072010 0.000117 0.000139 0.000763 39.607083
-4.233892 1528206426.084497 0.000116 0.000139 0.000763 39.846603
-4.221533 1528206426.096856 0.000116 0.000139 0.000760 39.959551
-4.209371 1528206426.109018 0.000116 0.000140 0.000762 39.827195
-4.197272 1528206426.121117 0.000115 0.000140 0.000763 39.910060
-4.184641 1528206426.133748 0.000115 0.000141 0.000762 40.208890
-4.172191 1528206426.146198 0.000115 0.000141 0.000757 40.429317
-4.159682 1528206426.158707 0.000114 0.000142 0.000759 40.314494
-4.147084 1528206426.171305 0.000114 0.000141 0.000758 40.299338
-4.134625 1528206426.183764 0.000115 0.000144 0.000759 40.655850
-4.122125 1528206426.196264 0.000119 0.000145 0.000763 41.835249
-4.108621 1528206426.209768 0.000123 0.000145 0.000807 44.548049
-4.096168 1528206426.222221 0.000130 0.000152 0.000860 47.053487
-4.083593 1528206426.234796 0.000134 0.000149 0.000779 49.023576
-4.071380 1528206426.247009 0.000137 0.000148 0.000765 50.933679
-4.058527 1528206426.259862 0.000133 0.000168 0.000801 52.451295
-4.046463 1528206426.271926 0.000126 0.000177 0.000804 51.851881
-4.033526 1528206426.284863 0.000120 0.000176 0.000778 51.121215
-4.021648 1528206426.296741 0.000119 0.000181 0.000783 52.579885
-4.009869 1528206426.308520 0.000117 0.000192 0.000833 54.782745
-3.997153 1528206426.321236 0.000119 0.000198 0.000887 56.851932
-3.984544 1528206426.333845 0.000117 0.000202 0.000909 58.600512
-3.972331 1528206426.346058 0.000119 0.000166 0.000923 61.546201
-3.960011 1528206426.358377 0.000119 0.000131 0.000885 63.918175
-3.946218 1528206426.372171 0.000105 0.000133 0.000867 66.381827
-3.933978 1528206426.384411 0.000107 0.000137 0.000831 67.863217
-3.922073 1528206426.396316 0.000109 0.000144 0.000811 68.617728
-3.909630 1528206426.408759 0.000110 0.000149 0.000813 68.718764
-3.897204 1528206426.421185 0.000114 0.000151 0.000832 68.715927
-3.884932 1528206426.433457 0.000116 0.000151 0.000858 68.847542
-3.872390 1528206426.445999 0.000118 0.000151 0.000860 69.246465
-3.859002 1528206426.459387 0.000119 0.000151 0.000849 69.584831
-3.846499 1528206426.471890 0.000119 0.000149 0.000834 69.509116
-3.834057 1528206426.484332 0.000118 0.000148 0.000834 69.632637
-3.821344 1528206426.497045 0.000117 0.000148 0.000827 69.247155
-3.809453 1528206426.508936 0.000114 0.000147 0.000837 68.862951
-3.796776 1528206426.521613 0.000112 0.000146 0.000839 68.062843
-3.784521 1528206426.533868 0.000110 0.000146 0.000836 67.239478
-3.771744 1528206426.546645 0.000109 0.000144 0.000839 66.480878
-3.759278 1528206426.559111 0.000108 0.000143 0.000841 65.829166
-3.746915 1528206426.571474 0.000105 0.000142 0.000855 64.929594
-3.734602 1528206426.583786 0.000104 0.000142 0.000845 64.175375
-3.721854 1528206426.596535 0.000103 0.000140 0.000858 63.204614
-3.709527 1528206426.608861 0.000102 0.000138 0.000872 62.576022
-3.696922 1528206426.621467 0.000101 0.000138 0.000863 62.077509
-3.684147 1528206426.634242 0.000101 0.000136 0.000866 61.232576
-3.671742 1528206426.646646 0.000101 0.000136 0.000854 60.518879
-3.659531 1528206426.658858 0.000099 0.000135 0.000862 60.383113
-3.647060 1528206426.671329 0.000098 0.000135 0.000864 59.941748
-3.634422 1528206426.683967 0.000097 0.000135 0.000867 59.838873
-3.621844 1528206426.696545 0.000098 0.000135 0.000863 59.290097
-3.609140 1528206426.709249 0.000102 0.000134 0.000842 58.978771
-3.596544 1528206426.721845 0.000109 0.000132 0.000858 56.986607
-3.584161 1528206426.734228 0.000112 0.000132 0.000866 55.393539
-3.571513 1528206426.746876 0.000114 0.000133 0.000863 54.081830
-3.559311 1528206426.759078 0.000116 0.000133 0.000857 53.094284
-3.547039 1528206426.771350 0.000115 0.000133 0.000850 52.027689
-3.534411 1528206426.783978 0.000115 0.000131 0.000843 51.480790
-3.522034 1528206426.796355 0.000114 0.000131 0.000832 50.699856
-3.508379 1528206426.810010 0.000113 0.000130 0.000832 50.196147
-3.496086 1528206426.822303 0.000113 0.000130 0.000811 49.841421
-3.483600 1528206426.834789 0.000112 0.000130 0.000822 49.639986
-3.471001 1528206426.847388 0.000112 0.000129 0.000816 49.395193
-3.459479 1528206426.858910 0.000111 0.000129 0.000804 49.044913
-3.447372 1528206426.871017 0.000111 0.000128 0.000806 48.630231
-3.435116 1528206426.883273 0.000110 0.000129 0.000811 48.539472
-3.422525 1528206426.895864 0.000109 0.000128 0.000805 48.494102
-3.409224 1528206426.909165 0.000109 0.000128 0.000795 48.417707
-3.396862 1528206426.921527 0.000109 0.000128 0.000792 48.326818
-3.384837 1528206426.933552 0.000109 0.000128 0.000784 48.140416
-3.371198 1528206426.947191 0.000108 0.000128 0.000784 48.000916
-3.359692 1528206426.958697 0.000109 0.000127 0.000783 47.733874
-3.347298 1528206426.971091 0.000108 0.000127 0.000781 47.675334
-3.334782 1528206426.983607 0.000108 0.000126 0.000782 47.612787
-3.322237 1528206426.996151 0.000108 0.000127 0.000781 47.660700
-3.310156 1528206427.008233 0.000107 0.000127 0.000778 47.515603
-3.297094 1528206427.021295 0.000108 0.000126 0.000770 47.462984
-3.284212 1528206427.034177 0.000108 0.000127 0.000772 47.443532
-3.272308 1528206427.046081 0.000107 0.000126 0.000782 47.285883
-3.258130 1528206427.060259 0.000107 0.000127 0.000776 47.244629
-3.246209 1528206427.072180 0.000106 0.000126 0.000778 47.136403
-3.234185 1528206427.084204 0.000106 0.000126 0.000774 47.113086
-3.221704 1528206427.096685 0.000106 0.000126 0.000776 47.052695
-3.208977 1528206427.109412 0.000106 0.000127 0.000773 47.134099
-3.196495 1528206427.121894 0.000107 0.000127 0.000773 46.969777
-3.183987 1528206427.134402 0.000107 0.000126 0.000767 46.902497
-3.170914 1528206427.147475 0.000106 0.000125 0.000775 46.719852
-3.158563 1528206427.159826 0.000106 0.000127 0.000770 46.710456
-3.145236 1528206427.173152 0.000106 0.000126 0.000765 46.637380
-3.134204 1528206427.184185 0.000106 0.000126 0.000765 46.632885
-3.121736 1528206427.196653 0.000107 0.000127 0.000761 46.547043
-3.108094 1528206427.210295 0.000107 0.000126 0.000761 46.615048
-3.095887 1528206427.222502 0.000108 0.000127 0.000759 46.494234
-3.083579 1528206427.234810 0.000108 0.000127 0.000755 46.766232
-3.070884 1528206427.247504 0.000108 0.000128 0.000747 47.085460
-3.058561 1528206427.259828 0.000109 0.000127 0.000757 46.849761
-3.046205 1528206427.272184 0.000109 0.000128 0.000759 46.702005
-3.033775 1528206427.284614 0.000109 0.000128 0.000743 46.955292
-3.022227 1528206427.296162 0.000110 0.000128 0.000749 46.872643
-3.009513 1528206427.308876 0.000111 0.000127 0.000750 46.749135
-2.996840 1528206427.321549 0.000111 0.000128 0.000750 46.709832
-2.984806 1528206427.333583 0.000112 0.000127 0.000748 46.733301
-2.972037 1528206427.346352 0.000113 0.000129 0.000747 46.809171
-2.958754 1528206427.359635 0.000114 0.000128 0.000748 46.435997
-2.946564 1528206427.371825 0.000116 0.000130 0.000749 47.222499
-2.933695 1528206427.384694 0.000118 0.000131 0.000725 47.948061
-2.921113 1528206427.397276 0.000119 0.000136 0.000719 48.660637
-2.908738 1528206427.409651 0.000121 0.000139 0.000711 49.144289
-2.896192 1528206427.422197 0.000124 0.000146 0.000705 49.834055
-2.884469 1528206427.433920 0.000127 0.000150 0.000706 50.112891
-2.872037 1528206427.446352 0.000129 0.000155 0.000710 50.689555
-2.858498 1528206427.459891 0.000132 0.000159 0.000721 51.676937
-2.846040 1528206427.472349 0.000134 0.000160 0.000760 52.899251
-2.832896 1528206427.485493 0.000141 0.000159 0.000841 55.481689
-2.821357 1528206427.497032 0.000145 0.000158 0.000844 56.720492
-2.808174 1528206427.510215 0.000147 0.000159 0.000840 56.495684
-2.796725 1528206427.521664 0.000147 0.000161 0.000802 54.819174
-2.784651 1528206427.533738 0.000143 0.000163 0.000732 51.743094
-2.771612 1528206427.546777 0.000133 0.000171 0.000658 49.749002
-2.758620 1528206427.559769 0.000132 0.000192 0.000639 50.328537
-2.745728 1528206427.572661 0.000171 0.000228 0.000557 55.769425
-2.733457 1528206427.584932 0.000154 0.000427 0.000528 25.002900
-2.721681 1528206427.596708 0.000114 0.000396 0.001118 15.567141
-2.709559 1528206427.608830 0.000364 0.000697 0.000726 90.824538
-2.695892 1528206427.622497 0.000143 0.000744 0.001762 101.869501
-2.683605 1528206427.634784 0.000452 0.000723 0.001280 101.135213
-2.671692 1528206427.646697 0.000163 0.000352 0.000903 44.536147
-2.659415 1528206427.658974 0.000137 0.000377 0.000878 21.984199
-2.647335 1528206427.671054 0.000175 0.000279 0.000713 12.101008
-2.634491 1528206427.683898 0.000062 0.000322 0.000588 44.345753
-2.622153 1528206427.696236 0.000072 0.000219 0.000296 102.447957
-2.609455 1528206427.708934 0.000032 0.000055 0.000377 96.254712
-2.596777 1528206427.721611 0.000004 0.000011 0.000089 102.420456
-2.234617 1528206428.083772 0.000022 0.000141 0.000548 72.227144
-2.221704 1528206428.096685 0.000108 0.000295 0.001505 92.599873
-2.209394 1528206428.108995 0.000080 0.000156 0.000695 94.079975
-2.196799 1528206428.121590 0.000019 0.000126 0.002267 124.910153
-2.184253 1528206428.134135 0.000035 0.000173 0.001852 125.961765
-2.171740 1528206428.146649 0.000087 0.000493 0.001811 132.344014
-2.159303 1528206428.159086 0.000224 0.001014 0.001416 119.435462
-2.146669 1528206428.171720 0.000407 0.000518 0.000915 118.652729
-2.133970 1528206428.184419 0.000240 0.000338 0.001056 160.234101
-2.121384 1528206428.197005 0.000191 0.000512 0.001375 165.644666
-2.108271 1528206428.210118 0.000241 0.000934 0.001813 110.843967
-2.096044 1528206428.222345 0.000225 0.001194 0.001520 121.152293
-2.084517 1528206428.233872 0.000416 0.000539 0.001261 122.388897
-2.071463 1528206428.246926 0.000144 0.000337 0.000928 147.558505
-2.059034 1528206428.259355 0.000167 0.000666 0.001050 138.552006
-2.046610 1528206428.271779 0.000347 0.000657 0.000943 171.189795
-2.034127 1528206428.284262 0.000254 0.000788 0.001734 102.298842
-2.021720 1528206428.296669 0.000216 0.000860 0.001999 95.247275
-2.009082 1528206428.309307 0.000351 0.000795 0.001279 123.008381
-1.996461 1528206428.321928 0.000189 0.000380 0.001294 165.748691
-1.984011 1528206428.334378 0.000224 0.000414 0.001568 167.483484
-1.971225 1528206428.347164 0.000277 0.000421 0.001888 170.421583
-1.958833 1528206428.359556 0.000277 0.000873 0.000943 146.618998
-1.946391 1528206428.371998 0.000203 0.000773 0.001579 95.120607
-1.934145 1528206428.384243 0.000395 0.000647 0.001499 74.582398
-1.921806 1528206428.396583 0.000257 0.000507 0.001173 33.515343
-1.909470 1528206428.408919 0.000283 0.000304 0.001161 23.508932
-1.896875 1528206428.421514 0.000122 0.000733 0.001379 13.749859
-1.884475 1528206428.433914 0.000267 0.000407 0.001127 24.317014
-1.871935 1528206428.446454 0.000084 0.000926 0.001219 81.980059
-1.858598 1528206428.459791 0.000324 0.000832 0.001366 80.096733
-1.845858 1528206428.472531 0.000301 0.000591 0.000837 45.141003
-1.832734 1528206428.485655 0.000232 0.000269 0.000876 35.343885
-1.820692 1528206428.497697 0.000167 0.000437 0.001226 26.065502
-1.808482 1528206428.509907 0.000171 0.000390 0.001515 26.668665
-1.796853 1528206428.521536 0.000171 0.000411 0.001258 48.035427
-1.784478 1528206428.533911 0.000141 0.000742 0.001469 82.612944
-1.772024 1528206428.546365 0.000360 0.000716 0.001235 78.455936
-1.759624 1528206428.558765 0.000142 0.000403 0.001372 45.901191
-1.746752 1528206428.571637 0.000127 0.000419 0.001145 47.406256
-1.734392 1528206428.583997 0.000107 0.000465 0.000907 51.544741
-1.722123 1528206428.596266 0.000088 0.000772 0.001198 73.384663
-1.709509 1528206428.608880 0.000133 0.000924 0.001239 102.026010
-1.696927 1528206428.621462 0.000382 0.000718 0.001364 71.021786
-1.684556 1528206428.633833 0.000132 0.000522 0.001386 47.952672
-1.672081 1528206428.646308 0.000200 0.000411 0.000908 52.391805
-1.659501 1528206428.658888 0.000156 0.000408 0.001196 39.798760
-1.646600 1528206428.671788 0.000095 0.000276 0.001306 53.128299
-1.632898 1528206428.685491 0.000124 0.000720 0.002046 85.378014
-1.620409 1528206428.697980 0.000397 0.000664 0.001193 67.314863
-1.607906 1528206428.710483 0.000226 0.000323 0.001307 33.495629
-1.595602 1528206428.722787 0.000114 0.000416 0.001319 34.549263
-1.582988 1528206428.735401 0.000181 0.000539 0.001315 55.465781
-1.571420 1528206428.746969 0.000158 0.000726 0.000951 97.641997
-1.558895 1528206428.759494 0.000326 0.000539 0.001292 89.039772
-1.546801 1528206428.771588 0.000213 0.000402 0.001118 54.191013
-1.534254 1528206428.784135 0.000158 0.000500 0.000923 43.685049
-1.521930 1528206428.796459 0.000135 0.000377 0.001329 42.025648
-1.509317 1528206428.809072 0.000197 0.000558 0.001066 62.709131
-1.496710 1528206428.821679 0.000111 0.000773 0.001558 97.638343
-1.483823 1528206428.834566 0.000299 0.000725 0.001659 100.969882
-1.471992 1528206428.846396 0.000172 0.000646 0.000975 66.131135
-1.459250 1528206428.859138 0.000225 0.000729 0.000834 43.187935
-1.446875 1528206428.871514 0.000229 0.000566 0.001089 24.246614
-1.433233 1528206428.885156 0.000427 0.000640 0.000837 107.244104
-1.421144 1528206428.897245 0.000228 0.000768 0.001209 105.012765
-1.408472 1528206428.909917 0.000218 0.000938 0.001553 99.696995
-1.396994 1528206428.921395 0.000314 0.000838 0.001279 88.500227
-1.384620 1528206428.933769 0.000323 0.000476 0.000856 78.958107
-1.372056 1528206428.946333 0.000211 0.000588 0.000663 56.649325
-1.359557 1528206428.958832 0.000209 0.000444 0.000687 59.829373
-1.345925 1528206428.972464 0.000197 0.000225 0.000626 45.546855
-1.332902 1528206428.985487 0.000178 0.000190 0.000607 42.593382
-1.320477 1528206428.997912 0.000152 0.000166 0.000630 38.774288
-1.307725 1528206429.010664 0.000134 0.000156 0.000653 37.456454
-1.295394 1528206429.022995 0.000124 0.000149 0.000654 35.994968
-1.283428 1528206429.034961 0.000121 0.000147 0.000643 35.106486
-1.271798 1528206429.046591 0.000121 0.000145 0.000645 34.596733
-1.259360 1528206429.059029 0.000121 0.000147 0.000651 34.548838
-1.246049 1528206429.072340 0.000120 0.000146 0.000629 34.011543
-1.233721 1528206429.084668 0.000121 0.000148 0.000619 34.689505
-1.221166 1528206429.097223 0.000122 0.000152 0.000610 34.924235
-1.207468 1528206429.110921 0.000123 0.000145 0.000607 35.240330
-1.195459 1528206429.122930 0.000122 0.000146 0.000615 35.274395
-1.182853 1528206429.135535 0.000122 0.000144 0.000618 35.324651
-1.171712 1528206429.146677 0.000120 0.000146 0.000601 35.318782
-1.159274 1528206429.159115 0.000120 0.000144 0.000602 34.859536
-1.147064 1528206429.171325 0.000120 0.000141 0.000611 34.594729
-1.134229 1528206429.184160 0.000120 0.000140 0.000601 34.661105
-1.122029 1528206429.196360 0.000119 0.000139 0.000599 34.798429
-1.109471 1528206429.208918 0.000119 0.000138 0.000603 34.974172
-1.095422 1528206429.222967 0.000120 0.000141 0.000598 34.753399
-1.084608 1528206429.233781 0.000121 0.000138 0.000597 35.372297
-1.072188 1528206429.246201 0.000120 0.000142 0.000597 35.803340
-1.059321 1528206429.259068 0.000120 0.000139 0.000597 36.140395
-1.047232 1528206429.271157 0.000119 0.000138 0.000599 35.784817
-1.034471 1528206429.283918 0.000119 0.000138 0.000597 35.723942
-1.022139 1528206429.296250 0.000120 0.000139 0.000594 36.333976
-1.008325 1528206429.310064 0.000119 0.000137 0.000598 36.166364
-0.995797 1528206429.322592 0.000119 0.000136 0.000599 35.831970
-0.983434 1528206429.334955 0.000119 0.000139 0.000599 35.966667
-0.970812 1528206429.347577 0.000118 0.000136 0.000598 35.989259
-0.958207 1528206429.360182 0.000118 0.000136 0.000607 36.067550
-0.945923 1528206429.372466 0.000118 0.000135 0.000602 35.944450
-0.933203 1528206429.385186 0.000118 0.000135 0.000604 35.702784
-0.920286 1528206429.398103 0.000117 0.000136 0.000600 35.886510
-0.907896 1528206429.410493 0.000117 0.000139 0.000603 36.028537
-0.896400 1528206429.421989 0.000116 0.000136 0.000594 35.858371
-0.884115 1528206429.434274 0.000116 0.000134 0.000603 35.949280
-0.870569 1528206429.447820 0.000117 0.000135 0.000615 36.122806
-0.858250 1528206429.460139 0.000117 0.000134 0.000598 36.029618
-0.845718 1528206429.472671 0.000117 0.000135 0.000595 35.759121
-0.832971 1528206429.485418 0.000117 0.000134 0.000608 36.071558
-0.821395 1528206429.496994 0.000117 0.000134 0.000612 36.034861
-0.809188 1528206429.509201 0.000116 0.000134 0.000602 35.883805
-0.796753 1528206429.521636 0.000116 0.000134 0.000594 35.611456
-0.784327 1528206429.534062 0.000115 0.000134 0.000621 34.495747
-0.771521 1528206429.546868 0.000113 0.000134 0.000667 33.007959
-0.759110 1528206429.559278 0.000110 0.000130 0.000720 31.504184
-0.746310 1528206429.572079 0.000110 0.000129 0.000762 30.167913
-0.734110 1528206429.584279 0.000108 0.000125 0.000785 29.362490
-0.720508 1528206429.597881 0.000107 0.000122 0.000798 29.038071
-0.708001 1528206429.610388 0.000107 0.000120 0.000787 28.417917
-0.695696 1528206429.622693 0.000107 0.000120 0.000793 28.295970
-0.683650 1528206429.634739 0.000107 0.000119 0.000797 28.227332
-0.672182 1528206429.646207 0.000107 0.000119 0.000792 28.223630
-0.659545 1528206429.658844 0.000107 0.000120 0.000786 28.264851
-0.645844 1528206429.672545 0.000107 0.000119 0.000779 28.390149
-0.633486 1528206429.684903 0.000107 0.000119 0.000783 28.666720
-0.620508 1528206429.697881 0.000108 0.000119 0.000788 28.607003
-0.608037 1528206429.710351 0.000108 0.000119 0.000781 28.612707
-0.595648 1528206429.722741 0.000107 0.000118 0.000774 28.757423
-0.583016 1528206429.735373 0.000107 0.000119 0.000787 28.647262
-0.571341 1528206429.747048 0.000108 0.000118 0.000782 28.478953
-0.559317 1528206429.759072 0.000107 0.000118 0.000788 28.672116
-0.546748 1528206429.771641 0.000107 0.000117 0.000783 28.753347
-0.534312 1528206429.784077 0.000107 0.000117 0.000778 28.738229
-0.521948 1528206429.796441 0.000107 0.000118 0.000792 28.666135
-0.509182 1528206429.809207 0.000107 0.000117 0.000793 28.565809
-0.495448 1528206429.822941 0.000108 0.000116 0.000783 28.359787
-0.483097 1528206429.835292 0.000109 0.000112 0.000787 29.005157
-0.470782 1528206429.847607 0.000109 0.000112 0.000789 28.995803
-0.458269 1528206429.860120 0.000109 0.000114 0.000766 28.971095
-0.445715 1528206429.872674 0.000109 0.000114 0.000756 29.250158
-0.433351 1528206429.885038 0.000109 0.000113 0.000756 29.393664
-0.420615 1528206429.897774 0.000110 0.000113 0.000754 29.023345
-0.408147 1528206429.910242 0.000110 0.000114 0.000761 29.048058
-0.396728 1528206429.921661 0.000109 0.000113 0.000762 29.201107
-0.384007 1528206429.934382 0.000109 0.000113 0.000751 29.294855
-0.371859 1528206429.946530 0.000109 0.000114 0.000754 29.180336
-0.359221 1528206429.959168 0.000109 0.000114 0.000761 29.222022
-0.346831 1528206429.971558 0.000109 0.000113 0.000747 29.327024
-0.333976 1528206429.984413 0.000109 0.000113 0.000747 29.410996
-0.321686 1528206429.996703 0.000109 0.000114 0.000752 29.070476
-0.308968 1528206430.009421 0.000109 0.000113 0.000752 29.300152
-0.292035 1528206430.026354 0.000109 0.000113 0.000749 29.130284
-0.283446 1528206430.034943 0.000109 0.000112 0.000741 29.299464
-0.271446 1528206430.046942 0.000110 0.000114 0.000736 28.979206
-0.258640 1528206430.059749 0.000110 0.000113 0.000725 28.840607
-0.246290 1528206430.072098 0.000110 0.000114 0.000730 29.210511
-0.233511 1528206430.084878 0.000109 0.000113 0.000743 29.256179
-0.220721 1528206430.097668 0.000110 0.000114 0.000737 29.251232
-0.208132 1528206430.110257 0.000110 0.000112 0.000732 29.257245
-0.195894 1528206430.122495 0.000109 0.000114 0.000729 29.259069
-0.183547 1528206430.134842 0.000110 0.000115 0.000726 29.399417
-0.170550 1528206430.147839 0.000109 0.000110 0.000694 29.883798
-0.158003 1528206430.160386 0.000110 0.000114 0.000722 29.221317
-0.145631 1528206430.172758 0.000111 0.000115 0.000718 29.401757
-0.133542 1528206430.184847 0.000111 0.000115 0.000714 29.486904
-0.120983 1528206430.197406 0.000111 0.000115 0.000716 29.353423
-0.108909 1528206430.209480 0.000111 0.000114 0.000718 29.281303
-0.096181 1528206430.222208 0.000110 0.000115 0.000717 29.280408
-0.083811 1528206430.234578 0.000111 0.000114 0.000717 29.427501
-0.071141 1528206430.247248 0.000111 0.000116 0.000712 29.301631
-0.058849 1528206430.259540 0.000110 0.000114 0.000727 29.205557
-0.046327 1528206430.272062 0.000110 0.000115 0.000711 29.226620
-0.034071 1528206430.284318 0.000110 0.000114 0.000720 29.455454
-0.021425 1528206430.296964 0.000110 0.000115 0.000716 29.547480
-0.008401 1528206430.309988 0.000110 0.000116 0.000726 29.294844
0.003942 1528206430.322331 0.000110 0.000113 0.000727 29.459469
0.016402 1528206430.334791 0.000110 0.000115 0.000719 29.330957
0.029736 1528206430.348125 0.000110 0.000115 0.000721 29.517268
0.041695 1528206430.360084 0.000110 0.000118 0.000700 29.063068
0.053268 1528206430.371657 0.000109 0.000118 0.000697 28.022686
0.065847 1528206430.384236 0.000108 0.000115 0.000705 28.564523
0.079920 1528206430.398309 0.000109 0.000114 0.000711 29.347257
0.091919 1528206430.410308 0.000109 0.000113 0.000734 29.686974
0.104756 1528206430.423145 0.000109 0.000112 0.000732 29.444613
0.116925 1528206430.435314 0.000108 0.000112 0.000739 29.532454
0.128925 1528206430.447314 0.000108 0.000113 0.000739 29.428368
0.140733 1528206430.459122 0.000108 0.000112 0.000727 29.125448
0.153366 1528206430.471755 0.000108 0.000113 0.000743 29.115396
0.165413 1528206430.483802 0.000107 0.000113 0.000741 28.914111
0.177828 1528206430.496217 0.000106 0.000112 0.000753 28.992213
0.190612 1528206430.509001 0.000106 0.000112 0.000745 28.942948
0.203537 1528206430.521926 0.000106 0.000112 0.000745 28.877816
0.215750 1528206430.534138 0.000105 0.000113 0.000748 28.886743
0.228454 1528206430.546843 0.000105 0.000113 0.000749 28.743794
0.240413 1528206430.558802 0.000105 0.000113 0.000757 28.905044
0.253091 1528206430.571480 0.000105 0.000113 0.000754 28.715865
0.265678 1528206430.584067 0.000105 0.000113 0.000754 28.782090
0.278237 1528206430.596626 0.000105 0.000114 0.000760 28.531466
0.291747 1528206430.610136 0.000105 0.000114 0.000755 28.484848
0.304916 1528206430.623305 0.000105 0.000113 0.000752 28.307634
0.317318 1528206430.635707 0.000105 0.000114 0.000758 28.319492
0.329334 1528206430.647722 0.000105 0.000115 0.000757 28.565590
0.341559 1528206430.659948 0.000105 0.000114 0.000760 28.651084
0.354037 1528206430.672426 0.000105 0.000115 0.000757 28.687689
0.365961 1528206430.684350 0.000105 0.000115 0.000755 28.740976
0.378893 1528206430.697282 0.000105 0.000116 0.000763 28.934280
0.390988 1528206430.709377 0.000105 0.000116 0.000754 28.668632
0.403942 1528206430.722331 0.000106 0.000117 0.000757 28.651011
0.416252 1528206430.734641 0.000105 0.000117 0.000760 28.776671
0.428499 1528206430.746888 0.000105 0.000117 0.000753 28.688745
0.441354 1528206430.759743 0.000106 0.000117 0.000758 28.831518
0.453979 1528206430.772368 0.000105 0.000117 0.000762 28.810664
0.466281 1528206430.784670 0.000106 0.000118 0.000761 28.713013
0.479082 1528206430.797471 0.000106 0.000119 0.000767 28.947263
0.491538 1528206430.809927 0.000105 0.000120 0.000760 28.881889
0.503693 1528206430.822082 0.000105 0.000123 0.000768 28.892436
0.516110 1528206430.834499 0.000105 0.000125 0.000762 29.349534
0.528733 1528206430.847122 0.000107 0.000129 0.000766 30.897314
0.541067 1528206430.859456 0.000116 0.000137 0.000754 33.360870
0.553571 1528206430.871960 0.000122 0.000143 0.000696 36.724443
0.566114 1528206430.884503 0.000119 0.000138 0.000644 41.871258
0.579347 1528206430.897736 0.000117 0.000136 0.000627 46.107402
0.591551 1528206430.909940 0.000117 0.000144 0.000620 48.345037
0.604206 1528206430.922595 0.000118 0.000149 0.000616 49.607202
0.616374 1528206430.934762 0.000126 0.000163 0.000576 49.767869
0.629116 1528206430.947505 0.000129 0.000166 0.000570 50.836641
0.641312 1528206430.959701 0.000133 0.000172 0.000576 52.668284
0.653607 1528206430.971996 0.000137 0.000182 0.000586 54.784894
0.666468 1528206430.984857 0.000140 0.000192 0.000602 56.296943
0.679015 1528206430.997404 0.000136 0.000197 0.000651 59.871877
0.691313 1528206431.009701 0.000141 0.000210 0.000625 63.382610
0.703703 1528206431.022092 0.000146 0.000219 0.000650 67.127714
0.716450 1528206431.034839 0.000146 0.000231 0.000669 70.232703
0.729229 1528206431.047618 0.000147 0.000243 0.000668 73.863890
0.741228 1528206431.059617 0.000150 0.000248 0.000666 76.866692
0.753966 1528206431.072355 0.000151 0.000246 0.000686 80.772553
0.766513 1528206431.084902 0.000153 0.000213 0.000700 84.671631
0.778984 1528206431.097373 0.000153 0.000203 0.000678 88.004836
0.791668 1528206431.110057 0.000151 0.000211 0.000683 92.020582
0.803932 1528206431.122321 0.000150 0.000218 0.000662 95.336784
0.816293 1528206431.134682 0.000147 0.000223 0.000672 97.779475
0.828703 1528206431.147092 0.000147 0.000226 0.000658 99.592670
0.842193 1528206431.160582 0.000152 0.000226 0.000648 101.395131
0.853953 1528206431.172342 0.000155 0.000227 0.000647 102.684974
0.866466 1528206431.184855 0.000159 0.000227 0.000643 104.288895
0.878902 1528206431.197291 0.000160 0.000228 0.000647 105.767744
0.891170 1528206431.209559 0.000164 0.000226 0.000651 107.017334
0.904159 1528206431.222548 0.000165 0.000224 0.000633 108.010386
0.916572 1528206431.234961 0.000165 0.000224 0.000630 108.495685
0.928951 1528206431.247340 0.000164 0.000227 0.000637 108.674428
0.941563 1528206431.259952 0.000165 0.000223 0.000635 109.469964
0.954961 1528206431.273350 0.000166 0.000225 0.000631 109.834253
0.966396 1528206431.284785 0.000165 0.000224 0.000635 109.974859
0.978543 1528206431.296932 0.000164 0.000226 0.000634 110.535338
0.991853 1528206431.310242 0.000164 0.000224 0.000634 111.104908
1.004277 1528206431.322666 0.000166 0.000222 0.000624 111.138367
1.016777 1528206431.335166 0.000167 0.000225 0.000625 111.426215
1.029082 1528206431.347471 0.000169 0.000221 0.000616 111.704119
1.041844 1528206431.360233 0.000170 0.000224 0.000618 112.401943
1.054521 1528206431.372910 0.000170 0.000223 0.000623 112.830749
1.066984 1528206431.385373 0.000170 0.000223 0.000625 112.899003
1.079394 1528206431.397783 0.000169 0.000222 0.000621 113.409963
1.091568 1528206431.409956 0.000171 0.000220 0.000623 113.649550
1.104308 1528206431.422697 0.000171 0.000221 0.000619 114.219373
1.116523 1528206431.434911 0.000173 0.000220 0.000609 114.524814
1.129611 1528206431.448000 0.000173 0.000220 0.000615 114.838753
1.141887 1528206431.460276 0.000176 0.000221 0.000612 115.618133
1.153618 1528206431.472007 0.000174 0.000217 0.000610 116.297780
1.165777 1528206431.484166 0.000174 0.000219 0.000611 116.763200
1.178543 1528206431.496932 0.000174 0.000217 0.000608 117.134967
1.191011 1528206431.509400 0.000175 0.000219 0.000614 117.606509
1.203380 1528206431.521769 0.000176 0.000217 0.000609 117.657830
1.216489 1528206431.534878 0.000178 0.000218 0.000607 117.865347
1.228937 1528206431.547326 0.000176 0.000218 0.000608 118.102148
1.241457 1528206431.559846 0.000177 0.000217 0.000605 118.543064
1.253497 1528206431.571886 0.000178 0.000216 0.000608 118.644797
1.266234 1528206431.584623 0.000177 0.000216 0.000605 118.764926
1.278365 1528206431.596754 0.000178 0.000217 0.000601 119.095210
1.290725 1528206431.609114 0.000178 0.000215 0.000604 119.439087
1.303444 1528206431.621833 0.000177 0.000215 0.000605 119.661956
1.316281 1528206431.634670 0.000177 0.000215 0.000605 119.699402
1.328394 1528206431.646783 0.000177 0.000214 0.000599 119.717778
1.341099 1528206431.659487 0.000178 0.000213 0.000605 119.677658
1.353590 1528206431.671979 0.000177 0.000214 0.000608 119.970365
1.366150 1528206431.684539 0.000175 0.000213 0.000605 119.815813
1.378171 1528206431.696560 0.000178 0.000212 0.000597 119.605680
1.391051 1528206431.709440 0.000179 0.000210 0.000599 119.708501
1.403337 1528206431.721726 0.000177 0.000212 0.000602 119.861310
1.415875 1528206431.734264 0.000177 0.000211 0.000602 120.180821
1.428271 1528206431.746660 0.000177 0.000212 0.000607 120.241028
1.440513 1528206431.758902 0.000177 0.000211 0.000614 120.631218
1.454543 1528206431.772932 0.000178 0.000210 0.000607 121.197856
1.467750 1528206431.786139 0.000179 0.000211 0.000613 122.168594
1.479319 1528206431.797708 0.000181 0.000211 0.000603 122.586849
1.491477 1528206431.809866 0.000179 0.000214 0.000590 122.549175
1.503395 1528206431.821784 0.000179 0.000215 0.000589 122.782878
1.515753 1528206431.834142 0.000180 0.000215 0.000587 122.819796
1.528390 1528206431.846779 0.000180 0.000216 0.000586 122.761189
1.541626 1528206431.860015 0.000179 0.000216 0.000585 122.830323
1.554010 1528206431.872399 0.000180 0.000216 0.000584 123.011329
1.566888 1528206431.885277 0.000181 0.000217 0.000584 123.072346
1.579292 1528206431.897681 0.000181 0.000218 0.000587 123.370560
1.592251 1528206431.910640 0.000180 0.000218 0.000583 123.182060
1.604565 1528206431.922954 0.000180 0.000219 0.000582 123.083453
1.616839 1528206431.935228 0.000181 0.000218 0.000586 123.534412
1.629414 1528206431.947803 0.000184 0.000218 0.000584 123.512690
1.641775 1528206431.960164 0.000184 0.000219 0.000582 123.524872
1.654629 1528206431.973018 0.000183 0.000220 0.000585 123.627051
1.667206 1528206431.985595 0.000183 0.000219 0.000582 123.757951
1.679830 1528206431.998219 0.000183 0.000220 0.000583 123.987327
1.692261 1528206432.010650 0.000183 0.000220 0.000579 124.132836
1.704550 1528206432.022939 0.000182 0.000220 0.000582 124.018392
1.716843 1528206432.035232 0.000182 0.000219 0.000581 124.297791
1.728893 1528206432.047282 0.000181 0.000220 0.000584 124.507792
1.741186 1528206432.059575 0.000181 0.000220 0.000583 124.562861
1.754739 1528206432.073128 0.000180 0.000220 0.000583 124.507274
1.765901 1528206432.084290 0.000180 0.000220 0.000585 124.613832
1.778691 1528206432.097080 0.000179 0.000221 0.000583 124.991752
1.792192 1528206432.110581 0.000180 0.000223 0.000584 125.129149
1.804747 1528206432.123136 0.000181 0.000222 0.000582 125.333877
1.816785 1528206432.135174 0.000179 0.000222 0.000585 125.341075
1.828647 1528206432.147036 0.000179 0.000224 0.000583 125.222209
1.841078 1528206432.159467 0.000181 0.000223 0.000581 125.109592
1.853479 1528206432.171868 0.000180 0.000224 0.000583 125.098956
1.865693 1528206432.184082 0.000179 0.000226 0.000580 125.020889
1.878438 1528206432.196827 0.000178 0.000225 0.000579 123.976729
1.891114 1528206432.209503 0.000178 0.000227 0.000581 123.730425
1.904045 1528206432.222434 0.000177 0.000228 0.000583 122.796138
1.916539 1528206432.234928 0.000176 0.000231 0.000589 121.696924
1.929343 1528206432.247732 0.000170 0.000232 0.000594 119.721875
1.941741 1528206432.260129 0.000169 0.000237 0.000598 118.481325
1.954269 1528206432.272658 0.000164 0.000241 0.000599 116.546440
1.966613 1528206432.285002 0.000161 0.000240 0.000594 114.035473
1.979785 1528206432.298174 0.000160 0.000240 0.000592 112.275411
1.992454 1528206432.310843 0.000159 0.000234 0.000588 110.036977
2.003723 1528206432.322112 0.000160 0.000232 0.000586 108.968133
2.015815 1528206432.334204 0.000161 0.000232 0.000589 108.591395
2.028547 1528206432.346936 0.000161 0.000231 0.000585 107.604108
2.040946 1528206432.359335 0.000163 0.000227 0.000583 107.116862
2.053398 1528206432.371787 0.000163 0.000221 0.000579 106.273508
2.065948 1528206432.384337 0.000164 0.000220 0.000579 106.308972
2.078526 1528206432.396914 0.000164 0.000222 0.000580 106.560032
2.090967 1528206432.409356 0.000163 0.000220 0.000581 106.417377
2.104151 1528206432.422540 0.000163 0.000219 0.000577 106.620940
2.116313 1528206432.434702 0.000162 0.000214 0.000576 106.019906
2.129840 1528206432.448229 0.000161 0.000217 0.000577 106.503550
2.142452 1528206432.460840 0.000161 0.000205 0.000579 105.586872
2.155129 1528206432.473518 0.000162 0.000212 0.000577 106.109454
2.167456 1528206432.485845 0.000160 0.000210 0.000575 105.998154
2.180111 1528206432.498500 0.000161 0.000209 0.000578 105.857635
2.191329 1528206432.509718 0.000160 0.000209 0.000573 105.186150
2.203473 1528206432.521862 0.000159 0.000204 0.000575 105.262765
2.215674 1528206432.534063 0.000159 0.000203 0.000578 105.016540
2.228528 1528206432.546917 0.000158 0.000196 0.000579 104.373657
2.240937 1528206432.559326 0.000158 0.000193 0.000578 104.124736
2.253735 1528206432.572124 0.000157 0.000194 0.000577 104.030073
2.266220 1528206432.584609 0.000157 0.000198 0.000575 104.086951
2.279885 1528206432.598274 0.000156 0.000193 0.000576 103.752896
2.292632 1528206432.611021 0.000155 0.000188 0.000580 103.348949
2.305019 1528206432.623408 0.000155 0.000186 0.000580 102.883087
2.317304 1528206432.635693 0.000153 0.000194 0.000578 103.504050
2.329396 1528206432.647785 0.000153 0.000191 0.000580 102.895703
2.341479 1528206432.659868 0.000152 0.000183 0.000585 102.833410
2.353855 1528206432.672244 0.000152 0.000182 0.000579 102.513433
2.366217 1528206432.684606 0.000150 0.000184 0.000581 102.503638
2.378877 1528206432.697266 0.000150 0.000182 0.000579 101.926336
2.391295 1528206432.709684 0.000150 0.000177 0.000581 101.714849
2.403816 1528206432.722205 0.000148 0.000180 0.000580 101.338358
2.417334 1528206432.735723 0.000149 0.000180 0.000580 101.364548
2.430461 1528206432.748850 0.000148 0.000177 0.000586 100.957299
2.441852 1528206432.760241 0.000147 0.000176 0.000587 100.827486
2.454062 1528206432.772451 0.000147 0.000173 0.000582 100.684202
2.466425 1528206432.784814 0.000147 0.000176 0.000582 100.597855
2.479140 1528206432.797529 0.000145 0.000172 0.000589 100.338798
2.491650 1528206432.810039 0.000144 0.000175 0.000591 100.669621
2.504326 1528206432.822715 0.000145 0.000173 0.000592 100.229090
2.516782 1528206432.835171 0.000144 0.000173 0.000595 100.125603
2.529422 1528206432.847811 0.000144 0.000174 0.000594 100.136122
2.541544 1528206432.859933 0.000144 0.000171 0.000599 99.454715
2.554108 1528206432.872497 0.000144 0.000168 0.000599 99.603553
2.566712 1528206432.885101 0.000144 0.000170 0.000602 99.417411
2.579289 1528206432.897678 0.000143 0.000166 0.000597 99.241009
2.591599 1528206432.909988 0.000143 0.000169 0.000606 99.092438
2.603917 1528206432.922306 0.000142 0.000165 0.000610 98.936081
2.616413 1528206432.934802 0.000142 0.000166 0.000613 98.611564
2.628617 1528206432.947006 0.000142 0.000162 0.000617 98.787137
2.640854 1528206432.959243 0.000141 0.000160 0.000614 98.101974
2.653509 1528206432.971898 0.000142 0.000161 0.000611 98.176907
2.665964 1528206432.984353 0.000141 0.000164 0.000612 97.520584
2.678454 1528206432.996843 0.000140 0.000162 0.000608 97.333618
2.691092 1528206433.009480 0.000141 0.000160 0.000611 96.918599
2.703459 1528206433.021848 0.000141 0.000157 0.000614 96.634510
2.715640 1528206433.034029 0.000140 0.000157 0.000610 96.116677
2.728548 1528206433.046937 0.000139 0.000158 0.000616 96.009358
2.740708 1528206433.059097 0.000139 0.000158 0.000620 95.678421
2.753925 1528206433.072314 0.000138 0.000157 0.000618 95.427061
2.765885 1528206433.084274 0.000139 0.000151 0.000624 95.215567
2.778536 1528206433.096925 0.000139 0.000152 0.000624 95.075686
2.791460 1528206433.109848 0.000138 0.000152 0.000623 94.418903
2.803484 1528206433.121873 0.000137 0.000152 0.000628 94.294441
2.816165 1528206433.134554 0.000137 0.000147 0.000628 94.051643
2.828544 1528206433.146933 0.000136 0.000146 0.000637 94.078654
2.840979 1528206433.159368 0.000136 0.000148 0.000638 93.771761
2.853714 1528206433.172103 0.000135 0.000148 0.000641 93.725239
2.865978 1528206433.184367 0.000135 0.000143 0.000647 93.702892
2.878761 1528206433.197150 0.000133 0.000147 0.000649 93.486564
2.890852 1528206433.209241 0.000133 0.000148 0.000645 93.329268
2.903544 1528206433.221933 0.000132 0.000142 0.000652 93.246571
2.916129 1528206433.234518 0.000132 0.000145 0.000647 93.116493
2.928552 1528206433.246941 0.000132 0.000148 0.000648 93.259911
2.941039 1528206433.259428 0.000131 0.000148 0.000649 92.948141
2.953629 1528206433.272017 0.000131 0.000141 0.000655 92.722526
2.965961 1528206433.284350 0.000131 0.000140 0.000657 92.638882
2.978571 1528206433.296960 0.000131 0.000141 0.000658 92.591036
2.991019 1528206433.309407 0.000130 0.000144 0.000650 92.440589
3.003804 1528206433.322193 0.000129 0.000141 0.000655 92.503145
3.015895 1528206433.334284 0.000129 0.000142 0.000665 92.012892
3.028517 1528206433.346906 0.000130 0.000143 0.000655 92.332315
3.041037 1528206433.359426 0.000133 0.000145 0.000645 92.754886
3.054990 1528206433.373379 0.000134 0.000141 0.000639 92.760712
3.067547 1528206433.385936 0.000136 0.000140 0.000634 92.680652
3.079906 1528206433.398295 0.000139 0.000140 0.000636 92.595324
3.092459 1528206433.410848 0.000136 0.000140 0.000641 92.496863
3.104771 1528206433.423160 0.000140 0.000145 0.000651 92.785594
3.117409 1528206433.435798 0.000134 0.000140 0.000658 92.688700
3.129909 1528206433.448298 0.000134 0.000140 0.000660 92.159124
3.141954 1528206433.460343 0.000134 0.000140 0.000659 91.835330
3.153903 1528206433.472291 0.000137 0.000139 0.000664 91.945730
3.166294 1528206433.484683 0.000137 0.000139 0.000661 91.549062
3.178439 1528206433.496828 0.000135 0.000140 0.000659 91.572802
3.190971 1528206433.509360 0.000135 0.000140 0.000660 91.479501
3.203757 1528206433.522146 0.000136 0.000140 0.000660 91.159726
3.217571 1528206433.535960 0.000138 0.000141 0.000666 91.469875
3.230041 1528206433.548430 0.000130 0.000140 0.000665 91.351318
3.242558 1528206433.560947 0.000131 0.000141 0.000673 91.121284
3.254811 1528206433.573200 0.000132 0.000140 0.000677 91.065504
3.267414 1528206433.585803 0.000134 0.000140 0.000683 91.132317
3.279890 1528206433.598279 0.000129 0.000141 0.000684 91.047920
3.291681 1528206433.610070 0.000132 0.000140 0.000684 91.044901
3.304111 1528206433.622500 0.000130 0.000139 0.000692 90.783699
3.316620 1528206433.635009 0.000132 0.000139 0.000689 90.700031
3.329330 1528206433.647719 0.000133 0.000139 0.000692 90.624334
3.341775 1528206433.660164 0.000131 0.000140 0.000693 90.604399
3.355365 1528206433.673754 0.000132 0.000140 0.000695 90.183314
3.368472 1528206433.686861 0.000127 0.000139 0.000696 90.038302
3.380159 1528206433.698548 0.000130 0.000139 0.000701 89.886157
3.392158 1528206433.710547 0.000126 0.000138 0.000698 89.753181
3.404095 1528206433.722484 0.000127 0.000139 0.000704 89.446399
3.416391 1528206433.734780 0.000130 0.000138 0.000705 89.162135
3.428869 1528206433.747258 0.000130 0.000138 0.000707 89.213077
3.442064 1528206433.760453 0.000129 0.000138 0.000701 88.910940
3.455303 1528206433.773692 0.000127 0.000138 0.000708 88.874106
3.467653 1528206433.786041 0.000126 0.000137 0.000711 88.657012
3.479085 1528206433.797474 0.000126 0.000138 0.000707 88.394948
3.491522 1528206433.809911 0.000131 0.000138 0.000711 88.294736
3.504034 1528206433.822423 0.000130 0.000138 0.000713 88.169833
3.516342 1528206433.834731 0.000129 0.000138 0.000710 87.863314
3.529011 1528206433.847400 0.000126 0.000138 0.000714 87.815699
3.541683 1528206433.860072 0.000128 0.000138 0.000717 87.855727
3.553974 1528206433.872363 0.000130 0.000138 0.000713 87.499213
3.567039 1528206433.885428 0.000126 0.000138 0.000718 87.337017
3.578576 1528206433.896965 0.000127 0.000138 0.000725 86.396255
3.591515 1528206433.909904 0.000127 0.000143 0.000734 85.981314
3.604297 1528206433.922686 0.000126 0.000142 0.000738 84.981665
3.617334 1528206433.935723 0.000125 0.000139 0.000758 84.125866
3.629700 1528206433.948089 0.000123 0.000138 0.000763 83.141954
3.641744 1528206433.960133 0.000124 0.000143 0.000776 82.798305
3.653821 1528206433.972210 0.000122 0.000139 0.000788 81.994890
3.666543 1528206433.984932 0.000121 0.000139 0.000796 81.722660
3.679610 1528206433.997999 0.000120 0.000138 0.000791 81.570260
3.691379 1528206434.009768 0.000121 0.000142 0.000791 81.377725
3.704102 1528206434.022491 0.000120 0.000141 0.000787 81.108083
3.717293 1528206434.035682 0.000119 0.000137 0.000783 80.613389
3.729997 1528206434.048386 0.000118 0.000137 0.000785 80.362050
3.742344 1528206434.060733 0.000120 0.000136 0.000781 80.302992
3.755128 1528206434.073517 0.000117 0.000135 0.000796 80.182395
3.767720 1528206434.086109 0.000117 0.000136 0.000786 80.087285
3.779843 1528206434.098232 0.000118 0.000138 0.000782 79.843855
3.792393 1528206434.110782 0.000118 0.000136 0.000793 79.577080
3.804087 1528206434.122476 0.000117 0.000136 0.000799 79.604629
3.816337 1528206434.134726 0.000116 0.000136 0.000798 79.298291
3.828991 1528206434.147380 0.000117 0.000136 0.000807 79.062154
3.841604 1528206434.159993 0.000117 0.000137 0.000803 79.100232
3.854052 1528206434.172441 0.000116 0.000136 0.000803 79.159962
3.866191 1528206434.184580 0.000118 0.000141 0.000796 79.167132
3.879797 1528206434.198186 0.000114 0.000134 0.000809 78.822171
3.892186 1528206434.210575 0.000116 0.000140 0.000807 78.714988
3.904626 1528206434.223015 0.000116 0.000138 0.000803 78.639358
3.917760 1528206434.236149 0.000113 0.000135 0.000807 78.736013
3.930081 1528206434.248470 0.000114 0.000135 0.000808 78.590800
3.941764 1528206434.260153 0.000115 0.000140 0.000804 78.681112
3.954013 1528206434.272402 0.000115 0.000136 0.000799 78.390047
3.966489 1528206434.284878 0.000114 0.000134 0.000803 78.214101
3.979029 1528206434.297418 0.000115 0.000140 0.000797 78.061281
3.991315 1528206434.309704 0.000112 0.000135 0.000804 77.522461
4.003938 1528206434.322327 0.000111 0.000142 0.000795 76.414930
4.017225 1528206434.335614 0.000114 0.000146 0.000769 75.017287
4.029948 1528206434.348337 0.000112 0.000148 0.000731 73.615364
4.042365 1528206434.360754 0.000112 0.000147 0.000717 72.514868
4.055108 1528206434.373497 0.000115 0.000152 0.000705 71.959812
4.067562 1528206434.385951 0.000114 0.000152 0.000712 71.640079
4.079576 1528206434.397965 0.000114 0.000147 0.000707 71.805263
4.092000 1528206434.410388 0.000114 0.000149 0.000706 71.646956
4.104050 1528206434.422439 0.000115 0.000152 0.000713 71.503538
4.116243 1528206434.434632 0.000114 0.000149 0.000718 71.364292
4.128998 1528206434.447387 0.000112 0.000147 0.000712 71.893661
4.141308 1528206434.459697 0.000112 0.000147 0.000714 71.731340
4.153727 1528206434.472116 0.000115 0.000157 0.000694 71.400521
4.167469 1528206434.485858 0.000114 0.000152 0.000693 71.254426
4.179734 1528206434.498123 0.000113 0.000150 0.000692 71.368266
4.192368 1528206434.510757 0.000111 0.000149 0.000688 71.031735
4.204691 1528206434.523080 0.000114 0.000154 0.000699 70.464417
4.217324 1528206434.535713 0.000114 0.000152 0.000690 70.206815
4.229315 1528206434.547704 0.000113 0.000158 0.000685 70.508563
4.241776 1528206434.560165 0.000114 0.000156 0.000683 70.247882
4.253915 1528206434.572304 0.000114 0.000153 0.000685 69.813946
4.266866 1528206434.585255 0.000114 0.000155 0.000679 69.866811
4.279385 1528206434.597774 0.000113 0.000151 0.000681 70.145630
4.291791 1528206434.610180 0.000114 0.000147 0.000684 69.861471
4.304111 1528206434.622500 0.000114 0.000156 0.000676 69.440632
4.316742 1528206434.635131 0.000115 0.000155 0.000685 69.366848
4.329419 1528206434.647808 0.000114 0.000152 0.000674 69.718389
4.341731 1528206434.660120 0.000115 0.000151 0.000673 69.430116
4.355231 1528206434.673620 0.000114 0.000150 0.000676 69.097779
4.367564 1528206434.685953 0.000116 0.000156 0.000675 69.052962
4.380099 1528206434.698488 0.000114 0.000152 0.000676 68.501078
4.391699 1528206434.710088 0.000116 0.000155 0.000668 67.810875
4.404693 1528206434.723082 0.000118 0.000152 0.000659 65.982577
4.416777 1528206434.735166 0.000123 0.000151 0.000643 63.846125
4.429311 1528206434.747699 0.000125 0.000157 0.000625 61.686945
4.442001 1528206434.760390 0.000126 0.000157 0.000631 58.875137
4.454350 1528206434.772738 0.000126 0.000166 0.000618 56.075953
4.466621 1528206434.785010 0.000127 0.000164 0.000607 55.158783
4.479267 1528206434.797656 0.000126 0.000171 0.000612 53.705536
4.492044 1528206434.810433 0.000126 0.000162 0.000605 53.487310
4.504332 1528206434.822721 0.000127 0.000167 0.000601 52.662273
4.516450 1528206434.834839 0.000127 0.000158 0.000601 52.556164
4.529187 1528206434.847576 0.000126 0.000162 0.000599 52.489410
4.542032 1528206434.860421 0.000127 0.000158 0.000600 52.630071
4.554760 1528206434.873149 0.000127 0.000161 0.000593 52.109333
4.566890 1528206434.885279 0.000127 0.000160 0.000587 52.517449
4.579486 1528206434.897875 0.000127 0.000167 0.000593 52.170266
4.592424 1528206434.910813 0.000128 0.000161 0.000595 52.499344
4.604301 1528206434.922690 0.000127 0.000159 0.000590 52.318236
4.617021 1528206434.935410 0.000129 0.000160 0.000580 52.460080
4.629612 1528206434.948001 0.000129 0.000160 0.000588 52.681031
4.641795 1528206434.960184 0.000128 0.000158 0.000580 52.331022
4.654723 1528206434.973112 0.000130 0.000159 0.000584 52.095617
4.667052 1528206434.985441 0.000130 0.000159 0.000581 52.318675
4.680172 1528206434.998561 0.000130 0.000159 0.000574 51.937492
4.692616 1528206435.011005 0.000128 0.000160 0.000584 51.587990
4.704535 1528206435.022923 0.000124 0.000156 0.000594 51.118056
4.716564 1528206435.034953 0.000120 0.000163 0.000602 51.366152
4.729057 1528206435.047446 0.000117 0.000167 0.000598 52.299405
4.741545 1528206435.059934 0.000115 0.000170 0.000599 52.381273
4.755197 1528206435.073586 0.000116 0.000170 0.000596 52.224317
4.768313 1528206435.086702 0.000115 0.000169 0.000596 52.153603
4.780996 1528206435.099385 0.000117 0.000171 0.000588 51.807367
4.792099 1528206435.110487 0.000117 0.000170 0.000581 51.659718
4.803962 1528206435.122351 0.000117 0.000169 0.000582 51.725991
4.816704 1528206435.135093 0.000117 0.000169 0.000576 51.709937
4.829011 1528206435.147400 0.000118 0.000168 0.000580 51.642582
4.841561 1528206435.159950 0.000117 0.000168 0.000583 51.800902
4.854155 1528206435.172544 0.000119 0.000170 0.000583 52.143492
4.866454 1528206435.184843 0.000118 0.000170 0.000581 52.193760
4.879299 1528206435.197688 0.000118 0.000170 0.000583 52.219922
4.891541 1528206435.209930 0.000118 0.000167 0.000576 51.998094
4.903965 1528206435.222354 0.000117 0.000169 0.000577 52.222504
4.916542 1528206435.234931 0.000121 0.000170 0.000577 51.870690
4.928927 1528206435.247316 0.000118 0.000169 0.000572 51.949343
4.941724 1528206435.260113 0.000117 0.000169 0.000580 52.187480
4.955191 1528206435.273580 0.000120 0.000169 0.000577 51.900427
4.967602 1528206435.285990 0.000118 0.000168 0.000574 51.945334
4.980059 1528206435.298448 0.000118 0.000168 0.000575 52.000239
4.992597 1528206435.310986 0.000118 0.000168 0.000571 51.871892
5.005339 1528206435.323728 0.000118 0.000168 0.000576 52.060672
5.017821 1528206435.336210 0.000120 0.000169 0.000575 51.628461
5.030052 1528206435.348441 0.000119 0.000168 0.000577 51.875278
5.041499 1528206435.359888 0.000122 0.000168 0.000574 51.472938
5.053852 1528206435.372241 0.000121 0.000168 0.000575 51.208647
5.066670 1528206435.385059 0.000121 0.000165 0.000561 51.340270
5.080475 1528206435.398864 0.000127 0.000169 0.000539 52.531168
5.092950 1528206435.411339 0.000132 0.000169 0.000531 52.365217
5.105507 1528206435.423896 0.000135 0.000169 0.000526 51.627857
5.117100 1528206435.435488 0.000133 0.000165 0.000527 50.970018
5.129422 1528206435.447811 0.000134 0.000164 0.000518 50.326499
5.141622 1528206435.460011 0.000133 0.000163 0.000516 49.617668
5.155092 1528206435.473481 0.000131 0.000162 0.000514 49.747415
5.167929 1528206435.486318 0.000133 0.000161 0.000518 48.584977
5.180455 1528206435.498844 0.000130 0.000161 0.000514 49.124355
5.192539 1528206435.510928 0.000130 0.000160 0.000514 49.026307
5.204707 1528206435.523096 0.000131 0.000159 0.000518 48.639885
5.216988 1528206435.535377 0.000131 0.000160 0.000508 48.939329
5.229196 1528206435.547585 0.000131 0.000161 0.000508 48.682095
5.241605 1528206435.559994 0.000130 0.000159 0.000511 48.571032
5.254033 1528206435.572422 0.000130 0.000160 0.000508 48.446860
5.268366 1528206435.586755 0.000130 0.000160 0.000506 48.316260
5.280098 1528206435.598487 0.000130 0.000159 0.000515 48.415029
5.292891 1528206435.611280 0.000131 0.000158 0.000512 48.137213
5.304953 1528206435.623342 0.000129 0.000158 0.000516 48.413948
5.316848 1528206435.635237 0.000130 0.000158 0.000513 47.952379
5.329101 1528206435.647490 0.000131 0.000157 0.000509 47.343606
5.342706 1528206435.661095 0.000130 0.000157 0.000514 47.872928
5.355284 1528206435.673673 0.000129 0.000157 0.000513 47.814062
5.367959 1528206435.686348 0.000129 0.000157 0.000510 47.702434
5.380247 1528206435.698636 0.000129 0.000156 0.000506 47.376953
5.391889 1528206435.710278 0.000129 0.000157 0.000502 47.535568
5.403849 1528206435.722238 0.000129 0.000156 0.000506 47.318307
5.416301 1528206435.734689 0.000129 0.000155 0.000507 47.398712
5.429381 1528206435.747770 0.000127 0.000153 0.000512 46.961614
5.441560 1528206435.759949 0.000128 0.000153 0.000507 47.094563
5.454960 1528206435.773349 0.000127 0.000155 0.000502 47.615794
5.467990 1528206435.786379 0.000127 0.000154 0.000506 47.305771
5.479854 1528206435.798243 0.000128 0.000154 0.000508 47.105804
5.492428 1528206435.810817 0.000128 0.000153 0.000512 46.745042
5.505019 1528206435.823408 0.000132 0.000154 0.000509 46.137694
5.516889 1528206435.835278 0.000128 0.000153 0.000511 46.453001
5.529184 1528206435.847573 0.000127 0.000152 0.000512 46.457057
5.543046 1528206435.861435 0.000131 0.000152 0.000510 46.324246
5.555415 1528206435.873804 0.000127 0.000152 0.000514 46.627402
5.566923 1528206435.885312 0.000126 0.000152 0.000505 46.917563
5.579090 1528206435.897479 0.000126 0.000153 0.000504 46.886911
5.591916 1528206435.910305 0.000125 0.000151 0.000513 46.573055
5.604267 1528206435.922656 0.000126 0.000152 0.000511 46.607976
5.616393 1528206435.934782 0.000126 0.000152 0.000510 46.439717
5.629011 1528206435.947400 0.000125 0.000151 0.000511 46.534172
5.641281 1528206435.959670 0.000128 0.000152 0.000510 46.198726
5.654149 1528206435.972538 0.000125 0.000151 0.000509 46.510787
5.667214 1528206435.985603 0.000124 0.000151 0.000508 46.469192
5.679712 1528206435.998101 0.000126 0.000150 0.000513 45.815388
5.692736 1528206436.011125 0.000127 0.000149 0.000544 44.950625
5.705050 1528206436.023439 0.000129 0.000148 0.000540 44.228862
5.717779 1528206436.036168 0.000131 0.000149 0.000527 43.549328
5.730165 1528206436.048554 0.000131 0.000147 0.000523 42.736331
5.742496 1528206436.060885 0.000131 0.000145 0.000524 41.846015
5.755277 1528206436.073666 0.000130 0.000146 0.000513 41.831608
5.767616 1528206436.086004 0.000129 0.000145 0.000521 41.659919
5.780086 1528206436.098475 0.000128 0.000144 0.000521 41.527764
5.791674 1528206436.110063 0.000127 0.000145 0.000514 41.840702
5.804273 1528206436.122662 0.000128 0.000144 0.000517 41.811021
5.817132 1528206436.135520 0.000127 0.000144 0.000521 41.537801
5.829344 1528206436.147732 0.000126 0.000144 0.000519 41.670084
5.841761 1528206436.160150 0.000126 0.000143 0.000520 41.491251
5.854165 1528206436.172554 0.000126 0.000143 0.000520 41.269131
5.866620 1528206436.185009 0.000126 0.000142 0.000516 41.273364
5.879069 1528206436.197458 0.000125 0.000142 0.000517 41.331586
5.892076 1528206436.210465 0.000125 0.000142 0.000514 41.225614
5.904440 1528206436.222829 0.000125 0.000142 0.000515 41.041606
5.916932 1528206436.235321 0.000124 0.000142 0.000510 41.142622
5.929541 1528206436.247930 0.000124 0.000141 0.000515 41.062783
5.941453 1528206436.259842 0.000125 0.000141 0.000517 40.550373
5.954732 1528206436.273121 0.000124 0.000140 0.000516 40.558504
5.967078 1528206436.285467 0.000124 0.000141 0.000512 40.717130
5.979363 1528206436.297752 0.000124 0.000141 0.000515 40.467377
5.992225 1528206436.310614 0.000125 0.000142 0.000495 40.792828
6.004086 1528206436.322474 0.000125 0.000143 0.000474 40.864648
6.017526 1528206436.335915 0.000128 0.000138 0.000474 39.892652
6.030313 1528206436.348701 0.000128 0.000139 0.000490 38.980278
6.042975 1528206436.361364 0.000127 0.000137 0.000492 38.524828
6.055213 1528206436.373602 0.000128 0.000137 0.000500 38.415753
6.066988 1528206436.385377 0.000128 0.000137 0.000502 38.456212
6.079490 1528206436.397879 0.000129 0.000137 0.000501 38.278075
6.091491 1528206436.409880 0.000128 0.000136 0.000504 38.353297
6.104008 1528206436.422397 0.000128 0.000137 0.000497 38.456724
6.116482 1528206436.434871 0.000129 0.000137 0.000498 38.492289
6.128965 1528206436.447354 0.000128 0.000136 0.000503 38.307965
6.141443 1528206436.459832 0.000128 0.000136 0.000497 38.337854
6.153816 1528206436.472204 0.000128 0.000136 0.000494 38.566831
6.167728 1528206436.486117 0.000129 0.000136 0.000497 38.547903
6.180230 1528206436.498619 0.000131 0.000135 0.000503 38.047173
6.192854 1528206436.511243 0.000128 0.000136 0.000497 38.179899
6.205020 1528206436.523409 0.000128 0.000136 0.000495 38.486875
6.217104 1528206436.535493 0.000128 0.000136 0.000495 38.632282
6.229119 1528206436.547508 0.000130 0.000136 0.000493 38.233573
6.241511 1528206436.559900 0.000129 0.000135 0.000494 38.153684
6.254474 1528206436.572863 0.000130 0.000136 0.000497 37.996035
6.266944 1528206436.585333 0.000129 0.000136 0.000498 38.245811
6.279446 1528206436.597835 0.000130 0.000136 0.000497 38.124330
6.291778 1528206436.610167 0.000130 0.000136 0.000493 38.112569
6.305301 1528206436.623690 0.000129 0.000136 0.000496 38.133388
6.318121 1528206436.636510 0.000129 0.000135 0.000494 38.283992
6.330491 1528206436.648880 0.000129 0.000136 0.000494 38.130930
6.341746 1528206436.660135 0.000128 0.000136 0.000496 38.211771
6.354008 1528206436.672397 0.000129 0.000135 0.000492 38.271047
6.366767 1528206436.685156 0.000129 0.000135 0.000494 38.029493
6.379018 1528206436.697407 0.000129 0.000135 0.000494 37.904528
6.391469 1528206436.709858 0.000129 0.000134 0.000496 38.174493
6.403963 1528206436.722352 0.000129 0.000135 0.000495 38.057002
6.417917 1528206436.736306 0.000129 0.000136 0.000494 38.101180
6.429263 1528206436.747652 0.000129 0.000136 0.000494 37.889399
6.442664 1528206436.761053 0.000128 0.000135 0.000496 38.195184
6.455451 1528206436.773839 0.000128 0.000135 0.000492 38.175302
6.467967 1528206436.786355 0.000128 0.000135 0.000496 38.000618
6.480153 1528206436.798542 0.000128 0.000134 0.000503 37.791199
6.492632 1528206436.811021 0.000128 0.000133 0.000496 37.996176
6.505222 1528206436.823611 0.000127 0.000133 0.000498 38.228800
6.517900 1528206436.836289 0.000128 0.000135 0.000496 37.922469
6.531053 1528206436.849442 0.000128 0.000135 0.000498 37.877052
6.542236 1528206436.860625 0.000128 0.000135 0.000496 37.758739
6.554302 1528206436.872690 0.000128 0.000136 0.000499 37.982134
6.567212 1528206436.885601 0.000129 0.000136 0.000494 37.851861
6.579640 1528206436.898029 0.000129 0.000135 0.000498 37.832368
6.591925 1528206436.910314 0.000109 0.000140 0.000398 47.707019
6.604427 1528206436.922816 0.000130 0.000136 0.000500 37.687712
6.617398 1528206436.935787 0.000128 0.000135 0.000490 38.231019
6.629724 1528206436.948113 0.000132 0.000137 0.000495 37.801566
6.642194 1528206436.960582 0.000129 0.000136 0.000493 37.885295
6.655334 1528206436.973723 0.000129 0.000136 0.000493 38.338333
6.667733 1528206436.986122 0.000132 0.000137 0.000500 37.809696
6.680129 1528206436.998518 0.000129 0.000136 0.000495 38.255444
6.692094 1528206437.010483 0.000129 0.000138 0.000495 38.153998
6.704235 1528206437.022624 0.000131 0.000139 0.000491 37.561954
6.716794 1528206437.035183 0.000130 0.000135 0.000511 36.327330
6.729311 1528206437.047699 0.000131 0.000136 0.000521 35.643548
6.742103 1528206437.060492 0.000131 0.000135 0.000526 35.711846
6.754457 1528206437.072846 0.000129 0.000136 0.000538 35.445733
6.767160 1528206437.085549 0.000128 0.000137 0.000545 35.420242
6.779540 1528206437.097929 0.000128 0.000137 0.000552 35.584457
6.792102 1528206437.110491 0.000129 0.000140 0.000542 35.043782
6.805288 1528206437.123677 0.000128 0.000135 0.000531 36.034139
6.817910 1528206437.136299 0.000128 0.000137 0.000538 35.391138
6.830448 1528206437.148837 0.000128 0.000137 0.000538 35.082425
6.842160 1528206437.160549 0.000128 0.000138 0.000538 35.341895
6.854294 1528206437.172683 0.000128 0.000139 0.000541 35.146187
6.867041 1528206437.185430 0.000128 0.000139 0.000534 35.263927
6.879560 1528206437.197949 0.000127 0.000139 0.000537 34.940423
6.892907 1528206437.211296 0.000127 0.000138 0.000537 35.410138
6.905695 1528206437.224084 0.000127 0.000139 0.000532 35.236887
6.918084 1528206437.236473 0.000127 0.000138 0.000533 35.282270
6.930480 1528206437.248869 0.000127 0.000139 0.000531 35.462013
6.943067 1528206437.261456 0.000128 0.000142 0.000536 34.878186
6.955390 1528206437.273779 0.000128 0.000143 0.000535 34.621300
6.967846 1528206437.286235 0.000127 0.000143 0.000536 34.682058
6.980162 1528206437.298551 0.000127 0.000139 0.000534 35.323686
6.992403 1528206437.310792 0.000127 0.000140 0.000531 34.953293
7.005063 1528206437.323452 0.000127 0.000138 0.000531 35.451660
7.017551 1528206437.335940 0.000127 0.000140 0.000530 34.849745
7.029856 1528206437.348245 0.000127 0.000140 0.000532 35.160769
7.042146 1528206437.360535 0.000127 0.000140 0.000532 35.125408
7.054586 1528206437.372975 0.000127 0.000140 0.000534 35.095232
7.067146 1528206437.385535 0.000128 0.000140 0.000534 34.957492
7.079787 1528206437.398176 0.000128 0.000142 0.000533 34.431178
7.092535 1528206437.410923 0.000127 0.000139 0.000532 35.136989
7.104782 1528206437.423171 0.000127 0.000141 0.000533 34.735608
7.117398 1528206437.435786 0.000127 0.000141 0.000542 34.330722
7.130013 1528206437.448402 0.000125 0.000141 0.000563 32.566620
7.142098 1528206437.460487 0.000121 0.000140 0.000599 30.906291
7.154718 1528206437.473107 0.000118 0.000137 0.000645 29.338185
7.167215 1528206437.485604 0.000117 0.000138 0.000705 28.844508
7.179522 1528206437.497911 0.000116 0.000131 0.000692 28.423336
7.192363 1528206437.510752 0.000117 0.000130 0.000702 28.098992
7.205155 1528206437.523544 0.000116 0.000128 0.000708 28.386622
7.217316 1528206437.535705 0.000117 0.000127 0.000708 28.627422
7.229817 1528206437.548206 0.000117 0.000126 0.000712 28.692587
7.242194 1528206437.560583 0.000116 0.000128 0.000709 28.784916
7.254973 1528206437.573362 0.000116 0.000127 0.000741 29.515509
7.267422 1528206437.585811 0.000116 0.000126 0.000710 29.078151
7.280506 1528206437.598895 0.000115 0.000127 0.000737 29.653372
7.292953 1528206437.611342 0.000116 0.000125 0.000717 29.093015
7.305499 1528206437.623888 0.000115 0.000126 0.000744 29.699111
7.318008 1528206437.636397 0.000115 0.000126 0.000745 29.642180
7.330155 1528206437.648544 0.000115 0.000126 0.000746 29.532825
7.341893 1528206437.660282 0.000115 0.000125 0.000712 28.979676
7.354603 1528206437.672992 0.000115 0.000125 0.000745 29.345905
7.366783 1528206437.685172 0.000114 0.000125 0.000743 29.567499
7.379519 1528206437.697908 0.000115 0.000124 0.000742 29.491403
7.392974 1528206437.711363 0.000114 0.000125 0.000745 29.546418
7.405797 1528206437.724186 0.000114 0.000125 0.000746 29.582214
7.417996 1528206437.736385 0.000115 0.000124 0.000717 29.013092
7.429961 1528206437.748350 0.000114 0.000124 0.000718 29.815682
7.441897 1528206437.760286 0.000116 0.000122 0.000701 30.993650
7.454707 1528206437.773096 0.000119 0.000120 0.000679 31.816851
7.466599 1528206437.784988 0.000119 0.000122 0.000668 31.971592
7.480078 1528206437.798466 0.000119 0.000123 0.000670 32.009425
7.492370 1528206437.810759 0.000119 0.000123 0.000698 32.419418
7.504367 1528206437.822756 0.000120 0.000124 0.000701 32.300142
7.516716 1528206437.835105 0.000121 0.000123 0.000680 32.170698
7.529210 1528206437.847599 0.000120 0.000127 0.000703 32.236589
7.541492 1528206437.859881 0.000121 0.000127 0.000680 31.763082
7.554055 1528206437.872444 0.000121 0.000124 0.000692 32.706988
7.568022 1528206437.886410 0.000121 0.000124 0.000705 32.916978
7.580488 1528206437.898877 0.000120 0.000124 0.000701 32.934560
7.593025 1528206437.911414 0.000120 0.000125 0.000699 32.865894
7.605689 1528206437.924078 0.000120 0.000125 0.000702 32.958057
7.618337 1528206437.936726 0.000120 0.000125 0.000705 32.640214
7.630006 1528206437.948395 0.000118 0.000127 0.000716 33.164468
7.642199 1528206437.960588 0.000119 0.000135 0.000710 33.262775
7.654552 1528206437.972941 0.000118 0.000130 0.000701 35.207190
7.668075 1528206437.986464 0.000122 0.000129 0.000713 36.959404
7.680778 1528206437.999167 0.000125 0.000139 0.000691 38.566552
7.692948 1528206438.011337 0.000129 0.000132 0.000695 42.312023
7.705384 1528206438.023773 0.000128 0.000137 0.000702 44.949605
7.716827 1528206438.035216 0.000123 0.000141 0.000736 47.602617
7.729245 1528206438.047634 0.000119 0.000146 0.000769 48.968819
7.742942 1528206438.061331 0.000112 0.000151 0.000794 49.912839
7.755910 1528206438.074299 0.000106 0.000156 0.000826 50.799623
7.767755 1528206438.086144 0.000104 0.000160 0.000861 52.070425
7.779473 1528206438.097862 0.000103 0.000166 0.000874 53.516769
7.793356 1528206438.111745 0.000103 0.000174 0.000887 54.409756
7.805396 1528206438.123785 0.000101 0.000167 0.000869 55.519428
7.818172 1528206438.136561 0.000098 0.000166 0.000888 54.678323
7.831124 1528206438.149513 0.000091 0.000169 0.000937 54.137219
7.843453 1528206438.161842 0.000097 0.000185 0.000931 54.780041
7.854756 1528206438.173145 0.000111 0.000223 0.000813 57.220842
7.867309 1528206438.185698 0.000199 0.000277 0.000705 56.371284
7.879713 1528206438.198102 0.000194 0.000539 0.000676 10.981881
7.892623 1528206438.211012 0.000197 0.000406 0.000922 8.102929
7.905393 1528206438.223782 0.000350 0.000419 0.000888 35.835371
7.917562 1528206438.235951 0.000202 0.000577 0.001118 89.900747
7.929721 1528206438.248110 0.000084 0.000719 0.001607 84.005059
7.942382 1528206438.260771 0.000129 0.000781 0.001166 81.780756
7.954634 1528206438.273023 0.000120 0.000459 0.000947 75.489390
7.967424 1528206438.285813 0.000135 0.000175 0.000893 73.022350
7.979756 1528206438.298145 0.000127 0.000167 0.000957 68.639668
7.992655 1528206438.311044 0.000125 0.000168 0.000934 65.052137
8.005308 1528206438.323697 0.000124 0.000160 0.000953 61.415603
8.017953 1528206438.336342 0.000121 0.000159 0.000859 57.307640
8.030563 1528206438.348952 0.000121 0.000146 0.000524 50.550618
8.043384 1528206438.361773 0.000119 0.000148 0.000518 48.419503
8.055793 1528206438.374182 0.000116 0.000161 0.000507 44.915488
8.067645 1528206438.386034 0.000116 0.000150 0.000512 45.210206
8.079674 1528206438.398063 0.000117 0.000146 0.000529 44.244889
8.091733 1528206438.410122 0.000118 0.000145 0.000534 44.395823
8.105068 1528206438.423457 0.000115 0.000148 0.000533 43.988830
8.117160 1528206438.435549 0.000113 0.000148 0.000531 43.082338
8.129590 1528206438.447978 0.000112 0.000145 0.000535 42.790628
8.141935 1528206438.460324 0.000112 0.000145 0.000535 42.350511
8.154928 1528206438.473317 0.000113 0.000146 0.000525 42.661163
8.167265 1528206438.485654 0.000114 0.000145 0.000522 43.185417
8.179834 1528206438.498223 0.000114 0.000147 0.000504 42.992206
8.193348 1528206438.511737 0.000115 0.000147 0.000502 43.683664
8.205472 1528206438.523861 0.000117 0.000151 0.000495 44.793674
8.218072 1528206438.536461 0.000117 0.000159 0.000496 44.399741
8.230730 1528206438.549119 0.000120 0.000148 0.000490 46.957295
8.243191 1528206438.561579 0.000123 0.000149 0.000487 47.601808
8.255767 1528206438.574156 0.000127 0.000165 0.000497 47.285909
8.268203 1528206438.586592 0.000125 0.000143 0.000494 48.560139
8.280097 1528206438.598486 0.000122 0.000148 0.000515 48.275137
8.292407 1528206438.610796 0.000122 0.000153 0.000535 46.319444
8.304872 1528206438.623261 0.000122 0.000151 0.000551 46.376596
8.317303 1528206438.635692 0.000119 0.000143 0.000553 47.312612
8.330963 1528206438.649352 0.000120 0.000146 0.000575 45.590137
8.343137 1528206438.661526 0.000121 0.000144 0.000596 46.316042
8.356120 1528206438.674509 0.000118 0.000149 0.000620 45.037127
8.368058 1528206438.686447 0.000118 0.000143 0.000643 44.529029
8.380623 1528206438.699012 0.000118 0.000137 0.000657 43.791467
8.392123 1528206438.710512 0.000117 0.000130 0.000655 42.701122
8.404801 1528206438.723190 0.000117 0.000130 0.000648 42.576238
8.417288 1528206438.735677 0.000116 0.000132 0.000634 42.331118
8.429533 1528206438.747922 0.000116 0.000129 0.000639 41.881917
8.443113 1528206438.761502 0.000114 0.000126 0.000642 40.880014
8.455856 1528206438.774245 0.000113 0.000125 0.000645 41.167632
8.468965 1528206438.787354 0.000113 0.000125 0.000644 40.743360
8.479975 1528206438.798364 0.000113 0.000125 0.000652 40.461523
8.492442 1528206438.810831 0.000112 0.000123 0.000642 40.215706
8.504629 1528206438.823018 0.000111 0.000122 0.000639 39.326071
8.517058 1528206438.835447 0.000111 0.000121 0.000642 39.311482
8.529619 1528206438.848008 0.000112 0.000119 0.000645 39.831394
8.542056 1528206438.860445 0.000113 0.000123 0.000647 39.776649
8.554751 1528206438.873140 0.000112 0.000123 0.000632 39.723713
8.568069 1528206438.886458 0.000113 0.000121 0.000628 38.913311
8.580427 1528206438.898816 0.000114 0.000121 0.000634 39.155510
8.592746 1528206438.911135 0.000113 0.000123 0.000639 39.840177
8.604833 1528206438.923222 0.000114 0.000123 0.000631 39.734745
8.617041 1528206438.935430 0.000114 0.000120 0.000625 39.134165
8.630665 1528206438.949054 0.000116 0.000119 0.000657 39.072153
8.643100 1528206438.961488 0.000115 0.000120 0.000659 39.606382
8.655007 1528206438.973396 0.000115 0.000122 0.000654 39.509184
8.667130 1528206438.985519 0.000115 0.000121 0.000648 39.815508
8.679547 1528206438.997936 0.000116 0.000120 0.000649 39.112710
8.691677 1528206439.010066 0.000116 0.000118 0.000684 39.451220
8.704361 1528206439.022750 0.000114 0.000122 0.000684 39.894566
8.716952 1528206439.035341 0.000116 0.000121 0.000663 39.863210
8.729596 1528206439.047985 0.000115 0.000120 0.000646 39.406214
8.742633 1528206439.061022 0.000117 0.000118 0.000666 39.456021
8.754621 1528206439.073010 0.000116 0.000118 0.000691 39.550494
8.767039 1528206439.085428 0.000115 0.000120 0.000675 39.547807
8.779513 1528206439.097902 0.000116 0.000121 0.000654 39.922097
8.791791 1528206439.110180 0.000115 0.000121 0.000659 38.704352
8.804204 1528206439.122593 0.000114 0.000120 0.000681 38.348876
8.818087 1528206439.136476 0.000109 0.000118 0.000711 38.075543
8.829937 1528206439.148326 0.000106 0.000118 0.000749 37.863789
8.841999 1528206439.160388 0.000106 0.000117 0.000739 37.585322
8.854506 1528206439.172895 0.000106 0.000117 0.000723 36.745534
8.867004 1528206439.185393 0.000104 0.000115 0.000755 36.443062
8.879514 1528206439.197903 0.000103 0.000116 0.000745 36.251271
8.892050 1528206439.210439 0.000105 0.000117 0.000730 36.199631
8.904242 1528206439.222631 0.000105 0.000117 0.000701 35.638883
8.916923 1528206439.235312 0.000104 0.000116 0.000712 35.625466
8.929179 1528206439.247568 0.000103 0.000116 0.000734 35.467685
8.941886 1528206439.260275 0.000104 0.000116 0.000718 35.415383
8.954427 1528206439.272816 0.000104 0.000117 0.000713 35.664053
8.966913 1528206439.285302 0.000105 0.000117 0.000682 35.341055
8.979567 1528206439.297956 0.000104 0.000117 0.000699 35.593199
8.991825 1528206439.310214 0.000104 0.000115 0.000720 35.654011
9.004478 1528206439.322867 0.000105 0.000116 0.000711 35.503221
9.016963 1528206439.335352 0.000104 0.000117 0.000685 35.334937
9.029336 1528206439.347725 0.000105 0.000118 0.000675 35.315056
9.041865 1528206439.360254 0.000104 0.000118 0.000696 35.382117
9.054599 1528206439.372988 0.000103 0.000115 0.000716 35.502797
9.068286 1528206439.386675 0.000103 0.000115 0.000714 35.580580
9.080431 1528206439.398819 0.000104 0.000117 0.000683 36.032165
9.093107 1528206439.411495 0.000105 0.000116 0.000673 35.670117
9.104797 1528206439.423186 0.000103 0.000116 0.000698 36.019135
9.117175 1528206439.435564 0.000103 0.000116 0.000720 36.120947
9.129978 1528206439.448367 0.000104 0.000115 0.000698 35.917838
9.142025 1528206439.460414 0.000104 0.000116 0.000695 36.666342
9.155548 1528206439.473937 0.000105 0.000116 0.000693 36.433445
9.167962 1528206439.486351 0.000108 0.000115 0.000694 35.790824
9.180167 1528206439.498556 0.000111 0.000112 0.000708 35.862308
9.193314 1528206439.511703 0.000111 0.000112 0.000685 36.514180
9.205628 1528206439.524017 0.000111 0.000115 0.000677 37.436550
9.217999 1528206439.536388 0.000110 0.000115 0.000679 37.375627
9.230141 1528206439.548530 0.000109 0.000113 0.000730 37.544030
9.241957 1528206439.560346 0.000108 0.000111 0.000768 38.092213
9.254813 1528206439.573202 0.000110 0.000112 0.000753 37.822412
9.268024 1528206439.586413 0.000111 0.000112 0.000734 38.092696
9.280567 1528206439.598956 0.000111 0.000112 0.000739 38.085004
9.292801 1528206439.611190 0.000108 0.000112 0.000755 38.186523
9.304587 1528206439.622976 0.000108 0.000112 0.000772 38.311356
9.317135 1528206439.635524 0.000106 0.000111 0.000778 38.823224
9.330348 1528206439.648737 0.000109 0.000112 0.000743 38.515810
9.343323 1528206439.661712 0.000109 0.000113 0.000746 38.147498
9.355792 1528206439.674181 0.000109 0.000113 0.000746 38.466458
9.368391 1528206439.686779 0.000109 0.000113 0.000748 38.447367
9.379992 1528206439.698381 0.000110 0.000113 0.000742 38.385414
9.392268 1528206439.710657 0.000110 0.000113 0.000731 38.534690
9.404833 1528206439.723222 0.000110 0.000113 0.000731 38.489566
9.417511 1528206439.735899 0.000108 0.000113 0.000742 38.390461
9.429899 1528206439.748288 0.000109 0.000112 0.000752 38.335460
9.442384 1528206439.760773 0.000110 0.000113 0.000745 38.537552
9.454845 1528206439.773234 0.000110 0.000113 0.000725 38.529432
9.467350 1528206439.785739 0.000110 0.000113 0.000734 38.346517
9.479941 1528206439.798330 0.000110 0.000113 0.000730 38.379303
9.493128 1528206439.811517 0.000110 0.000112 0.000728 38.614557
9.505729 1528206439.824118 0.000110 0.000112 0.000724 38.420004
9.518416 1528206439.836805 0.000110 0.000112 0.000724 38.477742
9.531265 1528206439.849653 0.000109 0.000112 0.000723 38.311726
9.543540 1528206439.861929 0.000110 0.000111 0.000727 38.118616
9.556307 1528206439.874696 0.000109 0.000111 0.000722 38.226774
9.568402 1528206439.886791 0.000108 0.000111 0.000726 38.213933
9.580703 1528206439.899092 0.000106 0.000110 0.000723 38.185219
9.592467 1528206439.910856 0.000109 0.000110 0.000721 37.906936
9.604557 1528206439.922946 0.000108 0.000110 0.000722 37.875076
9.617019 1528206439.935408 0.000105 0.000110 0.000722 38.217039
9.629378 1528206439.947767 0.000108 0.000109 0.000724 37.711598
9.642213 1528206439.960602 0.000108 0.000109 0.000729 37.526589
9.656087 1528206439.974476 0.000108 0.000109 0.000720 37.712111
9.668776 1528206439.987165 0.000107 0.000109 0.000729 37.544466
9.680748 1528206439.999137 0.000107 0.000109 0.000726 37.213841
9.692762 1528206440.011151 0.000107 0.000109 0.000726 37.386163
9.704952 1528206440.023341 0.000106 0.000109 0.000736 37.168230
9.717216 1528206440.035605 0.000104 0.000109 0.000728 37.627129
9.729916 1528206440.048305 0.000107 0.000109 0.000727 37.268344
9.742022 1528206440.060411 0.000106 0.000109 0.000735 37.534548
9.754585 1528206440.072974 0.000105 0.000110 0.000745 37.655427
9.767473 1528206440.085862 0.000107 0.000109 0.000758 37.325376
9.780121 1528206440.098510 0.000107 0.000109 0.000771 37.038617
9.793349 1528206440.111738 0.000108 0.000109 0.000765 36.746626
9.805835 1528206440.124224 0.000107 0.000109 0.000777 35.980910
9.818079 1528206440.136468 0.000105 0.000107 0.000774 36.277182
9.830209 1528206440.148598 0.000105 0.000108 0.000769 36.563098
9.843053 1528206440.161442 0.000106 0.000108 0.000774 36.117386
9.856347 1528206440.174736 0.000106 0.000107 0.000779 36.352080
9.868613 1528206440.187002 0.000106 0.000108 0.000777 36.296290
9.880706 1528206440.199095 0.000107 0.000107 0.000771 36.371853
9.892348 1528206440.210737 0.000106 0.000107 0.000784 35.902369
9.904752 1528206440.223141 0.000106 0.000107 0.000775 36.404628
9.918291 1528206440.236680 0.000105 0.000107 0.000780 36.399082
9.931128 1528206440.249517 0.000106 0.000107 0.000785 35.915009
9.945856 1528206440.264245 0.000103 0.000107 0.000770 36.378615
9.955528 1528206440.273917 0.000106 0.000107 0.000778 36.161102
9.967538 1528206440.285927 0.000105 0.000107 0.000778 36.242856
9.979624 1528206440.298013 0.000106 0.000107 0.000784 36.242363
9.992329 1528206440.310718 0.000106 0.000107 0.000773 36.417465
10.004653 1528206440.323042 0.000106 0.000107 0.000781 36.351199
10.017251 1528206440.335639 0.000107 0.000107 0.000768 36.306900
10.029970 1528206440.348359 0.000106 0.000107 0.000776 36.166038
10.043009 1528206440.361398 0.000106 0.000107 0.000784 36.177752
10.055407 1528206440.373796 0.000106 0.000108 0.000766 36.473544
10.067918 1528206440.386307 0.000105 0.000107 0.000778 36.170009
10.080400 1528206440.398789 0.000105 0.000107 0.000779 36.397168
10.093097 1528206440.411486 0.000106 0.000107 0.000775 36.259880
10.105535 1528206440.423924 0.000103 0.000107 0.000777 36.614353
10.117908 1528206440.436297 0.000106 0.000107 0.000775 36.410744
10.130845 1528206440.449234 0.000106 0.000107 0.000780 36.034425
10.142990 1528206440.461379 0.000106 0.000108 0.000767 36.375338
10.155606 1528206440.473995 0.000106 0.000107 0.000773 36.610287
10.168409 1528206440.486798 0.000106 0.000107 0.000772 36.487169
10.179992 1528206440.498381 0.000107 0.000108 0.000773 36.520667
10.192374 1528206440.510763 0.000106 0.000107 0.000777 36.544168
10.204998 1528206440.523387 0.000106 0.000108 0.000767 36.450691
10.217270 1528206440.535659 0.000105 0.000107 0.000765 36.653706
10.230134 1528206440.548523 0.000107 0.000108 0.000761 36.595835
10.242163 1528206440.560552 0.000107 0.000109 0.000749 36.720660
10.254799 1528206440.573188 0.000106 0.000112 0.000762 35.328422
10.267189 1528206440.585578 0.000104 0.000115 0.000770 34.882826
10.280190 1528206440.598578 0.000103 0.000118 0.000789 34.276617
10.292455 1528206440.610844 0.000103 0.000117 0.000797 34.138932
10.305153 1528206440.623542 0.000103 0.000117 0.000802 34.300932
10.317233 1528206440.635622 0.000103 0.000118 0.000799 33.966281
10.329932 1528206440.648321 0.000103 0.000118 0.000803 33.682695
10.342087 1528206440.660476 0.000103 0.000118 0.000807 33.579167
10.354668 1528206440.673057 0.000103 0.000118 0.000807 33.453680
10.368287 1528206440.686676 0.000103 0.000118 0.000803 33.809996
10.380794 1528206440.699183 0.000103 0.000119 0.000800 33.869150
10.392577 1528206440.710966 0.000103 0.000119 0.000806 33.804448
10.404932 1528206440.723321 0.000103 0.000119 0.000809 33.793768
10.417584 1528206440.735973 0.000104 0.000120 0.000794 33.998816
10.431064 1528206440.749453 0.000104 0.000122 0.000803 33.854699
10.443559 1528206440.761948 0.000104 0.000122 0.000799 34.017667
10.455832 1528206440.774220 0.000104 0.000122 0.000803 34.092625
10.467335 1528206440.785723 0.000105 0.000122 0.000788 34.535590
10.479722 1528206440.798111 0.000105 0.000122 0.000789 34.270569
10.492539 1528206440.810928 0.000106 0.000120 0.000787 34.513047
10.504916 1528206440.823305 0.000105 0.000122 0.000792 34.062947
10.517357 1528206440.835746 0.000105 0.000124 0.000789 34.151305
10.529861 1528206440.848250 0.000105 0.000124 0.000793 34.177686
10.542696 1528206440.861084 0.000106 0.000125 0.000790 34.156020
10.555052 1528206440.873441 0.000106 0.000124 0.000789 34.336309
10.567504 1528206440.885893 0.000106 0.000124 0.000795 34.305882
10.580179 1528206440.898568 0.000106 0.000126 0.000791 34.463703
10.592823 1528206440.911212 0.000106 0.000127 0.000790 34.296368
10.605273 1528206440.923662 0.000107 0.000126 0.000789 35.065678
10.617531 1528206440.935920 0.000110 0.000124 0.000783 36.813207
10.629830 1528206440.948219 0.000112 0.000127 0.000762 38.825142
10.642833 1528206440.961222 0.000115 0.000130 0.000740 41.113960
10.655125 1528206440.973514 0.000118 0.000133 0.000734 43.394769
10.667403 1528206440.985792 0.000120 0.000138 0.000735 45.527387
10.679884 1528206440.998273 0.000124 0.000140 0.000738 46.607957
10.692428 1528206441.010817 0.000126 0.000140 0.000735 48.459567
10.704913 1528206441.023302 0.000127 0.000142 0.000756 50.336349
10.717567 1528206441.035956 0.000127 0.000143 0.000755 51.497735
10.729901 1528206441.048290 0.000125 0.000146 0.000771 53.832549
10.742670 1528206441.061059 0.000120 0.000146 0.000823 55.160750
10.755054 1528206441.073443 0.000120 0.000145 0.000869 56.635852
10.767717 1528206441.086106 0.000129 0.000153 0.000882 58.334614
10.779932 1528206441.098321 0.000154 0.000189 0.000800 57.017438
10.792330 1528206441.110719 0.000119 0.000408 0.000782 51.243953
10.804976 1528206441.123365 0.000077 0.000457 0.001075 30.343933
10.817751 1528206441.136140 0.000191 0.000481 0.000894 20.972603
10.830256 1528206441.148644 0.000192 0.000759 0.000953 76.132033
10.843036 1528206441.161425 0.000421 0.001160 0.001314 66.430923
10.855601 1528206441.173990 0.000274 0.000429 0.000961 66.044868
10.868374 1528206441.186763 0.000171 0.000283 0.000707 40.425114
10.880291 1528206441.198680 0.000110 0.000352 0.000637 18.097492
10.893503 1528206441.211892 0.000080 0.000199 0.000543 57.005141
10.905865 1528206441.224254 0.000064 0.000141 0.000389 63.932537
10.917705 1528206441.236094 0.000054 0.000105 0.000379 73.884208
10.929631 1528206441.248020 0.000005 0.000019 0.000201 82.580603
11.255925 1528206441.574314 0.000003 0.000017 0.000113 60.885934
11.280625 1528206441.599014 0.000140 0.000203 0.000982 81.236254
11.294316 1528206441.612705 0.000119 0.000231 0.000535 18.931922
11.305957 1528206441.624346 0.000129 0.000164 0.000827 25.153062
11.317794 1528206441.636183 0.000115 0.000396 0.001254 31.441770
11.330072 1528206441.648461 0.000163 0.000643 0.001382 52.345269
11.342778 1528206441.661167 0.000277 0.000527 0.001034 44.705679
11.356194 1528206441.674582 0.000209 0.000246 0.000972 28.530155
11.368661 1528206441.687050 0.000138 0.000366 0.001184 27.172810
11.380994 1528206441.699383 0.000284 0.000501 0.001172 35.839143
11.393412 1528206441.711801 0.000197 0.000397 0.001311 45.030390
11.405271 1528206441.723660 0.000147 0.000357 0.000816 13.898260
11.417600 1528206441.735989 0.000139 0.000354 0.001058 32.714260
11.430075 1528206441.748464 0.000180 0.000210 0.001733 52.448628
11.442626 1528206441.761015 0.000106 0.000665 0.001231 44.300147
11.455047 1528206441.773436 0.000049 0.000210 0.000638 13.377170
11.468029 1528206441.786417 0.000025 0.000170 0.000544 25.333706
