-4.467677 1528481827.553607 0.000009 0.000029 0.000879 70.436872
-4.455157 1528481827.566127 0.000028 0.000084 0.001036 50.073982
-4.442456 1528481827.578828 0.000095 0.000159 0.000431 44.306785
-4.429149 1528481827.592134 0.000156 0.000169 0.000410 62.261559
-4.417604 1528481827.603680 0.000146 0.000288 0.000419 87.894078
-4.405124 1528481827.616159 0.000209 0.000308 0.000443 79.490281
-4.392999 1528481827.628284 0.000130 0.000322 0.000722 80.612786
-4.379602 1528481827.641682 0.000330 0.000463 0.001315 66.038974
-4.366930 1528481827.654353 0.000086 0.000203 0.001162 38.564428
-4.355168 1528481827.666116 0.000107 0.000237 0.001195 46.891692
-4.342917 1528481827.678367 0.000073 0.000177 0.000609 72.016882
-4.330246 1528481827.691038 0.000075 0.000151 0.000605 67.547051
-4.316262 1528481827.705021 0.000077 0.000130 0.000574 56.751343
-4.305335 1528481827.715949 0.000085 0.000124 0.000473 52.140093
-4.292454 1528481827.728829 0.000099 0.000118 0.000399 47.953993
-4.280486 1528481827.740798 0.000106 0.000116 0.000441 44.514619
-4.267438 1528481827.753845 0.000112 0.000115 0.000497 43.072126
-4.255005 1528481827.766279 0.000112 0.000119 0.000560 43.535596
-4.242960 1528481827.778324 0.000109 0.000123 0.000616 45.103688
-4.230683 1528481827.790601 0.000109 0.000122 0.000659 47.041490
-4.217846 1528481827.803438 0.000109 0.000126 0.000674 49.667735
-4.205304 1528481827.815980 0.000109 0.000126 0.000695 52.198465
-4.193005 1528481827.828279 0.000109 0.000124 0.000748 53.166911
-4.180630 1528481827.840654 0.000109 0.000123 0.000754 53.110607
-4.167544 1528481827.853740 0.000108 0.000121 0.000683 50.947804
-4.155210 1528481827.866074 0.000108 0.000119 0.000654 49.150710
-4.142656 1528481827.878628 0.000109 0.000119 0.000633 47.887807
-4.130236 1528481827.891047 0.000109 0.000121 0.000628 47.758158
-4.117553 1528481827.903731 0.000109 0.000121 0.000622 47.818887
-4.104903 1528481827.916380 0.000110 0.000123 0.000619 48.174302
-4.092716 1528481827.928568 0.000108 0.000123 0.000617 49.084760
-4.079958 1528481827.941326 0.000110 0.000125 0.000610 50.661274
-4.067382 1528481827.953902 0.000110 0.000127 0.000619 51.184043
-4.054995 1528481827.966289 0.000110 0.000127 0.000623 51.610663
-4.042265 1528481827.979019 0.000110 0.000126 0.000619 51.916888
-4.030151 1528481827.991133 0.000110 0.000126 0.000618 51.196116
-4.017490 1528481828.003793 0.000112 0.000127 0.000608 49.943762
-4.003826 1528481828.017458 0.000112 0.000127 0.000602 49.362519
-3.992217 1528481828.029067 0.000113 0.000127 0.000606 49.480068
-3.980284 1528481828.041000 0.000113 0.000125 0.000608 50.127051
-3.966956 1528481828.054328 0.000112 0.000122 0.000618 52.069412
-3.954385 1528481828.066899 0.000112 0.000120 0.000625 53.994111
-3.942286 1528481828.078998 0.000113 0.000119 0.000653 55.908177
-3.930392 1528481828.090892 0.000115 0.000128 0.000673 58.033756
-3.917581 1528481828.103703 0.000108 0.000126 0.000702 60.916636
-3.904405 1528481828.116879 0.000104 0.000132 0.000720 64.370660
-3.891989 1528481828.129294 0.000101 0.000141 0.000743 67.386158
-3.879682 1528481828.141602 0.000102 0.000148 0.000752 70.985715
-3.866590 1528481828.154693 0.000101 0.000152 0.000772 74.002378
-3.854197 1528481828.167087 0.000100 0.000157 0.000783 77.558285
-3.842488 1528481828.178796 0.000101 0.000162 0.000795 81.297979
-3.830368 1528481828.190916 0.000098 0.000173 0.000807 84.343008
-3.817979 1528481828.203305 0.000097 0.000182 0.000822 86.956298
-3.805130 1528481828.216154 0.000097 0.000191 0.000828 89.265104
-3.792712 1528481828.228572 0.000097 0.000200 0.000839 91.626534
-3.780337 1528481828.240947 0.000097 0.000202 0.000842 93.713780
-3.766743 1528481828.254541 0.000098 0.000207 0.000836 95.710734
-3.754689 1528481828.266595 0.000096 0.000209 0.000830 97.346254
-3.742098 1528481828.279186 0.000095 0.000214 0.000831 98.805612
-3.729478 1528481828.291806 0.000091 0.000265 0.000818 100.275531
-3.717038 1528481828.304245 0.000089 0.000279 0.000850 101.519402
-3.704839 1528481828.316445 0.000089 0.000281 0.000848 102.729747
-3.692674 1528481828.328610 0.000088 0.000282 0.000849 103.982842
-3.680152 1528481828.341132 0.000088 0.000285 0.000861 104.649092
-3.667718 1528481828.353566 0.000087 0.000283 0.000858 105.406433
-3.655060 1528481828.366224 0.000087 0.000278 0.000854 106.068510
-3.642581 1528481828.378703 0.000086 0.000280 0.000858 105.923843
-3.630378 1528481828.390906 0.000087 0.000285 0.000856 105.330092
-3.617560 1528481828.403723 0.000086 0.000289 0.000848 104.956398
-3.604513 1528481828.416770 0.000087 0.000291 0.000832 104.533273
-3.591993 1528481828.429291 0.000087 0.000293 0.000824 103.653147
-3.579163 1528481828.442121 0.000086 0.000293 0.000836 102.760294
-3.567312 1528481828.453972 0.000085 0.000288 0.000871 102.298433
-3.555058 1528481828.466226 0.000085 0.000268 0.000901 102.428550
-3.542290 1528481828.478994 0.000086 0.000245 0.000913 103.294729
-3.529875 1528481828.491409 0.000086 0.000238 0.000914 104.384500
-3.517355 1528481828.503929 0.000085 0.000237 0.000922 105.289998
-3.505034 1528481828.516250 0.000087 0.000204 0.000887 106.065470
-3.492268 1528481828.529016 0.000089 0.000165 0.000874 105.558012
-3.480122 1528481828.541162 0.000090 0.000160 0.000870 105.044084
-3.467506 1528481828.553777 0.000091 0.000161 0.000851 105.143026
-3.454378 1528481828.566905 0.000092 0.000163 0.000831 105.236736
-3.441819 1528481828.579464 0.000091 0.000173 0.000815 105.318506
-3.429303 1528481828.591981 0.000089 0.000192 0.000807 104.993103
-3.416962 1528481828.604321 0.000091 0.000228 0.000750 104.873574
-3.404306 1528481828.616978 0.000088 0.000259 0.000751 103.456925
-3.392079 1528481828.629205 0.000085 0.000283 0.000803 101.434843
-3.379663 1528481828.641620 0.000080 0.000318 0.000796 98.424568
-3.367047 1528481828.654237 0.000078 0.000342 0.000810 96.070108
-3.354275 1528481828.667009 0.000077 0.000358 0.000799 94.624379
-3.342376 1528481828.678908 0.000077 0.000364 0.000784 94.266538
-3.329351 1528481828.691932 0.000078 0.000365 0.000778 93.904212
-3.316821 1528481828.704463 0.000079 0.000369 0.000766 93.530679
-3.304205 1528481828.717079 0.000078 0.000373 0.000779 93.213937
-3.291879 1528481828.729405 0.000080 0.000370 0.000779 93.569736
-3.279160 1528481828.742124 0.000082 0.000362 0.000782 94.846797
-3.266952 1528481828.754332 0.000084 0.000342 0.000764 96.290853
-3.254489 1528481828.766794 0.000086 0.000326 0.000794 98.278086
-3.242344 1528481828.778940 0.000087 0.000304 0.000819 99.916430
-3.230615 1528481828.790668 0.000091 0.000250 0.000803 101.609411
-3.217885 1528481828.803399 0.000093 0.000228 0.000778 102.580101
-3.205383 1528481828.815901 0.000095 0.000213 0.000789 103.403248
-3.193056 1528481828.828228 0.000095 0.000185 0.000804 103.629550
-3.180042 1528481828.841242 0.000094 0.000178 0.000824 103.437704
-3.168079 1528481828.853205 0.000093 0.000181 0.000829 103.213876
-3.154983 1528481828.866301 0.000093 0.000171 0.000843 102.345774
-3.142373 1528481828.878911 0.000093 0.000160 0.000866 101.348840
-3.130213 1528481828.891071 0.000091 0.000165 0.000891 100.980165
-3.116788 1528481828.904496 0.000091 0.000183 0.000888 101.254850
-3.104150 1528481828.917134 0.000091 0.000198 0.000879 101.680784
-3.092052 1528481828.929232 0.000087 0.000230 0.000874 101.099701
-3.079125 1528481828.942158 0.000084 0.000322 0.000819 100.452387
-3.066540 1528481828.954743 0.000086 0.000326 0.000728 99.059880
-3.054495 1528481828.966789 0.000083 0.000354 0.000739 96.936846
-3.041827 1528481828.979457 0.000077 0.000397 0.000765 93.348049
-3.029262 1528481828.992022 0.000082 0.000386 0.000726 90.059745
-3.017013 1528481829.004271 0.000088 0.000260 0.000722 87.534740
-3.004214 1528481829.017070 0.000091 0.000232 0.000745 85.956772
-2.992190 1528481829.029094 0.000092 0.000214 0.000760 85.058873
-2.980384 1528481829.040900 0.000094 0.000205 0.000764 84.854067
-2.967747 1528481829.053537 0.000094 0.000200 0.000789 84.747081
-2.954453 1528481829.066831 0.000094 0.000198 0.000801 84.647423
-2.941854 1528481829.079429 0.000094 0.000196 0.000803 84.440063
-2.929051 1528481829.092233 0.000093 0.000194 0.000812 83.825476
-2.916496 1528481829.104788 0.000094 0.000194 0.000807 83.706660
-2.904280 1528481829.117004 0.000095 0.000192 0.000805 83.543454
-2.891421 1528481829.129863 0.000093 0.000193 0.000810 83.446366
-2.879070 1528481829.142214 0.000094 0.000194 0.000807 83.445820
-2.867260 1528481829.154024 0.000095 0.000194 0.000806 83.546427
-2.855443 1528481829.165841 0.000095 0.000193 0.000804 83.528814
-2.841461 1528481829.179823 0.000095 0.000193 0.000797 83.601897
-2.829163 1528481829.192121 0.000095 0.000193 0.000800 83.620689
-2.816821 1528481829.204463 0.000095 0.000192 0.000807 83.516707
-2.804344 1528481829.216939 0.000096 0.000190 0.000799 83.540170
-2.791176 1528481829.230108 0.000097 0.000186 0.000806 82.978552
-2.779121 1528481829.242163 0.000098 0.000180 0.000814 82.125176
-2.767478 1528481829.253806 0.000097 0.000175 0.000826 81.364182
-2.755111 1528481829.266172 0.000097 0.000171 0.000827 81.065760
-2.742757 1528481829.278527 0.000097 0.000170 0.000834 81.140729
-2.730023 1528481829.291261 0.000097 0.000170 0.000836 81.031440
-2.717831 1528481829.303452 0.000097 0.000170 0.000841 81.053022
-2.703544 1528481829.317740 0.000097 0.000169 0.000841 80.711815
-2.691290 1528481829.329994 0.000097 0.000168 0.000837 80.584131
-2.678795 1528481829.342489 0.000098 0.000168 0.000833 80.541360
-2.666434 1528481829.354850 0.000097 0.000167 0.000844 80.409422
-2.654832 1528481829.366452 0.000096 0.000167 0.000833 79.960261
-2.642675 1528481829.378608 0.000096 0.000167 0.000832 79.821437
-2.630229 1528481829.391054 0.000097 0.000166 0.000839 79.602480
-2.617595 1528481829.403689 0.000097 0.000165 0.000836 79.218400
-2.605383 1528481829.415901 0.000096 0.000164 0.000837 78.771255
-2.593088 1528481829.428196 0.000098 0.000164 0.000827 78.515081
-2.580178 1528481829.441105 0.000097 0.000162 0.000826 77.640126
-2.566430 1528481829.454854 0.000097 0.000161 0.000824 77.045269
-2.553940 1528481829.467344 0.000098 0.000160 0.000818 76.424250
-2.541778 1528481829.479506 0.000099 0.000159 0.000812 76.222237
-2.529979 1528481829.491305 0.000099 0.000159 0.000815 76.240438
-2.517763 1528481829.503521 0.000100 0.000160 0.000807 76.364909
-2.505129 1528481829.516155 0.000100 0.000160 0.000812 76.797213
-2.492777 1528481829.528507 0.000100 0.000161 0.000807 77.054804
-2.480084 1528481829.541200 0.000101 0.000162 0.000810 77.510772
-2.467511 1528481829.553773 0.000101 0.000163 0.000814 77.753901
-2.455317 1528481829.565967 0.000101 0.000162 0.000806 77.638608
-2.442543 1528481829.578741 0.000101 0.000163 0.000813 77.747701
-2.429894 1528481829.591390 0.000101 0.000162 0.000807 77.302592
-2.417556 1528481829.603728 0.000102 0.000162 0.000812 77.192286
-2.405020 1528481829.616264 0.000101 0.000161 0.000803 76.842855
-2.392033 1528481829.629251 0.000102 0.000160 0.000799 76.543301
-2.379282 1528481829.642002 0.000103 0.000160 0.000798 76.577748
-2.366636 1528481829.654648 0.000103 0.000161 0.000794 76.718058
-2.354198 1528481829.667086 0.000102 0.000161 0.000793 76.537796
-2.340827 1528481829.680456 0.000104 0.000161 0.000798 76.712974
-2.329905 1528481829.691379 0.000103 0.000161 0.000796 76.729329
-2.317686 1528481829.703598 0.000103 0.000161 0.000798 76.633541
-2.305184 1528481829.716100 0.000103 0.000162 0.000793 76.557032
-2.292647 1528481829.728637 0.000105 0.000162 0.000782 76.778187
-2.280169 1528481829.741115 0.000105 0.000159 0.000778 76.236699
-2.266464 1528481829.754820 0.000106 0.000156 0.000785 75.714078
-2.254991 1528481829.766293 0.000106 0.000152 0.000780 75.080678
-2.242514 1528481829.778770 0.000108 0.000147 0.000780 74.554688
-2.229907 1528481829.791377 0.000109 0.000143 0.000787 73.874260
-2.216425 1528481829.804858 0.000108 0.000140 0.000804 72.789884
-2.204030 1528481829.817254 0.000108 0.000137 0.000813 72.035712
-2.191214 1528481829.830070 0.000105 0.000136 0.000814 71.146091
-2.179043 1528481829.842241 0.000106 0.000136 0.000793 71.064362
-2.167342 1528481829.853942 0.000105 0.000137 0.000791 71.523968
-2.154591 1528481829.866693 0.000105 0.000135 0.000791 71.970122
-2.143038 1528481829.878246 0.000104 0.000135 0.000803 72.189362
-2.130532 1528481829.890752 0.000105 0.000135 0.000799 72.312006
-2.117867 1528481829.903417 0.000106 0.000133 0.000801 72.025796
-2.104347 1528481829.916937 0.000108 0.000130 0.000802 71.684728
-2.092382 1528481829.928901 0.000110 0.000128 0.000796 71.552121
-2.080299 1528481829.940985 0.000112 0.000126 0.000787 71.598191
-2.067624 1528481829.953660 0.000112 0.000124 0.000786 71.680996
-2.055284 1528481829.966000 0.000114 0.000123 0.000775 71.862356
-2.042071 1528481829.979213 0.000114 0.000123 0.000770 72.119709
-2.030031 1528481829.991253 0.000114 0.000123 0.000767 72.288200
-2.017898 1528481830.003386 0.000113 0.000122 0.000769 72.246492
-2.005047 1528481830.016237 0.000113 0.000122 0.000775 72.143142
-1.992679 1528481830.028605 0.000113 0.000124 0.000769 72.252008
-1.979962 1528481830.041322 0.000113 0.000123 0.000770 72.191030
-1.967314 1528481830.053969 0.000113 0.000124 0.000772 72.187389
-1.954633 1528481830.066650 0.000113 0.000124 0.000772 72.263147
-1.941624 1528481830.079660 0.000113 0.000124 0.000766 72.243328
-1.928766 1528481830.092518 0.000113 0.000125 0.000771 72.361059
-1.916610 1528481830.104673 0.000113 0.000125 0.000765 72.325107
-1.904458 1528481830.116826 0.000114 0.000125 0.000765 72.322946
-1.891246 1528481830.130038 0.000113 0.000125 0.000772 72.338374
-1.879155 1528481830.142129 0.000113 0.000125 0.000777 72.368835
-1.866945 1528481830.154339 0.000113 0.000125 0.000771 72.287018
-1.854247 1528481830.167037 0.000113 0.000125 0.000769 72.266821
-1.841812 1528481830.179471 0.000113 0.000125 0.000775 72.216889
-1.828677 1528481830.192607 0.000113 0.000126 0.000772 72.126387
-1.816114 1528481830.205170 0.000113 0.000126 0.000771 71.878218
-1.804114 1528481830.217170 0.000113 0.000126 0.000772 71.911356
-1.792658 1528481830.228626 0.000113 0.000126 0.000770 71.936705
-1.780029 1528481830.241255 0.000113 0.000126 0.000771 71.926875
-1.767254 1528481830.254030 0.000113 0.000126 0.000777 71.986138
-1.755062 1528481830.266222 0.000113 0.000127 0.000773 72.089200
-1.742429 1528481830.278855 0.000114 0.000127 0.000772 72.187007
-1.730056 1528481830.291228 0.000114 0.000127 0.000764 72.122008
-1.717305 1528481830.303979 0.000114 0.000127 0.000768 72.131932
-1.704665 1528481830.316619 0.000114 0.000127 0.000769 72.171439
-1.692399 1528481830.328885 0.000114 0.000127 0.000768 72.200445
-1.680038 1528481830.341245 0.000114 0.000127 0.000771 72.247126
-1.667429 1528481830.353855 0.000114 0.000128 0.000770 72.232463
-1.654239 1528481830.367045 0.000113 0.000128 0.000772 72.300486
-1.641603 1528481830.379680 0.000113 0.000129 0.000766 72.316316
-1.629833 1528481830.391451 0.000113 0.000130 0.000771 72.367776
-1.617558 1528481830.403726 0.000113 0.000130 0.000765 72.455558
-1.604905 1528481830.416378 0.000114 0.000130 0.000761 72.586840
-1.592281 1528481830.429003 0.000113 0.000131 0.000771 72.506507
-1.580087 1528481830.441197 0.000113 0.000131 0.000769 72.506470
-1.567392 1528481830.453892 0.000114 0.000130 0.000760 72.658013
-1.554770 1528481830.466514 0.000114 0.000130 0.000765 72.575096
-1.542432 1528481830.478852 0.000114 0.000130 0.000765 72.611572
-1.529794 1528481830.491490 0.000113 0.000131 0.000765 72.699549
-1.516518 1528481830.504766 0.000113 0.000131 0.000770 72.682047
-1.504126 1528481830.517158 0.000113 0.000131 0.000764 72.735233
-1.492471 1528481830.528812 0.000114 0.000131 0.000760 72.791526
-1.479826 1528481830.541457 0.000113 0.000131 0.000766 72.753775
-1.467650 1528481830.553634 0.000113 0.000131 0.000761 72.794159
-1.455251 1528481830.566032 0.000114 0.000132 0.000766 72.728118
-1.442381 1528481830.578902 0.000114 0.000131 0.000767 72.712227
-1.429041 1528481830.592243 0.000113 0.000132 0.000767 72.702280
-1.416463 1528481830.604821 0.000113 0.000132 0.000768 72.745141
-1.404069 1528481830.617215 0.000113 0.000132 0.000767 72.814805
-1.392133 1528481830.629150 0.000113 0.000132 0.000767 72.741243
-1.378598 1528481830.642685 0.000113 0.000131 0.000774 72.686933
-1.367532 1528481830.653752 0.000114 0.000132 0.000766 72.808529
-1.354479 1528481830.666805 0.000114 0.000132 0.000768 72.736070
-1.342163 1528481830.679121 0.000114 0.000132 0.000761 72.761116
-1.328889 1528481830.692395 0.000113 0.000132 0.000764 72.754350
-1.316402 1528481830.704882 0.000114 0.000132 0.000763 72.811828
-1.303653 1528481830.717631 0.000114 0.000132 0.000765 72.764439
-1.291406 1528481830.729877 0.000114 0.000132 0.000761 72.788414
-1.279545 1528481830.741739 0.000114 0.000132 0.000766 72.657834
-1.267132 1528481830.754152 0.000114 0.000132 0.000766 72.674021
-1.254814 1528481830.766470 0.000115 0.000132 0.000761 72.590321
-1.242292 1528481830.778991 0.000115 0.000132 0.000766 72.502785
-1.230022 1528481830.791262 0.000116 0.000132 0.000762 72.445921
-1.217456 1528481830.803828 0.000118 0.000132 0.000754 72.510088
-1.205008 1528481830.816276 0.000117 0.000133 0.000755 72.317057
-1.191977 1528481830.829307 0.000117 0.000132 0.000754 72.054019
-1.179488 1528481830.841796 0.000119 0.000130 0.000757 71.882941
-1.167346 1528481830.853938 0.000121 0.000130 0.000748 71.425446
-1.154390 1528481830.866894 0.000125 0.000129 0.000748 70.888684
-1.142097 1528481830.879187 0.000127 0.000130 0.000740 70.111204
-1.128417 1528481830.892867 0.000125 0.000135 0.000730 69.173476
-1.117171 1528481830.904113 0.000123 0.000137 0.000732 68.304607
-1.104680 1528481830.916604 0.000122 0.000138 0.000735 67.543281
-1.092076 1528481830.929208 0.000121 0.000137 0.000727 67.143480
-1.079619 1528481830.941665 0.000120 0.000140 0.000721 66.645314
-1.067033 1528481830.954251 0.000120 0.000139 0.000726 66.589882
-1.054271 1528481830.967013 0.000120 0.000139 0.000724 66.373030
-1.042279 1528481830.979004 0.000120 0.000140 0.000721 66.209332
-1.029341 1528481830.991942 0.000121 0.000139 0.000722 66.120122
-1.016921 1528481831.004363 0.000121 0.000140 0.000717 65.956136
-1.004893 1528481831.016391 0.000121 0.000140 0.000718 65.701651
-0.991805 1528481831.029479 0.000121 0.000140 0.000721 65.707598
-0.979681 1528481831.041603 0.000120 0.000140 0.000718 65.606922
-0.966839 1528481831.054445 0.000121 0.000140 0.000715 65.669254
-0.954389 1528481831.066895 0.000121 0.000139 0.000717 65.631554
-0.941847 1528481831.079437 0.000121 0.000140 0.000720 65.557665
-0.929509 1528481831.091775 0.000120 0.000140 0.000721 65.696267
-0.916823 1528481831.104461 0.000121 0.000140 0.000715 65.645533
-0.904386 1528481831.116898 0.000120 0.000139 0.000721 65.567240
-0.892177 1528481831.129107 0.000120 0.000140 0.000717 65.540984
-0.879692 1528481831.141592 0.000120 0.000139 0.000721 65.535475
-0.866891 1528481831.154393 0.000120 0.000139 0.000727 65.522758
-0.854610 1528481831.166673 0.000121 0.000138 0.000717 65.367465
-0.841954 1528481831.179330 0.000121 0.000139 0.000726 65.455376
-0.829561 1528481831.191722 0.000121 0.000137 0.000732 65.365610
-0.817037 1528481831.204247 0.000122 0.000138 0.000719 65.276143
-0.804666 1528481831.216618 0.000120 0.000141 0.000713 65.301239
-0.792042 1528481831.229241 0.000119 0.000141 0.000728 65.198705
-0.779647 1528481831.241637 0.000120 0.000141 0.000725 64.925806
-0.767141 1528481831.254143 0.000120 0.000143 0.000721 64.427608
-0.754568 1528481831.266716 0.000122 0.000141 0.000730 64.618347
-0.742176 1528481831.279108 0.000122 0.000143 0.000729 64.425779
-0.729604 1528481831.291680 0.000122 0.000142 0.000738 64.089175
-0.716798 1528481831.304486 0.000123 0.000141 0.000732 64.085157
-0.704316 1528481831.316967 0.000123 0.000141 0.000731 63.896889
-0.691940 1528481831.329344 0.000123 0.000141 0.000733 63.971600
-0.679539 1528481831.341745 0.000123 0.000141 0.000732 64.051950
-0.667150 1528481831.354134 0.000123 0.000143 0.000729 63.834505
-0.654651 1528481831.366633 0.000123 0.000142 0.000733 63.797970
-0.641743 1528481831.379540 0.000123 0.000142 0.000728 63.773701
-0.629277 1528481831.392007 0.000123 0.000143 0.000729 63.586687
-0.617007 1528481831.404276 0.000124 0.000145 0.000722 63.642067
-0.604235 1528481831.417049 0.000124 0.000145 0.000722 63.491071
-0.591803 1528481831.429481 0.000124 0.000145 0.000729 63.480992
-0.579198 1528481831.442086 0.000125 0.000146 0.000725 63.542315
-0.566900 1528481831.454384 0.000125 0.000146 0.000722 63.620102
-0.554672 1528481831.466611 0.000126 0.000146 0.000723 63.488857
-0.541852 1528481831.479432 0.000126 0.000147 0.000727 63.672348
-0.529649 1528481831.491634 0.000127 0.000148 0.000723 63.814003
-0.516961 1528481831.504323 0.000127 0.000148 0.000721 63.918149
-0.504522 1528481831.516762 0.000128 0.000149 0.000721 63.841408
-0.491894 1528481831.529389 0.000129 0.000150 0.000726 63.894231
-0.479632 1528481831.541652 0.000129 0.000150 0.000721 63.851682
-0.467176 1528481831.554107 0.000130 0.000152 0.000713 63.899795
-0.453995 1528481831.567288 0.000131 0.000152 0.000712 63.891335
-0.441581 1528481831.579703 0.000131 0.000152 0.000712 63.823708
-0.428705 1528481831.592578 0.000131 0.000153 0.000719 63.708607
-0.416201 1528481831.605083 0.000132 0.000154 0.000707 63.706056
-0.404260 1528481831.617024 0.000133 0.000152 0.000711 63.805517
-0.392358 1528481831.628926 0.000133 0.000155 0.000709 63.699046
-0.379772 1528481831.641512 0.000135 0.000154 0.000707 64.011568
-0.367370 1528481831.653914 0.000136 0.000153 0.000726 63.931282
-0.355129 1528481831.666155 0.000137 0.000155 0.000734 63.126658
-0.342566 1528481831.678718 0.000137 0.000158 0.000744 62.447029
-0.329967 1528481831.691317 0.000138 0.000159 0.000747 62.171656
-0.317043 1528481831.704241 0.000139 0.000159 0.000745 62.006708
-0.304488 1528481831.716796 0.000140 0.000157 0.000738 61.755036
-0.292139 1528481831.729145 0.000140 0.000155 0.000740 61.735068
-0.279634 1528481831.741650 0.000140 0.000155 0.000735 61.832377
-0.267023 1528481831.754261 0.000139 0.000155 0.000737 61.795198
-0.254578 1528481831.766706 0.000139 0.000155 0.000732 61.971968
-0.241507 1528481831.779777 0.000138 0.000154 0.000739 62.049524
-0.229680 1528481831.791604 0.000137 0.000155 0.000737 62.024906
-0.217288 1528481831.803995 0.000137 0.000153 0.000729 61.886356
-0.204319 1528481831.816965 0.000137 0.000154 0.000732 62.031906
-0.192080 1528481831.829204 0.000137 0.000153 0.000731 62.062875
-0.179607 1528481831.841677 0.000137 0.000153 0.000736 62.180330
-0.166904 1528481831.854380 0.000137 0.000153 0.000732 62.171512
-0.154689 1528481831.866595 0.000136 0.000152 0.000736 62.143154
-0.141776 1528481831.879508 0.000136 0.000151 0.000735 61.988099
-0.128724 1528481831.892560 0.000135 0.000151 0.000735 61.871580
-0.116044 1528481831.905240 0.000135 0.000150 0.000738 61.832803
-0.103834 1528481831.917449 0.000135 0.000150 0.000736 61.914016
-0.091126 1528481831.930158 0.000136 0.000151 0.000732 61.868089
-0.079514 1528481831.941770 0.000135 0.000151 0.000733 61.886451
-0.067013 1528481831.954271 0.000135 0.000151 0.000737 62.013024
-0.054922 1528481831.966362 0.000135 0.000151 0.000735 62.028794
-0.042191 1528481831.979093 0.000136 0.000150 0.000725 62.112418
-0.029858 1528481831.991426 0.000135 0.000150 0.000734 61.790935
-0.016754 1528481832.004530 0.000136 0.000151 0.000733 61.813454
-0.003240 1528481832.018044 0.000135 0.000151 0.000735 61.899860
0.009700 1528481832.030984 0.000136 0.000150 0.000734 61.868027
0.020948 1528481832.042232 0.000135 0.000151 0.000733 61.829905
0.033302 1528481832.054586 0.000135 0.000150 0.000734 61.777712
0.045963 1528481832.067247 0.000136 0.000150 0.000731 62.003400
0.058571 1528481832.079855 0.000136 0.000151 0.000736 61.918576
0.071172 1528481832.092455 0.000136 0.000149 0.000745 62.018804
0.083039 1528481832.104323 0.000136 0.000150 0.000739 61.873005
0.096670 1528481832.117954 0.000136 0.000148 0.000737 61.794037
0.108485 1528481832.129769 0.000138 0.000150 0.000728 61.501617
0.121358 1528481832.142642 0.000135 0.000150 0.000732 60.953220
0.134231 1528481832.155515 0.000134 0.000148 0.000747 60.654041
0.145896 1528481832.167180 0.000133 0.000147 0.000754 60.117882
0.157991 1528481832.179275 0.000132 0.000147 0.000758 59.885169
0.170372 1528481832.191656 0.000133 0.000146 0.000751 59.679967
0.182596 1528481832.203880 0.000132 0.000147 0.000757 60.051607
0.196744 1528481832.218028 0.000132 0.000147 0.000759 60.306256
0.208780 1528481832.230064 0.000132 0.000147 0.000756 60.299399
0.221328 1528481832.242612 0.000132 0.000148 0.000753 60.526668
0.233737 1528481832.255021 0.000132 0.000148 0.000762 60.649989
0.245618 1528481832.266902 0.000132 0.000149 0.000762 60.701396
0.257693 1528481832.278977 0.000133 0.000150 0.000767 61.175233
0.270517 1528481832.291801 0.000138 0.000154 0.000765 61.951875
0.282917 1528481832.304201 0.000144 0.000160 0.000771 63.954412
0.295329 1528481832.316613 0.000154 0.000167 0.000780 66.575899
0.308810 1528481832.330094 0.000161 0.000183 0.000806 70.260613
0.321052 1528481832.342336 0.000164 0.000194 0.000810 73.677297
0.333624 1528481832.354908 0.000166 0.000198 0.000815 77.017024
0.346108 1528481832.367392 0.000169 0.000198 0.000806 78.998377
0.357784 1528481832.379067 0.000173 0.000194 0.000791 81.243044
0.370413 1528481832.391697 0.000174 0.000200 0.000755 83.405122
0.382979 1528481832.404263 0.000175 0.000214 0.000712 85.781549
0.395541 1528481832.416825 0.000177 0.000219 0.000708 88.230470
0.408016 1528481832.429300 0.000184 0.000225 0.000675 90.602134
0.420618 1528481832.441901 0.000185 0.000225 0.000669 92.169722
0.432924 1528481832.454208 0.000192 0.000226 0.000624 93.918853
0.445190 1528481832.466474 0.000195 0.000230 0.000618 96.321407
0.458879 1528481832.480162 0.000197 0.000234 0.000614 97.825334
0.471512 1528481832.492796 0.000196 0.000237 0.000626 100.125421
0.483780 1528481832.505064 0.000201 0.000234 0.000613 100.417118
0.496423 1528481832.517707 0.000204 0.000232 0.000607 101.936915
0.507977 1528481832.529261 0.000205 0.000231 0.000606 102.872310
0.520743 1528481832.542027 0.000204 0.000233 0.000601 103.059172
0.533059 1528481832.554343 0.000204 0.000235 0.000603 103.907763
0.545340 1528481832.566624 0.000204 0.000236 0.000605 104.704056
0.557685 1528481832.578969 0.000207 0.000238 0.000597 105.191600
0.571639 1528481832.592923 0.000206 0.000243 0.000593 105.483897
0.583909 1528481832.605192 0.000207 0.000244 0.000594 106.773647
0.596349 1528481832.617633 0.000208 0.000244 0.000593 106.880873
0.608943 1528481832.630226 0.000208 0.000245 0.000598 107.511282
0.621213 1528481832.642497 0.000207 0.000245 0.000596 108.359574
0.633453 1528481832.654737 0.000207 0.000244 0.000591 108.819170
0.645249 1528481832.666533 0.000207 0.000247 0.000588 109.590783
0.657810 1528481832.679094 0.000207 0.000246 0.000587 109.474114
0.671181 1528481832.692465 0.000205 0.000245 0.000594 110.018572
0.684355 1528481832.705639 0.000205 0.000247 0.000597 110.473788
0.696308 1528481832.717592 0.000204 0.000247 0.000588 110.622102
0.708818 1528481832.730102 0.000203 0.000246 0.000593 110.804238
0.720959 1528481832.742243 0.000204 0.000243 0.000596 110.580239
0.732713 1528481832.753997 0.000203 0.000245 0.000598 111.239921
0.745265 1528481832.766548 0.000204 0.000247 0.000594 111.010160
0.757638 1528481832.778922 0.000203 0.000244 0.000594 111.121537
0.770526 1528481832.791810 0.000202 0.000243 0.000607 111.699994
0.782722 1528481832.804006 0.000203 0.000244 0.000597 111.933454
0.796668 1528481832.817952 0.000201 0.000240 0.000605 112.000582
0.807688 1528481832.828972 0.000203 0.000244 0.000595 112.377609
0.820210 1528481832.841494 0.000202 0.000243 0.000607 112.793157
0.832203 1528481832.853487 0.000201 0.000242 0.000610 112.847152
0.845602 1528481832.866886 0.000202 0.000241 0.000606 113.128307
0.857754 1528481832.879038 0.000202 0.000241 0.000605 113.572213
0.870150 1528481832.891434 0.000202 0.000242 0.000606 113.729867
0.882459 1528481832.903743 0.000202 0.000243 0.000603 113.684102
0.896406 1528481832.917690 0.000202 0.000242 0.000606 113.803159
0.909258 1528481832.930542 0.000201 0.000240 0.000616 114.100413
0.921379 1528481832.942663 0.000201 0.000241 0.000616 114.472651
0.932805 1528481832.954089 0.000202 0.000241 0.000614 114.806343
0.945545 1528481832.966829 0.000200 0.000239 0.000611 114.726904
0.959096 1528481832.980380 0.000201 0.000241 0.000606 115.241011
0.971853 1528481832.993137 0.000200 0.000240 0.000609 115.466682
0.984242 1528481833.005526 0.000202 0.000241 0.000601 115.351078
0.996873 1528481833.018157 0.000197 0.000238 0.000626 115.579242
1.007756 1528481833.029040 0.000198 0.000241 0.000609 115.433191
1.020284 1528481833.041568 0.000197 0.000238 0.000612 116.124111
1.032587 1528481833.053871 0.000197 0.000239 0.000611 116.190886
1.045147 1528481833.066431 0.000197 0.000242 0.000616 116.710798
1.057986 1528481833.079269 0.000197 0.000238 0.000620 116.303981
1.070323 1528481833.091606 0.000199 0.000239 0.000612 116.150785
1.083022 1528481833.104306 0.000198 0.000239 0.000618 117.149289
1.095366 1528481833.116649 0.000197 0.000240 0.000622 116.545544
1.108197 1528481833.129481 0.000197 0.000237 0.000620 116.889287
1.121598 1528481833.142882 0.000198 0.000238 0.000622 117.484503
1.133758 1528481833.155041 0.000198 0.000237 0.000619 117.346977
1.146146 1528481833.167429 0.000198 0.000238 0.000622 117.735447
1.158716 1528481833.180000 0.000198 0.000239 0.000616 117.553211
1.170863 1528481833.192147 0.000197 0.000238 0.000618 118.004323
1.182954 1528481833.204238 0.000197 0.000235 0.000633 117.713216
1.195443 1528481833.216727 0.000196 0.000238 0.000622 117.941607
1.208077 1528481833.229361 0.000196 0.000235 0.000623 117.719772
1.220627 1528481833.241911 0.000196 0.000235 0.000626 118.103657
1.233996 1528481833.255280 0.000197 0.000238 0.000613 117.942942
1.246321 1528481833.267605 0.000196 0.000232 0.000628 117.805733
1.258948 1528481833.280232 0.000197 0.000237 0.000620 118.354792
1.272048 1528481833.293332 0.000196 0.000232 0.000633 117.934110
1.284106 1528481833.305390 0.000195 0.000232 0.000629 118.233394
1.296660 1528481833.317944 0.000196 0.000237 0.000621 118.356798
1.308399 1528481833.329683 0.000196 0.000233 0.000629 117.882438
1.320499 1528481833.341783 0.000196 0.000233 0.000624 118.089198
1.332976 1528481833.354260 0.000195 0.000232 0.000632 118.246964
1.345481 1528481833.366765 0.000194 0.000232 0.000636 118.348139
1.358194 1528481833.379478 0.000195 0.000233 0.000636 118.254643
1.370546 1528481833.391830 0.000195 0.000232 0.000634 118.676427
1.382679 1528481833.403963 0.000194 0.000231 0.000644 118.588926
1.395778 1528481833.417062 0.000195 0.000232 0.000632 118.726574
1.408185 1528481833.429469 0.000194 0.000229 0.000644 118.538664
1.420495 1528481833.441779 0.000194 0.000230 0.000637 118.807168
1.433254 1528481833.454538 0.000194 0.000231 0.000641 118.703078
1.445837 1528481833.467121 0.000195 0.000233 0.000635 118.982905
1.458111 1528481833.479395 0.000194 0.000231 0.000644 118.996793
1.470860 1528481833.492144 0.000194 0.000231 0.000645 118.767391
1.482972 1528481833.504256 0.000194 0.000233 0.000636 118.426170
1.495588 1528481833.516872 0.000194 0.000231 0.000635 118.193986
1.509645 1528481833.530929 0.000193 0.000232 0.000641 118.566621
1.522063 1528481833.543347 0.000193 0.000230 0.000646 118.477382
1.534208 1528481833.555492 0.000194 0.000230 0.000642 118.685651
1.546849 1528481833.568133 0.000193 0.000228 0.000651 118.704802
1.558535 1528481833.579819 0.000194 0.000231 0.000648 118.600613
1.570384 1528481833.591668 0.000193 0.000230 0.000643 118.603732
1.582825 1528481833.604109 0.000193 0.000232 0.000645 118.184915
1.595664 1528481833.616948 0.000191 0.000229 0.000662 118.231445
1.607874 1528481833.629158 0.000192 0.000232 0.000642 118.400786
1.620425 1528481833.641709 0.000193 0.000228 0.000657 118.382293
1.633049 1528481833.654333 0.000194 0.000231 0.000650 118.364435
1.645500 1528481833.666784 0.000194 0.000232 0.000650 118.957215
1.658287 1528481833.679570 0.000193 0.000230 0.000655 118.281319
1.670473 1528481833.691757 0.000193 0.000229 0.000653 118.635278
1.682965 1528481833.704249 0.000193 0.000230 0.000652 118.504817
1.695596 1528481833.716880 0.000193 0.000230 0.000653 118.492865
1.707866 1528481833.729150 0.000193 0.000228 0.000668 118.736750
1.720639 1528481833.741923 0.000192 0.000229 0.000662 118.499747
1.733100 1528481833.754384 0.000193 0.000230 0.000662 118.513606
1.745528 1528481833.766812 0.000193 0.000228 0.000669 118.762701
1.759120 1528481833.780404 0.000193 0.000231 0.000661 118.653446
1.771582 1528481833.792866 0.000192 0.000229 0.000671 118.635222
1.783974 1528481833.805258 0.000192 0.000229 0.000672 118.483567
1.796266 1528481833.817550 0.000192 0.000230 0.000661 118.435434
1.808738 1528481833.830022 0.000192 0.000228 0.000671 118.432087
1.820732 1528481833.842016 0.000192 0.000228 0.000670 118.614141
1.833704 1528481833.854988 0.000193 0.000230 0.000666 118.925152
1.846252 1528481833.867536 0.000192 0.000229 0.000677 118.598214
1.859246 1528481833.880530 0.000192 0.000229 0.000671 118.827425
1.871256 1528481833.892540 0.000192 0.000228 0.000672 118.695723
1.883086 1528481833.904370 0.000192 0.000229 0.000670 118.889632
1.895468 1528481833.916752 0.000190 0.000226 0.000681 118.570548
1.908172 1528481833.929456 0.000191 0.000226 0.000677 119.022823
1.920456 1528481833.941740 0.000191 0.000227 0.000682 118.744993
1.933293 1528481833.954577 0.000192 0.000226 0.000674 118.656120
1.945426 1528481833.966710 0.000192 0.000226 0.000669 118.491361
1.958032 1528481833.979316 0.000191 0.000224 0.000691 118.543970
1.970651 1528481833.991935 0.000192 0.000224 0.000687 118.911925
1.983282 1528481834.004565 0.000192 0.000227 0.000676 118.966178
1.995856 1528481834.017139 0.000191 0.000226 0.000685 118.856727
2.008288 1528481834.029572 0.000192 0.000226 0.000682 118.890385
2.020402 1528481834.041686 0.000191 0.000226 0.000676 118.994212
2.033159 1528481834.054443 0.000190 0.000227 0.000681 119.063923
2.045562 1528481834.066846 0.000191 0.000228 0.000678 119.485083
2.057548 1528481834.078832 0.000191 0.000227 0.000672 119.221439
2.070328 1528481834.091612 0.000190 0.000226 0.000679 119.001393
2.082615 1528481834.103899 0.000192 0.000227 0.000678 119.067635
2.095081 1528481834.116365 0.000192 0.000226 0.000670 118.882460
2.107772 1528481834.129056 0.000191 0.000226 0.000676 119.040117
2.120136 1528481834.141420 0.000191 0.000226 0.000667 118.711769
2.134050 1528481834.155334 0.000191 0.000226 0.000670 118.481188
2.146267 1528481834.167551 0.000193 0.000227 0.000670 119.144992
2.158489 1528481834.179773 0.000192 0.000226 0.000673 119.215794
2.171171 1528481834.192455 0.000192 0.000225 0.000677 118.893941
2.183261 1528481834.204545 0.000190 0.000226 0.000685 119.233413
2.195519 1528481834.216803 0.000192 0.000228 0.000666 119.094474
2.208795 1528481834.230079 0.000192 0.000228 0.000670 119.512714
2.221434 1528481834.242718 0.000193 0.000228 0.000677 119.409109
2.233239 1528481834.254523 0.000193 0.000229 0.000672 119.213057
2.245533 1528481834.266817 0.000192 0.000228 0.000674 118.932540
2.257994 1528481834.279278 0.000193 0.000230 0.000667 119.791197
2.270637 1528481834.291921 0.000193 0.000229 0.000678 119.224557
2.283294 1528481834.304578 0.000194 0.000231 0.000665 119.078145
2.295592 1528481834.316876 0.000193 0.000229 0.000666 118.839452
2.308193 1528481834.329477 0.000191 0.000230 0.000677 119.068435
2.320597 1528481834.341881 0.000191 0.000230 0.000667 118.728292
2.333065 1528481834.354349 0.000191 0.000228 0.000670 118.109696
2.345737 1528481834.367021 0.000191 0.000227 0.000662 118.109051
2.358155 1528481834.379439 0.000190 0.000227 0.000671 117.886901
2.370914 1528481834.392197 0.000188 0.000227 0.000672 118.072196
2.383012 1528481834.404295 0.000189 0.000227 0.000676 118.217755
2.395903 1528481834.417187 0.000188 0.000227 0.000667 117.556792
2.408175 1528481834.429458 0.000187 0.000225 0.000671 117.452568
2.420807 1528481834.442091 0.000187 0.000225 0.000675 117.557919
2.433647 1528481834.454931 0.000185 0.000223 0.000672 116.623598
2.446259 1528481834.467543 0.000186 0.000225 0.000661 116.141609
2.459646 1528481834.480930 0.000187 0.000224 0.000667 116.091207
2.472003 1528481834.493286 0.000187 0.000222 0.000675 116.285665
2.484355 1528481834.505639 0.000187 0.000223 0.000666 116.126349
2.496696 1528481834.517979 0.000184 0.000221 0.000669 116.270668
2.508334 1528481834.529618 0.000183 0.000222 0.000666 116.020991
2.520442 1528481834.541725 0.000183 0.000222 0.000665 116.227452
2.533028 1528481834.554312 0.000184 0.000222 0.000659 116.087597
2.546309 1528481834.567593 0.000185 0.000223 0.000674 117.133582
2.559356 1528481834.580640 0.000186 0.000225 0.000674 117.785153
2.571280 1528481834.592563 0.000188 0.000225 0.000687 118.194428
2.582988 1528481834.604272 0.000190 0.000227 0.000678 118.641400
2.595698 1528481834.616982 0.000192 0.000228 0.000681 118.982246
2.609624 1528481834.630908 0.000191 0.000229 0.000683 119.329575
2.621625 1528481834.642909 0.000192 0.000230 0.000673 119.470225
2.633547 1528481834.654831 0.000191 0.000230 0.000677 119.461282
2.645605 1528481834.666889 0.000193 0.000232 0.000669 119.929994
2.658307 1528481834.679591 0.000193 0.000232 0.000668 120.239599
2.670516 1528481834.691800 0.000192 0.000232 0.000669 120.058921
2.683388 1528481834.704672 0.000194 0.000232 0.000659 119.922000
2.695790 1528481834.717073 0.000193 0.000231 0.000668 120.043488
2.708179 1528481834.729463 0.000194 0.000233 0.000667 119.412229
2.720845 1528481834.742129 0.000194 0.000232 0.000669 119.332984
2.733061 1528481834.754345 0.000194 0.000231 0.000674 119.078402
2.745815 1528481834.767099 0.000194 0.000232 0.000661 119.124530
2.758514 1528481834.779798 0.000193 0.000232 0.000668 119.176818
2.771103 1528481834.792387 0.000192 0.000230 0.000678 119.269039
2.783487 1528481834.804771 0.000193 0.000231 0.000664 118.916877
2.795979 1528481834.817263 0.000192 0.000229 0.000682 119.023333
2.808774 1528481834.830057 0.000191 0.000228 0.000684 119.239482
2.820832 1528481834.842116 0.000191 0.000229 0.000673 119.025915
2.833436 1528481834.854720 0.000192 0.000230 0.000672 119.532855
2.845550 1528481834.866834 0.000191 0.000227 0.000684 118.819643
2.858350 1528481834.879634 0.000190 0.000228 0.000670 118.914034
2.870596 1528481834.891880 0.000190 0.000227 0.000676 118.879961
2.883436 1528481834.904720 0.000190 0.000226 0.000677 118.470198
2.895897 1528481834.917181 0.000190 0.000227 0.000673 118.934393
2.908242 1528481834.929526 0.000190 0.000226 0.000672 118.359368
2.921108 1528481834.942392 0.000190 0.000225 0.000679 118.797683
2.933587 1528481834.954870 0.000189 0.000228 0.000681 119.219956
2.946154 1528481834.967438 0.000189 0.000227 0.000687 119.084017
2.958550 1528481834.979834 0.000189 0.000227 0.000677 118.775507
2.970876 1528481834.992159 0.000189 0.000228 0.000675 119.062200
2.983461 1528481835.004745 0.000191 0.000228 0.000677 119.276454
2.996219 1528481835.017503 0.000190 0.000227 0.000678 119.251407
3.009495 1528481835.030778 0.000191 0.000228 0.000681 119.404381
3.021608 1528481835.042892 0.000193 0.000228 0.000682 119.526502
3.033935 1528481835.055219 0.000193 0.000231 0.000666 119.093736
3.046667 1528481835.067951 0.000192 0.000229 0.000677 119.320328
3.058679 1528481835.079963 0.000191 0.000229 0.000681 119.236211
3.070728 1528481835.092011 0.000193 0.000231 0.000664 119.353919
3.083596 1528481835.104880 0.000192 0.000230 0.000676 119.274491
3.096703 1528481835.117987 0.000193 0.000230 0.000668 119.491638
3.109040 1528481835.130324 0.000192 0.000230 0.000678 119.430422
3.121895 1528481835.143179 0.000192 0.000229 0.000676 119.243144
3.134110 1528481835.155394 0.000193 0.000231 0.000668 119.211562
3.146340 1528481835.167624 0.000193 0.000229 0.000673 119.287698
3.159263 1528481835.180547 0.000194 0.000228 0.000668 119.111150
3.171646 1528481835.192930 0.000194 0.000230 0.000664 118.807579
3.183834 1528481835.205118 0.000192 0.000227 0.000684 118.911641
3.196959 1528481835.218243 0.000192 0.000230 0.000677 118.906105
3.208629 1528481835.229913 0.000192 0.000229 0.000679 118.706136
3.220582 1528481835.241866 0.000191 0.000228 0.000687 118.604227
3.234258 1528481835.255542 0.000191 0.000228 0.000678 118.026521
3.246705 1528481835.267989 0.000190 0.000225 0.000680 117.756195
3.258487 1528481835.279771 0.000190 0.000226 0.000681 117.731666
3.270624 1528481835.291908 0.000191 0.000226 0.000682 117.452038
3.283221 1528481835.304505 0.000191 0.000226 0.000681 117.591741
3.295617 1528481835.316901 0.000190 0.000225 0.000685 117.355416
3.309177 1528481835.330461 0.000190 0.000224 0.000689 117.501029
3.320629 1528481835.341913 0.000190 0.000225 0.000684 117.701512
3.334355 1528481835.355639 0.000190 0.000224 0.000688 117.231151
3.345906 1528481835.367190 0.000190 0.000225 0.000679 117.169328
3.358096 1528481835.379380 0.000190 0.000225 0.000670 116.342630
3.370432 1528481835.391716 0.000189 0.000224 0.000666 116.244159
3.382962 1528481835.404246 0.000189 0.000225 0.000668 116.452857
3.395624 1528481835.416908 0.000189 0.000224 0.000672 116.041511
3.407895 1528481835.429179 0.000189 0.000224 0.000668 116.345693
3.421518 1528481835.442802 0.000189 0.000225 0.000660 116.165289
3.433090 1528481835.454374 0.000187 0.000225 0.000669 116.318234
3.445597 1528481835.466881 0.000187 0.000226 0.000664 116.521462
3.458625 1528481835.479908 0.000189 0.000226 0.000671 116.935414
3.470892 1528481835.492176 0.000192 0.000226 0.000682 117.525126
3.482984 1528481835.504267 0.000193 0.000230 0.000670 117.633929
3.495509 1528481835.516793 0.000193 0.000228 0.000685 118.229522
3.508277 1528481835.529561 0.000192 0.000227 0.000682 118.162029
3.520664 1528481835.541948 0.000192 0.000229 0.000681 118.434541
3.534168 1528481835.555451 0.000192 0.000228 0.000682 118.345741
3.545556 1528481835.566840 0.000190 0.000228 0.000686 118.294715
3.558894 1528481835.580178 0.000191 0.000227 0.000692 118.437073
3.570797 1528481835.592081 0.000191 0.000229 0.000688 118.656787
3.583053 1528481835.604337 0.000191 0.000228 0.000683 118.101107
3.595456 1528481835.616740 0.000192 0.000227 0.000690 118.121698
3.608032 1528481835.629316 0.000191 0.000225 0.000694 118.120489
3.620601 1528481835.641885 0.000191 0.000226 0.000690 118.169375
3.633186 1528481835.654470 0.000190 0.000226 0.000687 117.963061
3.646404 1528481835.667688 0.000189 0.000225 0.000687 117.819385
3.658102 1528481835.679386 0.000189 0.000226 0.000676 118.039909
3.670659 1528481835.691942 0.000188 0.000223 0.000683 117.754847
3.682977 1528481835.704261 0.000189 0.000222 0.000685 116.931236
3.695758 1528481835.717042 0.000188 0.000220 0.000685 116.530402
3.708166 1528481835.729450 0.000186 0.000217 0.000684 116.119169
3.720824 1528481835.742107 0.000184 0.000218 0.000672 115.908050
3.734072 1528481835.755356 0.000184 0.000217 0.000674 115.599738
3.746695 1528481835.767979 0.000185 0.000217 0.000670 115.674064
3.759703 1528481835.780987 0.000184 0.000215 0.000678 115.724147
3.771550 1528481835.792834 0.000183 0.000216 0.000672 116.248585
3.783710 1528481835.804994 0.000183 0.000215 0.000678 115.949990
3.796867 1528481835.818151 0.000183 0.000216 0.000675 116.140035
3.808879 1528481835.830163 0.000183 0.000215 0.000677 115.731328
3.821092 1528481835.842376 0.000183 0.000216 0.000674 115.720721
3.833391 1528481835.854675 0.000184 0.000217 0.000678 116.068626
3.845700 1528481835.866984 0.000183 0.000217 0.000669 115.653945
3.858487 1528481835.879771 0.000183 0.000216 0.000668 116.025701
3.872268 1528481835.893552 0.000184 0.000218 0.000676 116.009725
3.883011 1528481835.904295 0.000184 0.000218 0.000676 116.217056
3.895795 1528481835.917078 0.000185 0.000220 0.000678 116.498326
3.908370 1528481835.929654 0.000185 0.000219 0.000678 116.278543
3.920892 1528481835.942176 0.000186 0.000220 0.000674 116.517186
3.933399 1528481835.954683 0.000186 0.000222 0.000677 116.864311
3.946990 1528481835.968274 0.000186 0.000219 0.000684 116.965748
3.959238 1528481835.980522 0.000186 0.000222 0.000681 116.799978
3.971783 1528481835.993067 0.000186 0.000222 0.000680 117.214007
3.984136 1528481836.005420 0.000188 0.000222 0.000681 117.408778
3.996900 1528481836.018183 0.000186 0.000221 0.000679 117.192495
4.009097 1528481836.030381 0.000185 0.000220 0.000681 117.047019
4.021097 1528481836.042381 0.000186 0.000222 0.000684 117.101226
4.033429 1528481836.054713 0.000187 0.000221 0.000677 117.107805
4.046879 1528481836.068162 0.000186 0.000222 0.000683 117.054894
4.059455 1528481836.080739 0.000186 0.000222 0.000684 116.989184
4.071912 1528481836.093196 0.000187 0.000221 0.000686 117.105879
4.084421 1528481836.105705 0.000186 0.000220 0.000686 117.189243
4.096266 1528481836.117549 0.000187 0.000220 0.000686 117.069796
4.108185 1528481836.129468 0.000186 0.000220 0.000687 116.822067
4.120883 1528481836.142167 0.000185 0.000221 0.000685 117.375918
4.133759 1528481836.155042 0.000183 0.000218 0.000688 116.461510
4.146154 1528481836.167438 0.000184 0.000217 0.000682 116.363550
4.158786 1528481836.180070 0.000182 0.000216 0.000684 115.707736
4.172039 1528481836.193323 0.000181 0.000214 0.000673 115.619285
4.184084 1528481836.205368 0.000180 0.000213 0.000676 115.656019
4.196591 1528481836.217875 0.000180 0.000211 0.000685 115.841451
4.209136 1528481836.230420 0.000180 0.000211 0.000681 115.137690
4.221920 1528481836.243204 0.000178 0.000212 0.000678 115.081207
4.234479 1528481836.255763 0.000178 0.000211 0.000673 114.929247
4.247049 1528481836.268332 0.000178 0.000212 0.000677 115.090510
4.258529 1528481836.279813 0.000179 0.000211 0.000675 115.240156
4.271029 1528481836.292312 0.000178 0.000208 0.000679 114.882886
4.283343 1528481836.304627 0.000178 0.000208 0.000676 114.650986
4.296203 1528481836.317487 0.000177 0.000208 0.000674 114.759607
4.308503 1528481836.329787 0.000177 0.000207 0.000676 114.646152
4.320730 1528481836.342014 0.000175 0.000204 0.000679 114.131899
4.333434 1528481836.354718 0.000176 0.000204 0.000668 113.872370
4.346224 1528481836.367508 0.000176 0.000203 0.000668 113.675073
4.358776 1528481836.380059 0.000176 0.000204 0.000666 113.497471
4.370884 1528481836.392168 0.000176 0.000204 0.000666 113.237723
4.383899 1528481836.405183 0.000176 0.000205 0.000658 113.058109
4.397222 1528481836.418506 0.000177 0.000204 0.000661 112.689880
4.409888 1528481836.431172 0.000176 0.000204 0.000664 113.234943
4.422102 1528481836.443386 0.000177 0.000204 0.000663 113.337008
4.434205 1528481836.455489 0.000178 0.000206 0.000663 113.735821
4.447198 1528481836.468482 0.000178 0.000205 0.000668 113.772059
4.459716 1528481836.480999 0.000179 0.000205 0.000664 114.217040
4.471790 1528481836.493073 0.000179 0.000203 0.000668 114.084723
4.484523 1528481836.505807 0.000179 0.000204 0.000670 114.139067
4.496839 1528481836.518123 0.000180 0.000205 0.000667 114.146513
4.509048 1528481836.530331 0.000179 0.000204 0.000667 114.167623
4.520860 1528481836.542144 0.000178 0.000206 0.000667 114.075060
4.533214 1528481836.554498 0.000179 0.000204 0.000672 114.430541
4.545764 1528481836.567048 0.000180 0.000204 0.000665 114.430735
4.558292 1528481836.579576 0.000180 0.000205 0.000664 114.417573
4.571614 1528481836.592898 0.000180 0.000204 0.000669 114.135709
4.584627 1528481836.605911 0.000180 0.000204 0.000670 114.409851
4.596869 1528481836.618153 0.000179 0.000201 0.000672 114.414072
4.609668 1528481836.630952 0.000179 0.000201 0.000674 114.398226
4.622255 1528481836.643539 0.000179 0.000200 0.000664 113.780843
4.633653 1528481836.654937 0.000178 0.000199 0.000668 113.625073
4.645749 1528481836.667033 0.000177 0.000199 0.000663 113.079508
4.658550 1528481836.679834 0.000176 0.000198 0.000660 112.760539
4.670762 1528481836.692046 0.000176 0.000196 0.000662 112.293385
4.683723 1528481836.705007 0.000175 0.000195 0.000659 111.921060
4.695918 1528481836.717201 0.000173 0.000192 0.000669 111.302724
4.709277 1528481836.730561 0.000171 0.000190 0.000669 110.830571
4.722053 1528481836.743336 0.000169 0.000190 0.000653 109.764975
4.734493 1528481836.755777 0.000168 0.000187 0.000642 108.697036
4.746454 1528481836.767738 0.000167 0.000185 0.000639 107.826106
4.758532 1528481836.779816 0.000165 0.000183 0.000629 106.318862
4.771000 1528481836.792284 0.000162 0.000180 0.000627 105.034262
4.783415 1528481836.804699 0.000159 0.000177 0.000627 104.053354
4.796800 1528481836.818084 0.000155 0.000177 0.000627 103.420913
4.809367 1528481836.830651 0.000153 0.000174 0.000635 103.487033
4.821807 1528481836.843091 0.000151 0.000173 0.000633 103.164487
4.834096 1528481836.855380 0.000150 0.000171 0.000645 103.412696
4.846695 1528481836.867979 0.000150 0.000171 0.000650 103.237778
4.858523 1528481836.879807 0.000150 0.000168 0.000653 102.908174
4.871733 1528481836.893017 0.000150 0.000170 0.000647 102.980414
4.884225 1528481836.905509 0.000153 0.000169 0.000662 103.619558
4.896792 1528481836.918076 0.000154 0.000167 0.000678 104.600478
4.909022 1528481836.930305 0.000154 0.000168 0.000668 104.583596
4.921037 1528481836.942321 0.000155 0.000166 0.000680 105.217017
4.934376 1528481836.955660 0.000158 0.000167 0.000687 105.614283
4.946867 1528481836.968151 0.000159 0.000166 0.000692 106.308881
4.959964 1528481836.981247 0.000159 0.000166 0.000679 105.914741
4.972242 1528481836.993526 0.000156 0.000167 0.000678 106.232871
4.983912 1528481837.005195 0.000157 0.000167 0.000687 106.510009
4.995939 1528481837.017223 0.000156 0.000166 0.000686 106.238976
5.012659 1528481837.033943 0.000156 0.000166 0.000686 106.137592
5.020769 1528481837.042053 0.000155 0.000165 0.000689 105.715955
5.033267 1528481837.054550 0.000156 0.000166 0.000686 105.884779
5.045844 1528481837.067128 0.000155 0.000166 0.000682 105.292616
5.058343 1528481837.079627 0.000153 0.000166 0.000686 105.124261
5.072072 1528481837.093356 0.000154 0.000165 0.000691 105.315293
5.084365 1528481837.105649 0.000152 0.000166 0.000690 104.917071
5.097026 1528481837.118310 0.000149 0.000166 0.000690 104.108872
5.109292 1528481837.130576 0.000147 0.000164 0.000701 103.835906
5.121784 1528481837.143068 0.000148 0.000164 0.000693 103.218531
5.134674 1528481837.155958 0.000146 0.000164 0.000694 102.575873
5.146721 1528481837.168005 0.000145 0.000164 0.000701 102.721668
5.160047 1528481837.181331 0.000144 0.000164 0.000697 102.308020
5.171544 1528481837.192828 0.000143 0.000163 0.000698 102.243379
5.184717 1528481837.206001 0.000142 0.000163 0.000695 101.556324
5.196611 1528481837.217895 0.000141 0.000161 0.000693 101.255192
5.208977 1528481837.230261 0.000141 0.000161 0.000690 100.299257
5.221326 1528481837.242610 0.000142 0.000163 0.000689 98.448773
5.233778 1528481837.255062 0.000142 0.000163 0.000693 97.210157
5.246558 1528481837.267842 0.000142 0.000161 0.000708 95.858219
5.258931 1528481837.280215 0.000144 0.000157 0.000726 94.616449
5.271338 1528481837.292622 0.000148 0.000154 0.000741 93.285840
5.283912 1528481837.305196 0.000151 0.000153 0.000761 92.143680
5.296302 1528481837.317586 0.000147 0.000158 0.000776 90.520063
5.309153 1528481837.330437 0.000147 0.000163 0.000778 88.549108
5.321770 1528481837.343054 0.000142 0.000168 0.000779 86.749146
5.334105 1528481837.355388 0.000140 0.000169 0.000777 84.767314
5.346373 1528481837.367657 0.000139 0.000168 0.000760 83.888612
5.358815 1528481837.380099 0.000137 0.000168 0.000766 83.274487
5.371457 1528481837.392741 0.000137 0.000169 0.000769 83.487719
5.383998 1528481837.405282 0.000137 0.000168 0.000760 83.475068
5.396576 1528481837.417860 0.000137 0.000168 0.000751 83.446793
5.408749 1528481837.430033 0.000138 0.000167 0.000749 83.527668
5.421691 1528481837.442975 0.000136 0.000167 0.000747 83.717414
5.434302 1528481837.455586 0.000135 0.000167 0.000745 83.945354
5.446413 1528481837.467697 0.000135 0.000170 0.000738 84.009077
5.458844 1528481837.480128 0.000135 0.000170 0.000736 83.939284
5.470931 1528481837.492214 0.000133 0.000169 0.000739 84.215148
5.483504 1528481837.504788 0.000133 0.000167 0.000735 84.398270
5.496161 1528481837.517445 0.000134 0.000167 0.000740 85.381118
5.508595 1528481837.529879 0.000132 0.000168 0.000741 86.658117
5.521190 1528481837.542474 0.000132 0.000166 0.000743 87.385007
5.534159 1528481837.555443 0.000131 0.000164 0.000748 87.542010
5.546846 1528481837.568130 0.000132 0.000160 0.000760 87.261365
5.559591 1528481837.580875 0.000130 0.000160 0.000778 87.559056
5.572010 1528481837.593294 0.000134 0.000157 0.000787 88.553515
5.584642 1528481837.605926 0.000133 0.000155 0.000788 88.434640
5.597304 1528481837.618587 0.000134 0.000153 0.000789 88.329685
5.608803 1528481837.630087 0.000135 0.000153 0.000787 87.974992
5.621027 1528481837.642311 0.000134 0.000153 0.000784 87.569235
5.633420 1528481837.654704 0.000134 0.000153 0.000777 87.255091
5.645900 1528481837.667184 0.000132 0.000154 0.000782 86.810340
5.658274 1528481837.679558 0.000132 0.000153 0.000782 86.408295
5.670917 1528481837.692200 0.000132 0.000153 0.000778 86.431211
5.683543 1528481837.704827 0.000132 0.000153 0.000774 86.237960
5.696064 1528481837.717348 0.000132 0.000154 0.000774 85.927760
5.708384 1528481837.729668 0.000132 0.000153 0.000769 85.672219
5.721283 1528481837.742567 0.000131 0.000153 0.000756 85.005564
5.733369 1528481837.754653 0.000131 0.000151 0.000741 84.182022
5.745962 1528481837.767246 0.000130 0.000150 0.000742 83.005454
5.758545 1528481837.779829 0.000127 0.000150 0.000746 82.201574
5.770830 1528481837.792114 0.000127 0.000151 0.000732 81.224594
5.783815 1528481837.805099 0.000127 0.000150 0.000734 79.874344
5.795951 1528481837.817235 0.000127 0.000150 0.000767 78.920008
5.808568 1528481837.829852 0.000123 0.000152 0.000776 77.620264
5.821716 1528481837.843000 0.000117 0.000154 0.000792 77.222436
5.834465 1528481837.855749 0.000113 0.000154 0.000800 77.254398
5.847181 1528481837.868465 0.000112 0.000155 0.000801 77.266314
5.859723 1528481837.881007 0.000123 0.000219 0.000769 77.415945
5.871461 1528481837.892745 0.000121 0.000256 0.000753 77.273048
5.883335 1528481837.904619 0.000117 0.000272 0.000756 76.710909
5.896270 1528481837.917553 0.000117 0.000284 0.000726 75.240563
5.908961 1528481837.930245 0.000114 0.000289 0.000723 73.628281
5.921800 1528481837.943084 0.000112 0.000295 0.000721 72.605572
5.934124 1528481837.955408 0.000111 0.000293 0.000728 71.513929
5.946584 1528481837.967868 0.000111 0.000288 0.000736 70.639352
5.959246 1528481837.980530 0.000112 0.000282 0.000736 69.844117
5.971785 1528481837.993068 0.000111 0.000275 0.000748 69.063652
5.984192 1528481838.005476 0.000111 0.000270 0.000750 68.382354
5.996490 1528481838.017774 0.000110 0.000261 0.000752 67.637564
6.009128 1528481838.030412 0.000110 0.000261 0.000753 67.317061
6.021407 1528481838.042691 0.000109 0.000260 0.000761 67.074770
6.034247 1528481838.055531 0.000109 0.000258 0.000755 66.919254
6.046366 1528481838.067650 0.000108 0.000258 0.000756 66.953460
6.058730 1528481838.080014 0.000109 0.000256 0.000735 66.564587
6.071075 1528481838.092359 0.000109 0.000255 0.000744 66.438295
6.083936 1528481838.105220 0.000108 0.000254 0.000757 66.280281
6.096306 1528481838.117590 0.000108 0.000250 0.000752 66.056034
6.108989 1528481838.130272 0.000108 0.000249 0.000769 65.925892
6.121901 1528481838.143184 0.000107 0.000247 0.000774 65.466731
6.134064 1528481838.155348 0.000107 0.000245 0.000775 65.190156
6.147293 1528481838.168577 0.000107 0.000245 0.000772 65.103675
6.159341 1528481838.180625 0.000107 0.000241 0.000769 64.873263
6.171367 1528481838.192651 0.000106 0.000242 0.000779 64.767139
6.184092 1528481838.205376 0.000106 0.000242 0.000775 64.737310
6.196495 1528481838.217779 0.000106 0.000242 0.000778 64.817797
6.208931 1528481838.230215 0.000106 0.000239 0.000770 64.659306
6.221312 1528481838.242596 0.000106 0.000237 0.000780 64.785635
6.233796 1528481838.255080 0.000106 0.000241 0.000780 64.739066
6.246879 1528481838.268163 0.000106 0.000239 0.000775 64.937865
6.260233 1528481838.281517 0.000105 0.000239 0.000782 65.106617
6.272042 1528481838.293326 0.000106 0.000240 0.000765 65.258196
6.284535 1528481838.305819 0.000104 0.000237 0.000781 65.182834
6.296815 1528481838.318099 0.000104 0.000236 0.000775 65.187359
6.309404 1528481838.330688 0.000104 0.000235 0.000784 65.197144
6.322035 1528481838.343319 0.000105 0.000232 0.000770 65.053426
6.334676 1528481838.355960 0.000103 0.000232 0.000788 64.962311
6.347075 1528481838.368359 0.000104 0.000232 0.000780 65.003767
6.359483 1528481838.380767 0.000103 0.000232 0.000789 64.880989
6.372850 1528481838.394134 0.000103 0.000231 0.000785 65.064924
6.384829 1528481838.406113 0.000105 0.000231 0.000777 65.076066
6.396450 1528481838.417734 0.000106 0.000234 0.000766 64.989808
6.408933 1528481838.430217 0.000108 0.000232 0.000778 64.585482
6.421074 1528481838.442358 0.000113 0.000236 0.000757 64.306263
6.433593 1528481838.454877 0.000116 0.000238 0.000750 64.420383
6.446117 1528481838.467401 0.000117 0.000234 0.000753 64.474047
6.459719 1528481838.481003 0.000120 0.000230 0.000753 64.555031
6.472228 1528481838.493512 0.000120 0.000225 0.000769 64.739880
6.485077 1528481838.506361 0.000120 0.000217 0.000781 64.834565
6.496902 1528481838.518186 0.000121 0.000211 0.000791 64.810282
6.509310 1528481838.530593 0.000121 0.000206 0.000785 64.677419
6.522200 1528481838.543484 0.000120 0.000202 0.000798 64.508661
6.534733 1528481838.556016 0.000123 0.000195 0.000775 64.057927
6.547003 1528481838.568286 0.000122 0.000192 0.000787 63.854513
6.558901 1528481838.580185 0.000122 0.000194 0.000783 63.463928
6.570904 1528481838.592188 0.000121 0.000192 0.000788 63.510373
6.583520 1528481838.604804 0.000122 0.000191 0.000787 63.473643
6.596042 1528481838.617326 0.000122 0.000189 0.000781 63.394958
6.608675 1528481838.629958 0.000123 0.000191 0.000786 63.601182
6.621109 1528481838.642393 0.000121 0.000193 0.000788 63.567488
6.633755 1528481838.655039 0.000121 0.000192 0.000782 63.407926
6.646523 1528481838.667807 0.000123 0.000192 0.000772 63.354702
6.659114 1528481838.680398 0.000122 0.000191 0.000776 63.177361
6.671696 1528481838.692980 0.000122 0.000192 0.000781 63.114524
6.683963 1528481838.705246 0.000122 0.000190 0.000784 63.069992
6.696527 1528481838.717811 0.000122 0.000190 0.000779 62.984114
6.708998 1528481838.730282 0.000121 0.000191 0.000783 62.778098
6.721363 1528481838.742647 0.000122 0.000190 0.000783 62.878765
6.734058 1528481838.755342 0.000122 0.000189 0.000785 62.877837
6.746361 1528481838.767645 0.000122 0.000188 0.000782 62.677472
6.758978 1528481838.780262 0.000122 0.000188 0.000791 62.555211
6.771567 1528481838.792850 0.000122 0.000188 0.000784 62.663252
6.784211 1528481838.805495 0.000122 0.000188 0.000793 62.580007
6.796865 1528481838.818148 0.000123 0.000187 0.000782 62.631644
6.809199 1528481838.830483 0.000122 0.000186 0.000792 62.571345
6.821362 1528481838.842646 0.000122 0.000185 0.000789 62.497753
6.833898 1528481838.855182 0.000122 0.000184 0.000796 62.412985
6.846602 1528481838.867886 0.000121 0.000183 0.000799 62.322692
6.859048 1528481838.880332 0.000121 0.000181 0.000804 62.219033
6.871719 1528481838.893003 0.000120 0.000183 0.000808 62.225638
6.883897 1528481838.905180 0.000120 0.000183 0.000811 62.134426
6.896549 1528481838.917833 0.000120 0.000182 0.000813 62.102286
6.909279 1528481838.930563 0.000120 0.000181 0.000806 62.103512
6.921581 1528481838.942865 0.000120 0.000181 0.000803 62.209097
6.934307 1528481838.955591 0.000119 0.000177 0.000811 62.055554
6.946238 1528481838.967522 0.000119 0.000181 0.000814 61.994924
6.959036 1528481838.980320 0.000120 0.000179 0.000802 62.196883
6.971786 1528481838.993070 0.000120 0.000180 0.000808 62.221847
6.983942 1528481839.005226 0.000119 0.000179 0.000814 62.046088
6.996908 1528481839.018192 0.000119 0.000181 0.000811 62.019699
7.009390 1528481839.030674 0.000120 0.000179 0.000806 62.065838
7.021526 1528481839.042810 0.000118 0.000180 0.000813 62.027190
7.034483 1528481839.055767 0.000119 0.000177 0.000812 62.033865
7.046376 1528481839.067660 0.000119 0.000179 0.000808 61.968358
7.062497 1528481839.083781 0.000118 0.000180 0.000813 62.035319
7.071152 1528481839.092436 0.000118 0.000178 0.000805 62.076671
7.084074 1528481839.105358 0.000116 0.000176 0.000807 62.628779
7.096726 1528481839.118010 0.000116 0.000174 0.000818 62.544341
7.108807 1528481839.130090 0.000117 0.000173 0.000824 62.031792
7.121697 1528481839.142981 0.000116 0.000174 0.000837 61.634764
7.134131 1528481839.155415 0.000115 0.000174 0.000835 61.608760
7.146412 1528481839.167696 0.000115 0.000174 0.000838 61.646304
7.158867 1528481839.180151 0.000117 0.000174 0.000832 61.840990
7.171059 1528481839.192343 0.000116 0.000174 0.000832 61.764011
7.184199 1528481839.205483 0.000115 0.000175 0.000837 61.769883
7.196673 1528481839.217957 0.000116 0.000174 0.000836 61.812719
7.208934 1528481839.230218 0.000116 0.000173 0.000840 61.764363
7.222501 1528481839.243785 0.000115 0.000174 0.000836 61.653488
7.235178 1528481839.256462 0.000115 0.000174 0.000844 61.736531
7.247727 1528481839.269011 0.000115 0.000175 0.000842 61.569859
7.260115 1528481839.281399 0.000115 0.000175 0.000848 61.539193
7.272978 1528481839.294262 0.000115 0.000175 0.000840 61.517616
7.285372 1528481839.306656 0.000115 0.000175 0.000840 61.447682
7.296519 1528481839.317803 0.000115 0.000175 0.000845 61.589492
7.309019 1528481839.330303 0.000116 0.000175 0.000835 61.641422
7.321211 1528481839.342495 0.000116 0.000175 0.000840 61.653997
7.333819 1528481839.355103 0.000116 0.000176 0.000838 61.698225
7.346210 1528481839.367493 0.000116 0.000177 0.000836 61.738102
7.359003 1528481839.380287 0.000116 0.000178 0.000838 61.641053
7.371262 1528481839.392546 0.000117 0.000175 0.000832 61.630115
7.383900 1528481839.405184 0.000117 0.000177 0.000839 61.588553
7.396454 1528481839.417738 0.000116 0.000178 0.000843 61.627788
7.409736 1528481839.431020 0.000117 0.000176 0.000839 61.535768
7.422150 1528481839.443434 0.000117 0.000177 0.000841 61.443544
7.434814 1528481839.456098 0.000117 0.000175 0.000836 61.540154
7.447341 1528481839.468625 0.000117 0.000176 0.000839 61.583986
7.459309 1528481839.480592 0.000117 0.000177 0.000837 61.571609
7.471334 1528481839.492618 0.000117 0.000177 0.000838 61.501175
7.483933 1528481839.505217 0.000117 0.000177 0.000833 61.543200
7.496097 1528481839.517380 0.000118 0.000177 0.000837 61.495899
7.509954 1528481839.531238 0.000118 0.000177 0.000833 61.496531
7.522383 1528481839.543667 0.000118 0.000176 0.000834 61.545574
7.534653 1528481839.555937 0.000117 0.000178 0.000843 61.335912
7.547587 1528481839.568871 0.000119 0.000178 0.000848 60.856103
7.559762 1528481839.581045 0.000119 0.000179 0.000819 61.282782
7.572697 1528481839.593981 0.000119 0.000185 0.000817 63.083295
7.584099 1528481839.605382 0.000119 0.000194 0.000851 64.983004
7.596664 1528481839.617948 0.000124 0.000195 0.000851 65.717356
7.608912 1528481839.630195 0.000127 0.000192 0.000843 65.389502
7.621672 1528481839.642956 0.000129 0.000189 0.000845 64.733805
7.634011 1528481839.655294 0.000129 0.000186 0.000844 64.517346
7.646470 1528481839.667754 0.000129 0.000185 0.000849 64.335686
7.658921 1528481839.680205 0.000129 0.000184 0.000838 64.146218
7.672299 1528481839.693583 0.000129 0.000183 0.000839 63.851868
7.685140 1528481839.706424 0.000129 0.000182 0.000822 63.181007
7.697638 1528481839.718921 0.000128 0.000181 0.000813 62.845467
7.709153 1528481839.730437 0.000127 0.000181 0.000803 62.683617
7.722003 1528481839.743287 0.000127 0.000182 0.000789 62.162682
7.734376 1528481839.755660 0.000126 0.000180 0.000789 61.719710
7.746109 1528481839.767393 0.000125 0.000181 0.000785 61.527265
7.758836 1528481839.780119 0.000125 0.000181 0.000793 61.493644
7.772333 1528481839.793617 0.000126 0.000180 0.000793 61.257735
7.784940 1528481839.806224 0.000125 0.000179 0.000786 61.202074
7.797185 1528481839.818469 0.000126 0.000180 0.000775 61.842426
7.809732 1528481839.831016 0.000127 0.000183 0.000791 62.667649
7.821604 1528481839.842888 0.000126 0.000182 0.000781 62.764257
7.834126 1528481839.855410 0.000127 0.000183 0.000776 62.759354
7.846618 1528481839.867902 0.000127 0.000184 0.000764 62.514621
7.858644 1528481839.879928 0.000128 0.000182 0.000776 62.208280
7.872786 1528481839.894069 0.000124 0.000180 0.000783 61.988209
7.885166 1528481839.906450 0.000123 0.000177 0.000792 61.839063
7.896618 1528481839.917902 0.000122 0.000174 0.000821 62.209906
7.908888 1528481839.930171 0.000123 0.000176 0.000835 62.159177
7.922513 1528481839.943797 0.000123 0.000177 0.000813 62.003838
7.934999 1528481839.956283 0.000123 0.000177 0.000793 61.637685
7.946412 1528481839.967696 0.000123 0.000175 0.000809 61.226823
7.958506 1528481839.979790 0.000122 0.000173 0.000829 60.685764
7.970972 1528481839.992256 0.000120 0.000172 0.000830 60.371499
7.984612 1528481840.005896 0.000120 0.000173 0.000845 60.922119
7.996780 1528481840.018064 0.000121 0.000174 0.000840 60.665690
8.009161 1528481840.030445 0.000121 0.000174 0.000830 59.835193
8.021730 1528481840.043014 0.000121 0.000174 0.000842 59.304854
8.034220 1528481840.055504 0.000120 0.000175 0.000848 59.052048
8.046633 1528481840.067917 0.000121 0.000173 0.000856 58.907761
8.059885 1528481840.081169 0.000119 0.000172 0.000851 58.944825
8.072623 1528481840.093907 0.000119 0.000170 0.000861 58.921889
8.084268 1528481840.105552 0.000119 0.000171 0.000855 58.723647
8.096664 1528481840.117948 0.000120 0.000171 0.000855 58.665080
8.109118 1528481840.130402 0.000121 0.000171 0.000854 58.427204
8.121335 1528481840.142619 0.000121 0.000172 0.000854 58.334939
8.133530 1528481840.154814 0.000121 0.000172 0.000854 58.309034
8.146353 1528481840.167637 0.000120 0.000171 0.000848 58.267297
8.158858 1528481840.180141 0.000119 0.000169 0.000849 58.796477
8.171179 1528481840.192463 0.000117 0.000169 0.000851 58.830609
8.183815 1528481840.205099 0.000117 0.000172 0.000861 58.537225
8.196064 1528481840.217348 0.000119 0.000172 0.000855 58.099077
8.208819 1528481840.230103 0.000120 0.000172 0.000869 57.909499
8.221102 1528481840.242386 0.000121 0.000173 0.000865 57.741637
8.233512 1528481840.254796 0.000122 0.000172 0.000866 57.728603
8.246070 1528481840.267354 0.000121 0.000169 0.000862 57.657453
8.259787 1528481840.281070 0.000121 0.000167 0.000857 57.613151
8.272617 1528481840.293901 0.000121 0.000166 0.000852 57.574440
8.284782 1528481840.306066 0.000121 0.000163 0.000859 57.314020
8.297252 1528481840.318536 0.000121 0.000163 0.000865 57.172781
8.309814 1528481840.331098 0.000120 0.000162 0.000859 56.793597
8.321837 1528481840.343121 0.000122 0.000161 0.000873 56.351197
8.333982 1528481840.355265 0.000120 0.000162 0.000865 56.688300
8.346320 1528481840.367604 0.000118 0.000159 0.000868 56.489256
8.358911 1528481840.380195 0.000117 0.000158 0.000853 56.505863
8.371434 1528481840.392718 0.000118 0.000158 0.000860 56.460353
8.384323 1528481840.405607 0.000117 0.000158 0.000869 56.390792
8.396441 1528481840.417725 0.000116 0.000157 0.000867 56.121879
8.409022 1528481840.430306 0.000118 0.000157 0.000870 55.669508
8.422064 1528481840.443348 0.000118 0.000157 0.000866 55.620687
8.434117 1528481840.455401 0.000118 0.000157 0.000858 55.762908
8.446660 1528481840.467944 0.000116 0.000156 0.000859 55.923562
8.459132 1528481840.480416 0.000116 0.000157 0.000857 56.006345
8.471746 1528481840.493030 0.000116 0.000156 0.000856 56.157478
8.484186 1528481840.505470 0.000117 0.000155 0.000859 55.969498
8.496390 1528481840.517674 0.000119 0.000154 0.000859 55.789739
8.509171 1528481840.530455 0.000123 0.000154 0.000860 55.510333
8.521378 1528481840.542662 0.000124 0.000154 0.000853 55.171421
8.534487 1528481840.555770 0.000124 0.000153 0.000858 54.821555
8.547226 1528481840.568510 0.000123 0.000152 0.000862 54.676507
8.560299 1528481840.581583 0.000123 0.000151 0.000859 54.274433
8.571674 1528481840.592958 0.000123 0.000151 0.000856 54.286762
8.584151 1528481840.605434 0.000121 0.000150 0.000856 54.129639
8.596393 1528481840.617677 0.000122 0.000150 0.000859 54.136965
8.609293 1528481840.630577 0.000121 0.000150 0.000856 54.284138
8.621703 1528481840.642987 0.000120 0.000149 0.000856 54.200861
8.634490 1528481840.655774 0.000122 0.000151 0.000849 54.344855
8.646810 1528481840.668094 0.000121 0.000150 0.000853 54.477867
8.659145 1528481840.680429 0.000121 0.000149 0.000853 54.330751
8.671515 1528481840.692799 0.000121 0.000150 0.000852 54.362585
8.685111 1528481840.706395 0.000122 0.000149 0.000847 54.305740
8.697318 1528481840.718601 0.000121 0.000150 0.000841 54.232461
8.709764 1528481840.731048 0.000120 0.000150 0.000841 54.202334
8.721879 1528481840.743163 0.000118 0.000149 0.000847 54.154295
8.734955 1528481840.756239 0.000121 0.000149 0.000848 54.182558
8.746675 1528481840.767959 0.000119 0.000149 0.000848 54.234288
8.759753 1528481840.781036 0.000119 0.000149 0.000848 54.124197
8.771656 1528481840.792939 0.000119 0.000149 0.000845 54.226646
8.784053 1528481840.805336 0.000119 0.000149 0.000851 54.250750
8.796483 1528481840.817767 0.000119 0.000149 0.000851 54.331265
8.809145 1528481840.830429 0.000119 0.000149 0.000846 54.364303
8.821567 1528481840.842850 0.000119 0.000149 0.000848 54.322313
8.834333 1528481840.855617 0.000119 0.000150 0.000844 54.472244
8.846572 1528481840.867856 0.000119 0.000149 0.000842 54.315564
8.859304 1528481840.880588 0.000118 0.000150 0.000844 54.281630
8.872213 1528481840.893497 0.000119 0.000148 0.000840 54.240633
8.883930 1528481840.905214 0.000117 0.000149 0.000844 54.280815
8.896809 1528481840.918093 0.000118 0.000149 0.000838 54.243380
8.910431 1528481840.931715 0.000118 0.000149 0.000837 54.334250
8.922735 1528481840.944019 0.000118 0.000149 0.000839 54.302991
8.934409 1528481840.955693 0.000118 0.000150 0.000837 54.371835
8.946635 1528481840.967919 0.000118 0.000149 0.000839 54.395716
8.958949 1528481840.980233 0.000118 0.000149 0.000840 54.369765
8.971587 1528481840.992871 0.000118 0.000150 0.000837 54.416287
8.984974 1528481841.006258 0.000117 0.000150 0.000837 54.451565
8.996585 1528481841.017869 0.000117 0.000150 0.000843 54.420112
9.010105 1528481841.031389 0.000117 0.000150 0.000839 54.414353
9.022274 1528481841.043558 0.000118 0.000150 0.000841 54.486371
9.035143 1528481841.056427 0.000117 0.000150 0.000839 54.449979
9.047325 1528481841.068609 0.000118 0.000149 0.000842 54.490773
9.060388 1528481841.081671 0.000119 0.000149 0.000840 54.443387
9.071622 1528481841.092906 0.000117 0.000151 0.000843 54.458927
9.083940 1528481841.105224 0.000116 0.000152 0.000838 54.254116
9.096368 1528481841.117652 0.000118 0.000152 0.000824 53.780770
9.108876 1528481841.130160 0.000119 0.000152 0.000824 53.848386
9.122714 1528481841.143998 0.000118 0.000151 0.000836 53.771849
9.134717 1528481841.156001 0.000120 0.000151 0.000840 54.068393
9.147893 1528481841.169177 0.000120 0.000151 0.000835 54.060186
9.159015 1528481841.180299 0.000120 0.000151 0.000836 54.162402
9.172184 1528481841.193468 0.000120 0.000151 0.000837 54.249779
9.184739 1528481841.206023 0.000121 0.000151 0.000840 54.442306
9.197444 1528481841.218728 0.000121 0.000151 0.000834 54.375545
9.209989 1528481841.231272 0.000121 0.000152 0.000831 54.301042
9.223169 1528481841.244453 0.000121 0.000153 0.000832 54.293618
9.234709 1528481841.255993 0.000121 0.000153 0.000832 54.302673
9.246567 1528481841.267850 0.000121 0.000153 0.000832 54.214893
9.258830 1528481841.280114 0.000120 0.000152 0.000836 53.985072
9.271425 1528481841.292709 0.000121 0.000153 0.000835 54.050682
9.284101 1528481841.305384 0.000121 0.000153 0.000831 53.975436
9.296428 1528481841.317712 0.000121 0.000153 0.000832 53.940791
9.309501 1528481841.330785 0.000120 0.000153 0.000829 53.896304
9.321955 1528481841.343239 0.000120 0.000154 0.000839 54.099371
9.334148 1528481841.355432 0.000121 0.000154 0.000828 54.366869
9.346932 1528481841.368216 0.000122 0.000154 0.000834 54.530660
9.359401 1528481841.380685 0.000123 0.000155 0.000834 54.582798
9.371707 1528481841.392991 0.000122 0.000155 0.000835 54.539954
9.383895 1528481841.405179 0.000121 0.000154 0.000837 54.503242
9.398962 1528481841.420245 0.000124 0.000155 0.000830 54.515036
9.408963 1528481841.430247 0.000123 0.000155 0.000831 54.538958
9.421424 1528481841.442708 0.000123 0.000155 0.000831 54.424652
9.434185 1528481841.455469 0.000123 0.000155 0.000830 54.363510
9.446228 1528481841.467512 0.000123 0.000154 0.000830 54.300722
9.458669 1528481841.479953 0.000122 0.000154 0.000835 54.341792
9.471349 1528481841.492633 0.000123 0.000154 0.000827 54.207741
9.483957 1528481841.505241 0.000122 0.000154 0.000832 54.182432
9.496501 1528481841.517785 0.000122 0.000154 0.000830 54.250960
9.508642 1528481841.529926 0.000123 0.000154 0.000830 54.161762
9.521254 1528481841.542538 0.000122 0.000154 0.000826 54.219609
9.534078 1528481841.555362 0.000123 0.000154 0.000828 54.224641
9.546505 1528481841.567789 0.000122 0.000154 0.000832 54.188129
9.558879 1528481841.580163 0.000122 0.000154 0.000825 54.339195
9.571399 1528481841.592683 0.000121 0.000152 0.000818 54.877089
9.583787 1528481841.605071 0.000124 0.000150 0.000816 54.750977
9.596421 1528481841.617705 0.000125 0.000149 0.000830 54.628845
9.609086 1528481841.630370 0.000124 0.000149 0.000843 54.430924
9.621528 1528481841.642812 0.000123 0.000149 0.000849 54.340648
9.633824 1528481841.655108 0.000122 0.000149 0.000857 54.550337
9.646251 1528481841.667535 0.000121 0.000149 0.000868 54.951405
9.659047 1528481841.680331 0.000122 0.000149 0.000861 55.110017
9.671506 1528481841.692790 0.000121 0.000149 0.000864 55.253594
9.684052 1528481841.705335 0.000121 0.000149 0.000865 55.432841
9.696663 1528481841.717947 0.000121 0.000151 0.000858 55.584789
9.708845 1528481841.730129 0.000121 0.000151 0.000865 55.503646
9.721130 1528481841.742414 0.000121 0.000150 0.000865 55.315181
9.733978 1528481841.755262 0.000120 0.000150 0.000867 55.341822
9.746198 1528481841.767482 0.000121 0.000150 0.000864 55.257657
9.758831 1528481841.780115 0.000121 0.000149 0.000867 55.174789
9.772365 1528481841.793649 0.000121 0.000149 0.000866 55.223652
9.785131 1528481841.806415 0.000120 0.000150 0.000864 55.094279
9.797316 1528481841.818600 0.000121 0.000148 0.000866 55.012809
9.810258 1528481841.831542 0.000120 0.000149 0.000870 55.119409
9.822551 1528481841.843835 0.000120 0.000149 0.000860 55.078009
9.834625 1528481841.855909 0.000121 0.000149 0.000870 55.052184
9.847128 1528481841.868412 0.000120 0.000149 0.000867 55.059132
9.859392 1528481841.880676 0.000120 0.000149 0.000867 55.171154
9.872073 1528481841.893357 0.000121 0.000149 0.000867 55.131180
9.884312 1528481841.905596 0.000121 0.000150 0.000867 55.200094
9.896645 1528481841.917929 0.000122 0.000149 0.000863 55.080727
9.908967 1528481841.930251 0.000121 0.000150 0.000868 55.152603
9.921751 1528481841.943035 0.000121 0.000149 0.000879 55.032978
9.934347 1528481841.955631 0.000119 0.000149 0.000897 54.942218
9.946775 1528481841.968059 0.000116 0.000151 0.000909 54.782970
9.959057 1528481841.980340 0.000116 0.000153 0.000924 54.585681
9.971918 1528481841.993202 0.000114 0.000155 0.000920 54.276577
9.984329 1528481842.005613 0.000116 0.000156 0.000927 54.237217
9.996832 1528481842.018116 0.000117 0.000157 0.000927 54.174551
10.009183 1528481842.030467 0.000118 0.000157 0.000922 54.117692
10.021674 1528481842.042958 0.000119 0.000158 0.000924 54.229418
10.034124 1528481842.055408 0.000120 0.000159 0.000922 54.235882
10.046725 1528481842.068008 0.000119 0.000158 0.000925 54.344495
10.058970 1528481842.080254 0.000120 0.000159 0.000921 54.394429
10.071767 1528481842.093051 0.000119 0.000160 0.000923 54.366311
10.084296 1528481842.105580 0.000120 0.000160 0.000927 54.450233
10.096998 1528481842.118282 0.000120 0.000160 0.000929 54.385866
10.110264 1528481842.131548 0.000120 0.000160 0.000928 54.259680
10.122948 1528481842.144232 0.000120 0.000160 0.000931 54.132638
10.135248 1528481842.156532 0.000119 0.000160 0.000936 54.028666
10.147765 1528481842.169049 0.000120 0.000160 0.000934 53.819419
10.160233 1528481842.181517 0.000120 0.000159 0.000934 53.628506
10.173064 1528481842.194348 0.000120 0.000159 0.000940 53.745004
10.185619 1528481842.206903 0.000121 0.000159 0.000936 53.779048
10.197784 1528481842.219068 0.000120 0.000160 0.000938 53.731152
10.210106 1528481842.231390 0.000121 0.000160 0.000936 53.882097
10.223013 1528481842.244297 0.000121 0.000160 0.000925 53.876480
10.234974 1528481842.256258 0.000122 0.000162 0.000928 54.140940
10.247360 1528481842.268643 0.000122 0.000162 0.000919 54.112642
10.259655 1528481842.280939 0.000122 0.000162 0.000908 53.806588
10.271948 1528481842.293232 0.000122 0.000163 0.000883 53.223473
10.285566 1528481842.306849 0.000123 0.000162 0.000873 52.876319
10.297795 1528481842.319078 0.000123 0.000162 0.000887 52.882464
10.310304 1528481842.331588 0.000123 0.000159 0.000863 52.213936
10.321931 1528481842.343215 0.000123 0.000159 0.000851 51.846264
10.334543 1528481842.355827 0.000123 0.000161 0.000875 52.316032
10.346804 1528481842.368088 0.000123 0.000160 0.000853 51.804509
10.359184 1528481842.380467 0.000123 0.000159 0.000846 51.598238
10.372085 1528481842.393368 0.000124 0.000159 0.000836 51.488894
10.385995 1528481842.407279 0.000123 0.000161 0.000853 52.076834
10.398351 1528481842.419635 0.000124 0.000161 0.000856 52.151015
10.410394 1528481842.431678 0.000124 0.000161 0.000847 51.957500
10.422670 1528481842.443954 0.000124 0.000161 0.000841 52.130260
10.435160 1528481842.456444 0.000125 0.000162 0.000851 52.431815
10.447809 1528481842.469093 0.000125 0.000162 0.000858 52.452255
10.460355 1528481842.481639 0.000125 0.000160 0.000844 51.958733
10.472616 1528481842.493900 0.000126 0.000161 0.000841 51.944274
10.484055 1528481842.505339 0.000125 0.000162 0.000846 52.070163
10.497002 1528481842.518286 0.000125 0.000161 0.000835 51.738791
10.509255 1528481842.530539 0.000125 0.000164 0.000859 52.793536
10.521984 1528481842.543267 0.000125 0.000163 0.000845 52.568358
10.534519 1528481842.555803 0.000119 0.000162 0.000846 52.866439
10.546959 1528481842.568243 0.000116 0.000162 0.000848 53.220161
10.559576 1528481842.580859 0.000117 0.000167 0.000858 53.834948
10.572189 1528481842.593472 0.000120 0.000168 0.000846 53.720030
10.584518 1528481842.605802 0.000120 0.000168 0.000854 53.539961
10.597176 1528481842.618459 0.000119 0.000166 0.000857 53.573163
10.609548 1528481842.630832 0.000121 0.000170 0.000850 53.421559
10.622242 1528481842.643526 0.000121 0.000152 0.000822 52.167742
10.634770 1528481842.656054 0.000121 0.000152 0.000811 51.916660
10.646923 1528481842.668207 0.000121 0.000150 0.000811 51.729276
10.659553 1528481842.680837 0.000121 0.000150 0.000807 51.614372
10.672174 1528481842.693457 0.000119 0.000148 0.000810 51.706263
10.684667 1528481842.705950 0.000119 0.000148 0.000808 51.583336
10.697197 1528481842.718481 0.000121 0.000149 0.000800 51.505306
10.710261 1528481842.731545 0.000121 0.000148 0.000802 51.221103
10.722833 1528481842.744117 0.000120 0.000147 0.000804 51.131890
10.734865 1528481842.756149 0.000122 0.000146 0.000800 50.249998
10.747587 1528481842.768871 0.000121 0.000144 0.000793 49.690836
10.759674 1528481842.780958 0.000116 0.000144 0.000791 49.863167
10.772318 1528481842.793602 0.000111 0.000145 0.000785 50.449675
10.785286 1528481842.806570 0.000107 0.000147 0.000775 51.280713
10.797750 1528481842.819034 0.000104 0.000149 0.000776 52.767665
10.809878 1528481842.831162 0.000098 0.000150 0.000797 55.174186
10.822853 1528481842.844137 0.000095 0.000151 0.000834 57.271885
10.834604 1528481842.855887 0.000094 0.000151 0.000855 58.884863
10.846959 1528481842.868243 0.000093 0.000151 0.000873 60.110475
10.859601 1528481842.880885 0.000093 0.000150 0.000885 60.955657
10.872188 1528481842.893471 0.000093 0.000149 0.000896 61.589091
10.884604 1528481842.905888 0.000093 0.000147 0.000900 61.920788
10.897053 1528481842.918337 0.000095 0.000146 0.000885 62.055922
10.909586 1528481842.930870 0.000094 0.000145 0.000896 62.390635
10.921995 1528481842.943279 0.000094 0.000143 0.000890 62.775324
10.934311 1528481842.955595 0.000095 0.000143 0.000887 63.018575
10.946940 1528481842.968224 0.000095 0.000141 0.000887 63.308956
10.959406 1528481842.980690 0.000094 0.000140 0.000888 63.402792
10.972086 1528481842.993370 0.000094 0.000139 0.000891 63.561935
10.984603 1528481843.005887 0.000094 0.000138 0.000890 63.579365
10.997224 1528481843.018508 0.000094 0.000137 0.000892 63.571481
11.009971 1528481843.031255 0.000094 0.000136 0.000893 63.657677
11.023697 1528481843.044981 0.000094 0.000136 0.000891 63.617997
11.035700 1528481843.056984 0.000093 0.000136 0.000894 63.643976
11.048192 1528481843.069475 0.000093 0.000135 0.000897 63.679358
11.060473 1528481843.081757 0.000093 0.000134 0.000897 63.692336
11.072259 1528481843.093543 0.000093 0.000134 0.000894 63.749990
11.084333 1528481843.105617 0.000094 0.000133 0.000894 63.861136
11.097157 1528481843.118441 0.000093 0.000133 0.000896 63.975910
11.109697 1528481843.130981 0.000093 0.000132 0.000890 64.017325
11.122129 1528481843.143413 0.000093 0.000131 0.000895 64.225876
11.134396 1528481843.155680 0.000094 0.000131 0.000894 64.253871
11.147030 1528481843.168314 0.000094 0.000129 0.000884 64.450200
11.159373 1528481843.180657 0.000095 0.000127 0.000872 64.499226
11.172163 1528481843.193447 0.000099 0.000125 0.000854 64.480929
11.184293 1528481843.205577 0.000103 0.000125 0.000829 64.298499
11.197380 1528481843.218664 0.000108 0.000124 0.000815 63.599956
11.209383 1528481843.230666 0.000112 0.000122 0.000804 62.813540
11.222117 1528481843.243401 0.000116 0.000121 0.000799 61.892336
11.234717 1528481843.256001 0.000117 0.000122 0.000796 61.183993
11.247056 1528481843.268340 0.000116 0.000123 0.000796 60.339284
11.259482 1528481843.280766 0.000115 0.000122 0.000798 59.939443
11.272609 1528481843.293892 0.000115 0.000122 0.000800 59.512031
11.284528 1528481843.305812 0.000114 0.000122 0.000789 59.276833
11.298129 1528481843.319412 0.000115 0.000121 0.000787 59.142452
11.310597 1528481843.331881 0.000114 0.000121 0.000787 59.191163
11.322710 1528481843.343994 0.000114 0.000121 0.000792 59.256284
11.334597 1528481843.355881 0.000115 0.000121 0.000787 59.279034
11.347093 1528481843.368376 0.000116 0.000121 0.000781 59.180450
11.359733 1528481843.381017 0.000115 0.000121 0.000791 59.194542
11.372212 1528481843.393496 0.000115 0.000121 0.000789 59.164371
11.385414 1528481843.406698 0.000115 0.000120 0.000794 59.125549
11.397235 1528481843.418519 0.000115 0.000121 0.000788 59.049092
11.410545 1528481843.431829 0.000115 0.000121 0.000788 59.025432
11.423265 1528481843.444548 0.000116 0.000121 0.000788 59.052916
11.435904 1528481843.457188 0.000115 0.000121 0.000788 59.034607
11.447427 1528481843.468711 0.000115 0.000121 0.000791 58.965095
11.459500 1528481843.480784 0.000116 0.000120 0.000794 58.995915
11.471884 1528481843.493168 0.000116 0.000121 0.000788 59.031862
11.484399 1528481843.505683 0.000116 0.000121 0.000789 58.982142
11.498306 1528481843.519590 0.000115 0.000121 0.000794 59.029967
11.510823 1528481843.532107 0.000116 0.000121 0.000794 58.962791
11.523059 1528481843.544343 0.000116 0.000120 0.000788 58.819673
11.535524 1528481843.556808 0.000116 0.000121 0.000784 58.818393
11.548156 1528481843.569439 0.000115 0.000121 0.000786 58.852337
11.560829 1528481843.582113 0.000116 0.000121 0.000782 58.753613
11.573149 1528481843.594433 0.000116 0.000121 0.000780 58.695222
11.585496 1528481843.606780 0.000116 0.000121 0.000778 58.598236
11.597949 1528481843.619233 0.000116 0.000120 0.000788 58.693523
11.611406 1528481843.632690 0.000115 0.000120 0.000787 58.661095
11.622165 1528481843.643449 0.000115 0.000120 0.000783 58.531593
11.634589 1528481843.655873 0.000116 0.000120 0.000781 58.399707
11.647258 1528481843.668542 0.000116 0.000120 0.000777 58.206140
11.660439 1528481843.681723 0.000116 0.000120 0.000786 58.321871
11.672929 1528481843.694213 0.000115 0.000119 0.000784 58.230690
11.685238 1528481843.706522 0.000115 0.000119 0.000780 58.246944
11.697914 1528481843.719198 0.000115 0.000120 0.000783 58.237037
11.710655 1528481843.731939 0.000115 0.000120 0.000779 58.178013
11.722384 1528481843.743668 0.000115 0.000120 0.000778 58.240714
11.734671 1528481843.755955 0.000115 0.000119 0.000778 58.275629
11.746726 1528481843.768009 0.000115 0.000120 0.000783 58.303654
11.759718 1528481843.781002 0.000115 0.000119 0.000780 58.309783
11.772890 1528481843.794174 0.000116 0.000120 0.000777 58.291980
11.785321 1528481843.806605 0.000115 0.000120 0.000780 58.365505
11.797917 1528481843.819201 0.000115 0.000120 0.000776 58.395571
11.810543 1528481843.831827 0.000115 0.000120 0.000777 58.437245
11.823126 1528481843.844409 0.000115 0.000120 0.000775 58.352306
11.834716 1528481843.856000 0.000115 0.000120 0.000780 58.450676
11.846726 1528481843.868010 0.000115 0.000120 0.000780 58.351603
11.859295 1528481843.880579 0.000115 0.000120 0.000778 58.373973
11.871882 1528481843.893166 0.000115 0.000120 0.000782 58.398358
11.884268 1528481843.905552 0.000115 0.000120 0.000780 58.342028
11.896967 1528481843.918251 0.000116 0.000120 0.000772 58.108517
11.909360 1528481843.930644 0.000115 0.000120 0.000778 58.052707
11.922123 1528481843.943407 0.000115 0.000121 0.000775 57.881686
11.934489 1528481843.955773 0.000114 0.000122 0.000766 58.022727
11.947000 1528481843.968284 0.000112 0.000125 0.000761 58.018550
11.959763 1528481843.981046 0.000109 0.000133 0.000760 57.953153
11.972444 1528481843.993727 0.000106 0.000143 0.000756 58.101702
11.984926 1528481844.006209 0.000102 0.000152 0.000746 58.585135
11.997447 1528481844.018731 0.000101 0.000157 0.000738 58.944496
12.010978 1528481844.032262 0.000100 0.000157 0.000738 59.370693
12.022969 1528481844.044253 0.000098 0.000157 0.000747 59.840752
12.035735 1528481844.057019 0.000101 0.000157 0.000753 60.509073
12.047111 1528481844.068395 0.000099 0.000157 0.000765 61.052975
12.059103 1528481844.080387 0.000099 0.000156 0.000771 61.609114
12.072239 1528481844.093523 0.000099 0.000155 0.000773 61.980534
12.084338 1528481844.105622 0.000099 0.000154 0.000777 62.311755
12.097042 1528481844.118326 0.000101 0.000154 0.000777 62.359539
12.110463 1528481844.131747 0.000099 0.000153 0.000778 62.442065
12.123418 1528481844.144702 0.000100 0.000153 0.000775 62.351417
12.135378 1528481844.156662 0.000100 0.000152 0.000772 62.319966
12.148551 1528481844.169835 0.000101 0.000152 0.000775 62.411683
12.160738 1528481844.182022 0.000101 0.000152 0.000775 62.533417
12.173520 1528481844.194804 0.000101 0.000152 0.000772 62.425410
12.185517 1528481844.206801 0.000101 0.000153 0.000774 62.347720
12.198185 1528481844.219469 0.000101 0.000152 0.000774 62.228054
12.209760 1528481844.231044 0.000103 0.000148 0.000768 62.296082
12.221814 1528481844.243098 0.000104 0.000140 0.000767 62.214455
12.233995 1528481844.255279 0.000107 0.000134 0.000765 61.903460
12.246603 1528481844.267886 0.000108 0.000132 0.000765 61.716866
12.259912 1528481844.281196 0.000111 0.000127 0.000762 61.280296
12.272224 1528481844.293508 0.000115 0.000123 0.000754 60.790496
12.284365 1528481844.305649 0.000115 0.000122 0.000752 60.346835
12.296832 1528481844.318115 0.000114 0.000122 0.000752 59.911606
12.309164 1528481844.330448 0.000114 0.000122 0.000748 59.717770
12.321795 1528481844.343079 0.000114 0.000122 0.000752 59.429361
12.334628 1528481844.355912 0.000114 0.000122 0.000754 59.186560
12.348038 1528481844.369322 0.000113 0.000121 0.000755 59.035903
12.360386 1528481844.381670 0.000114 0.000121 0.000750 58.919148
12.373377 1528481844.394660 0.000113 0.000121 0.000750 58.964358
12.385333 1528481844.406617 0.000113 0.000121 0.000749 59.051131
12.398210 1528481844.419494 0.000113 0.000121 0.000747 58.908376
12.409894 1528481844.431178 0.000113 0.000121 0.000752 59.042825
12.422482 1528481844.443766 0.000113 0.000121 0.000747 59.012169
12.435635 1528481844.456919 0.000113 0.000120 0.000747 59.002727
12.447634 1528481844.468917 0.000113 0.000121 0.000744 58.907543
12.460141 1528481844.481425 0.000113 0.000120 0.000747 58.919837
12.472135 1528481844.493418 0.000112 0.000120 0.000746 58.908572
12.484662 1528481844.505946 0.000112 0.000120 0.000744 58.825093
12.496952 1528481844.518236 0.000112 0.000120 0.000744 58.770242
12.510880 1528481844.532164 0.000112 0.000119 0.000742 58.708293
12.523236 1528481844.544520 0.000112 0.000119 0.000744 58.694571
12.535836 1528481844.557120 0.000112 0.000119 0.000740 58.649713
12.547550 1528481844.568834 0.000112 0.000120 0.000740 58.675416
12.559905 1528481844.581189 0.000112 0.000119 0.000738 58.607557
12.572649 1528481844.593933 0.000112 0.000119 0.000738 58.580627
12.585023 1528481844.606307 0.000112 0.000119 0.000739 58.467437
12.597386 1528481844.618670 0.000112 0.000119 0.000741 58.534923
12.610428 1528481844.631712 0.000112 0.000119 0.000741 58.505981
12.622530 1528481844.643814 0.000112 0.000119 0.000740 58.518545
12.634996 1528481844.656280 0.000112 0.000119 0.000740 58.375266
12.647664 1528481844.668948 0.000112 0.000119 0.000737 58.315273
12.660209 1528481844.681493 0.000112 0.000119 0.000736 58.290129
