-5.882613 1527952624.978490 0.000097 0.000109 0.000802 32.970549
-5.870478 1527952624.990624 0.000099 0.000110 0.000791 32.850663
-5.857898 1527952625.003205 0.000099 0.000110 0.000796 32.675560
-5.845942 1527952625.015161 0.000100 0.000111 0.000785 32.374466
-5.834007 1527952625.027096 0.000099 0.000110 0.000798 32.069169
-5.821366 1527952625.039737 0.000099 0.000110 0.000795 32.055395
-5.809087 1527952625.052016 0.000100 0.000110 0.000787 31.782633
-5.795960 1527952625.065143 0.000100 0.000110 0.000788 31.829090
-5.784076 1527952625.077027 0.000100 0.000110 0.000792 31.744847
-5.771306 1527952625.089797 0.000100 0.000110 0.000788 31.825406
-5.758879 1527952625.102223 0.000099 0.000109 0.000791 31.884451
-5.746613 1527952625.114490 0.000100 0.000109 0.000789 31.667901
-5.734307 1527952625.126796 0.000108 0.000110 0.000804 30.792362
-5.721815 1527952625.139287 0.000107 0.000110 0.000801 30.973510
-5.708650 1527952625.152452 0.000100 0.000109 0.000797 31.579998
-5.696035 1527952625.165068 0.000107 0.000110 0.000806 30.871904
-5.683000 1527952625.178102 0.000100 0.000109 0.000792 31.575137
-5.670049 1527952625.191054 0.000099 0.000109 0.000800 31.546546
-5.658506 1527952625.202597 0.000099 0.000109 0.000803 31.433433
-5.646704 1527952625.214398 0.000099 0.000109 0.000801 31.645650
-5.634534 1527952625.226568 0.000107 0.000110 0.000800 30.769990
-5.621247 1527952625.239855 0.000100 0.000110 0.000781 31.805369
-5.608545 1527952625.252558 0.000098 0.000109 0.000790 32.071424
-5.595849 1527952625.265253 0.000100 0.000110 0.000782 31.735388
-5.583645 1527952625.277457 0.000100 0.000110 0.000783 31.783093
-5.570906 1527952625.290196 0.000100 0.000110 0.000778 31.903730
-5.558583 1527952625.302520 0.000100 0.000110 0.000789 31.658814
-5.545801 1527952625.315302 0.000100 0.000109 0.000790 31.744779
-5.534494 1527952625.326608 0.000100 0.000110 0.000774 31.977447
-5.521321 1527952625.339782 0.000100 0.000109 0.000791 31.848764
-5.508590 1527952625.352513 0.000100 0.000110 0.000780 31.892734
-5.495367 1527952625.365735 0.000099 0.000110 0.000781 31.947358
-5.482612 1527952625.378490 0.000101 0.000110 0.000780 31.823846
-5.470769 1527952625.390333 0.000100 0.000110 0.000784 31.848700
-5.458172 1527952625.402930 0.000101 0.000110 0.000778 31.802645
-5.444905 1527952625.416197 0.000102 0.000110 0.000790 31.459054
-5.432908 1527952625.428195 0.000101 0.000110 0.000781 31.494003
-5.422174 1527952625.438928 0.000101 0.000110 0.000782 31.584028
-5.409440 1527952625.451663 0.000109 0.000111 0.000796 30.758778
-5.397021 1527952625.464082 0.000100 0.000110 0.000778 31.909630
-5.383494 1527952625.477608 0.000101 0.000110 0.000782 31.435724
-5.369850 1527952625.491252 0.000100 0.000111 0.000778 31.992533
-5.358446 1527952625.502657 0.000099 0.000112 0.000774 31.879549
-5.346621 1527952625.514482 0.000100 0.000112 0.000771 31.314579
-5.334016 1527952625.527087 0.000099 0.000112 0.000772 31.272921
-5.320371 1527952625.540731 0.000098 0.000112 0.000781 31.405451
-5.308885 1527952625.552218 0.000096 0.000112 0.000795 31.749839
-5.296898 1527952625.564205 0.000096 0.000112 0.000798 32.126707
-5.283947 1527952625.577155 0.000096 0.000112 0.000796 32.262668
-5.271569 1527952625.589533 0.000097 0.000112 0.000785 32.544900
-5.258616 1527952625.602486 0.000097 0.000112 0.000790 32.289857
-5.246533 1527952625.614570 0.000097 0.000112 0.000794 32.283558
-5.233960 1527952625.627143 0.000105 0.000112 0.000799 31.597687
-5.221448 1527952625.639655 0.000096 0.000111 0.000801 32.160336
-5.208043 1527952625.653059 0.000097 0.000112 0.000792 32.325885
-5.196297 1527952625.664806 0.000097 0.000111 0.000791 32.371133
-5.183197 1527952625.677906 0.000103 0.000111 0.000802 31.518840
-5.170999 1527952625.690103 0.000097 0.000111 0.000793 32.280628
-5.158382 1527952625.702721 0.000096 0.000112 0.000788 32.271719
-5.146659 1527952625.714443 0.000096 0.000112 0.000790 32.189706
-5.134279 1527952625.726823 0.000096 0.000111 0.000800 31.908087
-5.120814 1527952625.740289 0.000096 0.000112 0.000791 32.161807
-5.108856 1527952625.752246 0.000096 0.000112 0.000789 32.307333
-5.096818 1527952625.764285 0.000096 0.000111 0.000803 31.943093
-5.084218 1527952625.776885 0.000096 0.000112 0.000793 32.150616
-5.071062 1527952625.790040 0.000096 0.000111 0.000798 32.000011
-5.059027 1527952625.802075 0.000104 0.000112 0.000796 31.352572
-5.046331 1527952625.814772 0.000096 0.000111 0.000804 31.873765
-5.033623 1527952625.827480 0.000104 0.000112 0.000798 31.253937
-5.020858 1527952625.840245 0.000096 0.000112 0.000805 31.851366
-5.008308 1527952625.852794 0.000096 0.000112 0.000790 32.068641
-4.996363 1527952625.864740 0.000096 0.000112 0.000796 31.963640
-4.984401 1527952625.876701 0.000096 0.000112 0.000792 32.083900
-4.971920 1527952625.889183 0.000096 0.000112 0.000786 32.225145
-4.958672 1527952625.902431 0.000095 0.000112 0.000804 31.871526
-4.945706 1527952625.915397 0.000096 0.000112 0.000794 31.992675
-4.933856 1527952625.927246 0.000096 0.000112 0.000788 32.177632
-4.920765 1527952625.940338 0.000095 0.000112 0.000798 31.977636
-4.907534 1527952625.953568 0.000096 0.000112 0.000791 32.129981
-4.896529 1527952625.964573 0.000095 0.000112 0.000792 32.065438
-4.884088 1527952625.977015 0.000095 0.000112 0.000790 32.167102
-4.871866 1527952625.989237 0.000096 0.000112 0.000793 32.157666
-4.859638 1527952626.001464 0.000096 0.000112 0.000801 31.947608
-4.846751 1527952626.014352 0.000095 0.000112 0.000783 32.338564
-4.834297 1527952626.026805 0.000096 0.000112 0.000794 32.107049
-4.821900 1527952626.039203 0.000096 0.000112 0.000798 32.048840
-4.809468 1527952626.051635 0.000095 0.000112 0.000796 32.053814
-4.796593 1527952626.064510 0.000096 0.000112 0.000788 32.114520
-4.783965 1527952626.077137 0.000095 0.000112 0.000792 32.143825
-4.771271 1527952626.089831 0.000095 0.000112 0.000796 32.178789
-4.759261 1527952626.101841 0.000095 0.000112 0.000790 32.252871
-4.746412 1527952626.114691 0.000096 0.000112 0.000796 32.125444
-4.733949 1527952626.127154 0.000096 0.000112 0.000791 32.366087
-4.720746 1527952626.140357 0.000095 0.000113 0.000787 32.367903
-4.709240 1527952626.151862 0.000096 0.000114 0.000776 32.230534
-4.696919 1527952626.164183 0.000095 0.000114 0.000764 32.513233
-4.684005 1527952626.177098 0.000093 0.000114 0.000773 33.105797
-4.671661 1527952626.189441 0.000102 0.000114 0.000773 33.398927
-4.658922 1527952626.202180 0.000092 0.000114 0.000764 35.093595
-4.646669 1527952626.214433 0.000100 0.000114 0.000775 34.779382
-4.634166 1527952626.226937 0.000102 0.000114 0.000779 34.766478
-4.620724 1527952626.240379 0.000092 0.000114 0.000776 35.646454
-4.609019 1527952626.252083 0.000092 0.000114 0.000776 35.612564
-4.596828 1527952626.264274 0.000091 0.000114 0.000775 35.615083
-4.584037 1527952626.277066 0.000090 0.000114 0.000782 35.528753
-4.571285 1527952626.289818 0.000091 0.000114 0.000778 35.612167
-4.558150 1527952626.302953 0.000091 0.000114 0.000777 35.743695
-4.545901 1527952626.315202 0.000099 0.000114 0.000786 35.058882
-4.534267 1527952626.326836 0.000090 0.000114 0.000777 35.851117
-4.521828 1527952626.339275 0.000091 0.000114 0.000783 35.666970
-4.509339 1527952626.351764 0.000090 0.000114 0.000779 35.806720
-4.496888 1527952626.364214 0.000090 0.000114 0.000781 35.760840
-4.483263 1527952626.377839 0.000090 0.000115 0.000776 35.910266
-4.470744 1527952626.390358 0.000090 0.000114 0.000783 35.785360
-4.458589 1527952626.402514 0.000099 0.000114 0.000785 35.017803
-4.445567 1527952626.415535 0.000090 0.000114 0.000784 35.703063
-4.433436 1527952626.427667 0.000090 0.000114 0.000783 35.706367
-4.420227 1527952626.440876 0.000089 0.000114 0.000782 35.822639
-4.408565 1527952626.452537 0.000090 0.000114 0.000784 35.652769
-4.396136 1527952626.464967 0.000090 0.000114 0.000789 35.604735
-4.383962 1527952626.477141 0.000090 0.000114 0.000785 35.784049
-4.371336 1527952626.489766 0.000090 0.000114 0.000786 35.692186
-4.358109 1527952626.502993 0.000090 0.000114 0.000780 35.823194
-4.346354 1527952626.514749 0.000089 0.000114 0.000787 35.765252
-4.333932 1527952626.527170 0.000090 0.000114 0.000787 35.614630
-4.321345 1527952626.539757 0.000089 0.000114 0.000787 35.765023
-4.308550 1527952626.552553 0.000090 0.000114 0.000792 35.402199
-4.295498 1527952626.565604 0.000090 0.000113 0.000794 35.340112
-4.283237 1527952626.577866 0.000092 0.000112 0.000792 35.234444
-4.270614 1527952626.590489 0.000095 0.000111 0.000807 34.335554
-4.258075 1527952626.603028 0.000097 0.000110 0.000800 33.881543
-4.245317 1527952626.615785 0.000098 0.000110 0.000788 33.519412
-4.233122 1527952626.627981 0.000106 0.000110 0.000796 32.390630
-4.220644 1527952626.640459 0.000100 0.000109 0.000786 32.699358
-4.208090 1527952626.653012 0.000108 0.000110 0.000790 31.745058
-4.196572 1527952626.664531 0.000100 0.000109 0.000787 32.503412
-4.182896 1527952626.678207 0.000108 0.000110 0.000797 31.675539
-4.170370 1527952626.690732 0.000100 0.000109 0.000789 32.443906
-4.158422 1527952626.702681 0.000100 0.000109 0.000791 32.358825
-4.146452 1527952626.714651 0.000099 0.000109 0.000791 32.241857
-4.134094 1527952626.727008 0.000099 0.000109 0.000793 32.303126
-4.121619 1527952626.739483 0.000099 0.000110 0.000792 32.237671
-4.109121 1527952626.751982 0.000098 0.000109 0.000782 32.278265
-4.096368 1527952626.764734 0.000098 0.000110 0.000775 32.340693
-4.084390 1527952626.776712 0.000097 0.000110 0.000760 32.996522
-4.071648 1527952626.789455 0.000094 0.000111 0.000764 34.358618
-4.059233 1527952626.801870 0.000102 0.000111 0.000767 35.173109
-4.045223 1527952626.815880 0.000102 0.000112 0.000765 36.582478
-4.033658 1527952626.827445 0.000103 0.000112 0.000758 37.312790
-4.020920 1527952626.840182 0.000094 0.000111 0.000761 38.303653
-4.008618 1527952626.852485 0.000095 0.000111 0.000757 38.216072
-3.995999 1527952626.865103 0.000104 0.000111 0.000759 37.325172
-3.983453 1527952626.877650 0.000103 0.000111 0.000760 37.346096
-3.971432 1527952626.889671 0.000105 0.000111 0.000761 37.188885
-3.959273 1527952626.901829 0.000104 0.000111 0.000756 37.419802
-3.946782 1527952626.914320 0.000105 0.000111 0.000754 37.426837
-3.934016 1527952626.927086 0.000105 0.000111 0.000764 37.543427
-3.921858 1527952626.939245 0.000105 0.000111 0.000760 37.477462
-3.909486 1527952626.951617 0.000096 0.000111 0.000764 38.132079
-3.896343 1527952626.964759 0.000104 0.000111 0.000763 37.514831
-3.884579 1527952626.976523 0.000105 0.000111 0.000759 37.435773
-3.870820 1527952626.990282 0.000104 0.000111 0.000760 37.344061
-3.858490 1527952627.002613 0.000095 0.000111 0.000762 37.968601
-3.845661 1527952627.015442 0.000106 0.000111 0.000765 37.262839
-3.833092 1527952627.028011 0.000103 0.000111 0.000760 37.606463
-3.820392 1527952627.040710 0.000105 0.000111 0.000759 37.554423
-3.808425 1527952627.052678 0.000103 0.000111 0.000756 37.996491
-3.795754 1527952627.065349 0.000094 0.000111 0.000751 39.343850
-3.783162 1527952627.077941 0.000106 0.000112 0.000745 39.694266
-3.770681 1527952627.090421 0.000096 0.000112 0.000737 41.863657
-3.758631 1527952627.102472 0.000105 0.000114 0.000734 42.767773
-3.746222 1527952627.114880 0.000098 0.000113 0.000739 44.183299
-3.733823 1527952627.127280 0.000098 0.000112 0.000738 44.547412
-3.721726 1527952627.139376 0.000098 0.000112 0.000745 44.650738
-3.709147 1527952627.151956 0.000107 0.000113 0.000743 44.294274
-3.696241 1527952627.164861 0.000109 0.000113 0.000746 44.238219
-3.683781 1527952627.177321 0.000108 0.000113 0.000746 44.339110
-3.671473 1527952627.189630 0.000097 0.000112 0.000747 45.062907
-3.659053 1527952627.202050 0.000107 0.000113 0.000753 44.506701
-3.646492 1527952627.214610 0.000097 0.000112 0.000752 45.290425
-3.634060 1527952627.227042 0.000098 0.000112 0.000750 45.282951
-3.621250 1527952627.239852 0.000107 0.000113 0.000749 44.853964
-3.608807 1527952627.252296 0.000097 0.000112 0.000752 45.406048
-3.595848 1527952627.265254 0.000096 0.000112 0.000752 45.404068
-3.584107 1527952627.276995 0.000096 0.000112 0.000753 45.402262
-3.571785 1527952627.289317 0.000108 0.000113 0.000751 44.761738
-3.558309 1527952627.302794 0.000096 0.000112 0.000753 45.474414
-3.545810 1527952627.315292 0.000097 0.000112 0.000756 45.390487
-3.532312 1527952627.328790 0.000096 0.000112 0.000755 45.487663
-3.520705 1527952627.340397 0.000098 0.000112 0.000756 45.245276
-3.508291 1527952627.352812 0.000096 0.000112 0.000753 45.518851
-3.496108 1527952627.364994 0.000106 0.000113 0.000755 44.906258
-3.484067 1527952627.377035 0.000096 0.000112 0.000755 45.431241
-3.471442 1527952627.389660 0.000096 0.000112 0.000754 45.528648
-3.457650 1527952627.403452 0.000097 0.000113 0.000748 45.459561
-3.445831 1527952627.415272 0.000107 0.000113 0.000757 44.843945
-3.432829 1527952627.428274 0.000096 0.000113 0.000750 45.484323
-3.419675 1527952627.441427 0.000095 0.000113 0.000755 45.581524
-3.408921 1527952627.452182 0.000098 0.000113 0.000755 45.354725
-3.396838 1527952627.464265 0.000096 0.000113 0.000752 45.528326
-3.383308 1527952627.477794 0.000107 0.000113 0.000751 44.908604
-3.370950 1527952627.490153 0.000107 0.000113 0.000752 44.904442
-3.358882 1527952627.502221 0.000106 0.000113 0.000754 44.960837
-3.346282 1527952627.514821 0.000096 0.000113 0.000757 45.474614
-3.333153 1527952627.527950 0.000108 0.000114 0.000748 44.884936
-3.321249 1527952627.539854 0.000106 0.000114 0.000752 44.994527
-3.308155 1527952627.552947 0.000107 0.000113 0.000755 44.931741
-3.295571 1527952627.565532 0.000108 0.000114 0.000750 44.930870
-3.282104 1527952627.578999 0.000097 0.000113 0.000748 45.538115
-3.270049 1527952627.591054 0.000107 0.000114 0.000759 45.204631
-3.258910 1527952627.602192 0.000099 0.000111 0.000766 46.053689
-3.246658 1527952627.614445 0.000097 0.000110 0.000768 45.784914
-3.232394 1527952627.628708 0.000097 0.000109 0.000758 44.993954
-3.220541 1527952627.640562 0.000100 0.000109 0.000760 43.600482
-3.208158 1527952627.652945 0.000102 0.000109 0.000758 41.866014
-3.194937 1527952627.666165 0.000103 0.000108 0.000759 40.490607
-3.183711 1527952627.677392 0.000104 0.000109 0.000759 39.558066
-3.171299 1527952627.689804 0.000103 0.000109 0.000759 39.206783
-3.157895 1527952627.703207 0.000103 0.000108 0.000759 39.108407
-3.146176 1527952627.714927 0.000103 0.000108 0.000765 38.977870
-3.134260 1527952627.726842 0.000108 0.000112 0.000766 38.414712
-3.121634 1527952627.739469 0.000103 0.000109 0.000764 39.044797
-3.108903 1527952627.752199 0.000102 0.000108 0.000760 39.073404
-3.096741 1527952627.764361 0.000102 0.000108 0.000761 38.855923
-3.083093 1527952627.778009 0.000108 0.000113 0.000766 38.006865
-3.070549 1527952627.790553 0.000101 0.000108 0.000760 38.690928
-3.057889 1527952627.803214 0.000102 0.000108 0.000758 38.640725
-3.044635 1527952627.816468 0.000102 0.000108 0.000757 38.512197
-3.033191 1527952627.827912 0.000108 0.000112 0.000763 37.721751
-3.019644 1527952627.841459 0.000102 0.000108 0.000759 38.469216
-3.008451 1527952627.852652 0.000101 0.000109 0.000756 38.451622
-2.996303 1527952627.864799 0.000101 0.000108 0.000760 38.377648
-2.983149 1527952627.877953 0.000108 0.000110 0.000763 37.686151
-2.970255 1527952627.890848 0.000101 0.000108 0.000757 38.147372
-2.958746 1527952627.902356 0.000101 0.000109 0.000759 38.172697
-2.946136 1527952627.914967 0.000101 0.000108 0.000761 38.158175
-2.934358 1527952627.926744 0.000108 0.000111 0.000759 37.514119
-2.921402 1527952627.939701 0.000108 0.000111 0.000760 37.379166
-2.909158 1527952627.951945 0.000108 0.000111 0.000758 37.300096
-2.893312 1527952627.967791 0.000101 0.000108 0.000755 38.044386
-2.883106 1527952627.977996 0.000108 0.000111 0.000758 37.266559
-2.870513 1527952627.990590 0.000108 0.000111 0.000759 37.301130
-2.859226 1527952628.001877 0.000101 0.000108 0.000754 37.836234
-2.846627 1527952628.014476 0.000101 0.000108 0.000755 37.901123
-2.834464 1527952628.026639 0.000101 0.000109 0.000755 37.854308
-2.821863 1527952628.039239 0.000108 0.000112 0.000758 37.107504
-2.809213 1527952628.051889 0.000102 0.000109 0.000758 37.560666
-2.796815 1527952628.064288 0.000103 0.000109 0.000755 37.528605
-2.784062 1527952628.077040 0.000102 0.000109 0.000753 37.610019
-2.771537 1527952628.089566 0.000108 0.000111 0.000757 36.921135
-2.759285 1527952628.101818 0.000102 0.000109 0.000750 37.591875
-2.746350 1527952628.114753 0.000103 0.000109 0.000755 37.420588
-2.733661 1527952628.127441 0.000103 0.000109 0.000755 37.380755
-2.720854 1527952628.140248 0.000108 0.000113 0.000756 36.623208
-2.708797 1527952628.152305 0.000109 0.000114 0.000756 36.510623
-2.696094 1527952628.165009 0.000109 0.000112 0.000748 36.732821
-2.683749 1527952628.177354 0.000103 0.000109 0.000748 37.554725
-2.671245 1527952628.189857 0.000102 0.000110 0.000745 37.910627
-2.659136 1527952628.201967 0.000110 0.000114 0.000752 36.991850
-2.646426 1527952628.214676 0.000104 0.000110 0.000746 37.510982
-2.633636 1527952628.227466 0.000111 0.000113 0.000738 36.684953
-2.621405 1527952628.239697 0.000104 0.000112 0.000737 36.919087
-2.608683 1527952628.252420 0.000111 0.000113 0.000739 36.317132
-2.596102 1527952628.265001 0.000111 0.000112 0.000741 36.213738
-2.584041 1527952628.277062 0.000103 0.000111 0.000735 36.914660
-2.571460 1527952628.289643 0.000111 0.000112 0.000743 36.019327
-2.558775 1527952628.302327 0.000103 0.000111 0.000737 36.858304
-2.546155 1527952628.314947 0.000111 0.000112 0.000739 36.119280
-2.533809 1527952628.327294 0.000103 0.000111 0.000737 36.681799
-2.521431 1527952628.339672 0.000104 0.000111 0.000737 36.641756
-2.508651 1527952628.352452 0.000110 0.000111 0.000739 36.113347
-2.496180 1527952628.364923 0.000111 0.000112 0.000741 35.919752
-2.483950 1527952628.377152 0.000102 0.000111 0.000734 36.640623
-2.471371 1527952628.389732 0.000102 0.000111 0.000733 36.545608
-2.458798 1527952628.402304 0.000110 0.000111 0.000737 35.910386
-2.446008 1527952628.415094 0.000110 0.000111 0.000735 35.917628
-2.433798 1527952628.427305 0.000111 0.000112 0.000735 35.844179
-2.419516 1527952628.441587 0.000111 0.000112 0.000738 35.723227
-2.407939 1527952628.453164 0.000111 0.000111 0.000734 35.841693
-2.395413 1527952628.465689 0.000103 0.000111 0.000735 36.414916
-2.382703 1527952628.478400 0.000111 0.000111 0.000737 35.837469
-2.370420 1527952628.490683 0.000110 0.000111 0.000740 35.841985
-2.358494 1527952628.502609 0.000111 0.000111 0.000740 35.872866
-2.346189 1527952628.514914 0.000102 0.000111 0.000740 36.525758
-2.333677 1527952628.527425 0.000102 0.000111 0.000736 36.510067
-2.321401 1527952628.539702 0.000101 0.000111 0.000732 36.607866
-2.309031 1527952628.552072 0.000102 0.000112 0.000732 36.543190
-2.296465 1527952628.564638 0.000110 0.000112 0.000738 35.755169
-2.283987 1527952628.577116 0.000110 0.000112 0.000739 35.771898
-2.271397 1527952628.589706 0.000101 0.000111 0.000733 36.551733
-2.258532 1527952628.602570 0.000102 0.000111 0.000734 36.580588
-2.246009 1527952628.615093 0.000110 0.000112 0.000734 35.935739
-2.233633 1527952628.627470 0.000102 0.000112 0.000732 36.566498
-2.220555 1527952628.640548 0.000101 0.000112 0.000733 36.736007
-2.207903 1527952628.653199 0.000103 0.000112 0.000734 36.550333
-2.195179 1527952628.665924 0.000102 0.000112 0.000736 36.773065
-2.182893 1527952628.678210 0.000102 0.000112 0.000730 36.783914
-2.169729 1527952628.691373 0.000102 0.000112 0.000731 36.774845
-2.158577 1527952628.702525 0.000102 0.000112 0.000729 36.856128
-2.146097 1527952628.715005 0.000102 0.000112 0.000735 36.818408
-2.132496 1527952628.728607 0.000103 0.000112 0.000733 36.873019
-2.120295 1527952628.740808 0.000102 0.000112 0.000738 36.951865
-2.108801 1527952628.752301 0.000101 0.000113 0.000751 36.809027
-2.096434 1527952628.764668 0.000099 0.000114 0.000760 37.212918
-2.083771 1527952628.777331 0.000098 0.000114 0.000775 37.430937
-2.071460 1527952628.789643 0.000097 0.000114 0.000781 37.599860
-2.059152 1527952628.801951 0.000106 0.000115 0.000790 36.982346
-2.045815 1527952628.815288 0.000097 0.000114 0.000785 37.665603
-2.032498 1527952628.828605 0.000097 0.000115 0.000787 37.669750
-2.020773 1527952628.840330 0.000097 0.000114 0.000780 37.596003
-2.008626 1527952628.852477 0.000097 0.000114 0.000787 37.559931
-1.995949 1527952628.865154 0.000097 0.000114 0.000784 37.607932
-1.983967 1527952628.877135 0.000097 0.000114 0.000782 37.607710
-1.971464 1527952628.889638 0.000097 0.000114 0.000783 37.676759
-1.958810 1527952628.902293 0.000097 0.000114 0.000785 37.634194
-1.946651 1527952628.914452 0.000097 0.000114 0.000779 37.543226
-1.933852 1527952628.927250 0.000097 0.000115 0.000783 37.655364
-1.921480 1527952628.939622 0.000096 0.000114 0.000780 37.665933
-1.907915 1527952628.953187 0.000106 0.000115 0.000781 36.986144
-1.894225 1527952628.966877 0.000097 0.000114 0.000783 37.755322
-1.883501 1527952628.977601 0.000096 0.000114 0.000780 37.758581
-1.871440 1527952628.989663 0.000097 0.000114 0.000786 37.687508
-1.858757 1527952629.002346 0.000096 0.000114 0.000783 37.720905
-1.844384 1527952629.016719 0.000097 0.000114 0.000784 37.659049
-1.832719 1527952629.028383 0.000096 0.000114 0.000784 37.731538
-1.820412 1527952629.040691 0.000105 0.000115 0.000781 37.086778
-1.807585 1527952629.053518 0.000097 0.000114 0.000785 37.668716
-1.791359 1527952629.069743 0.000098 0.000114 0.000774 37.587005
-1.782681 1527952629.078422 0.000100 0.000114 0.000774 37.297064
-1.771064 1527952629.090038 0.000101 0.000114 0.000770 37.087751
-1.758097 1527952629.103006 0.000101 0.000114 0.000762 37.055750
-1.746119 1527952629.114984 0.000102 0.000114 0.000758 36.517915
-1.733679 1527952629.127423 0.000102 0.000114 0.000759 36.286239
-1.720819 1527952629.140283 0.000102 0.000114 0.000760 35.994459
-1.709008 1527952629.152095 0.000102 0.000115 0.000757 35.992066
-1.696054 1527952629.165049 0.000102 0.000115 0.000751 35.935465
-1.683741 1527952629.177362 0.000103 0.000115 0.000756 35.739147
-1.670479 1527952629.190623 0.000103 0.000115 0.000757 35.630977
-1.657923 1527952629.203180 0.000102 0.000115 0.000754 35.563391
-1.646072 1527952629.215031 0.000102 0.000115 0.000752 35.431627
-1.634299 1527952629.226804 0.000102 0.000114 0.000753 35.469644
-1.621769 1527952629.239333 0.000109 0.000115 0.000757 34.759536
-1.607316 1527952629.253787 0.000103 0.000114 0.000759 35.251973
-1.594174 1527952629.266929 0.000102 0.000114 0.000757 35.290926
-1.583267 1527952629.277836 0.000109 0.000114 0.000756 34.494103
-1.571180 1527952629.289923 0.000102 0.000114 0.000755 35.080122
-1.558264 1527952629.302838 0.000101 0.000114 0.000753 35.047198
-1.546532 1527952629.314571 0.000101 0.000113 0.000754 34.971319
-1.533812 1527952629.327291 0.000101 0.000113 0.000754 34.885146
-1.521390 1527952629.339713 0.000101 0.000113 0.000753 34.889291
-1.509000 1527952629.352103 0.000101 0.000114 0.000753 34.838283
-1.496066 1527952629.365037 0.000101 0.000113 0.000758 34.761784
-1.482565 1527952629.378537 0.000101 0.000113 0.000755 34.758276
-1.471014 1527952629.390089 0.000101 0.000113 0.000754 34.701976
-1.457987 1527952629.403115 0.000101 0.000113 0.000753 34.713281
-1.445502 1527952629.415601 0.000102 0.000113 0.000756 34.563365
-1.433102 1527952629.428001 0.000101 0.000113 0.000755 34.588862
-1.419629 1527952629.441474 0.000101 0.000113 0.000751 34.651425
-1.408039 1527952629.453064 0.000101 0.000113 0.000756 34.529642
-1.395082 1527952629.466021 0.000101 0.000113 0.000754 34.593056
-1.382720 1527952629.478383 0.000102 0.000113 0.000754 34.451532
-1.370124 1527952629.490978 0.000101 0.000113 0.000754 34.526140
-1.357586 1527952629.503516 0.000102 0.000113 0.000756 34.353355
-1.345328 1527952629.515775 0.000101 0.000113 0.000755 34.358718
-1.332551 1527952629.528552 0.000101 0.000113 0.000754 34.393563
-1.320122 1527952629.540981 0.000101 0.000113 0.000758 34.300191
-1.307876 1527952629.553226 0.000099 0.000113 0.000780 34.104914
-1.294708 1527952629.566395 0.000096 0.000113 0.000805 34.431660
-1.281904 1527952629.579199 0.000095 0.000114 0.000819 34.751649
-1.270527 1527952629.590576 0.000094 0.000114 0.000819 34.962674
-1.258372 1527952629.602731 0.000094 0.000115 0.000822 34.959390
-1.246154 1527952629.614948 0.000094 0.000114 0.000821 34.823164
-1.233843 1527952629.627260 0.000094 0.000114 0.000824 34.668146
-1.221419 1527952629.639683 0.000094 0.000114 0.000820 34.691542
-1.207958 1527952629.653145 0.000095 0.000114 0.000824 34.766384
-1.194829 1527952629.666273 0.000095 0.000114 0.000824 34.827206
-1.182222 1527952629.678880 0.000095 0.000114 0.000822 34.798145
-1.171344 1527952629.689759 0.000095 0.000114 0.000819 34.773931
-1.158836 1527952629.702266 0.000096 0.000114 0.000818 34.677284
-1.145918 1527952629.715184 0.000095 0.000114 0.000821 34.854535
-1.133994 1527952629.727108 0.000096 0.000114 0.000823 34.781857
-1.121332 1527952629.739771 0.000096 0.000114 0.000819 34.764425
-1.108941 1527952629.752162 0.000095 0.000113 0.000821 34.833150
-1.096286 1527952629.764816 0.000095 0.000114 0.000814 34.859384
-1.083210 1527952629.777893 0.000095 0.000114 0.000816 34.902970
-1.070543 1527952629.790560 0.000096 0.000114 0.000816 34.684674
-1.057887 1527952629.803215 0.000095 0.000113 0.000815 34.883277
-1.045496 1527952629.815607 0.000095 0.000114 0.000815 34.800145
-1.032820 1527952629.828282 0.000095 0.000114 0.000817 34.808324
-1.020454 1527952629.840648 0.000095 0.000114 0.000820 34.793932
-1.007791 1527952629.853312 0.000095 0.000114 0.000820 34.765100
-0.995878 1527952629.865224 0.000095 0.000114 0.000816 34.816044
-0.983460 1527952629.877642 0.000095 0.000114 0.000819 34.856230
-0.971042 1527952629.890060 0.000095 0.000114 0.000819 34.807059
-0.958853 1527952629.902249 0.000095 0.000114 0.000814 34.680076
-0.946229 1527952629.914874 0.000095 0.000114 0.000813 34.703508
-0.933814 1527952629.927289 0.000094 0.000114 0.000813 34.752472
-0.921268 1527952629.939835 0.000095 0.000114 0.000820 34.718642
-0.908271 1527952629.952832 0.000094 0.000114 0.000817 34.680650
-0.896270 1527952629.964833 0.000094 0.000114 0.000812 34.737548
-0.883159 1527952629.977943 0.000095 0.000114 0.000818 34.690918
-0.871351 1527952629.989752 0.000095 0.000114 0.000819 34.648562
-0.857785 1527952630.003318 0.000094 0.000114 0.000814 34.660552
-0.844827 1527952630.016276 0.000095 0.000114 0.000818 34.602144
-0.832618 1527952630.028485 0.000094 0.000114 0.000818 34.660480
-0.820017 1527952630.041085 0.000094 0.000113 0.000813 34.651391
-0.807035 1527952630.054067 0.000094 0.000114 0.000818 34.552335
-0.795254 1527952630.065849 0.000094 0.000113 0.000815 34.601615
-0.783597 1527952630.077506 0.000095 0.000113 0.000817 34.535765
-0.770610 1527952630.090493 0.000095 0.000114 0.000813 34.380967
-0.758240 1527952630.102862 0.000097 0.000114 0.000801 33.838962
-0.746230 1527952630.114873 0.000107 0.000113 0.000803 32.278479
-0.733215 1527952630.127887 0.000105 0.000113 0.000818 31.884809
-0.721323 1527952630.139780 0.000098 0.000113 0.000822 32.219536
-0.708159 1527952630.152943 0.000098 0.000112 0.000821 32.349950
-0.696195 1527952630.164907 0.000098 0.000112 0.000822 32.375377
-0.683129 1527952630.177974 0.000098 0.000112 0.000826 32.276088
-0.670892 1527952630.190210 0.000098 0.000112 0.000823 32.300024
-0.657456 1527952630.203647 0.000098 0.000112 0.000823 32.337484
-0.646130 1527952630.214972 0.000105 0.000113 0.000821 31.688666
-0.633864 1527952630.227239 0.000098 0.000112 0.000823 32.380587
-0.619654 1527952630.241448 0.000098 0.000112 0.000820 32.307260
-0.607269 1527952630.253834 0.000098 0.000112 0.000820 32.274271
-0.595435 1527952630.265668 0.000105 0.000112 0.000827 31.726472
-0.582765 1527952630.278337 0.000098 0.000112 0.000819 32.289850
-0.570325 1527952630.290778 0.000098 0.000112 0.000823 32.238760
-0.557158 1527952630.303945 0.000098 0.000111 0.000819 32.270838
-0.544408 1527952630.316694 0.000097 0.000112 0.000821 32.339958
-0.532402 1527952630.328701 0.000098 0.000112 0.000818 32.325170
-0.519946 1527952630.341156 0.000098 0.000111 0.000821 32.295294
-0.508437 1527952630.352666 0.000097 0.000111 0.000814 32.360813
-0.496029 1527952630.365074 0.000097 0.000112 0.000816 32.320380
-0.482417 1527952630.378686 0.000097 0.000111 0.000819 32.264613
-0.469588 1527952630.391515 0.000097 0.000111 0.000823 32.196513
-0.458136 1527952630.402967 0.000097 0.000112 0.000815 32.309957
-0.445371 1527952630.415731 0.000097 0.000111 0.000818 32.276834
-0.433300 1527952630.427803 0.000098 0.000112 0.000816 32.193805
-0.419104 1527952630.441999 0.000097 0.000111 0.000816 32.282665
-0.407432 1527952630.453670 0.000097 0.000112 0.000819 32.255604
-0.394807 1527952630.466295 0.000097 0.000111 0.000817 32.249449
-0.382520 1527952630.478582 0.000097 0.000111 0.000816 32.194412
-0.371148 1527952630.489954 0.000097 0.000112 0.000815 32.217493
-0.358823 1527952630.502280 0.000097 0.000112 0.000819 32.211156
-0.346129 1527952630.514974 0.000097 0.000111 0.000824 32.180574
-0.333396 1527952630.527706 0.000097 0.000111 0.000814 32.343675
-0.321112 1527952630.539991 0.000095 0.000112 0.000832 32.589220
-0.308456 1527952630.552646 0.000093 0.000113 0.000837 33.016650
-0.296124 1527952630.564978 0.000093 0.000114 0.000843 33.251459
-0.282903 1527952630.578199 0.000094 0.000114 0.000845 32.987253
-0.270851 1527952630.590251 0.000094 0.000114 0.000842 32.530475
-0.258248 1527952630.602855 0.000094 0.000113 0.000839 32.358038
-0.245662 1527952630.615441 0.000094 0.000113 0.000837 32.117286
-0.233130 1527952630.627973 0.000094 0.000113 0.000833 32.005457
-0.220834 1527952630.640269 0.000094 0.000113 0.000836 32.075888
-0.208289 1527952630.652813 0.000094 0.000112 0.000834 32.149754
-0.195465 1527952630.665637 0.000095 0.000112 0.000836 32.109679
-0.183487 1527952630.677616 0.000095 0.000112 0.000837 32.143853
-0.170396 1527952630.690707 0.000095 0.000112 0.000832 32.060500
-0.158334 1527952630.702769 0.000095 0.000112 0.000835 32.213176
-0.145810 1527952630.715293 0.000095 0.000112 0.000833 32.116113
-0.133097 1527952630.728005 0.000095 0.000112 0.000832 32.118958
-0.121006 1527952630.740097 0.000095 0.000112 0.000834 32.043937
-0.108884 1527952630.752219 0.000101 0.000113 0.000838 31.433020
-0.096353 1527952630.764750 0.000094 0.000112 0.000831 32.156230
-0.083875 1527952630.777228 0.000095 0.000112 0.000832 31.942893
-0.071626 1527952630.789477 0.000095 0.000112 0.000829 32.086158
-0.059156 1527952630.801946 0.000095 0.000113 0.000831 31.878306
-0.046358 1527952630.814745 0.000098 0.000112 0.000811 31.301383
-0.033898 1527952630.827205 0.000096 0.000112 0.000818 30.955745
-0.021142 1527952630.839960 0.000094 0.000113 0.000822 31.165177
-0.008883 1527952630.852220 0.000094 0.000113 0.000828 31.417330
0.003856 1527952630.864959 0.000094 0.000112 0.000825 31.268616
0.016641 1527952630.877743 0.000094 0.000112 0.000830 31.195141
0.029005 1527952630.890107 0.000094 0.000111 0.000827 31.173921
0.041613 1527952630.902716 0.000094 0.000111 0.000826 31.227736
0.054300 1527952630.915403 0.000095 0.000111 0.000827 31.157658
0.066817 1527952630.927919 0.000094 0.000111 0.000828 31.117404
0.078819 1527952630.939921 0.000095 0.000110 0.000826 31.162363
0.091503 1527952630.952605 0.000095 0.000110 0.000830 31.162083
0.105154 1527952630.966256 0.000095 0.000110 0.000827 31.088260
0.118519 1527952630.979622 0.000101 0.000111 0.000835 30.470387
0.130147 1527952630.991249 0.000095 0.000110 0.000828 31.043682
0.141497 1527952631.002600 0.000102 0.000111 0.000838 30.345003
0.154886 1527952631.015988 0.000095 0.000110 0.000828 31.110840
0.166662 1527952631.027764 0.000102 0.000111 0.000837 30.413838
0.178820 1527952631.039923 0.000095 0.000110 0.000826 31.142422
0.191264 1527952631.052366 0.000095 0.000110 0.000826 31.142464
0.203630 1527952631.064733 0.000096 0.000110 0.000829 31.080931
0.216889 1527952631.077991 0.000095 0.000110 0.000828 31.180233
0.228581 1527952631.089684 0.000103 0.000111 0.000833 30.389782
0.241190 1527952631.102293 0.000095 0.000109 0.000826 31.251674
0.255067 1527952631.116170 0.000096 0.000109 0.000832 31.496101
0.266374 1527952631.127476 0.000096 0.000108 0.000818 31.914946
0.278572 1527952631.139675 0.000096 0.000106 0.000815 32.762869
0.291491 1527952631.152593 0.000096 0.000105 0.000800 34.887521
0.304139 1527952631.165242 0.000097 0.000104 0.000788 36.840095
0.316541 1527952631.177644 0.000102 0.000110 0.000805 37.824414
0.328856 1527952631.189959 0.000103 0.000113 0.000805 38.596099
0.341594 1527952631.202697 0.000102 0.000107 0.000807 39.501689
0.353873 1527952631.214975 0.000105 0.000118 0.000817 39.350772
0.366273 1527952631.227376 0.000106 0.000109 0.000808 40.494979
0.379054 1527952631.240157 0.000109 0.000112 0.000807 41.229327
0.391412 1527952631.252515 0.000112 0.000118 0.000805 41.857111
0.403939 1527952631.265041 0.000116 0.000128 0.000820 42.954139
0.416335 1527952631.277437 0.000119 0.000136 0.000825 44.279687
0.429260 1527952631.290362 0.000136 0.000146 0.000828 44.680209
0.442127 1527952631.303229 0.000132 0.000155 0.000823 46.300429
0.453946 1527952631.315049 0.000147 0.000165 0.000826 47.430065
0.466408 1527952631.327510 0.000152 0.000171 0.000826 49.890488
0.478855 1527952631.339958 0.000148 0.000171 0.000809 53.238042
0.491905 1527952631.353008 0.000154 0.000179 0.000784 56.084776
0.503968 1527952631.365070 0.000153 0.000183 0.000777 59.615737
0.516695 1527952631.377798 0.000147 0.000174 0.000783 63.262129
0.529702 1527952631.390805 0.000148 0.000169 0.000767 67.290189
0.541893 1527952631.402995 0.000138 0.000176 0.000749 72.184173
0.554755 1527952631.415858 0.000139 0.000181 0.000729 76.895374
0.568186 1527952631.429288 0.000136 0.000191 0.000716 81.636876
0.579982 1527952631.441084 0.000140 0.000195 0.000702 85.217234
0.592025 1527952631.453127 0.000142 0.000199 0.000694 88.496830
0.603945 1527952631.465047 0.000142 0.000197 0.000693 91.400486
0.616383 1527952631.477485 0.000143 0.000197 0.000700 93.762515
0.629110 1527952631.490213 0.000145 0.000198 0.000710 95.871651
0.641709 1527952631.502812 0.000149 0.000199 0.000691 97.835920
0.654254 1527952631.515356 0.000150 0.000198 0.000683 99.479239
0.667019 1527952631.528122 0.000151 0.000199 0.000677 100.540779
0.679330 1527952631.540433 0.000153 0.000196 0.000657 101.651699
0.691490 1527952631.552593 0.000153 0.000197 0.000666 102.306946
0.704873 1527952631.565975 0.000154 0.000198 0.000651 102.998120
0.716655 1527952631.577758 0.000154 0.000198 0.000650 103.904382
0.728925 1527952631.590027 0.000155 0.000199 0.000646 104.866602
0.741923 1527952631.603025 0.000156 0.000197 0.000646 105.975325
0.754086 1527952631.615188 0.000156 0.000199 0.000638 106.819926
0.767329 1527952631.628432 0.000156 0.000198 0.000632 107.522935
0.779482 1527952631.640585 0.000157 0.000198 0.000632 108.155156
0.791767 1527952631.652869 0.000157 0.000196 0.000633 108.265254
0.803942 1527952631.665045 0.000157 0.000197 0.000628 108.693912
0.816590 1527952631.677693 0.000157 0.000197 0.000626 108.756060
0.830178 1527952631.691280 0.000157 0.000197 0.000627 108.558195
0.842564 1527952631.703667 0.000157 0.000197 0.000626 108.652259
0.855714 1527952631.716816 0.000157 0.000196 0.000631 108.631355
0.867711 1527952631.728813 0.000157 0.000194 0.000629 108.867504
0.880111 1527952631.741213 0.000158 0.000195 0.000627 109.064135
0.892140 1527952631.753243 0.000157 0.000196 0.000629 108.976546
0.903947 1527952631.765050 0.000157 0.000196 0.000627 109.321233
0.917136 1527952631.778239 0.000158 0.000194 0.000632 109.528937
0.928872 1527952631.789975 0.000157 0.000195 0.000632 109.359855
0.941427 1527952631.802530 0.000157 0.000194 0.000629 109.529493
0.954719 1527952631.815821 0.000158 0.000193 0.000635 109.961482
0.966540 1527952631.827643 0.000158 0.000193 0.000630 109.938263
0.979133 1527952631.840235 0.000157 0.000192 0.000631 109.724331
0.992039 1527952631.853141 0.000158 0.000191 0.000634 109.659677
1.003999 1527952631.865101 0.000157 0.000191 0.000633 109.421985
1.017344 1527952631.878447 0.000159 0.000190 0.000633 109.613715
1.029749 1527952631.890852 0.000158 0.000189 0.000630 109.381650
1.041686 1527952631.902788 0.000158 0.000189 0.000634 109.494997
1.054150 1527952631.915253 0.000158 0.000190 0.000633 109.316702
1.066679 1527952631.927781 0.000158 0.000189 0.000629 109.393811
1.079647 1527952631.940749 0.000159 0.000190 0.000631 109.760298
1.091895 1527952631.952998 0.000159 0.000190 0.000631 109.546576
1.104282 1527952631.965384 0.000159 0.000188 0.000637 109.478218
1.116517 1527952631.977619 0.000160 0.000189 0.000630 110.004118
1.128839 1527952631.989942 0.000159 0.000189 0.000637 109.585751
1.141525 1527952632.002627 0.000160 0.000190 0.000636 110.008075
1.153682 1527952632.014785 0.000160 0.000190 0.000636 110.162888
1.166416 1527952632.027519 0.000160 0.000191 0.000632 110.097095
1.178741 1527952632.039844 0.000160 0.000191 0.000637 110.458166
1.191128 1527952632.052231 0.000161 0.000192 0.000634 110.756894
1.203768 1527952632.064870 0.000161 0.000191 0.000639 110.703577
1.217627 1527952632.078730 0.000160 0.000191 0.000639 110.477399
1.229854 1527952632.090956 0.000161 0.000192 0.000631 110.852775
1.242371 1527952632.103474 0.000161 0.000192 0.000633 110.776363
1.255156 1527952632.116259 0.000161 0.000192 0.000634 110.709077
1.266733 1527952632.127836 0.000161 0.000192 0.000636 110.701887
1.279114 1527952632.140217 0.000161 0.000192 0.000629 110.409978
1.291579 1527952632.152681 0.000161 0.000191 0.000633 110.271653
1.303941 1527952632.165043 0.000161 0.000191 0.000637 110.608550
1.318655 1527952632.179757 0.000162 0.000191 0.000632 110.433477
1.330052 1527952632.191155 0.000162 0.000191 0.000634 110.689790
1.342803 1527952632.203905 0.000162 0.000190 0.000637 110.293737
1.355605 1527952632.216708 0.000161 0.000190 0.000636 110.230511
1.367682 1527952632.228784 0.000161 0.000190 0.000633 110.115113
1.380145 1527952632.241247 0.000162 0.000191 0.000634 110.455171
1.391611 1527952632.252714 0.000162 0.000191 0.000634 110.431147
1.404374 1527952632.265476 0.000163 0.000191 0.000631 110.656888
1.416290 1527952632.277393 0.000163 0.000192 0.000622 110.496648
1.428904 1527952632.290006 0.000163 0.000192 0.000626 110.660362
1.441285 1527952632.302388 0.000163 0.000192 0.000625 110.749701
1.453922 1527952632.315025 0.000163 0.000193 0.000627 110.942115
1.466775 1527952632.327878 0.000163 0.000192 0.000622 110.473042
1.479381 1527952632.340484 0.000163 0.000191 0.000625 110.246775
1.492282 1527952632.353385 0.000163 0.000192 0.000627 110.737138
1.504355 1527952632.365458 0.000162 0.000192 0.000623 110.502885
1.516947 1527952632.378049 0.000162 0.000192 0.000621 110.652213
1.529517 1527952632.390620 0.000163 0.000192 0.000616 110.947008
1.541783 1527952632.402885 0.000163 0.000192 0.000615 110.550637
1.554507 1527952632.415610 0.000162 0.000192 0.000616 110.866931
1.566879 1527952632.427982 0.000163 0.000192 0.000611 110.723583
1.579423 1527952632.440526 0.000163 0.000191 0.000615 110.752201
1.592747 1527952632.453849 0.000162 0.000191 0.000609 110.711907
1.604290 1527952632.465393 0.000163 0.000192 0.000603 111.066458
1.616866 1527952632.477968 0.000163 0.000192 0.000596 111.019916
1.629285 1527952632.490387 0.000163 0.000191 0.000591 110.753236
1.641935 1527952632.503038 0.000163 0.000192 0.000595 110.525185
1.654795 1527952632.515898 0.000163 0.000192 0.000590 111.185856
1.667082 1527952632.528185 0.000163 0.000192 0.000586 111.362921
1.679799 1527952632.540902 0.000163 0.000192 0.000586 111.204463
1.692994 1527952632.554096 0.000163 0.000191 0.000586 111.450642
1.704761 1527952632.565864 0.000163 0.000192 0.000586 111.559612
1.717562 1527952632.578665 0.000163 0.000192 0.000584 111.477683
1.729393 1527952632.590496 0.000163 0.000192 0.000583 111.684083
1.741593 1527952632.602696 0.000163 0.000192 0.000578 111.462589
1.754153 1527952632.615255 0.000162 0.000192 0.000576 111.587278
1.766607 1527952632.627709 0.000162 0.000193 0.000574 111.551732
1.778910 1527952632.640013 0.000163 0.000193 0.000579 111.526873
1.792147 1527952632.653249 0.000163 0.000193 0.000581 111.442619
1.804552 1527952632.665654 0.000163 0.000194 0.000578 111.358183
1.816808 1527952632.677911 0.000163 0.000193 0.000582 111.609844
1.829579 1527952632.690681 0.000163 0.000194 0.000582 111.555328
1.842071 1527952632.703174 0.000164 0.000195 0.000583 111.836570
1.854914 1527952632.716016 0.000164 0.000195 0.000586 112.176387
1.867102 1527952632.728204 0.000165 0.000195 0.000588 112.178392
1.880183 1527952632.741285 0.000164 0.000196 0.000588 112.431410
1.892266 1527952632.753368 0.000164 0.000196 0.000597 112.521709
1.905720 1527952632.766823 0.000164 0.000194 0.000595 111.920499
1.917188 1527952632.778291 0.000165 0.000196 0.000594 112.824637
1.929751 1527952632.790854 0.000165 0.000196 0.000592 112.769998
1.942491 1527952632.803593 0.000165 0.000195 0.000592 112.346429
1.954748 1527952632.815851 0.000165 0.000196 0.000594 112.758342
1.967030 1527952632.828132 0.000165 0.000196 0.000589 112.607707
1.979100 1527952632.840203 0.000165 0.000196 0.000589 112.739099
1.991591 1527952632.852694 0.000165 0.000196 0.000585 112.905639
2.004955 1527952632.866057 0.000165 0.000197 0.000585 112.710524
2.018145 1527952632.879248 0.000165 0.000196 0.000583 112.404866
2.030069 1527952632.891172 0.000165 0.000196 0.000586 112.389181
2.042556 1527952632.903659 0.000166 0.000197 0.000585 112.324998
2.055913 1527952632.917016 0.000165 0.000197 0.000586 112.052608
2.068851 1527952632.929954 0.000165 0.000196 0.000585 111.427777
2.080153 1527952632.941255 0.000165 0.000196 0.000581 111.732180
2.092837 1527952632.953939 0.000166 0.000195 0.000582 111.529530
2.104553 1527952632.965655 0.000166 0.000196 0.000584 111.459370
2.116539 1527952632.977642 0.000165 0.000196 0.000582 111.361347
2.128964 1527952632.990067 0.000165 0.000196 0.000579 111.192005
2.141873 1527952633.002975 0.000165 0.000196 0.000579 111.120177
2.154327 1527952633.015429 0.000165 0.000195 0.000576 110.899214
2.167290 1527952633.028393 0.000164 0.000195 0.000577 110.696143
2.180458 1527952633.041561 0.000164 0.000195 0.000574 110.700194
2.193168 1527952633.054271 0.000164 0.000195 0.000575 110.874301
2.205960 1527952633.067063 0.000164 0.000194 0.000576 110.717717
2.218021 1527952633.079124 0.000164 0.000194 0.000575 110.732030
2.230559 1527952633.091661 0.000163 0.000194 0.000573 110.537108
2.241854 1527952633.102957 0.000163 0.000193 0.000581 110.731759
2.254225 1527952633.115327 0.000164 0.000193 0.000576 110.441864
2.267131 1527952633.128233 0.000163 0.000192 0.000578 110.524118
2.279553 1527952633.140655 0.000163 0.000193 0.000578 110.471162
2.292275 1527952633.153377 0.000163 0.000194 0.000578 110.453166
2.304221 1527952633.165323 0.000163 0.000193 0.000578 110.404940
2.317038 1527952633.178141 0.000163 0.000193 0.000581 110.490952
2.329483 1527952633.190585 0.000163 0.000191 0.000580 110.472463
2.341879 1527952633.202982 0.000163 0.000192 0.000583 110.460277
2.354434 1527952633.215536 0.000163 0.000191 0.000587 110.404052
2.366630 1527952633.227733 0.000162 0.000191 0.000590 110.385375
2.379076 1527952633.240179 0.000162 0.000191 0.000587 110.285189
2.391448 1527952633.252550 0.000162 0.000190 0.000586 110.348628
2.403965 1527952633.265068 0.000161 0.000191 0.000587 110.286131
2.416550 1527952633.277653 0.000162 0.000189 0.000587 110.100116
2.429798 1527952633.290900 0.000161 0.000189 0.000589 109.959291
2.443156 1527952633.304259 0.000160 0.000188 0.000590 110.025639
2.454375 1527952633.315478 0.000161 0.000188 0.000585 109.572758
2.466486 1527952633.327589 0.000160 0.000188 0.000585 109.537083
2.478824 1527952633.339927 0.000159 0.000188 0.000586 109.244374
2.491347 1527952633.352450 0.000158 0.000188 0.000583 108.861946
2.504038 1527952633.365140 0.000157 0.000186 0.000585 108.855296
2.516474 1527952633.377577 0.000156 0.000188 0.000587 108.695899
2.529044 1527952633.390147 0.000156 0.000185 0.000586 108.293967
2.541313 1527952633.402416 0.000156 0.000185 0.000587 107.813215
2.553846 1527952633.414949 0.000156 0.000185 0.000587 107.596813
2.566422 1527952633.427524 0.000155 0.000183 0.000584 107.325618
2.578817 1527952633.439919 0.000154 0.000183 0.000585 106.895479
2.591681 1527952633.452783 0.000150 0.000185 0.000590 106.592661
2.604187 1527952633.465290 0.000146 0.000186 0.000587 106.341903
2.616544 1527952633.477646 0.000144 0.000185 0.000584 105.350120
2.628953 1527952633.490056 0.000141 0.000186 0.000585 104.934759
2.641662 1527952633.502765 0.000141 0.000183 0.000584 103.585555
2.654296 1527952633.515398 0.000140 0.000182 0.000589 102.639517
2.666559 1527952633.527662 0.000140 0.000182 0.000590 101.305267
2.679099 1527952633.540201 0.000139 0.000182 0.000592 99.773933
2.691579 1527952633.552682 0.000139 0.000180 0.000598 98.250300
2.704087 1527952633.565190 0.000138 0.000178 0.000604 96.583457
2.717102 1527952633.578204 0.000138 0.000177 0.000618 95.306420
2.729310 1527952633.590412 0.000138 0.000176 0.000625 94.457534
2.741683 1527952633.602785 0.000137 0.000176 0.000629 93.888098
2.754553 1527952633.615655 0.000138 0.000176 0.000630 93.485223
2.766884 1527952633.627986 0.000137 0.000168 0.000634 93.429478
2.779349 1527952633.640451 0.000136 0.000172 0.000640 93.240868
2.792914 1527952633.654016 0.000137 0.000171 0.000639 92.811139
2.805337 1527952633.666440 0.000136 0.000169 0.000644 92.507637
2.817607 1527952633.678710 0.000135 0.000169 0.000645 92.053159
2.830223 1527952633.691325 0.000135 0.000168 0.000647 91.961217
2.842718 1527952633.703821 0.000135 0.000167 0.000651 91.701928
2.855527 1527952633.716630 0.000135 0.000165 0.000652 91.545514
2.868670 1527952633.729772 0.000136 0.000164 0.000654 91.520513
2.880324 1527952633.741427 0.000136 0.000164 0.000653 91.450354
2.892271 1527952633.753373 0.000135 0.000163 0.000656 91.299964
2.904486 1527952633.765589 0.000136 0.000162 0.000659 91.180050
2.916824 1527952633.777927 0.000136 0.000161 0.000658 90.949115
2.929451 1527952633.790554 0.000136 0.000160 0.000659 90.789132
2.941816 1527952633.802918 0.000136 0.000159 0.000666 90.691213
2.954186 1527952633.815288 0.000136 0.000159 0.000670 90.583320
2.966768 1527952633.827871 0.000136 0.000158 0.000678 90.517104
2.979082 1527952633.840185 0.000136 0.000159 0.000688 90.427100
2.993172 1527952633.854275 0.000136 0.000155 0.000695 90.206863
3.004892 1527952633.865994 0.000137 0.000155 0.000690 89.807322
3.017031 1527952633.878134 0.000137 0.000154 0.000703 89.625924
3.029596 1527952633.890698 0.000136 0.000153 0.000709 89.455413
3.041362 1527952633.902464 0.000136 0.000153 0.000699 89.125982
3.054449 1527952633.915552 0.000136 0.000152 0.000711 89.082689
3.066464 1527952633.927566 0.000136 0.000152 0.000711 88.808425
3.079495 1527952633.940598 0.000136 0.000151 0.000714 88.633652
3.094044 1527952633.955147 0.000136 0.000151 0.000719 88.507311
3.105438 1527952633.966540 0.000135 0.000150 0.000722 88.191525
3.117662 1527952633.978764 0.000135 0.000150 0.000724 87.966804
3.129686 1527952633.990788 0.000135 0.000150 0.000723 87.649700
3.142043 1527952634.003146 0.000135 0.000150 0.000721 87.425226
3.154245 1527952634.015347 0.000135 0.000149 0.000726 87.205540
3.166799 1527952634.027902 0.000135 0.000150 0.000721 86.746890
3.179263 1527952634.040365 0.000135 0.000150 0.000732 85.905476
3.192275 1527952634.053377 0.000134 0.000149 0.000743 84.657585
3.204315 1527952634.065418 0.000135 0.000150 0.000755 83.781028
3.216943 1527952634.078046 0.000135 0.000152 0.000756 83.142862
3.229619 1527952634.090722 0.000137 0.000155 0.000749 82.183025
3.241607 1527952634.102710 0.000137 0.000158 0.000746 81.215336
3.254902 1527952634.116004 0.000135 0.000154 0.000738 80.310603
3.266833 1527952634.127935 0.000133 0.000154 0.000740 79.475364
3.280648 1527952634.141750 0.000133 0.000153 0.000737 78.616607
3.292863 1527952634.153965 0.000131 0.000151 0.000738 77.658574
3.305677 1527952634.166780 0.000130 0.000151 0.000742 77.020561
3.318002 1527952634.179105 0.000128 0.000150 0.000738 76.406669
3.330547 1527952634.191649 0.000127 0.000150 0.000746 76.082914
3.343094 1527952634.204197 0.000126 0.000150 0.000748 75.795333
3.354854 1527952634.215957 0.000126 0.000150 0.000746 75.543692
3.366769 1527952634.227871 0.000125 0.000150 0.000746 75.388954
3.379181 1527952634.240284 0.000128 0.000150 0.000745 75.038172
3.391809 1527952634.252912 0.000125 0.000148 0.000747 74.971079
3.404379 1527952634.265481 0.000124 0.000148 0.000745 74.746606
3.416812 1527952634.277914 0.000124 0.000147 0.000739 74.558820
3.429794 1527952634.290896 0.000123 0.000146 0.000743 74.355419
3.442052 1527952634.303155 0.000122 0.000146 0.000743 74.158600
3.454639 1527952634.315742 0.000122 0.000146 0.000743 74.073243
3.467186 1527952634.328289 0.000121 0.000145 0.000741 73.982867
3.480123 1527952634.341226 0.000121 0.000146 0.000741 73.892305
3.492092 1527952634.353195 0.000121 0.000145 0.000737 73.767151
3.504759 1527952634.365862 0.000120 0.000145 0.000737 73.601855
3.517311 1527952634.378414 0.000120 0.000145 0.000737 73.426252
3.529636 1527952634.390739 0.000119 0.000145 0.000736 73.244743
3.542028 1527952634.403131 0.000119 0.000145 0.000739 73.114969
3.554601 1527952634.415703 0.000118 0.000144 0.000735 73.053355
3.567042 1527952634.428144 0.000118 0.000145 0.000735 72.876879
3.579764 1527952634.440866 0.000118 0.000144 0.000734 72.828423
3.592412 1527952634.453515 0.000117 0.000144 0.000739 72.721559
3.604372 1527952634.465474 0.000117 0.000144 0.000738 72.710633
3.617019 1527952634.478122 0.000117 0.000144 0.000739 72.586245
3.629575 1527952634.490678 0.000117 0.000143 0.000738 72.568933
3.642120 1527952634.503222 0.000117 0.000143 0.000741 72.489447
3.654523 1527952634.515625 0.000116 0.000143 0.000743 72.495069
3.667529 1527952634.528631 0.000116 0.000143 0.000746 72.425367
3.679543 1527952634.540646 0.000116 0.000143 0.000745 72.423878
3.692101 1527952634.553204 0.000116 0.000144 0.000742 72.335361
3.704754 1527952634.565857 0.000116 0.000143 0.000745 72.307760
3.717306 1527952634.578408 0.000116 0.000143 0.000744 72.172964
3.729336 1527952634.590439 0.000116 0.000142 0.000743 72.087788
3.742300 1527952634.603402 0.000115 0.000142 0.000744 72.052987
3.754912 1527952634.616015 0.000116 0.000143 0.000744 71.981072
3.767274 1527952634.628377 0.000115 0.000143 0.000745 71.823263
3.780054 1527952634.641157 0.000115 0.000142 0.000745 71.788207
3.792458 1527952634.653560 0.000115 0.000142 0.000750 71.652274
3.805264 1527952634.666366 0.000115 0.000142 0.000747 71.475792
3.817721 1527952634.678824 0.000115 0.000142 0.000753 71.401238
3.829962 1527952634.691065 0.000115 0.000141 0.000751 71.212724
3.842149 1527952634.703251 0.000115 0.000141 0.000755 71.154232
3.854629 1527952634.715732 0.000115 0.000141 0.000752 71.036875
3.867130 1527952634.728233 0.000115 0.000142 0.000752 70.851682
3.879518 1527952634.740620 0.000114 0.000142 0.000760 70.949826
3.891745 1527952634.752848 0.000115 0.000141 0.000763 70.793378
3.904633 1527952634.765736 0.000115 0.000142 0.000762 70.766532
3.917503 1527952634.778606 0.000115 0.000140 0.000764 70.680000
3.929618 1527952634.790720 0.000120 0.000143 0.000763 70.497837
3.942156 1527952634.803259 0.000119 0.000142 0.000765 70.445858
3.955333 1527952634.816436 0.000116 0.000143 0.000764 70.374714
3.967947 1527952634.829049 0.000120 0.000142 0.000772 69.643808
3.980587 1527952634.841690 0.000115 0.000141 0.000773 68.770642
3.993210 1527952634.854313 0.000117 0.000144 0.000786 68.013337
4.005683 1527952634.866786 0.000115 0.000143 0.000794 67.858608
4.017298 1527952634.878401 0.000111 0.000143 0.000804 68.027656
4.029499 1527952634.890602 0.000115 0.000143 0.000799 67.815556
4.041992 1527952634.903095 0.000111 0.000144 0.000796 67.952712
4.054388 1527952634.915490 0.000115 0.000144 0.000796 67.641428
4.067215 1527952634.928318 0.000115 0.000144 0.000798 67.518202
4.079849 1527952634.940951 0.000115 0.000144 0.000799 67.397570
4.091935 1527952634.953037 0.000115 0.000144 0.000802 67.312360
4.104428 1527952634.965531 0.000114 0.000143 0.000805 67.232828
4.117229 1527952634.978331 0.000114 0.000143 0.000802 66.917810
4.129687 1527952634.990790 0.000114 0.000143 0.000799 66.759171
4.142173 1527952635.003276 0.000114 0.000143 0.000800 66.668149
4.155262 1527952635.016364 0.000114 0.000143 0.000798 66.633524
4.167215 1527952635.028317 0.000113 0.000143 0.000802 66.572795
4.179668 1527952635.040771 0.000113 0.000143 0.000798 66.518792
4.192830 1527952635.053932 0.000113 0.000144 0.000802 66.504451
4.204910 1527952635.066012 0.000113 0.000144 0.000798 66.471975
4.217191 1527952635.078294 0.000113 0.000143 0.000800 66.506329
4.229238 1527952635.090341 0.000113 0.000143 0.000797 66.508325
4.242462 1527952635.103564 0.000113 0.000143 0.000800 66.553961
4.254561 1527952635.115664 0.000113 0.000143 0.000800 66.580529
4.267113 1527952635.128216 0.000113 0.000142 0.000802 66.674638
4.280645 1527952635.141748 0.000114 0.000143 0.000800 66.652357
4.293108 1527952635.154211 0.000114 0.000142 0.000799 66.659604
4.305399 1527952635.166502 0.000114 0.000142 0.000800 66.700672
4.316795 1527952635.177898 0.000113 0.000143 0.000797 66.782482
4.329344 1527952635.190446 0.000113 0.000142 0.000798 66.682303
4.341619 1527952635.202722 0.000114 0.000143 0.000802 66.605494
4.354311 1527952635.215413 0.000114 0.000142 0.000800 66.567481
4.367899 1527952635.229002 0.000113 0.000144 0.000801 66.663901
4.380210 1527952635.241313 0.000113 0.000143 0.000797 66.607071
4.394190 1527952635.255293 0.000113 0.000144 0.000801 66.508728
4.406245 1527952635.267348 0.000113 0.000143 0.000796 66.578752
4.417272 1527952635.278374 0.000113 0.000142 0.000796 66.467539
4.429959 1527952635.291061 0.000114 0.000143 0.000794 66.336382
4.442089 1527952635.303192 0.000114 0.000143 0.000797 66.284232
4.456005 1527952635.317107 0.000114 0.000142 0.000798 66.234168
4.467628 1527952635.328731 0.000115 0.000143 0.000797 66.094651
4.480606 1527952635.341708 0.000115 0.000142 0.000799 66.085348
4.492419 1527952635.353522 0.000116 0.000143 0.000792 65.878939
4.504500 1527952635.365602 0.000118 0.000142 0.000776 66.115251
4.517447 1527952635.378549 0.000119 0.000141 0.000773 66.465450
4.529445 1527952635.390548 0.000121 0.000142 0.000774 66.767034
4.542454 1527952635.403557 0.000123 0.000140 0.000781 66.774493
4.554357 1527952635.415459 0.000123 0.000140 0.000785 66.403190
4.567294 1527952635.428396 0.000123 0.000140 0.000786 65.950848
4.579971 1527952635.441073 0.000122 0.000139 0.000786 65.602937
4.592179 1527952635.453281 0.000123 0.000140 0.000784 65.199893
4.604969 1527952635.466071 0.000122 0.000140 0.000788 64.893844
4.617003 1527952635.478106 0.000122 0.000140 0.000784 64.613255
4.629956 1527952635.491059 0.000122 0.000140 0.000787 64.275640
4.642149 1527952635.503252 0.000121 0.000139 0.000787 63.870531
4.655032 1527952635.516135 0.000119 0.000138 0.000792 63.696448
4.668294 1527952635.529397 0.000117 0.000138 0.000789 64.093813
4.680660 1527952635.541763 0.000118 0.000139 0.000788 64.325809
4.693061 1527952635.554163 0.000120 0.000138 0.000790 64.388768
4.705559 1527952635.566662 0.000121 0.000138 0.000787 64.255199
4.718378 1527952635.579480 0.000121 0.000139 0.000787 64.201772
4.730692 1527952635.591795 0.000120 0.000139 0.000775 64.040788
4.742279 1527952635.603381 0.000118 0.000139 0.000763 63.753484
4.755461 1527952635.616563 0.000116 0.000140 0.000759 63.091046
4.767345 1527952635.628447 0.000114 0.000141 0.000784 62.632683
4.779682 1527952635.640784 0.000110 0.000154 0.000769 62.397740
4.792017 1527952635.653120 0.000106 0.000159 0.000782 62.490887
4.805772 1527952635.666875 0.000107 0.000167 0.000780 61.852574
4.816866 1527952635.677969 0.000108 0.000170 0.000797 60.640782
4.830163 1527952635.691265 0.000108 0.000168 0.000815 60.118937
4.842457 1527952635.703560 0.000117 0.000165 0.000837 59.674519
4.855236 1527952635.716339 0.000120 0.000169 0.000851 59.424384
4.867225 1527952635.728328 0.000121 0.000168 0.000854 59.290254
4.880352 1527952635.741455 0.000117 0.000170 0.000853 59.718829
4.892132 1527952635.753234 0.000113 0.000177 0.000890 61.236260
4.904942 1527952635.766045 0.000112 0.000179 0.000867 62.274151
4.919236 1527952635.780339 0.000110 0.000177 0.000850 62.172608
4.929846 1527952635.790948 0.000107 0.000181 0.000842 61.408899
4.942270 1527952635.803372 0.000102 0.000177 0.000850 60.603161
4.955601 1527952635.816704 0.000099 0.000178 0.000887 59.528049
4.967578 1527952635.828681 0.000100 0.000179 0.000835 58.968814
4.980298 1527952635.841400 0.000100 0.000166 0.000845 58.564161
4.992479 1527952635.853582 0.000104 0.000170 0.000860 58.947577
5.004956 1527952635.866059 0.000128 0.000169 0.000844 59.624321
5.017378 1527952635.878481 0.000111 0.000165 0.000875 60.408799
5.029835 1527952635.890937 0.000122 0.000164 0.000887 60.429231
5.042415 1527952635.903517 0.000114 0.000169 0.000889 60.834194
5.054814 1527952635.915916 0.000115 0.000163 0.000863 60.032038
5.067719 1527952635.928822 0.000116 0.000150 0.000874 58.377812
5.079977 1527952635.941079 0.000112 0.000142 0.000881 57.462865
5.092949 1527952635.954051 0.000110 0.000138 0.000892 57.187089
5.104660 1527952635.965762 0.000115 0.000137 0.000903 57.270388
5.117111 1527952635.978214 0.000116 0.000138 0.000899 56.896977
5.129589 1527952635.990691 0.000110 0.000134 0.000897 56.272330
5.142166 1527952636.003269 0.000113 0.000134 0.000905 56.015417
5.155640 1527952636.016743 0.000111 0.000134 0.000917 56.014372
5.167901 1527952636.029004 0.000108 0.000136 0.000911 56.117727
5.179753 1527952636.040856 0.000108 0.000137 0.000867 55.792076
5.192184 1527952636.053287 0.000106 0.000137 0.000840 55.103747
5.204372 1527952636.065475 0.000110 0.000136 0.000860 54.716175
5.217284 1527952636.078387 0.000106 0.000135 0.000884 55.297841
5.229587 1527952636.090690 0.000106 0.000139 0.000859 54.843245
5.242215 1527952636.103317 0.000105 0.000136 0.000850 54.288947
5.254285 1527952636.115388 0.000105 0.000134 0.000842 53.910921
5.266780 1527952636.127883 0.000105 0.000134 0.000840 53.672119
5.279494 1527952636.140596 0.000104 0.000136 0.000863 54.358887
5.292325 1527952636.153427 0.000102 0.000136 0.000859 54.339847
5.304818 1527952636.165921 0.000103 0.000137 0.000853 53.861268
5.317689 1527952636.178792 0.000104 0.000135 0.000843 53.473263
5.329832 1527952636.190934 0.000106 0.000132 0.000855 54.107676
5.342829 1527952636.203931 0.000108 0.000133 0.000878 54.501201
5.355809 1527952636.216912 0.000103 0.000134 0.000870 54.731976
5.367561 1527952636.228663 0.000104 0.000134 0.000845 54.252890
5.380715 1527952636.241817 0.000105 0.000133 0.000836 53.716119
5.393549 1527952636.254651 0.000106 0.000132 0.000869 54.192432
5.405860 1527952636.266963 0.000105 0.000134 0.000896 55.128787
5.419607 1527952636.280710 0.000104 0.000135 0.000880 54.939433
5.431018 1527952636.292121 0.000105 0.000134 0.000845 54.069320
5.444078 1527952636.305181 0.000106 0.000133 0.000818 53.227126
5.454753 1527952636.315856 0.000106 0.000131 0.000858 53.932784
5.467164 1527952636.328266 0.000104 0.000133 0.000888 54.640778
5.479333 1527952636.340436 0.000104 0.000135 0.000867 54.237185
5.492468 1527952636.353571 0.000105 0.000135 0.000827 53.577592
5.504705 1527952636.365808 0.000105 0.000134 0.000812 52.949631
5.517108 1527952636.378210 0.000105 0.000134 0.000850 53.491984
5.530561 1527952636.391663 0.000105 0.000137 0.000890 53.992082
5.542319 1527952636.403422 0.000106 0.000137 0.000884 53.391690
5.555121 1527952636.416224 0.000107 0.000137 0.000862 52.464908
5.567395 1527952636.428498 0.000109 0.000136 0.000853 51.642879
5.580125 1527952636.441227 0.000109 0.000138 0.000881 51.745799
5.592684 1527952636.453787 0.000107 0.000138 0.000906 52.155070
5.605464 1527952636.466567 0.000106 0.000138 0.000890 51.586796
5.617687 1527952636.478790 0.000108 0.000138 0.000869 51.239975
5.630391 1527952636.491493 0.000109 0.000137 0.000862 51.035381
5.643356 1527952636.504459 0.000109 0.000136 0.000865 51.388607
5.655244 1527952636.516347 0.000109 0.000139 0.000884 51.644540
5.667797 1527952636.528900 0.000107 0.000141 0.000886 51.535121
5.680724 1527952636.541826 0.000107 0.000139 0.000875 51.213437
5.692599 1527952636.553702 0.000110 0.000139 0.000874 51.052345
5.705580 1527952636.566682 0.000110 0.000137 0.000874 51.265276
5.717854 1527952636.578956 0.000110 0.000139 0.000907 52.238848
5.729971 1527952636.591073 0.000106 0.000141 0.000899 52.462830
5.743361 1527952636.604463 0.000107 0.000140 0.000879 51.974967
5.755144 1527952636.616246 0.000110 0.000143 0.000874 51.787049
5.767119 1527952636.628222 0.000110 0.000138 0.000882 52.184399
5.779934 1527952636.641037 0.000111 0.000139 0.000904 52.947763
5.793067 1527952636.654170 0.000108 0.000144 0.000916 53.338940
5.804763 1527952636.665865 0.000106 0.000143 0.000895 52.976062
5.817851 1527952636.678953 0.000109 0.000141 0.000874 53.050981
5.830036 1527952636.691138 0.000111 0.000141 0.000851 52.998423
5.842624 1527952636.703726 0.000113 0.000140 0.000871 53.661642
5.854790 1527952636.715893 0.000110 0.000137 0.000911 54.155484
5.867280 1527952636.728382 0.000108 0.000140 0.000881 53.891849
5.880026 1527952636.741129 0.000111 0.000144 0.000849 53.276979
5.893207 1527952636.754309 0.000112 0.000144 0.000850 53.581836
5.904713 1527952636.765815 0.000112 0.000139 0.000842 53.927673
5.917531 1527952636.778633 0.000116 0.000131 0.000845 53.967308
5.930073 1527952636.791176 0.000115 0.000139 0.000888 54.231641
5.942888 1527952636.803991 0.000111 0.000140 0.000902 54.633215
5.955248 1527952636.816350 0.000111 0.000134 0.000847 54.112720
5.967491 1527952636.828593 0.000112 0.000132 0.000844 54.026133
5.980230 1527952636.841332 0.000113 0.000132 0.000840 54.263183
5.992487 1527952636.853590 0.000114 0.000142 0.000828 53.631761
6.004792 1527952636.865894 0.000117 0.000141 0.000826 53.513009
6.017622 1527952636.878724 0.000117 0.000133 0.000852 54.154398
6.029919 1527952636.891022 0.000115 0.000141 0.000866 53.904639
6.042283 1527952636.903385 0.000114 0.000138 0.000830 52.826990
6.054903 1527952636.916006 0.000114 0.000135 0.000825 52.187963
6.067220 1527952636.928322 0.000115 0.000134 0.000823 51.789622
6.079698 1527952636.940801 0.000116 0.000133 0.000820 51.520153
6.092252 1527952636.953354 0.000116 0.000133 0.000812 51.283039
6.105507 1527952636.966610 0.000117 0.000133 0.000809 51.066289
6.117480 1527952636.978582 0.000117 0.000131 0.000801 50.984631
6.130020 1527952636.991122 0.000117 0.000132 0.000792 50.661202
6.142403 1527952637.003505 0.000117 0.000134 0.000793 50.262681
6.156806 1527952637.017908 0.000117 0.000134 0.000787 50.042100
6.168311 1527952637.029413 0.000116 0.000132 0.000787 50.254217
6.181676 1527952637.042778 0.000117 0.000141 0.000786 49.538346
6.193994 1527952637.055097 0.000117 0.000141 0.000787 49.503516
6.204884 1527952637.065987 0.000115 0.000138 0.000784 49.599453
6.217323 1527952637.078425 0.000116 0.000130 0.000785 49.960718
6.230035 1527952637.091137 0.000115 0.000129 0.000779 49.737603
6.242625 1527952637.103728 0.000115 0.000136 0.000780 49.289883
6.255120 1527952637.116223 0.000116 0.000132 0.000780 49.216943
6.267321 1527952637.128424 0.000115 0.000128 0.000779 49.379581
6.279716 1527952637.140819 0.000116 0.000130 0.000778 49.089996
6.292878 1527952637.153981 0.000115 0.000137 0.000778 48.592579
6.305143 1527952637.166246 0.000114 0.000136 0.000778 48.710200
6.317803 1527952637.178905 0.000114 0.000136 0.000777 48.770449
6.330184 1527952637.191287 0.000116 0.000130 0.000775 48.919735
6.343471 1527952637.204573 0.000114 0.000135 0.000775 48.710655
6.355231 1527952637.216334 0.000114 0.000128 0.000773 48.910882
6.367572 1527952637.228675 0.000115 0.000127 0.000772 49.019786
6.380199 1527952637.241301 0.000116 0.000130 0.000774 48.609984
6.392462 1527952637.253565 0.000114 0.000127 0.000772 48.773039
6.405120 1527952637.266222 0.000115 0.000127 0.000770 48.688914
6.417168 1527952637.278270 0.000114 0.000127 0.000770 48.697199
6.430217 1527952637.291319 0.000116 0.000129 0.000772 48.470382
6.442726 1527952637.303828 0.000116 0.000129 0.000768 48.360354
6.455548 1527952637.316650 0.000115 0.000129 0.000768 48.312995
6.467789 1527952637.328892 0.000116 0.000130 0.000767 48.262418
6.480803 1527952637.341905 0.000114 0.000127 0.000767 48.361310
6.492538 1527952637.353641 0.000114 0.000127 0.000772 48.438749
6.505044 1527952637.366146 0.000115 0.000128 0.000769 48.214370
6.517927 1527952637.379030 0.000115 0.000129 0.000770 48.090428
6.529863 1527952637.390966 0.000114 0.000127 0.000768 48.293648
6.542759 1527952637.403862 0.000115 0.000137 0.000768 47.495962
6.555293 1527952637.416396 0.000115 0.000135 0.000768 47.553431
6.568206 1527952637.429309 0.000114 0.000126 0.000767 47.996878
6.580258 1527952637.441360 0.000114 0.000126 0.000766 47.898323
6.592451 1527952637.453554 0.000114 0.000126 0.000765 47.829578
6.604976 1527952637.466078 0.000114 0.000127 0.000763 47.480157
6.617725 1527952637.478828 0.000114 0.000134 0.000772 46.732658
6.630038 1527952637.491141 0.000115 0.000136 0.000776 46.100603
6.642324 1527952637.503427 0.000115 0.000129 0.000790 46.225822
6.655077 1527952637.516179 0.000113 0.000134 0.000795 45.745349
6.667647 1527952637.528749 0.000114 0.000126 0.000795 46.048840
6.680287 1527952637.541390 0.000115 0.000134 0.000798 45.371720
6.692854 1527952637.553957 0.000115 0.000127 0.000799 45.708691
6.705699 1527952637.566802 0.000114 0.000126 0.000798 45.855885
6.717450 1527952637.578552 0.000115 0.000128 0.000800 45.689330
6.730145 1527952637.591247 0.000114 0.000126 0.000801 45.995214
6.743337 1527952637.604439 0.000113 0.000126 0.000802 45.959641
6.755061 1527952637.616163 0.000113 0.000134 0.000801 45.349694
6.767521 1527952637.628624 0.000113 0.000133 0.000798 45.298364
6.780594 1527952637.641696 0.000114 0.000124 0.000798 45.655996
6.792721 1527952637.653824 0.000113 0.000132 0.000796 45.094975
6.804968 1527952637.666070 0.000114 0.000125 0.000797 45.370166
6.817582 1527952637.678685 0.000113 0.000124 0.000796 45.274182
6.830068 1527952637.691170 0.000114 0.000125 0.000795 45.224580
6.843310 1527952637.704413 0.000113 0.000132 0.000797 44.701467
6.855101 1527952637.716204 0.000115 0.000126 0.000795 44.863125
6.867605 1527952637.728708 0.000114 0.000132 0.000798 44.422136
6.880661 1527952637.741763 0.000114 0.000133 0.000795 44.273170
6.892773 1527952637.753876 0.000113 0.000132 0.000793 44.382342
6.904751 1527952637.765853 0.000113 0.000132 0.000791 44.298154
6.917516 1527952637.778618 0.000114 0.000126 0.000792 44.536488
6.929930 1527952637.791033 0.000113 0.000131 0.000793 44.198543
6.942532 1527952637.803635 0.000113 0.000124 0.000792 44.644567
6.955595 1527952637.816698 0.000113 0.000131 0.000790 44.132857
6.968276 1527952637.829379 0.000113 0.000131 0.000789 44.067222
6.981125 1527952637.842227 0.000113 0.000124 0.000790 44.449650
6.994146 1527952637.855249 0.000113 0.000131 0.000791 43.995739
7.005763 1527952637.866865 0.000114 0.000125 0.000791 44.167999
7.018607 1527952637.879710 0.000112 0.000131 0.000792 43.801033
7.030149 1527952637.891251 0.000112 0.000132 0.000791 43.762640
7.042575 1527952637.903678 0.000112 0.000124 0.000789 44.031840
7.056343 1527952637.917445 0.000112 0.000126 0.000773 43.835237
7.068734 1527952637.929837 0.000111 0.000136 0.000781 42.952473
7.080920 1527952637.942022 0.000109 0.000133 0.000784 43.253386
7.092872 1527952637.953974 0.000110 0.000134 0.000789 43.011922
7.105067 1527952637.966169 0.000108 0.000133 0.000791 43.227378
7.117636 1527952637.978738 0.000108 0.000133 0.000790 43.115178
7.129809 1527952637.990912 0.000109 0.000135 0.000793 42.864100
7.142328 1527952638.003431 0.000107 0.000134 0.000794 42.978372
7.154793 1527952638.015895 0.000107 0.000134 0.000793 42.767013
7.167151 1527952638.028254 0.000107 0.000132 0.000793 42.836720
7.180533 1527952638.041635 0.000107 0.000133 0.000796 42.719416
7.193455 1527952638.054558 0.000107 0.000131 0.000794 42.875484
7.205266 1527952638.066369 0.000107 0.000133 0.000793 42.539096
7.217321 1527952638.078424 0.000107 0.000132 0.000794 42.510066
7.229846 1527952638.090948 0.000107 0.000126 0.000792 42.842242
7.242457 1527952638.103559 0.000107 0.000125 0.000790 42.735018
7.254958 1527952638.116061 0.000107 0.000132 0.000791 42.206179
7.267189 1527952638.128291 0.000106 0.000125 0.000789 42.583229
7.279870 1527952638.140973 0.000106 0.000131 0.000793 42.156378
7.292315 1527952638.153417 0.000106 0.000132 0.000794 42.071456
7.306500 1527952638.167602 0.000106 0.000131 0.000795 42.124653
7.317419 1527952638.178522 0.000106 0.000132 0.000793 41.874899
7.329850 1527952638.190952 0.000106 0.000133 0.000797 41.837877
7.342814 1527952638.203916 0.000106 0.000124 0.000793 42.375596
7.355248 1527952638.216350 0.000106 0.000124 0.000793 42.187451
7.367823 1527952638.228926 0.000105 0.000131 0.000794 41.686366
7.380483 1527952638.241585 0.000105 0.000132 0.000794 41.552669
7.392734 1527952638.253837 0.000105 0.000132 0.000794 41.496629
7.405238 1527952638.266341 0.000105 0.000131 0.000798 41.608979
7.418859 1527952638.279962 0.000105 0.000131 0.000796 41.488571
7.430247 1527952638.291350 0.000106 0.000129 0.000793 41.687904
7.443003 1527952638.304105 0.000105 0.000130 0.000795 41.517606
7.455213 1527952638.316316 0.000105 0.000130 0.000795 41.520625
7.468640 1527952638.329742 0.000105 0.000130 0.000794 41.489933
7.480889 1527952638.341991 0.000105 0.000130 0.000797 41.447911
7.493083 1527952638.354186 0.000105 0.000131 0.000796 41.215529
7.506073 1527952638.367175 0.000105 0.000129 0.000797 41.378818
7.518433 1527952638.379535 0.000105 0.000131 0.000797 41.181530
7.531810 1527952638.392912 0.000105 0.000130 0.000796 41.199567
7.542853 1527952638.403955 0.000105 0.000131 0.000794 41.092115
7.555252 1527952638.416354 0.000105 0.000130 0.000791 41.171005
7.568496 1527952638.429598 0.000105 0.000130 0.000792 41.154161
7.580942 1527952638.442044 0.000105 0.000131 0.000795 41.145776
7.592736 1527952638.453839 0.000105 0.000133 0.000798 40.924783
7.605455 1527952638.466558 0.000106 0.000133 0.000798 40.857647
7.617487 1527952638.478589 0.000107 0.000132 0.000793 41.343625
7.630158 1527952638.491260 0.000108 0.000131 0.000795 41.470556
7.642358 1527952638.503460 0.000109 0.000134 0.000795 40.979361
7.655271 1527952638.516373 0.000110 0.000138 0.000791 40.422266
7.667408 1527952638.528510 0.000109 0.000136 0.000791 40.650566
7.680187 1527952638.541289 0.000109 0.000137 0.000790 40.428059
7.692773 1527952638.553876 0.000109 0.000136 0.000789 40.464843
7.705178 1527952638.566281 0.000109 0.000136 0.000791 40.532164
7.717621 1527952638.578723 0.000109 0.000137 0.000790 40.267487
7.730567 1527952638.591670 0.000109 0.000138 0.000791 40.311210
7.743708 1527952638.604811 0.000109 0.000137 0.000793 40.290874
7.756009 1527952638.617112 0.000109 0.000137 0.000788 40.322618
7.768378 1527952638.629481 0.000109 0.000137 0.000788 40.200474
7.781235 1527952638.642337 0.000109 0.000137 0.000790 40.300745
7.793525 1527952638.654628 0.000109 0.000137 0.000788 40.239818
7.805082 1527952638.666184 0.000109 0.000137 0.000789 40.319577
7.817782 1527952638.678885 0.000108 0.000137 0.000788 40.266551
7.830149 1527952638.691252 0.000108 0.000138 0.000789 40.261935
7.842673 1527952638.703775 0.000108 0.000138 0.000787 40.219057
7.855805 1527952638.716908 0.000108 0.000138 0.000791 40.134472
7.867694 1527952638.728796 0.000108 0.000138 0.000787 40.373348
7.880466 1527952638.741569 0.000108 0.000138 0.000786 40.289661
7.893345 1527952638.754447 0.000109 0.000139 0.000786 40.074384
7.905166 1527952638.766269 0.000108 0.000137 0.000786 40.188341
7.917815 1527952638.778918 0.000108 0.000138 0.000786 40.173898
7.930370 1527952638.791472 0.000109 0.000138 0.000783 40.115790
7.943567 1527952638.804670 0.000108 0.000136 0.000785 40.052307
7.955407 1527952638.816510 0.000108 0.000136 0.000785 40.107987
7.968225 1527952638.829328 0.000108 0.000137 0.000785 39.943220
7.980494 1527952638.841597 0.000108 0.000136 0.000784 39.946144
7.992862 1527952638.853965 0.000108 0.000136 0.000784 39.814833
8.005026 1527952638.866128 0.000109 0.000138 0.000785 39.605596
8.018195 1527952638.879297 0.000108 0.000137 0.000788 39.734279
8.030427 1527952638.891530 0.000108 0.000135 0.000787 39.885488
8.042698 1527952638.903800 0.000108 0.000136 0.000787 39.585976
8.055305 1527952638.916407 0.000109 0.000135 0.000798 38.742005
8.068277 1527952638.929379 0.000110 0.000134 0.000805 38.444998
8.080461 1527952638.941564 0.000112 0.000132 0.000815 38.917817
8.092715 1527952638.953818 0.000112 0.000130 0.000817 39.169198
8.105572 1527952638.966675 0.000111 0.000130 0.000819 39.548655
8.117502 1527952638.978604 0.000111 0.000133 0.000827 39.377296
8.130073 1527952638.991175 0.000110 0.000129 0.000819 39.766381
8.143297 1527952639.004400 0.000110 0.000130 0.000819 39.766348
8.155939 1527952639.017042 0.000109 0.000130 0.000819 39.751513
8.167926 1527952639.029029 0.000109 0.000129 0.000820 39.898283
8.180998 1527952639.042100 0.000109 0.000131 0.000820 39.621667
8.192938 1527952639.054040 0.000109 0.000132 0.000823 39.457190
8.205210 1527952639.066313 0.000109 0.000130 0.000822 39.646949
8.217785 1527952639.078888 0.000109 0.000129 0.000820 39.785632
8.230265 1527952639.091368 0.000109 0.000128 0.000818 39.762754
8.242888 1527952639.103991 0.000109 0.000131 0.000822 39.437232
8.255916 1527952639.117018 0.000108 0.000128 0.000822 39.588368
8.267921 1527952639.129024 0.000108 0.000128 0.000820 39.458126
8.280387 1527952639.141490 0.000108 0.000128 0.000823 39.572147
8.292868 1527952639.153970 0.000109 0.000129 0.000822 39.254426
8.305285 1527952639.166388 0.000109 0.000130 0.000821 39.144942
8.317583 1527952639.178685 0.000108 0.000127 0.000821 39.373352
8.330033 1527952639.191136 0.000108 0.000127 0.000816 39.332425
8.342876 1527952639.203978 0.000108 0.000127 0.000819 39.399169
8.355715 1527952639.216817 0.000108 0.000128 0.000819 39.328232
8.368198 1527952639.229301 0.000108 0.000127 0.000819 39.359483
8.380426 1527952639.241528 0.000108 0.000129 0.000822 39.154039
8.392837 1527952639.253939 0.000108 0.000127 0.000821 39.326305
8.405268 1527952639.266371 0.000108 0.000126 0.000821 39.469898
8.417820 1527952639.278923 0.000109 0.000129 0.000823 39.094172
8.430823 1527952639.291925 0.000108 0.000127 0.000819 39.274423
8.446210 1527952639.307313 0.000108 0.000127 0.000818 39.347817
8.454967 1527952639.316070 0.000108 0.000129 0.000820 39.058525
8.467527 1527952639.328629 0.000108 0.000128 0.000816 39.113668
8.479797 1527952639.340900 0.000107 0.000127 0.000818 39.235776
8.492754 1527952639.353857 0.000108 0.000127 0.000818 39.242511
8.505043 1527952639.366146 0.000108 0.000128 0.000819 39.105706
8.517493 1527952639.378595 0.000108 0.000129 0.000817 38.973614
8.529864 1527952639.390966 0.000108 0.000127 0.000817 39.177324
8.542331 1527952639.403433 0.000108 0.000126 0.000818 39.251782
8.554956 1527952639.416058 0.000108 0.000126 0.000815 39.191238
8.567266 1527952639.428368 0.000108 0.000129 0.000819 38.971963
8.579803 1527952639.440906 0.000108 0.000129 0.000818 38.921867
8.592536 1527952639.453639 0.000108 0.000126 0.000817 39.177289
8.604796 1527952639.465899 0.000108 0.000129 0.000819 38.869352
8.617176 1527952639.478279 0.000108 0.000126 0.000815 39.175047
8.629835 1527952639.490937 0.000108 0.000127 0.000817 39.054990
8.642079 1527952639.503182 0.000108 0.000126 0.000817 39.170313
8.654785 1527952639.515887 0.000108 0.000126 0.000815 39.011135
8.667276 1527952639.528378 0.000108 0.000127 0.000817 39.018272
8.679864 1527952639.540967 0.000108 0.000128 0.000815 38.873251
8.692811 1527952639.553914 0.000108 0.000127 0.000817 38.954722
8.704956 1527952639.566059 0.000108 0.000128 0.000815 38.828521
8.717395 1527952639.578498 0.000108 0.000127 0.000813 38.930430
8.730012 1527952639.591115 0.000108 0.000127 0.000812 38.783964
8.742345 1527952639.603448 0.000108 0.000127 0.000813 38.829222
8.754728 1527952639.615831 0.000108 0.000126 0.000814 38.869569
8.767277 1527952639.628380 0.000107 0.000127 0.000813 38.874360
8.779949 1527952639.641052 0.000108 0.000127 0.000816 38.776406
8.793329 1527952639.654432 0.000108 0.000126 0.000813 38.857006
8.806047 1527952639.667150 0.000108 0.000126 0.000814 38.913508
8.819554 1527952639.680657 0.000107 0.000127 0.000816 38.741148
8.831120 1527952639.692223 0.000108 0.000127 0.000815 38.765481
8.843409 1527952639.704512 0.000108 0.000126 0.000815 38.790623
8.855324 1527952639.716427 0.000108 0.000127 0.000814 38.754227
8.868022 1527952639.729125 0.000108 0.000127 0.000811 38.676295
8.880628 1527952639.741731 0.000108 0.000127 0.000814 38.673038
8.894480 1527952639.755582 0.000108 0.000127 0.000812 38.813713
8.905936 1527952639.767038 0.000107 0.000127 0.000814 38.596982
8.917972 1527952639.779074 0.000108 0.000126 0.000816 38.793885
8.930319 1527952639.791422 0.000108 0.000126 0.000815 38.787089
8.943281 1527952639.804383 0.000108 0.000130 0.000818 38.295342
8.956110 1527952639.817213 0.000108 0.000126 0.000815 38.679848
8.969336 1527952639.830439 0.000107 0.000127 0.000813 38.632130
8.981538 1527952639.842641 0.000108 0.000127 0.000815 38.566267
8.993160 1527952639.854263 0.000108 0.000129 0.000817 38.354687
9.005659 1527952639.866761 0.000107 0.000126 0.000812 38.543967
9.017686 1527952639.878788 0.000108 0.000126 0.000814 38.640570
9.030816 1527952639.891919 0.000108 0.000128 0.000817 38.343494
9.042682 1527952639.903785 0.000107 0.000126 0.000813 38.464883
9.055164 1527952639.916267 0.000107 0.000126 0.000815 38.489309
9.068172 1527952639.929274 0.000107 0.000127 0.000814 38.213913
9.080202 1527952639.941305 0.000107 0.000129 0.000812 38.204606
9.093592 1527952639.954695 0.000106 0.000128 0.000809 38.643660
9.106165 1527952639.967268 0.000106 0.000127 0.000812 39.296320
9.118325 1527952639.979428 0.000106 0.000125 0.000821 39.994260
9.130764 1527952639.991866 0.000105 0.000125 0.000827 40.326795
9.143677 1527952640.004780 0.000105 0.000125 0.000832 40.647738
9.155848 1527952640.016950 0.000105 0.000124 0.000834 40.761239
9.168488 1527952640.029591 0.000105 0.000125 0.000832 40.774170
9.181282 1527952640.042385 0.000105 0.000126 0.000833 40.624575
9.193281 1527952640.054383 0.000106 0.000127 0.000834 40.453268
9.206284 1527952640.067386 0.000105 0.000125 0.000835 40.766240
9.218134 1527952640.079237 0.000105 0.000125 0.000833 40.746962
9.230558 1527952640.091661 0.000105 0.000124 0.000834 40.837922
9.242846 1527952640.103948 0.000105 0.000125 0.000831 40.744206
9.256007 1527952640.117110 0.000105 0.000125 0.000831 40.672039
9.267732 1527952640.128834 0.000106 0.000124 0.000828 40.885154
9.280425 1527952640.141528 0.000106 0.000125 0.000832 40.739334
9.293123 1527952640.154225 0.000105 0.000125 0.000829 40.688564
9.306443 1527952640.167546 0.000105 0.000126 0.000828 40.654263
9.318069 1527952640.179171 0.000106 0.000125 0.000827 40.796846
9.330581 1527952640.191684 0.000105 0.000126 0.000823 40.698671
9.343400 1527952640.204503 0.000106 0.000127 0.000827 40.492839
9.355608 1527952640.216710 0.000106 0.000127 0.000827 40.553814
9.367917 1527952640.229020 0.000105 0.000126 0.000827 40.670375
9.380990 1527952640.242092 0.000107 0.000128 0.000829 40.400819
9.392783 1527952640.253886 0.000105 0.000126 0.000826 40.592483
9.405398 1527952640.266500 0.000105 0.000126 0.000828 40.615702
9.418172 1527952640.279274 0.000105 0.000125 0.000828 40.651960
9.431564 1527952640.292666 0.000106 0.000126 0.000822 40.525030
9.443095 1527952640.304198 0.000106 0.000125 0.000826 40.645590
9.456099 1527952640.317201 0.000106 0.000124 0.000824 40.646766
9.467940 1527952640.329043 0.000105 0.000125 0.000824 40.590820
9.480784 1527952640.341887 0.000106 0.000126 0.000829 40.297797
9.493205 1527952640.354307 0.000105 0.000125 0.000825 40.439964
9.505421 1527952640.366523 0.000105 0.000126 0.000823 40.335210
9.518056 1527952640.379159 0.000106 0.000124 0.000826 40.494484
9.531396 1527952640.392499 0.000106 0.000125 0.000825 40.463173
9.543379 1527952640.404482 0.000107 0.000128 0.000827 40.174341
9.555598 1527952640.416700 0.000105 0.000125 0.000826 40.395795
9.568183 1527952640.429286 0.000105 0.000126 0.000820 40.188134
9.580455 1527952640.441558 0.000104 0.000126 0.000802 39.966415
9.593257 1527952640.454360 0.000103 0.000123 0.000798 40.422521
9.605540 1527952640.466643 0.000102 0.000123 0.000805 41.082455
9.618595 1527952640.479697 0.000102 0.000122 0.000809 41.999166
9.630580 1527952640.491683 0.000102 0.000122 0.000820 42.658730
9.643064 1527952640.504166 0.000102 0.000124 0.000822 42.833515
9.655472 1527952640.516575 0.000102 0.000124 0.000822 42.932039
9.667985 1527952640.529087 0.000102 0.000122 0.000820 43.019767
9.680474 1527952640.541576 0.000102 0.000123 0.000823 42.911948
9.692831 1527952640.553934 0.000102 0.000123 0.000822 42.884634
9.705611 1527952640.566714 0.000102 0.000123 0.000820 42.797073
9.718047 1527952640.579150 0.000102 0.000122 0.000820 42.781752
9.730591 1527952640.591694 0.000102 0.000122 0.000822 42.825363
9.742909 1527952640.604012 0.000102 0.000121 0.000819 42.906184
9.757463 1527952640.618566 0.000102 0.000123 0.000819 42.661592
9.769831 1527952640.630934 0.000102 0.000123 0.000817 42.814468
9.781575 1527952640.642677 0.000102 0.000122 0.000823 42.805058
9.793131 1527952640.654233 0.000102 0.000121 0.000823 42.883944
9.805159 1527952640.666262 0.000102 0.000122 0.000819 42.734983
9.817829 1527952640.678932 0.000102 0.000122 0.000823 42.712149
9.830520 1527952640.691622 0.000104 0.000123 0.000823 42.623919
9.842643 1527952640.703746 0.000103 0.000125 0.000824 42.288533
9.855383 1527952640.716486 0.000101 0.000123 0.000820 42.529818
9.869161 1527952640.730263 0.000103 0.000123 0.000825 42.456813
9.881165 1527952640.742268 0.000103 0.000123 0.000823 42.439153
9.893801 1527952640.754904 0.000101 0.000121 0.000824 42.708370
9.905393 1527952640.766495 0.000101 0.000121 0.000823 42.699051
9.917733 1527952640.778836 0.000101 0.000123 0.000820 42.555486
9.930409 1527952640.791511 0.000103 0.000122 0.000823 42.430717
9.942718 1527952640.803820 0.000103 0.000124 0.000824 42.251644
9.955500 1527952640.816602 0.000101 0.000122 0.000819 42.497833
9.968012 1527952640.829114 0.000101 0.000121 0.000822 42.624175
9.981361 1527952640.842464 0.000101 0.000123 0.000821 42.368500
9.993031 1527952640.854133 0.000101 0.000122 0.000824 42.518016
10.006255 1527952640.867357 0.000101 0.000122 0.000821 42.409602
10.017941 1527952640.879043 0.000101 0.000122 0.000824 42.380075
10.030113 1527952640.891216 0.000101 0.000122 0.000823 42.536577
10.043264 1527952640.904367 0.000101 0.000122 0.000824 42.563184
10.056015 1527952640.917117 0.000101 0.000122 0.000824 42.483842
10.068471 1527952640.929573 0.000103 0.000123 0.000823 42.265138
10.080534 1527952640.941637 0.000101 0.000121 0.000821 42.572568
10.093475 1527952640.954578 0.000101 0.000123 0.000820 42.375914
10.105577 1527952640.966680 0.000101 0.000122 0.000821 42.583299
10.118687 1527952640.979789 0.000101 0.000123 0.000822 42.423950
10.130724 1527952640.991827 0.000101 0.000122 0.000823 42.496699
10.143268 1527952641.004371 0.000101 0.000124 0.000822 42.450042
10.155985 1527952641.017087 0.000101 0.000123 0.000820 42.613320
10.168188 1527952641.029290 0.000101 0.000124 0.000817 42.903553
10.180475 1527952641.041577 0.000102 0.000126 0.000814 43.186464
10.193604 1527952641.054706 0.000104 0.000127 0.000809 43.085615
10.205584 1527952641.066686 0.000109 0.000128 0.000804 42.736677
10.218203 1527952641.079306 0.000109 0.000126 0.000797 42.905221
10.230451 1527952641.091554 0.000110 0.000127 0.000799 42.486683
10.243061 1527952641.104164 0.000111 0.000127 0.000799 42.361371
10.255697 1527952641.116799 0.000111 0.000130 0.000798 41.956933
10.268470 1527952641.129572 0.000110 0.000130 0.000799 41.956750
10.280556 1527952641.141659 0.000110 0.000129 0.000799 42.017448
10.293031 1527952641.154134 0.000109 0.000129 0.000800 41.991434
10.305534 1527952641.166637 0.000109 0.000129 0.000798 41.898691
10.318604 1527952641.179707 0.000110 0.000129 0.000799 41.843633
10.330540 1527952641.191643 0.000109 0.000129 0.000799 41.771497
10.343277 1527952641.204379 0.000110 0.000131 0.000798 41.649175
10.356236 1527952641.217339 0.000109 0.000129 0.000797 41.867200
10.368293 1527952641.229396 0.000110 0.000131 0.000798 41.595442
10.380505 1527952641.241607 0.000109 0.000128 0.000793 41.917746
10.393055 1527952641.254158 0.000109 0.000130 0.000797 41.747664
10.405882 1527952641.266985 0.000109 0.000129 0.000796 41.873577
10.418283 1527952641.279386 0.000109 0.000129 0.000795 41.775385
10.430840 1527952641.291943 0.000110 0.000131 0.000797 41.439187
10.443220 1527952641.304322 0.000109 0.000130 0.000796 41.646771
10.455830 1527952641.316932 0.000109 0.000129 0.000796 41.584030
10.468863 1527952641.329966 0.000109 0.000129 0.000796 41.646833
10.480879 1527952641.341981 0.000110 0.000131 0.000795 41.340956
10.493074 1527952641.354177 0.000109 0.000130 0.000795 41.505757
10.505828 1527952641.366931 0.000110 0.000132 0.000796 41.185245
10.518755 1527952641.379858 0.000109 0.000130 0.000794 41.533921
10.531041 1527952641.392143 0.000109 0.000131 0.000794 41.518789
10.543617 1527952641.404719 0.000111 0.000131 0.000798 41.514350
10.556982 1527952641.418085 0.000113 0.000129 0.000792 41.880522
10.568563 1527952641.429666 0.000114 0.000130 0.000785 42.318554
10.580569 1527952641.441672 0.000116 0.000132 0.000775 42.858022
10.593139 1527952641.454242 0.000117 0.000130 0.000768 43.735303
10.606761 1527952641.467863 0.000118 0.000131 0.000772 44.218440
10.618611 1527952641.479714 0.000118 0.000131 0.000774 44.521889
10.630795 1527952641.491897 0.000117 0.000131 0.000779 44.698627
10.643241 1527952641.504344 0.000116 0.000134 0.000781 44.448942
10.655873 1527952641.516975 0.000116 0.000131 0.000775 44.665681
10.668051 1527952641.529154 0.000116 0.000131 0.000777 44.565414
10.681642 1527952641.542745 0.000115 0.000131 0.000779 44.770959
10.694312 1527952641.555415 0.000116 0.000131 0.000774 44.608929
10.706981 1527952641.568084 0.000116 0.000132 0.000774 44.534346
10.720266 1527952641.581368 0.000115 0.000132 0.000775 44.508792
10.731132 1527952641.592234 0.000115 0.000135 0.000775 44.311814
10.743034 1527952641.604136 0.000114 0.000132 0.000774 44.452301
10.755352 1527952641.616455 0.000114 0.000134 0.000776 44.116990
10.768271 1527952641.629374 0.000114 0.000134 0.000771 44.078510
10.780722 1527952641.641825 0.000113 0.000134 0.000770 44.157849
10.793375 1527952641.654478 0.000111 0.000133 0.000767 44.092699
10.805310 1527952641.666412 0.000109 0.000135 0.000782 43.422528
10.817960 1527952641.679063 0.000108 0.000133 0.000788 43.061436
10.831007 1527952641.692110 0.000109 0.000131 0.000788 42.941505
10.843889 1527952641.704992 0.000109 0.000131 0.000784 42.762123
10.855896 1527952641.716999 0.000111 0.000134 0.000786 42.598260
10.868470 1527952641.729573 0.000110 0.000132 0.000782 42.664972
10.881290 1527952641.742393 0.000110 0.000135 0.000785 42.503635
10.893834 1527952641.754937 0.000110 0.000132 0.000783 42.659962
10.905820 1527952641.766922 0.000111 0.000132 0.000787 42.587279
10.918569 1527952641.779671 0.000111 0.000130 0.000782 42.655029
10.931287 1527952641.792390 0.000110 0.000131 0.000781 42.421463
10.943239 1527952641.804342 0.000110 0.000131 0.000785 42.315760
10.956074 1527952641.817176 0.000110 0.000131 0.000785 42.317771
10.968405 1527952641.829507 0.000110 0.000131 0.000783 42.308690
10.980967 1527952641.842070 0.000110 0.000130 0.000784 42.336535
10.993057 1527952641.854160 0.000111 0.000131 0.000783 42.319991
11.005723 1527952641.866826 0.000111 0.000131 0.000783 42.286605
11.018149 1527952641.879252 0.000110 0.000130 0.000780 42.334899
11.030663 1527952641.891765 0.000111 0.000132 0.000780 42.182915
11.043074 1527952641.904177 0.000112 0.000130 0.000776 42.453206
11.055628 1527952641.916730 0.000115 0.000125 0.000767 43.794938
11.068146 1527952641.929248 0.000120 0.000125 0.000758 45.282943
11.080655 1527952641.941758 0.000122 0.000125 0.000756 46.516028
11.092886 1527952641.953989 0.000121 0.000127 0.000759 47.447149
11.105698 1527952641.966801 0.000121 0.000130 0.000759 47.549770
11.118440 1527952641.979542 0.000120 0.000128 0.000766 47.930928
11.130809 1527952641.991912 0.000120 0.000128 0.000769 47.789769
11.143687 1527952642.004790 0.000120 0.000128 0.000770 47.863802
11.155724 1527952642.016826 0.000120 0.000128 0.000768 47.815502
11.168801 1527952642.029904 0.000119 0.000132 0.000767 47.641440
11.180727 1527952642.041830 0.000119 0.000132 0.000767 47.773788
11.193973 1527952642.055075 0.000119 0.000129 0.000767 48.047469
11.206377 1527952642.067479 0.000119 0.000129 0.000771 47.959609
11.218773 1527952642.079875 0.000118 0.000131 0.000768 47.930122
11.230834 1527952642.091936 0.000118 0.000130 0.000770 47.906962
11.243899 1527952642.105002 0.000119 0.000128 0.000770 48.060644
11.256241 1527952642.117344 0.000118 0.000131 0.000770 47.823960
11.268670 1527952642.129772 0.000119 0.000132 0.000770 47.691127
11.280764 1527952642.141867 0.000118 0.000131 0.000770 47.824637
11.293379 1527952642.154482 0.000118 0.000128 0.000770 47.966279
11.305706 1527952642.166808 0.000119 0.000128 0.000769 48.046508
11.319235 1527952642.180338 0.000119 0.000128 0.000770 47.961311
11.331638 1527952642.192741 0.000118 0.000130 0.000772 47.898141
11.344656 1527952642.205759 0.000118 0.000130 0.000771 47.930962
11.356138 1527952642.217240 0.000119 0.000128 0.000769 48.037180
11.368662 1527952642.229765 0.000119 0.000128 0.000771 48.018915
11.381342 1527952642.242445 0.000119 0.000131 0.000770 47.671879
11.393837 1527952642.254940 0.000118 0.000132 0.000770 47.772897
11.406591 1527952642.267694 0.000119 0.000128 0.000768 47.990320
11.419152 1527952642.280255 0.000119 0.000131 0.000768 47.775949
11.431519 1527952642.292622 0.000119 0.000128 0.000769 48.072057
11.443189 1527952642.304292 0.000118 0.000128 0.000767 48.159173
11.455677 1527952642.316780 0.000118 0.000131 0.000771 47.887812
11.468015 1527952642.329117 0.000118 0.000128 0.000768 48.083711
11.481219 1527952642.342321 0.000118 0.000132 0.000769 47.749645
11.493064 1527952642.354166 0.000118 0.000127 0.000771 48.224462
11.505783 1527952642.366885 0.000118 0.000128 0.000769 48.126468
11.517897 1527952642.379000 0.000118 0.000130 0.000772 47.967578
11.531197 1527952642.392300 0.000119 0.000128 0.000770 47.989595
11.543319 1527952642.404421 0.000119 0.000128 0.000769 47.995604
11.555836 1527952642.416939 0.000118 0.000132 0.000771 47.697244
11.568117 1527952642.429219 0.000118 0.000131 0.000772 47.744106
11.580731 1527952642.441833 0.000118 0.000130 0.000772 47.667605
11.593278 1527952642.454380 0.000116 0.000128 0.000771 47.666829
11.606194 1527952642.467297 0.000113 0.000130 0.000771 47.406051
11.618119 1527952642.479222 0.000110 0.000131 0.000774 47.281561
11.631712 1527952642.492815 0.000109 0.000129 0.000781 47.393725
11.644466 1527952642.505569 0.000108 0.000130 0.000783 46.910246
11.657012 1527952642.518114 0.000108 0.000130 0.000785 46.633851
11.669484 1527952642.530587 0.000108 0.000130 0.000784 46.374678
11.681108 1527952642.542210 0.000110 0.000134 0.000783 45.843408
11.694237 1527952642.555340 0.000109 0.000130 0.000777 45.950255
11.706028 1527952642.567131 0.000109 0.000131 0.000777 45.866197
11.718483 1527952642.579586 0.000109 0.000130 0.000781 45.942367
11.731140 1527952642.592242 0.000109 0.000129 0.000780 45.938708
11.743365 1527952642.604468 0.000109 0.000131 0.000780 45.877149
11.756030 1527952642.617132 0.000109 0.000133 0.000781 45.605795
11.768396 1527952642.629498 0.000109 0.000132 0.000782 45.620896
11.780878 1527952642.641981 0.000109 0.000135 0.000779 45.425286
11.793549 1527952642.654651 0.000109 0.000131 0.000778 45.525055
11.805845 1527952642.666948 0.000109 0.000134 0.000778 45.458119
11.818330 1527952642.679432 0.000109 0.000131 0.000780 45.697075
11.831712 1527952642.692814 0.000109 0.000132 0.000780 45.489985
11.844288 1527952642.705390 0.000109 0.000134 0.000779 45.332327
11.856529 1527952642.717631 0.000108 0.000131 0.000778 45.611740
11.868436 1527952642.729538 0.000108 0.000131 0.000775 45.590079
11.880292 1527952642.741395 0.000109 0.000132 0.000777 45.414771
11.892863 1527952642.753965 0.000109 0.000133 0.000775 45.211814
11.905526 1527952642.766629 0.000108 0.000130 0.000775 45.564457
11.917842 1527952642.778944 0.000108 0.000132 0.000775 45.406750
11.930187 1527952642.791290 0.000109 0.000133 0.000777 45.168226
11.943185 1527952642.804287 0.000108 0.000132 0.000775 45.295923
11.955347 1527952642.816450 0.000109 0.000133 0.000774 45.394196
11.967972 1527952642.829075 0.000110 0.000134 0.000773 45.255838
11.980552 1527952642.841655 0.000110 0.000136 0.000775 45.123235
11.992877 1527952642.853979 0.000110 0.000136 0.000777 45.133957
12.005793 1527952642.866895 0.000110 0.000136 0.000776 45.266157
12.017956 1527952642.879058 0.000109 0.000137 0.000773 45.502566
12.030357 1527952642.891460 0.000108 0.000136 0.000771 46.140822
12.042780 1527952642.903882 0.000109 0.000137 0.000779 47.272250
12.055163 1527952642.916265 0.000106 0.000137 0.000787 48.429394
