-6.202184 1527947225.142348 0.000115 0.000136 0.000554 42.306685
-6.189786 1527947225.154746 0.000113 0.000137 0.000556 42.174693
-6.177672 1527947225.166860 0.000114 0.000137 0.000551 42.392278
-6.165582 1527947225.178950 0.000114 0.000137 0.000561 42.517836
-6.153181 1527947225.191351 0.000114 0.000134 0.000566 42.260446
-6.140841 1527947225.203691 0.000113 0.000130 0.000567 43.634810
-6.128608 1527947225.215924 0.000110 0.000130 0.000575 46.979336
-6.115812 1527947225.228720 0.000105 0.000130 0.000582 50.039036
-6.103410 1527947225.241122 0.000102 0.000129 0.000610 53.066173
-6.090459 1527947225.254073 0.000097 0.000127 0.000626 55.732249
-6.077985 1527947225.266547 0.000094 0.000124 0.000669 57.244897
-6.065772 1527947225.278760 0.000091 0.000122 0.000680 58.951762
-6.053535 1527947225.290997 0.000087 0.000121 0.000718 60.470504
-6.040992 1527947225.303540 0.000084 0.000121 0.000738 62.140383
-6.028664 1527947225.315868 0.000079 0.000121 0.000783 63.899300
-6.016009 1527947225.328523 0.000073 0.000122 0.000850 65.583961
-6.003147 1527947225.341385 0.000070 0.000120 0.000912 66.860212
-5.990468 1527947225.354064 0.000063 0.000121 0.000968 68.051404
-5.978556 1527947225.365976 0.000064 0.000123 0.001005 68.447433
-5.966189 1527947225.378343 0.000066 0.000128 0.001021 69.068768
-5.953562 1527947225.390970 0.000072 0.000136 0.000984 69.810739
-5.940835 1527947225.403697 0.000076 0.000142 0.000973 70.339289
-5.928422 1527947225.416110 0.000092 0.000149 0.000976 71.237032
-5.915784 1527947225.428748 0.000098 0.000156 0.000934 71.294596
-5.904332 1527947225.440200 0.000095 0.000158 0.000880 70.520212
-5.891814 1527947225.452718 0.000095 0.000164 0.000821 70.543007
-5.879249 1527947225.465283 0.000095 0.000177 0.000762 69.731998
-5.866750 1527947225.477782 0.000096 0.000187 0.000525 63.759243
-5.853935 1527947225.490597 0.000093 0.000182 0.000547 56.978048
-5.841622 1527947225.502910 0.000097 0.000173 0.000585 52.336903
-5.829402 1527947225.515130 0.000096 0.000162 0.000645 50.415956
-5.816428 1527947225.528104 0.000094 0.000149 0.000704 49.507894
-5.803541 1527947225.540991 0.000095 0.000142 0.000780 49.919473
-5.791221 1527947225.553311 0.000097 0.000137 0.000813 50.696642
-5.778795 1527947225.565737 0.000099 0.000136 0.000801 51.324810
-5.766409 1527947225.578123 0.000102 0.000136 0.000797 52.153606
-5.753666 1527947225.590866 0.000108 0.000138 0.000777 52.464989
-5.741052 1527947225.603480 0.000109 0.000139 0.000775 52.811039
-5.728548 1527947225.615984 0.000111 0.000141 0.000769 52.892836
-5.716415 1527947225.628117 0.000110 0.000142 0.000736 52.218775
-5.703598 1527947225.640934 0.000111 0.000141 0.000734 51.824860
-5.690373 1527947225.654159 0.000110 0.000141 0.000742 51.390841
-5.678599 1527947225.665933 0.000112 0.000141 0.000733 50.960825
-5.665850 1527947225.678682 0.000110 0.000139 0.000733 50.639821
-5.653685 1527947225.690847 0.000102 0.000140 0.000737 52.205272
-5.640822 1527947225.703710 0.000101 0.000144 0.000741 52.486721
-5.628268 1527947225.716264 0.000102 0.000148 0.000738 52.272603
-5.615582 1527947225.728951 0.000106 0.000150 0.000741 52.581450
-5.603128 1527947225.741404 0.000107 0.000151 0.000744 52.975024
-5.590521 1527947225.754011 0.000108 0.000154 0.000740 53.525673
-5.577637 1527947225.766895 0.000106 0.000153 0.000725 54.218514
-5.566229 1527947225.778303 0.000103 0.000156 0.000709 54.634829
-5.552918 1527947225.791614 0.000103 0.000157 0.000691 55.404020
-5.540754 1527947225.803778 0.000100 0.000154 0.000693 55.161196
-5.528778 1527947225.815754 0.000100 0.000154 0.000683 55.215587
-5.516664 1527947225.827868 0.000100 0.000154 0.000672 55.006181
-5.504018 1527947225.840514 0.000099 0.000153 0.000676 54.987178
-5.491254 1527947225.853278 0.000099 0.000151 0.000689 54.951874
-5.478825 1527947225.865707 0.000100 0.000150 0.000687 54.869381
-5.466330 1527947225.878202 0.000103 0.000153 0.000681 55.039678
-5.453864 1527947225.890668 0.000102 0.000152 0.000687 55.222969
-5.440782 1527947225.903750 0.000098 0.000153 0.000687 56.272616
-5.428232 1527947225.916300 0.000093 0.000158 0.000692 56.253396
-5.415823 1527947225.928709 0.000092 0.000163 0.000707 55.557756
-5.403858 1527947225.940674 0.000090 0.000167 0.000712 55.084795
-5.391216 1527947225.953316 0.000088 0.000168 0.000727 54.474826
-5.378771 1527947225.965761 0.000088 0.000170 0.000731 54.056074
-5.366026 1527947225.978506 0.000090 0.000171 0.000735 53.743675
-5.353831 1527947225.990701 0.000089 0.000173 0.000750 52.708105
-5.340955 1527947226.003577 0.000090 0.000172 0.000744 52.619455
-5.328596 1527947226.015936 0.000090 0.000171 0.000745 51.713107
-5.316007 1527947226.028525 0.000089 0.000171 0.000743 51.663750
-5.303536 1527947226.040996 0.000088 0.000169 0.000734 51.495429
-5.291237 1527947226.053295 0.000089 0.000166 0.000745 51.258690
-5.278458 1527947226.066074 0.000091 0.000161 0.000735 51.363649
-5.266209 1527947226.078323 0.000097 0.000149 0.000756 49.353527
-5.252883 1527947226.091649 0.000097 0.000143 0.000800 48.495732
-5.240635 1527947226.103897 0.000097 0.000141 0.000824 48.904912
-5.228089 1527947226.116443 0.000098 0.000142 0.000833 49.452405
-5.216117 1527947226.128415 0.000099 0.000143 0.000826 49.878247
-5.204033 1527947226.140499 0.000100 0.000143 0.000813 50.058995
-5.191017 1527947226.153515 0.000102 0.000144 0.000805 50.658671
-5.178991 1527947226.165541 0.000100 0.000144 0.000785 51.082715
-5.166633 1527947226.177899 0.000102 0.000145 0.000778 51.495892
-5.153831 1527947226.190701 0.000103 0.000145 0.000775 51.902321
-5.141434 1527947226.203098 0.000103 0.000146 0.000754 52.113069
-5.128849 1527947226.215683 0.000103 0.000147 0.000762 52.847311
-5.116369 1527947226.228163 0.000104 0.000148 0.000759 53.269841
-5.103211 1527947226.241321 0.000101 0.000147 0.000773 53.955544
-5.090508 1527947226.254024 0.000105 0.000148 0.000752 53.722059
-5.078152 1527947226.266380 0.000105 0.000147 0.000759 53.985451
-5.066499 1527947226.278033 0.000104 0.000146 0.000754 53.883658
-5.054265 1527947226.290267 0.000105 0.000145 0.000752 53.871026
-5.041579 1527947226.302953 0.000102 0.000145 0.000752 54.231813
-5.028946 1527947226.315586 0.000104 0.000147 0.000768 54.344736
-5.015830 1527947226.328702 0.000094 0.000150 0.000773 55.838516
-5.003171 1527947226.341361 0.000093 0.000160 0.000757 57.287775
-4.990375 1527947226.354157 0.000083 0.000171 0.000744 59.717805
-4.978240 1527947226.366292 0.000080 0.000184 0.000727 61.101856
-4.965742 1527947226.378790 0.000080 0.000198 0.000760 62.552828
-4.953726 1527947226.390806 0.000083 0.000207 0.000749 62.760940
-4.941475 1527947226.403057 0.000084 0.000204 0.000759 62.693894
-4.928269 1527947226.416263 0.000080 0.000196 0.000766 62.444964
-4.915871 1527947226.428661 0.000080 0.000190 0.000786 62.071049
-4.902901 1527947226.441631 0.000083 0.000185 0.000765 61.216318
-4.890573 1527947226.453959 0.000083 0.000182 0.000804 61.140921
-4.878270 1527947226.466262 0.000078 0.000180 0.000807 60.923373
-4.866297 1527947226.478235 0.000078 0.000177 0.000792 60.445637
-4.853633 1527947226.490899 0.000082 0.000176 0.000791 59.985545
-4.841269 1527947226.503263 0.000077 0.000170 0.000777 59.720573
-4.828794 1527947226.515738 0.000081 0.000172 0.000790 59.551302
-4.816129 1527947226.528403 0.000077 0.000171 0.000776 59.282004
-4.803634 1527947226.540898 0.000081 0.000170 0.000784 58.937013
-4.790811 1527947226.553721 0.000081 0.000168 0.000777 58.776340
-4.778708 1527947226.565824 0.000082 0.000167 0.000770 58.266546
-4.766225 1527947226.578307 0.000080 0.000168 0.000766 58.540580
-4.753763 1527947226.590769 0.000086 0.000175 0.000765 59.080434
-4.741186 1527947226.603346 0.000088 0.000179 0.000767 59.977960
-4.728553 1527947226.615979 0.000091 0.000183 0.000753 60.288100
-4.716369 1527947226.628163 0.000102 0.000182 0.000762 59.175464
-4.703616 1527947226.640916 0.000109 0.000180 0.000743 56.929946
-4.691004 1527947226.653528 0.000112 0.000173 0.000718 54.969559
-4.677755 1527947226.666777 0.000110 0.000168 0.000712 54.017630
-4.665507 1527947226.679025 0.000104 0.000169 0.000713 54.208380
-4.653053 1527947226.691479 0.000104 0.000167 0.000725 53.582214
-4.640561 1527947226.703971 0.000099 0.000166 0.000717 53.954029
-4.628262 1527947226.716270 0.000097 0.000164 0.000712 53.627738
-4.616272 1527947226.728260 0.000096 0.000163 0.000710 53.879912
-4.603875 1527947226.740657 0.000094 0.000163 0.000703 53.605282
-4.591387 1527947226.753145 0.000093 0.000162 0.000703 53.540782
-4.578494 1527947226.766038 0.000092 0.000162 0.000726 53.370599
-4.566155 1527947226.778377 0.000094 0.000162 0.000720 52.934929
-4.553916 1527947226.790616 0.000099 0.000166 0.000686 51.599456
-4.540570 1527947226.803962 0.000101 0.000169 0.000676 50.781346
-4.527965 1527947226.816567 0.000101 0.000167 0.000677 49.359413
-4.515228 1527947226.829304 0.000101 0.000162 0.000684 47.886954
-4.503638 1527947226.840894 0.000102 0.000159 0.000691 46.580431
-4.491317 1527947226.853215 0.000102 0.000158 0.000690 45.763320
-4.478920 1527947226.865612 0.000100 0.000164 0.000706 46.340537
-4.466380 1527947226.878152 0.000097 0.000162 0.000705 46.337578
-4.453621 1527947226.890911 0.000095 0.000162 0.000676 46.136511
-4.441435 1527947226.903097 0.000095 0.000162 0.000690 46.788374
-4.428811 1527947226.915721 0.000095 0.000162 0.000687 46.944870
-4.415689 1527947226.928843 0.000096 0.000161 0.000675 46.134770
-4.403301 1527947226.941231 0.000101 0.000158 0.000686 45.830902
-4.390888 1527947226.953644 0.000103 0.000152 0.000708 45.233575
-4.378360 1527947226.966172 0.000103 0.000149 0.000715 44.617611
-4.366018 1527947226.978514 0.000102 0.000149 0.000730 45.103269
-4.353453 1527947226.991079 0.000103 0.000149 0.000727 45.278231
-4.340844 1527947227.003688 0.000105 0.000150 0.000712 45.834647
-4.328586 1527947227.015946 0.000105 0.000152 0.000706 46.525829
-4.316520 1527947227.028012 0.000107 0.000152 0.000689 47.178830
-4.304176 1527947227.040356 0.000108 0.000154 0.000682 47.688628
-4.291146 1527947227.053386 0.000107 0.000154 0.000674 48.264174
-4.278504 1527947227.066028 0.000104 0.000155 0.000668 49.135466
-4.265838 1527947227.078694 0.000105 0.000154 0.000662 49.113617
-4.253362 1527947227.091170 0.000104 0.000153 0.000661 48.977817
-4.240777 1527947227.103755 0.000104 0.000152 0.000658 49.220183
-4.228390 1527947227.116142 0.000104 0.000151 0.000657 49.265495
-4.216150 1527947227.128382 0.000104 0.000151 0.000649 49.184556
-4.203304 1527947227.141228 0.000104 0.000150 0.000655 49.233686
-4.190995 1527947227.153537 0.000104 0.000150 0.000655 49.220599
-4.178478 1527947227.166054 0.000103 0.000150 0.000652 49.259423
-4.165875 1527947227.178657 0.000103 0.000150 0.000644 49.322212
-4.152900 1527947227.191632 0.000106 0.000151 0.000658 49.548057
-4.139758 1527947227.204774 0.000105 0.000150 0.000642 49.161925
-4.127776 1527947227.216756 0.000104 0.000150 0.000642 49.189810
-4.115643 1527947227.228889 0.000105 0.000149 0.000637 49.142384
-4.103604 1527947227.240928 0.000099 0.000148 0.000643 49.661763
-4.091413 1527947227.253119 0.000103 0.000148 0.000641 48.898111
-4.078709 1527947227.265823 0.000103 0.000148 0.000640 49.229110
-4.065180 1527947227.279352 0.000102 0.000147 0.000637 49.124113
-4.052868 1527947227.291664 0.000103 0.000147 0.000638 49.177561
-4.039932 1527947227.304600 0.000100 0.000146 0.000637 49.215260
-4.027695 1527947227.316837 0.000103 0.000146 0.000649 48.088869
-4.014992 1527947227.329540 0.000113 0.000145 0.000676 46.481756
-4.002857 1527947227.341675 0.000117 0.000145 0.000684 45.618140
-3.990127 1527947227.354405 0.000114 0.000144 0.000684 45.678582
-3.977818 1527947227.366714 0.000115 0.000144 0.000680 45.077368
-3.966110 1527947227.378422 0.000111 0.000142 0.000677 45.366811
-3.954110 1527947227.390422 0.000112 0.000144 0.000672 44.805040
-3.941009 1527947227.403523 0.000111 0.000142 0.000673 44.971250
-3.928661 1527947227.415871 0.000108 0.000142 0.000670 45.177569
-3.916363 1527947227.428169 0.000110 0.000142 0.000674 45.029912
-3.903040 1527947227.441492 0.000108 0.000142 0.000671 44.809862
-3.890168 1527947227.454364 0.000108 0.000141 0.000672 44.922816
-3.877862 1527947227.466670 0.000105 0.000141 0.000673 45.253306
-3.866336 1527947227.478196 0.000105 0.000140 0.000662 44.917767
-3.853889 1527947227.490643 0.000104 0.000139 0.000668 44.984286
-3.841450 1527947227.503082 0.000103 0.000139 0.000670 44.893849
-3.828835 1527947227.515697 0.000103 0.000138 0.000669 44.915794
-3.816351 1527947227.528181 0.000102 0.000138 0.000668 44.865831
-3.803869 1527947227.540663 0.000102 0.000138 0.000677 45.106385
-3.791409 1527947227.553123 0.000102 0.000138 0.000670 44.912480
-3.778890 1527947227.565642 0.000102 0.000137 0.000672 44.858255
-3.766661 1527947227.577871 0.000102 0.000137 0.000683 45.089580
-3.753521 1527947227.591011 0.000101 0.000137 0.000674 44.908202
-3.741301 1527947227.603231 0.000101 0.000137 0.000678 44.938314
-3.729105 1527947227.615427 0.000101 0.000136 0.000677 44.799194
-3.716398 1527947227.628134 0.000101 0.000136 0.000677 44.801013
-3.703836 1527947227.640696 0.000100 0.000136 0.000675 44.779525
-3.691512 1527947227.653020 0.000100 0.000136 0.000678 44.747161
-3.678887 1527947227.665645 0.000100 0.000135 0.000679 44.815268
-3.665352 1527947227.679180 0.000100 0.000135 0.000687 44.946040
-3.652882 1527947227.691650 0.000100 0.000135 0.000680 44.839657
-3.640526 1527947227.704006 0.000100 0.000135 0.000673 44.742447
-3.628037 1527947227.716495 0.000099 0.000135 0.000689 44.947878
-3.615186 1527947227.729346 0.000099 0.000136 0.000679 44.928569
-3.603017 1527947227.741515 0.000099 0.000135 0.000686 45.003649
-3.590980 1527947227.753552 0.000099 0.000135 0.000682 44.887425
-3.578601 1527947227.765931 0.000099 0.000135 0.000678 44.747964
-3.565695 1527947227.778837 0.000099 0.000134 0.000680 44.803605
-3.553382 1527947227.791150 0.000100 0.000135 0.000679 44.475533
-3.541082 1527947227.803450 0.000099 0.000135 0.000692 44.673772
-3.527541 1527947227.816991 0.000102 0.000136 0.000679 44.156999
-3.516116 1527947227.828416 0.000105 0.000137 0.000677 43.890631
-3.503286 1527947227.841246 0.000103 0.000137 0.000677 44.060479
-3.490759 1527947227.853773 0.000103 0.000138 0.000675 44.038567
-3.478310 1527947227.866222 0.000104 0.000137 0.000666 43.898496
-3.465969 1527947227.878563 0.000103 0.000136 0.000665 43.923867
-3.453499 1527947227.891033 0.000103 0.000136 0.000665 43.781410
-3.441025 1527947227.903507 0.000106 0.000137 0.000670 43.528167
-3.428392 1527947227.916140 0.000106 0.000136 0.000666 43.420314
-3.414711 1527947227.929821 0.000105 0.000136 0.000667 43.382973
-3.403401 1527947227.941131 0.000105 0.000136 0.000665 43.482439
-3.390969 1527947227.953563 0.000105 0.000137 0.000663 43.394353
-3.378512 1527947227.966020 0.000101 0.000136 0.000661 43.788064
-3.365955 1527947227.978577 0.000102 0.000136 0.000659 43.846809
-3.353461 1527947227.991071 0.000101 0.000136 0.000654 43.765144
-3.341079 1527947228.003453 0.000101 0.000136 0.000657 43.814516
-3.327909 1527947228.016623 0.000101 0.000136 0.000656 43.966175
-3.315980 1527947228.028552 0.000105 0.000137 0.000639 43.343439
-3.303640 1527947228.040892 0.000104 0.000137 0.000640 43.425849
-3.290745 1527947228.053787 0.000104 0.000137 0.000651 43.787231
-3.278512 1527947228.066020 0.000104 0.000137 0.000659 43.943837
-3.265937 1527947228.078595 0.000104 0.000137 0.000654 43.855593
-3.253392 1527947228.091140 0.000104 0.000137 0.000651 43.789570
-3.240933 1527947228.103599 0.000104 0.000137 0.000648 43.680234
-3.228774 1527947228.115758 0.000104 0.000136 0.000662 43.906990
-3.215815 1527947228.128717 0.000104 0.000136 0.000655 43.669163
-3.203479 1527947228.141053 0.000103 0.000136 0.000651 43.611507
-3.190866 1527947228.153666 0.000103 0.000137 0.000650 43.494031
-3.178136 1527947228.166396 0.000103 0.000137 0.000644 43.383008
-3.166098 1527947228.178434 0.000103 0.000136 0.000656 43.644765
-3.153313 1527947228.191219 0.000100 0.000136 0.000643 43.822714
-3.140979 1527947228.203553 0.000100 0.000136 0.000658 44.051221
-3.127781 1527947228.216751 0.000100 0.000136 0.000647 43.842254
-3.114958 1527947228.229574 0.000100 0.000136 0.000659 44.095163
-3.102875 1527947228.241657 0.000100 0.000136 0.000661 44.159386
-3.090107 1527947228.254425 0.000099 0.000136 0.000654 43.917978
-3.077762 1527947228.266770 0.000103 0.000137 0.000656 43.786369
-3.065372 1527947228.279160 0.000102 0.000136 0.000656 43.833456
-3.052536 1527947228.291996 0.000102 0.000137 0.000652 43.715436
-3.040794 1527947228.303738 0.000102 0.000137 0.000658 43.827697
-3.028589 1527947228.315943 0.000099 0.000136 0.000635 43.691387
-3.014957 1527947228.329575 0.000099 0.000136 0.000654 44.139572
-3.002789 1527947228.341743 0.000099 0.000135 0.000658 44.070776
-2.990168 1527947228.354364 0.000102 0.000137 0.000638 43.404392
-2.977863 1527947228.366669 0.000100 0.000136 0.000649 43.828030
-2.966017 1527947228.378515 0.000102 0.000136 0.000651 43.660930
-2.953816 1527947228.390716 0.000102 0.000136 0.000658 43.745063
-2.941398 1527947228.403134 0.000102 0.000136 0.000654 43.710091
-2.928740 1527947228.415792 0.000099 0.000135 0.000660 44.066708
-2.916286 1527947228.428246 0.000102 0.000136 0.000651 43.664142
-2.903855 1527947228.440677 0.000102 0.000136 0.000655 43.818363
-2.891553 1527947228.452979 0.000099 0.000135 0.000652 44.016038
-2.878992 1527947228.465540 0.000099 0.000135 0.000646 43.766552
-2.866463 1527947228.478069 0.000099 0.000135 0.000651 43.908534
-2.852875 1527947228.491657 0.000102 0.000135 0.000656 43.718580
-2.840315 1527947228.504217 0.000101 0.000135 0.000658 43.843046
-2.827774 1527947228.516758 0.000101 0.000136 0.000653 43.781355
-2.816158 1527947228.528374 0.000101 0.000135 0.000658 43.788524
-2.803623 1527947228.540909 0.000102 0.000135 0.000657 43.729171
-2.791162 1527947228.553370 0.000099 0.000135 0.000654 43.942982
-2.778611 1527947228.565921 0.000099 0.000135 0.000659 43.982330
-2.766376 1527947228.578156 0.000098 0.000135 0.000658 44.087128
-2.753458 1527947228.591074 0.000102 0.000136 0.000654 43.634103
-2.741226 1527947228.603306 0.000101 0.000136 0.000659 43.813117
-2.728241 1527947228.616291 0.000101 0.000136 0.000656 43.731200
-2.715209 1527947228.629323 0.000101 0.000136 0.000662 43.819686
-2.702659 1527947228.641873 0.000102 0.000135 0.000665 43.913555
-2.689947 1527947228.654585 0.000099 0.000135 0.000661 44.090617
-2.678359 1527947228.666173 0.000098 0.000135 0.000659 44.118236
-2.666231 1527947228.678301 0.000102 0.000136 0.000667 43.891051
-2.653666 1527947228.690866 0.000098 0.000135 0.000659 44.125142
-2.640253 1527947228.704279 0.000101 0.000136 0.000657 43.890209
-2.627484 1527947228.717048 0.000101 0.000136 0.000659 43.902910
-2.615300 1527947228.729232 0.000101 0.000136 0.000655 43.789249
-2.602588 1527947228.741944 0.000101 0.000136 0.000655 43.721249
-2.590128 1527947228.754404 0.000102 0.000136 0.000661 43.851435
-2.578425 1527947228.766107 0.000101 0.000136 0.000663 43.914557
-2.565996 1527947228.778536 0.000101 0.000136 0.000671 44.043522
-2.553770 1527947228.790762 0.000101 0.000136 0.000666 43.910346
-2.541141 1527947228.803391 0.000101 0.000136 0.000663 43.803704
-2.528691 1527947228.815841 0.000102 0.000136 0.000660 43.806941
-2.516186 1527947228.828346 0.000098 0.000135 0.000659 44.028563
-2.503508 1527947228.841024 0.000102 0.000136 0.000657 43.799027
-2.491022 1527947228.853510 0.000102 0.000136 0.000658 43.848585
-2.477931 1527947228.866601 0.000102 0.000136 0.000662 43.849224
-2.465339 1527947228.879193 0.000102 0.000136 0.000659 43.795971
-2.452174 1527947228.892358 0.000102 0.000136 0.000650 43.515028
-2.439991 1527947228.904541 0.000102 0.000136 0.000660 43.719209
-2.427728 1527947228.916804 0.000098 0.000135 0.000666 44.028796
-2.415795 1527947228.928737 0.000102 0.000136 0.000665 43.699335
-2.403167 1527947228.941365 0.000102 0.000136 0.000657 43.609114
-2.390970 1527947228.953562 0.000102 0.000136 0.000654 43.519794
-2.378576 1527947228.965956 0.000102 0.000136 0.000658 43.680150
-2.365852 1527947228.978680 0.000102 0.000136 0.000660 43.657418
-2.353308 1527947228.991224 0.000102 0.000137 0.000660 43.729171
-2.341033 1527947229.003499 0.000102 0.000137 0.000648 43.464295
-2.328608 1527947229.015924 0.000106 0.000136 0.000654 42.721102
-2.315923 1527947229.028609 0.000109 0.000135 0.000659 41.494621
-2.303454 1527947229.041078 0.000113 0.000135 0.000642 39.447431
-2.290785 1527947229.053747 0.000115 0.000134 0.000653 38.466458
-2.278498 1527947229.066034 0.000115 0.000134 0.000653 37.879270
-2.266170 1527947229.078362 0.000114 0.000134 0.000648 37.660337
-2.253436 1527947229.091096 0.000113 0.000133 0.000651 37.741230
-2.240599 1527947229.103933 0.000113 0.000133 0.000637 37.499442
-2.228349 1527947229.116183 0.000112 0.000133 0.000647 37.687393
-2.216097 1527947229.128435 0.000111 0.000133 0.000637 37.578018
-2.203398 1527947229.141134 0.000111 0.000133 0.000651 37.766242
-2.190722 1527947229.153810 0.000111 0.000134 0.000644 37.725590
-2.177309 1527947229.167223 0.000111 0.000134 0.000648 37.727236
-2.164977 1527947229.179555 0.000110 0.000134 0.000641 37.761471
-2.152718 1527947229.191814 0.000110 0.000133 0.000650 37.791313
-2.140818 1527947229.203714 0.000110 0.000133 0.000647 37.834518
-2.128571 1527947229.215961 0.000110 0.000133 0.000641 37.599364
-2.116244 1527947229.228288 0.000109 0.000133 0.000646 37.815175
-2.103511 1527947229.241021 0.000109 0.000133 0.000649 37.948320
-2.091107 1527947229.253425 0.000109 0.000133 0.000643 38.004231
-2.078507 1527947229.266025 0.000109 0.000133 0.000635 37.836492
-2.065882 1527947229.278650 0.000109 0.000133 0.000644 38.265986
-2.052693 1527947229.291839 0.000109 0.000133 0.000642 38.047456
-2.040796 1527947229.303736 0.000109 0.000133 0.000638 38.032060
-2.028309 1527947229.316223 0.000109 0.000133 0.000634 37.994217
-2.015652 1527947229.328880 0.000108 0.000132 0.000637 37.895803
-2.003073 1527947229.341459 0.000108 0.000133 0.000630 37.827807
-1.991068 1527947229.353464 0.000108 0.000133 0.000635 37.885257
-1.978436 1527947229.366096 0.000108 0.000132 0.000640 38.079289
-1.965290 1527947229.379242 0.000109 0.000133 0.000639 38.130527
-1.952889 1527947229.391643 0.000108 0.000133 0.000643 38.203101
-1.940329 1527947229.404203 0.000108 0.000133 0.000642 38.336186
-1.928411 1527947229.416121 0.000108 0.000133 0.000630 37.943523
-1.916244 1527947229.428288 0.000108 0.000133 0.000641 38.198383
-1.902634 1527947229.441898 0.000108 0.000132 0.000645 38.008044
-1.890140 1527947229.454392 0.000107 0.000133 0.000643 38.018281
-1.877769 1527947229.466763 0.000108 0.000133 0.000636 37.862362
-1.865354 1527947229.479178 0.000107 0.000133 0.000629 37.903048
-1.853449 1527947229.491083 0.000108 0.000134 0.000632 38.056648
-1.840966 1527947229.503567 0.000109 0.000134 0.000638 37.739284
-1.828327 1527947229.516205 0.000114 0.000133 0.000653 36.418113
-1.815486 1527947229.529046 0.000119 0.000134 0.000650 35.405155
-1.803151 1527947229.541381 0.000120 0.000131 0.000656 34.629885
-1.790668 1527947229.553864 0.000120 0.000131 0.000671 34.494988
-1.778276 1527947229.566256 0.000120 0.000130 0.000670 34.162894
-1.765996 1527947229.578536 0.000119 0.000130 0.000671 34.003403
-1.753622 1527947229.590910 0.000119 0.000129 0.000672 33.945400
-1.740512 1527947229.604020 0.000119 0.000129 0.000668 33.785622
-1.728179 1527947229.616353 0.000119 0.000129 0.000671 33.934719
-1.715119 1527947229.629413 0.000119 0.000129 0.000690 34.242310
-1.702380 1527947229.642152 0.000119 0.000129 0.000694 34.339491
-1.690130 1527947229.654402 0.000118 0.000129 0.000667 33.761181
-1.677999 1527947229.666533 0.000118 0.000129 0.000672 33.974865
-1.665818 1527947229.678714 0.000118 0.000129 0.000666 33.648233
-1.653344 1527947229.691188 0.000119 0.000129 0.000672 33.768279
-1.640868 1527947229.703664 0.000118 0.000129 0.000677 33.779599
-1.628618 1527947229.715914 0.000118 0.000129 0.000688 34.076265
-1.615927 1527947229.728605 0.000118 0.000128 0.000688 34.121854
-1.603340 1527947229.741192 0.000118 0.000129 0.000686 34.170668
-1.589985 1527947229.754547 0.000118 0.000128 0.000695 34.340562
-1.577810 1527947229.766722 0.000118 0.000129 0.000681 33.995083
-1.565764 1527947229.778768 0.000118 0.000128 0.000680 33.976626
-1.553108 1527947229.791424 0.000118 0.000129 0.000671 33.805671
-1.540454 1527947229.804078 0.000117 0.000128 0.000686 33.964591
-1.528095 1527947229.816437 0.000117 0.000128 0.000688 34.034965
-1.515427 1527947229.829105 0.000117 0.000128 0.000687 33.998769
-1.502792 1527947229.841740 0.000117 0.000128 0.000679 33.947055
-1.490545 1527947229.853987 0.000117 0.000128 0.000683 33.904246
-1.478125 1527947229.866407 0.000117 0.000128 0.000684 33.879437
-1.465623 1527947229.878909 0.000116 0.000128 0.000676 33.744029
-1.453104 1527947229.891428 0.000116 0.000128 0.000685 33.962152
-1.440759 1527947229.903773 0.000116 0.000128 0.000685 34.017854
-1.428176 1527947229.916356 0.000116 0.000128 0.000688 34.075315
-1.415281 1527947229.929251 0.000115 0.000128 0.000682 33.936303
-1.403095 1527947229.941437 0.000116 0.000128 0.000682 34.036601
-1.390491 1527947229.954041 0.000116 0.000128 0.000682 33.990989
-1.378260 1527947229.966272 0.000116 0.000128 0.000678 33.847704
-1.365561 1527947229.978971 0.000116 0.000128 0.000676 33.923161
-1.352915 1527947229.991617 0.000116 0.000128 0.000680 33.749341
-1.340132 1527947230.004400 0.000116 0.000128 0.000678 33.773068
-1.327548 1527947230.016984 0.000117 0.000128 0.000681 33.847688
-1.314771 1527947230.029761 0.000119 0.000128 0.000672 33.612149
-1.302171 1527947230.042361 0.000120 0.000126 0.000671 32.873971
-1.290713 1527947230.053819 0.000118 0.000126 0.000683 32.747338
-1.278263 1527947230.066269 0.000118 0.000125 0.000700 32.973372
-1.265768 1527947230.078764 0.000118 0.000125 0.000692 32.885294
-1.253576 1527947230.090956 0.000118 0.000124 0.000692 33.029451
-1.240126 1527947230.104406 0.000117 0.000124 0.000690 32.877134
-1.227515 1527947230.117017 0.000118 0.000124 0.000719 33.217045
-1.214844 1527947230.129688 0.000118 0.000124 0.000705 32.913719
-1.202368 1527947230.142164 0.000118 0.000124 0.000686 32.596596
-1.189708 1527947230.154824 0.000118 0.000124 0.000694 32.885370
-1.177215 1527947230.167317 0.000118 0.000124 0.000695 32.704940
-1.164855 1527947230.179677 0.000117 0.000124 0.000714 33.144019
-1.152454 1527947230.192078 0.000118 0.000124 0.000710 32.963304
-1.140125 1527947230.204407 0.000117 0.000124 0.000707 32.874988
-1.127256 1527947230.217276 0.000117 0.000123 0.000714 33.006883
-1.114918 1527947230.229614 0.000117 0.000124 0.000702 32.770287
-1.102407 1527947230.242125 0.000117 0.000123 0.000700 32.513662
-1.090289 1527947230.254243 0.000117 0.000124 0.000706 32.784592
-1.077773 1527947230.266759 0.000116 0.000123 0.000712 32.798781
-1.065387 1527947230.279145 0.000116 0.000123 0.000708 32.623235
-1.053086 1527947230.291446 0.000116 0.000124 0.000706 32.553219
-1.040278 1527947230.304254 0.000116 0.000124 0.000703 32.481375
-1.028189 1527947230.316343 0.000116 0.000124 0.000705 32.501990
-1.015255 1527947230.329277 0.000115 0.000123 0.000708 32.570151
-1.002456 1527947230.342076 0.000115 0.000123 0.000720 32.845971
-0.990624 1527947230.353908 0.000116 0.000123 0.000710 32.555550
-0.977734 1527947230.366798 0.000115 0.000123 0.000714 32.706889
-0.965579 1527947230.378953 0.000116 0.000124 0.000711 32.710950
-0.952927 1527947230.391605 0.000115 0.000124 0.000718 32.696429
-0.940268 1527947230.404264 0.000115 0.000123 0.000727 32.797742
-0.927748 1527947230.416784 0.000115 0.000123 0.000698 32.233256
-0.915541 1527947230.428991 0.000115 0.000123 0.000717 32.620570
-0.902893 1527947230.441639 0.000115 0.000123 0.000708 32.402775
-0.890576 1527947230.453956 0.000115 0.000123 0.000712 32.389058
-0.878040 1527947230.466492 0.000115 0.000124 0.000703 32.279986
-0.865617 1527947230.478915 0.000115 0.000123 0.000706 32.291802
-0.853072 1527947230.491460 0.000115 0.000124 0.000711 32.400152
-0.840291 1527947230.504241 0.000115 0.000124 0.000706 32.352437
-0.828082 1527947230.516450 0.000115 0.000123 0.000729 32.612552
-0.815424 1527947230.529108 0.000115 0.000123 0.000714 32.276004
-0.802940 1527947230.541592 0.000115 0.000123 0.000707 32.188544
-0.790387 1527947230.554145 0.000115 0.000123 0.000717 32.249232
-0.777875 1527947230.566657 0.000114 0.000123 0.000724 32.335921
-0.765226 1527947230.579306 0.000115 0.000123 0.000718 32.246375
-0.752902 1527947230.591630 0.000114 0.000123 0.000703 32.065609
-0.740470 1527947230.604062 0.000115 0.000123 0.000727 32.355967
-0.727305 1527947230.617227 0.000115 0.000123 0.000727 32.300595
-0.714970 1527947230.629562 0.000115 0.000123 0.000728 32.494051
-0.702589 1527947230.641943 0.000115 0.000122 0.000730 32.477768
-0.690070 1527947230.654462 0.000115 0.000123 0.000721 32.330432
-0.678085 1527947230.666447 0.000114 0.000122 0.000722 32.321466
-0.664931 1527947230.679601 0.000114 0.000123 0.000709 32.005481
-0.652165 1527947230.692367 0.000115 0.000123 0.000725 32.241973
-0.639708 1527947230.704824 0.000115 0.000122 0.000725 32.248692
-0.627322 1527947230.717210 0.000115 0.000122 0.000726 32.157777
-0.614882 1527947230.729650 0.000114 0.000123 0.000724 32.113170
-0.602811 1527947230.741721 0.000114 0.000123 0.000726 32.229584
-0.591061 1527947230.753471 0.000114 0.000123 0.000722 32.208349
-0.577658 1527947230.766874 0.000115 0.000123 0.000707 31.853513
-0.564998 1527947230.779534 0.000114 0.000123 0.000703 31.852524
-0.552881 1527947230.791651 0.000114 0.000123 0.000716 32.122879
-0.541048 1527947230.803484 0.000115 0.000123 0.000724 32.231318
-0.528415 1527947230.816117 0.000115 0.000123 0.000736 32.319729
-0.516043 1527947230.828489 0.000114 0.000123 0.000713 31.888116
-0.503201 1527947230.841331 0.000117 0.000122 0.000694 31.356903
-0.490716 1527947230.853816 0.000117 0.000124 0.000712 31.060173
-0.478331 1527947230.866201 0.000116 0.000122 0.000733 31.022773
-0.465768 1527947230.878764 0.000116 0.000121 0.000747 31.036887
-0.452888 1527947230.891644 0.000115 0.000121 0.000748 31.299586
-0.441164 1527947230.903368 0.000114 0.000122 0.000743 31.187202
-0.428413 1527947230.916119 0.000115 0.000121 0.000753 31.239942
-0.416170 1527947230.928362 0.000116 0.000121 0.000755 31.203914
-0.403441 1527947230.941091 0.000116 0.000120 0.000765 31.368700
-0.389984 1527947230.954548 0.000116 0.000121 0.000755 31.107704
-0.377580 1527947230.966952 0.000116 0.000120 0.000773 31.479170
-0.364774 1527947230.979758 0.000116 0.000120 0.000763 31.224385
-0.352223 1527947230.992309 0.000116 0.000120 0.000762 31.145597
-0.339782 1527947231.004750 0.000116 0.000120 0.000757 31.132831
-0.328413 1527947231.016119 0.000116 0.000120 0.000757 31.120105
-0.315978 1527947231.028554 0.000115 0.000120 0.000758 31.239011
-0.303332 1527947231.041200 0.000116 0.000120 0.000751 30.898450
-0.290625 1527947231.053907 0.000115 0.000120 0.000758 31.105760
-0.278282 1527947231.066250 0.000116 0.000119 0.000761 31.038450
-0.265662 1527947231.078870 0.000115 0.000119 0.000753 30.872109
-0.253041 1527947231.091491 0.000116 0.000119 0.000763 30.971848
-0.239039 1527947231.105493 0.000115 0.000120 0.000760 30.975616
-0.226862 1527947231.117670 0.000115 0.000119 0.000761 31.034084
-0.214564 1527947231.129968 0.000115 0.000119 0.000761 31.056897
-0.202876 1527947231.141656 0.000115 0.000119 0.000763 30.951849
-0.190730 1527947231.153802 0.000115 0.000119 0.000762 30.937153
-0.178313 1527947231.166219 0.000115 0.000119 0.000767 31.033694
-0.165699 1527947231.178833 0.000116 0.000119 0.000770 31.035243
-0.153462 1527947231.191070 0.000115 0.000119 0.000772 31.143860
-0.139850 1527947231.204682 0.000116 0.000119 0.000752 30.798130
-0.127320 1527947231.217212 0.000115 0.000119 0.000766 31.020020
-0.114696 1527947231.229836 0.000115 0.000119 0.000757 30.910976
-0.102588 1527947231.241944 0.000112 0.000120 0.000755 31.438440
-0.089430 1527947231.255102 0.000109 0.000121 0.000757 31.656726
-0.077619 1527947231.266913 0.000107 0.000122 0.000769 32.483865
-0.065734 1527947231.278798 0.000107 0.000122 0.000762 32.726396
-0.053478 1527947231.291054 0.000108 0.000121 0.000764 32.754008
-0.040667 1527947231.303865 0.000109 0.000122 0.000744 32.603366
-0.026768 1527947231.317764 0.000109 0.000122 0.000737 32.585128
-0.014408 1527947231.330124 0.000110 0.000122 0.000741 32.717804
-0.002060 1527947231.342472 0.000110 0.000121 0.000751 32.889824
0.009624 1527947231.354156 0.000110 0.000121 0.000756 32.949511
0.021994 1527947231.366526 0.000110 0.000121 0.000749 32.798780
0.034480 1527947231.379012 0.000110 0.000121 0.000754 32.787569
0.047096 1527947231.391628 0.000110 0.000120 0.000772 33.057729
0.059161 1527947231.403693 0.000110 0.000120 0.000760 32.889647
0.071762 1527947231.416294 0.000110 0.000120 0.000756 32.839151
0.084180 1527947231.428712 0.000110 0.000120 0.000754 32.815482
0.096715 1527947231.441247 0.000110 0.000120 0.000752 32.661058
0.109623 1527947231.454155 0.000109 0.000121 0.000747 32.792797
0.124213 1527947231.468745 0.000110 0.000120 0.000756 32.824730
0.134778 1527947231.479310 0.000111 0.000120 0.000749 32.552979
0.147403 1527947231.491935 0.000110 0.000120 0.000744 32.544423
0.159267 1527947231.503799 0.000111 0.000121 0.000758 32.885973
0.172068 1527947231.516600 0.000111 0.000121 0.000750 32.809698
0.184536 1527947231.529068 0.000110 0.000120 0.000735 33.566357
0.197160 1527947231.541692 0.000110 0.000130 0.000708 36.691807
0.209737 1527947231.554269 0.000102 0.000167 0.000670 42.235993
0.222266 1527947231.566798 0.000101 0.000168 0.000657 42.939012
0.234951 1527947231.579483 0.000105 0.000133 0.000663 40.990746
0.246961 1527947231.591493 0.000101 0.000123 0.000704 40.843665
0.259669 1527947231.604201 0.000102 0.000121 0.000713 40.840902
0.272041 1527947231.616573 0.000102 0.000119 0.000717 40.361749
0.284886 1527947231.629418 0.000101 0.000118 0.000717 39.541671
0.297818 1527947231.642350 0.000100 0.000117 0.000732 39.478911
0.310223 1527947231.654755 0.000102 0.000118 0.000741 38.860792
0.322824 1527947231.667356 0.000101 0.000117 0.000740 38.419626
0.334388 1527947231.678920 0.000100 0.000116 0.000744 38.119882
0.346717 1527947231.691249 0.000097 0.000114 0.000738 38.176319
0.360409 1527947231.704941 0.000097 0.000113 0.000737 38.073353
0.372992 1527947231.717524 0.000097 0.000114 0.000739 38.332203
0.385338 1527947231.729870 0.000091 0.000114 0.000734 38.825989
0.398033 1527947231.742565 0.000091 0.000116 0.000750 38.933888
0.410459 1527947231.754991 0.000092 0.000114 0.000749 39.474825
0.422925 1527947231.767457 0.000092 0.000114 0.000751 40.209138
0.435381 1527947231.779913 0.000090 0.000113 0.000766 40.612312
0.448016 1527947231.792548 0.000090 0.000113 0.000761 40.613356
0.459596 1527947231.804128 0.000092 0.000113 0.000764 40.572582
0.471761 1527947231.816293 0.000093 0.000113 0.000768 40.797633
0.484377 1527947231.828909 0.000096 0.000114 0.000765 41.049071
0.496909 1527947231.841441 0.000099 0.000119 0.000770 42.102751
0.509298 1527947231.853830 0.000100 0.000126 0.000785 43.787151
0.521836 1527947231.866368 0.000105 0.000135 0.000787 45.532584
0.534620 1527947231.879152 0.000110 0.000145 0.000782 47.922149
0.546863 1527947231.891395 0.000115 0.000156 0.000798 51.723467
0.559481 1527947231.904013 0.000121 0.000166 0.000769 55.387420
0.571727 1527947231.916259 0.000127 0.000173 0.000735 58.721212
0.584440 1527947231.928972 0.000126 0.000177 0.000706 63.040280
0.597064 1527947231.941596 0.000130 0.000191 0.000680 68.484807
0.609696 1527947231.954228 0.000122 0.000219 0.000664 73.201856
0.622104 1527947231.966636 0.000121 0.000243 0.000648 78.514551
0.634378 1527947231.978910 0.000127 0.000206 0.000660 84.638052
0.647282 1527947231.991814 0.000126 0.000204 0.000676 89.252153
0.659310 1527947232.003842 0.000125 0.000204 0.000670 91.893664
0.672011 1527947232.016543 0.000133 0.000205 0.000660 94.189073
0.684568 1527947232.029100 0.000133 0.000209 0.000632 96.318592
0.696833 1527947232.041365 0.000134 0.000207 0.000627 97.941620
0.710274 1527947232.054806 0.000137 0.000209 0.000611 99.436658
0.722804 1527947232.067336 0.000136 0.000213 0.000590 100.610682
0.735298 1527947232.079830 0.000137 0.000214 0.000599 102.183525
0.747933 1527947232.092465 0.000139 0.000213 0.000589 103.364938
0.759427 1527947232.103959 0.000140 0.000216 0.000576 104.031119
0.771760 1527947232.116292 0.000140 0.000212 0.000581 105.242569
0.783999 1527947232.128531 0.000141 0.000212 0.000568 105.792501
0.796758 1527947232.141290 0.000141 0.000209 0.000579 106.289817
0.809136 1527947232.153668 0.000142 0.000208 0.000565 106.349038
0.821583 1527947232.166115 0.000141 0.000208 0.000569 106.229506
0.834112 1527947232.178644 0.000142 0.000205 0.000571 106.740189
0.846629 1527947232.191161 0.000141 0.000207 0.000572 107.000317
0.858957 1527947232.203489 0.000142 0.000204 0.000573 107.464840
0.871382 1527947232.215914 0.000141 0.000203 0.000568 107.818201
0.883879 1527947232.228411 0.000140 0.000201 0.000566 108.208195
0.896661 1527947232.241193 0.000140 0.000200 0.000566 108.135795
0.909349 1527947232.253881 0.000140 0.000198 0.000567 108.297769
0.922540 1527947232.267072 0.000140 0.000196 0.000569 108.350281
0.935465 1527947232.279997 0.000141 0.000196 0.000565 108.587745
0.947749 1527947232.292281 0.000140 0.000197 0.000568 108.822131
0.960407 1527947232.304939 0.000141 0.000196 0.000567 109.228569
0.972774 1527947232.317306 0.000141 0.000194 0.000562 109.273132
0.985330 1527947232.329862 0.000140 0.000192 0.000566 109.346946
0.998235 1527947232.342767 0.000141 0.000193 0.000563 109.070984
1.009758 1527947232.354290 0.000141 0.000193 0.000569 109.617391
1.022081 1527947232.366613 0.000141 0.000193 0.000568 109.703537
1.034459 1527947232.378991 0.000142 0.000191 0.000561 109.813886
1.047764 1527947232.392296 0.000142 0.000191 0.000569 109.716269
1.060360 1527947232.404892 0.000143 0.000190 0.000572 110.055508
1.073073 1527947232.417605 0.000144 0.000190 0.000568 109.914666
1.085376 1527947232.429908 0.000144 0.000191 0.000558 109.756795
1.098273 1527947232.442805 0.000143 0.000192 0.000568 110.018383
1.109895 1527947232.454427 0.000143 0.000191 0.000575 110.335031
1.121877 1527947232.466409 0.000144 0.000189 0.000577 110.370947
1.134619 1527947232.479151 0.000144 0.000189 0.000577 110.457840
1.147861 1527947232.492393 0.000144 0.000190 0.000576 110.584835
1.160434 1527947232.504966 0.000144 0.000191 0.000567 110.558196
1.172971 1527947232.517503 0.000145 0.000189 0.000572 110.993029
1.185431 1527947232.529963 0.000147 0.000189 0.000567 111.277071
1.197109 1527947232.541641 0.000147 0.000189 0.000562 110.933382
1.209442 1527947232.553974 0.000148 0.000190 0.000561 111.227382
1.222068 1527947232.566600 0.000148 0.000190 0.000554 111.583331
1.234487 1527947232.579019 0.000150 0.000191 0.000537 111.843026
1.247164 1527947232.591696 0.000149 0.000189 0.000545 111.968743
1.259641 1527947232.604173 0.000149 0.000188 0.000539 111.922658
1.272383 1527947232.616915 0.000150 0.000189 0.000541 112.282178
1.284746 1527947232.629278 0.000149 0.000192 0.000539 112.391210
1.298068 1527947232.642600 0.000150 0.000190 0.000537 112.341386
1.310694 1527947232.655226 0.000152 0.000190 0.000536 112.451277
1.322858 1527947232.667390 0.000151 0.000189 0.000539 112.801132
1.335374 1527947232.679906 0.000151 0.000190 0.000541 112.857184
1.347094 1527947232.691626 0.000151 0.000189 0.000550 112.778046
1.359689 1527947232.704221 0.000150 0.000189 0.000551 112.760712
1.373208 1527947232.717740 0.000152 0.000189 0.000531 112.620817
1.385630 1527947232.730162 0.000152 0.000188 0.000535 112.067960
1.397444 1527947232.741976 0.000151 0.000189 0.000531 111.957652
1.409552 1527947232.754084 0.000152 0.000187 0.000543 112.068838
1.422288 1527947232.766820 0.000151 0.000187 0.000534 111.650291
1.434454 1527947232.778986 0.000153 0.000188 0.000533 111.292628
1.447399 1527947232.791931 0.000153 0.000188 0.000532 111.289323
1.459569 1527947232.804101 0.000153 0.000188 0.000542 111.498039
1.471837 1527947232.816369 0.000154 0.000188 0.000540 111.526403
1.484574 1527947232.829106 0.000154 0.000188 0.000542 111.616463
1.497314 1527947232.841846 0.000154 0.000187 0.000545 111.612466
1.509885 1527947232.854417 0.000155 0.000187 0.000547 111.663664
1.521966 1527947232.866498 0.000155 0.000186 0.000549 111.911751
1.534496 1527947232.879028 0.000155 0.000187 0.000556 112.088577
1.547979 1527947232.892511 0.000155 0.000186 0.000564 112.587539
1.560797 1527947232.905329 0.000154 0.000186 0.000568 112.441239
1.573276 1527947232.917808 0.000155 0.000185 0.000567 112.292605
1.585064 1527947232.929596 0.000157 0.000183 0.000560 112.194870
1.597138 1527947232.941670 0.000156 0.000183 0.000563 112.389054
1.610298 1527947232.954830 0.000157 0.000184 0.000567 112.132380
1.622894 1527947232.967426 0.000158 0.000184 0.000565 112.183211
1.635337 1527947232.979869 0.000157 0.000184 0.000574 111.983345
1.648006 1527947232.992538 0.000158 0.000185 0.000569 111.638763
1.660669 1527947233.005201 0.000159 0.000183 0.000575 111.376212
1.673081 1527947233.017613 0.000159 0.000183 0.000569 111.197844
1.685961 1527947233.030493 0.000159 0.000183 0.000562 110.901907
1.698077 1527947233.042609 0.000158 0.000182 0.000565 110.973754
1.710895 1527947233.055427 0.000159 0.000183 0.000563 110.959371
1.723234 1527947233.067766 0.000160 0.000183 0.000556 110.642309
1.735479 1527947233.080011 0.000161 0.000183 0.000554 110.428534
1.747824 1527947233.092356 0.000161 0.000182 0.000565 110.919488
1.759927 1527947233.104459 0.000161 0.000184 0.000564 110.810438
1.772178 1527947233.116710 0.000160 0.000184 0.000556 110.639518
1.784795 1527947233.129327 0.000160 0.000185 0.000556 110.657397
1.797237 1527947233.141769 0.000160 0.000186 0.000568 111.302321
1.809772 1527947233.154304 0.000160 0.000188 0.000568 111.309202
1.823081 1527947233.167614 0.000159 0.000187 0.000567 111.312228
1.834600 1527947233.179132 0.000159 0.000186 0.000566 110.957672
1.847377 1527947233.191909 0.000159 0.000185 0.000561 110.890023
1.859695 1527947233.204227 0.000160 0.000185 0.000560 110.502819
1.872134 1527947233.216666 0.000159 0.000186 0.000557 109.984363
1.885707 1527947233.230239 0.000159 0.000185 0.000562 110.202991
1.898442 1527947233.242974 0.000158 0.000185 0.000561 109.813358
1.910497 1527947233.255029 0.000158 0.000185 0.000555 109.443242
1.923142 1527947233.267674 0.000157 0.000185 0.000564 109.624966
1.936046 1527947233.280578 0.000157 0.000184 0.000563 109.076299
1.947319 1527947233.291851 0.000156 0.000185 0.000561 109.013745
1.960066 1527947233.304598 0.000156 0.000183 0.000570 108.826062
1.972281 1527947233.316813 0.000155 0.000183 0.000577 108.411033
1.985132 1527947233.329664 0.000153 0.000183 0.000578 107.639048
1.997660 1527947233.342192 0.000153 0.000180 0.000576 107.060101
2.009621 1527947233.354153 0.000151 0.000180 0.000558 105.389305
2.022121 1527947233.366653 0.000151 0.000179 0.000564 105.097749
2.034372 1527947233.378904 0.000149 0.000178 0.000568 104.759653
2.048119 1527947233.392651 0.000149 0.000177 0.000564 104.354323
2.059359 1527947233.403891 0.000148 0.000177 0.000562 103.851436
2.071980 1527947233.416512 0.000150 0.000176 0.000566 103.803785
2.084728 1527947233.429260 0.000150 0.000175 0.000562 103.493892
2.096923 1527947233.441455 0.000149 0.000176 0.000564 102.990461
2.109332 1527947233.453864 0.000148 0.000175 0.000564 102.928082
2.121988 1527947233.466520 0.000148 0.000173 0.000562 102.637239
2.134530 1527947233.479062 0.000148 0.000174 0.000558 102.345935
2.147012 1527947233.491544 0.000148 0.000173 0.000564 102.452347
2.160057 1527947233.504589 0.000147 0.000173 0.000566 102.352602
2.172994 1527947233.517526 0.000147 0.000172 0.000566 102.139388
2.185369 1527947233.529902 0.000147 0.000172 0.000562 101.821394
2.197946 1527947233.542478 0.000146 0.000171 0.000562 101.601998
2.210104 1527947233.554636 0.000147 0.000171 0.000569 101.475299
2.222179 1527947233.566711 0.000146 0.000169 0.000587 101.434099
2.235646 1527947233.580178 0.000145 0.000169 0.000595 101.234831
2.248199 1527947233.592731 0.000145 0.000171 0.000597 100.379268
2.260040 1527947233.604572 0.000144 0.000173 0.000608 100.889846
2.271846 1527947233.616378 0.000142 0.000174 0.000601 99.851568
2.284759 1527947233.629291 0.000137 0.000174 0.000597 99.364874
2.298109 1527947233.642641 0.000135 0.000170 0.000597 98.541357
2.310532 1527947233.655064 0.000133 0.000169 0.000607 98.543475
2.322476 1527947233.667008 0.000131 0.000166 0.000625 98.536141
2.334582 1527947233.679114 0.000129 0.000165 0.000630 98.080726
2.347291 1527947233.691823 0.000129 0.000160 0.000627 97.642433
2.359863 1527947233.704395 0.000127 0.000160 0.000636 96.983722
2.373022 1527947233.717554 0.000128 0.000157 0.000627 95.744955
2.385350 1527947233.729882 0.000127 0.000156 0.000632 95.361713
2.398090 1527947233.742622 0.000127 0.000153 0.000631 94.943439
2.410688 1527947233.755220 0.000126 0.000154 0.000638 94.906746
2.423055 1527947233.767587 0.000126 0.000152 0.000631 93.713367
2.434820 1527947233.779352 0.000125 0.000151 0.000636 93.206675
2.447064 1527947233.791596 0.000124 0.000149 0.000637 93.314652
2.459835 1527947233.804367 0.000125 0.000146 0.000632 92.854458
2.471965 1527947233.816497 0.000124 0.000146 0.000634 92.340784
2.484671 1527947233.829203 0.000123 0.000144 0.000634 91.680868
2.497159 1527947233.841691 0.000123 0.000144 0.000634 91.183716
2.509712 1527947233.854244 0.000122 0.000143 0.000640 90.566177
2.522634 1527947233.867166 0.000122 0.000142 0.000643 90.136210
2.534785 1527947233.879317 0.000121 0.000144 0.000645 89.035854
2.547056 1527947233.891588 0.000120 0.000141 0.000644 89.071460
2.559564 1527947233.904096 0.000119 0.000140 0.000646 88.759986
2.572691 1527947233.917223 0.000119 0.000140 0.000646 88.553762
2.584760 1527947233.929292 0.000119 0.000139 0.000640 88.255599
2.597966 1527947233.942498 0.000118 0.000138 0.000641 88.029023
2.610460 1527947233.954992 0.000117 0.000138 0.000635 87.493960
2.622750 1527947233.967282 0.000117 0.000138 0.000653 87.459959
2.636137 1527947233.980669 0.000118 0.000137 0.000655 87.462627
2.648268 1527947233.992800 0.000117 0.000137 0.000654 86.742995
2.660613 1527947234.005145 0.000116 0.000136 0.000654 86.324739
2.673079 1527947234.017611 0.000116 0.000137 0.000657 86.199702
2.684974 1527947234.029506 0.000116 0.000136 0.000672 85.974637
2.697317 1527947234.041849 0.000115 0.000134 0.000677 86.308881
2.709663 1527947234.054195 0.000116 0.000133 0.000683 85.730899
2.722469 1527947234.067001 0.000116 0.000133 0.000682 85.842507
2.734715 1527947234.079247 0.000116 0.000133 0.000685 85.360048
2.747315 1527947234.091847 0.000115 0.000134 0.000695 85.398275
2.759709 1527947234.104241 0.000116 0.000133 0.000693 84.896963
2.772397 1527947234.116929 0.000116 0.000134 0.000698 84.654051
2.785059 1527947234.129591 0.000115 0.000134 0.000700 84.656375
2.798251 1527947234.142783 0.000115 0.000134 0.000701 84.812328
2.810715 1527947234.155247 0.000114 0.000135 0.000703 84.660267
2.823007 1527947234.167539 0.000115 0.000135 0.000702 84.443765
2.835635 1527947234.180167 0.000115 0.000136 0.000707 84.412986
2.847810 1527947234.192342 0.000113 0.000137 0.000708 84.466507
2.859756 1527947234.204288 0.000112 0.000139 0.000717 84.177694
2.872416 1527947234.216948 0.000114 0.000143 0.000723 83.077856
2.884948 1527947234.229480 0.000116 0.000146 0.000747 81.916834
2.897907 1527947234.242439 0.000126 0.000146 0.000753 79.906363
2.910641 1527947234.255173 0.000130 0.000148 0.000763 78.589799
2.923090 1527947234.267622 0.000131 0.000152 0.000771 77.731669
2.935301 1527947234.279833 0.000130 0.000157 0.000780 76.739535
2.947410 1527947234.291942 0.000126 0.000158 0.000784 75.640281
2.960727 1527947234.305259 0.000124 0.000157 0.000794 75.002162
2.973083 1527947234.317615 0.000122 0.000156 0.000779 74.123174
2.985000 1527947234.329532 0.000121 0.000155 0.000780 73.247749
2.996949 1527947234.341481 0.000120 0.000152 0.000777 72.395857
3.009623 1527947234.354155 0.000119 0.000151 0.000744 71.388962
3.022330 1527947234.366862 0.000119 0.000150 0.000762 70.918462
3.034683 1527947234.379215 0.000118 0.000149 0.000759 70.574033
3.048226 1527947234.392758 0.000117 0.000148 0.000754 70.012262
3.060440 1527947234.404972 0.000117 0.000147 0.000756 69.827992
3.073161 1527947234.417693 0.000116 0.000147 0.000759 69.770424
3.085590 1527947234.430122 0.000116 0.000146 0.000766 69.744277
3.098168 1527947234.442700 0.000115 0.000146 0.000772 69.679473
3.110045 1527947234.454577 0.000114 0.000146 0.000768 69.607031
3.121993 1527947234.466525 0.000114 0.000145 0.000769 69.678299
3.134903 1527947234.479435 0.000114 0.000146 0.000770 69.456513
3.147323 1527947234.491855 0.000114 0.000145 0.000764 69.453031
3.159686 1527947234.504218 0.000113 0.000145 0.000761 69.364552
3.172050 1527947234.516582 0.000113 0.000144 0.000756 69.167293
3.184988 1527947234.529521 0.000114 0.000145 0.000753 69.133249
3.197202 1527947234.541734 0.000114 0.000144 0.000751 69.089061
3.210864 1527947234.555396 0.000114 0.000144 0.000754 69.040300
3.223418 1527947234.567950 0.000113 0.000143 0.000762 69.041111
3.235631 1527947234.580163 0.000114 0.000143 0.000759 68.880688
3.247538 1527947234.592070 0.000113 0.000143 0.000761 68.765608
3.259691 1527947234.604223 0.000113 0.000143 0.000761 68.662638
3.271949 1527947234.616481 0.000112 0.000143 0.000762 68.595148
3.284607 1527947234.629139 0.000112 0.000143 0.000765 68.562011
3.297119 1527947234.641651 0.000113 0.000142 0.000767 68.439653
3.309291 1527947234.653823 0.000113 0.000143 0.000773 68.398753
3.322029 1527947234.666561 0.000112 0.000142 0.000769 68.267200
3.334219 1527947234.678751 0.000112 0.000142 0.000771 68.251183
3.346854 1527947234.691386 0.000112 0.000142 0.000768 68.118592
3.359304 1527947234.703836 0.000112 0.000142 0.000772 67.930222
3.371922 1527947234.716454 0.000112 0.000141 0.000776 67.851774
3.384458 1527947234.728990 0.000112 0.000141 0.000778 67.860668
3.397028 1527947234.741560 0.000112 0.000141 0.000777 67.690444
3.409546 1527947234.754078 0.000112 0.000141 0.000781 67.610688
3.421855 1527947234.766387 0.000112 0.000140 0.000775 67.383102
3.434407 1527947234.778939 0.000112 0.000141 0.000783 67.428176
3.447044 1527947234.791576 0.000111 0.000140 0.000782 67.392934
3.459398 1527947234.803930 0.000112 0.000141 0.000780 67.195390
3.471965 1527947234.816497 0.000112 0.000140 0.000781 67.152649
3.484584 1527947234.829116 0.000112 0.000140 0.000784 67.156322
3.497269 1527947234.841801 0.000112 0.000141 0.000784 66.967589
3.509501 1527947234.854033 0.000113 0.000140 0.000782 67.093827
3.521730 1527947234.866262 0.000112 0.000141 0.000782 66.899925
3.534372 1527947234.878904 0.000112 0.000141 0.000780 66.981285
3.547092 1527947234.891624 0.000112 0.000141 0.000782 66.914950
3.559383 1527947234.903915 0.000112 0.000141 0.000780 66.738392
3.572115 1527947234.916647 0.000112 0.000141 0.000779 66.710876
3.584409 1527947234.928941 0.000112 0.000141 0.000778 66.765066
3.596945 1527947234.941477 0.000112 0.000141 0.000783 66.668939
3.609489 1527947234.954021 0.000113 0.000141 0.000784 66.621639
3.621964 1527947234.966496 0.000112 0.000141 0.000781 66.544516
3.634594 1527947234.979126 0.000112 0.000141 0.000782 66.565999
3.646901 1527947234.991433 0.000112 0.000141 0.000783 66.490015
3.659723 1527947235.004255 0.000113 0.000142 0.000781 66.339137
3.672580 1527947235.017112 0.000113 0.000142 0.000784 66.564502
3.685706 1527947235.030238 0.000113 0.000141 0.000788 66.454947
3.698246 1527947235.042778 0.000113 0.000141 0.000788 66.452805
3.710799 1527947235.055331 0.000113 0.000142 0.000787 66.352378
3.722758 1527947235.067290 0.000113 0.000142 0.000785 66.254311
3.734997 1527947235.079529 0.000113 0.000141 0.000786 66.178866
3.748122 1527947235.092654 0.000112 0.000142 0.000782 66.265036
3.760547 1527947235.105079 0.000111 0.000142 0.000791 66.153308
3.773201 1527947235.117733 0.000108 0.000144 0.000791 66.544351
3.784945 1527947235.129477 0.000105 0.000145 0.000789 67.201284
3.797381 1527947235.141913 0.000102 0.000146 0.000798 67.852068
3.810877 1527947235.155409 0.000100 0.000147 0.000798 68.356349
3.823083 1527947235.167615 0.000098 0.000149 0.000800 68.647971
3.836226 1527947235.180758 0.000098 0.000149 0.000799 68.566222
3.847924 1527947235.192456 0.000098 0.000148 0.000803 68.474598
3.860085 1527947235.204617 0.000099 0.000147 0.000806 68.397268
3.872778 1527947235.217310 0.000098 0.000147 0.000807 68.206284
3.885431 1527947235.229963 0.000098 0.000147 0.000806 67.866014
3.897524 1527947235.242056 0.000097 0.000146 0.000815 67.743928
3.909964 1527947235.254496 0.000097 0.000146 0.000813 67.541026
3.922565 1527947235.267097 0.000097 0.000146 0.000816 67.533417
3.935242 1527947235.279774 0.000097 0.000145 0.000813 67.208356
3.947564 1527947235.292096 0.000096 0.000145 0.000815 67.106550
3.960056 1527947235.304588 0.000096 0.000145 0.000810 67.088909
3.972689 1527947235.317221 0.000097 0.000145 0.000811 66.966714
3.985208 1527947235.329740 0.000096 0.000145 0.000813 67.049017
3.997845 1527947235.342377 0.000096 0.000145 0.000813 67.023708
4.010111 1527947235.354643 0.000097 0.000145 0.000808 67.040534
4.022573 1527947235.367105 0.000097 0.000144 0.000807 67.024472
4.035192 1527947235.379724 0.000097 0.000144 0.000811 67.017269
4.047911 1527947235.392443 0.000097 0.000144 0.000805 67.111160
4.060074 1527947235.404606 0.000097 0.000143 0.000800 67.120717
4.072424 1527947235.416956 0.000097 0.000144 0.000807 67.367842
4.086085 1527947235.430617 0.000097 0.000144 0.000804 67.418155
4.098377 1527947235.442909 0.000097 0.000144 0.000808 67.564234
4.110175 1527947235.454707 0.000097 0.000144 0.000804 67.511057
4.122279 1527947235.466811 0.000097 0.000144 0.000803 67.640824
4.134951 1527947235.479483 0.000097 0.000144 0.000796 67.807618
4.147300 1527947235.491832 0.000098 0.000144 0.000799 67.703866
4.159763 1527947235.504295 0.000098 0.000144 0.000799 67.806452
4.172305 1527947235.516837 0.000097 0.000145 0.000799 67.830106
4.184859 1527947235.529391 0.000097 0.000145 0.000803 67.811339
4.198789 1527947235.543321 0.000097 0.000145 0.000802 67.760192
4.210627 1527947235.555159 0.000097 0.000145 0.000804 67.771229
4.222622 1527947235.567154 0.000098 0.000145 0.000803 67.745711
4.234807 1527947235.579339 0.000098 0.000145 0.000804 67.800532
4.247525 1527947235.592057 0.000098 0.000145 0.000802 67.607401
4.259734 1527947235.604266 0.000097 0.000145 0.000802 67.831506
4.272477 1527947235.617009 0.000098 0.000145 0.000802 67.561975
4.284863 1527947235.629395 0.000099 0.000145 0.000803 67.465864
4.298237 1527947235.642769 0.000098 0.000145 0.000798 67.511597
4.311079 1527947235.655611 0.000098 0.000145 0.000802 67.467397
4.323279 1527947235.667811 0.000098 0.000145 0.000803 67.535588
4.336811 1527947235.681343 0.000098 0.000145 0.000800 67.488879
4.347823 1527947235.692355 0.000098 0.000145 0.000805 67.347096
4.359768 1527947235.704300 0.000098 0.000145 0.000798 67.366003
4.372234 1527947235.716766 0.000098 0.000145 0.000805 67.251663
4.385260 1527947235.729792 0.000098 0.000145 0.000803 67.310902
4.397312 1527947235.741844 0.000098 0.000145 0.000804 67.216522
4.409848 1527947235.754380 0.000098 0.000145 0.000801 67.063728
4.422467 1527947235.766999 0.000098 0.000145 0.000802 67.315309
4.435764 1527947235.780296 0.000099 0.000145 0.000804 67.239785
4.448309 1527947235.792841 0.000098 0.000145 0.000807 67.191459
4.460978 1527947235.805510 0.000098 0.000146 0.000803 67.256270
4.473127 1527947235.817659 0.000099 0.000146 0.000800 67.184753
4.484898 1527947235.829430 0.000100 0.000143 0.000798 66.757351
4.497402 1527947235.841934 0.000101 0.000140 0.000795 66.501150
4.509823 1527947235.854355 0.000103 0.000138 0.000785 66.182244
4.522366 1527947235.866898 0.000104 0.000136 0.000776 65.689990
4.536218 1527947235.880750 0.000106 0.000133 0.000781 64.364654
4.548756 1527947235.893288 0.000108 0.000131 0.000788 63.280287
4.560031 1527947235.904563 0.000109 0.000129 0.000786 62.381908
4.572490 1527947235.917022 0.000108 0.000129 0.000780 62.256498
4.584726 1527947235.929258 0.000109 0.000127 0.000788 61.686595
4.597761 1527947235.942293 0.000108 0.000127 0.000783 61.473051
4.609861 1527947235.954393 0.000108 0.000127 0.000790 61.258195
4.622655 1527947235.967187 0.000109 0.000126 0.000796 60.777403
4.636176 1527947235.980708 0.000107 0.000126 0.000790 60.623336
4.648359 1527947235.992891 0.000108 0.000126 0.000791 60.387867
4.660954 1527947236.005486 0.000108 0.000126 0.000789 60.471622
4.673454 1527947236.017986 0.000108 0.000126 0.000791 60.158673
4.685921 1527947236.030453 0.000108 0.000126 0.000789 60.158673
4.698311 1527947236.042843 0.000108 0.000126 0.000790 60.123617
4.710351 1527947236.054883 0.000107 0.000126 0.000784 60.227429
4.722658 1527947236.067190 0.000107 0.000126 0.000784 59.832322
4.735780 1527947236.080312 0.000107 0.000125 0.000783 60.031479
4.748754 1527947236.093286 0.000107 0.000125 0.000782 59.740997
4.761358 1527947236.105890 0.000106 0.000125 0.000774 59.834001
4.772857 1527947236.117389 0.000107 0.000125 0.000776 59.449918
4.784935 1527947236.129467 0.000106 0.000125 0.000771 59.816297
4.797847 1527947236.142379 0.000106 0.000124 0.000771 59.608430
4.810112 1527947236.154644 0.000106 0.000124 0.000770 59.450682
4.822663 1527947236.167195 0.000106 0.000124 0.000772 59.747794
4.835397 1527947236.179929 0.000106 0.000124 0.000772 59.376394
4.848246 1527947236.192778 0.000106 0.000124 0.000767 59.546223
4.860979 1527947236.205511 0.000105 0.000124 0.000763 59.558218
4.873560 1527947236.218092 0.000106 0.000124 0.000772 59.266594
4.885260 1527947236.229792 0.000106 0.000124 0.000772 59.396709
4.897595 1527947236.242127 0.000106 0.000124 0.000773 59.233825
4.909764 1527947236.254296 0.000105 0.000124 0.000767 59.497434
4.922747 1527947236.267279 0.000106 0.000124 0.000764 59.493542
4.934878 1527947236.279410 0.000106 0.000124 0.000769 59.412460
4.947429 1527947236.291961 0.000106 0.000124 0.000762 59.291069
4.960814 1527947236.305346 0.000106 0.000124 0.000767 59.040224
4.973459 1527947236.317991 0.000106 0.000124 0.000770 59.080429
4.986284 1527947236.330817 0.000106 0.000124 0.000778 58.913789
4.998514 1527947236.343046 0.000106 0.000124 0.000783 58.441573
5.010298 1527947236.354830 0.000104 0.000128 0.000793 57.964518
5.022312 1527947236.366844 0.000103 0.000132 0.000804 57.818077
5.036109 1527947236.380641 0.000102 0.000136 0.000811 57.668237
5.048502 1527947236.393034 0.000104 0.000138 0.000827 57.634907
5.060194 1527947236.404726 0.000104 0.000138 0.000824 57.752484
5.073988 1527947236.418520 0.000104 0.000138 0.000827 57.858329
5.086051 1527947236.430583 0.000105 0.000137 0.000826 57.909618
5.098332 1527947236.442864 0.000105 0.000137 0.000827 57.959762
5.110314 1527947236.454846 0.000105 0.000137 0.000818 57.842301
5.122361 1527947236.466893 0.000105 0.000138 0.000821 57.709250
5.135316 1527947236.479848 0.000105 0.000137 0.000827 57.772013
5.148365 1527947236.492898 0.000105 0.000137 0.000825 57.782876
5.161255 1527947236.505787 0.000104 0.000137 0.000826 57.882003
5.173378 1527947236.517910 0.000105 0.000137 0.000822 57.844122
5.186426 1527947236.530958 0.000105 0.000137 0.000820 57.833418
5.198714 1527947236.543246 0.000104 0.000136 0.000823 57.798391
5.210968 1527947236.555500 0.000105 0.000137 0.000820 57.794981
5.223169 1527947236.567701 0.000104 0.000136 0.000821 57.743804
5.235430 1527947236.579962 0.000105 0.000136 0.000824 57.712399
5.247256 1527947236.591788 0.000105 0.000136 0.000819 57.682075
5.261036 1527947236.605568 0.000105 0.000136 0.000819 57.661915
5.273550 1527947236.618082 0.000105 0.000135 0.000822 57.656407
5.285966 1527947236.630498 0.000106 0.000135 0.000822 57.612729
5.298707 1527947236.643239 0.000105 0.000135 0.000821 57.636066
5.310395 1527947236.654927 0.000105 0.000135 0.000819 57.623731
5.322525 1527947236.667057 0.000105 0.000135 0.000818 57.571530
5.334907 1527947236.679439 0.000106 0.000135 0.000819 57.610974
5.347381 1527947236.691913 0.000106 0.000135 0.000813 57.413614
5.359778 1527947236.704310 0.000105 0.000135 0.000817 57.593062
5.372572 1527947236.717104 0.000105 0.000135 0.000809 57.379863
5.384959 1527947236.729491 0.000105 0.000135 0.000814 57.392088
5.398352 1527947236.742884 0.000106 0.000134 0.000807 57.263393
5.410637 1527947236.755169 0.000106 0.000134 0.000813 57.219405
5.423146 1527947236.767678 0.000106 0.000134 0.000815 57.246674
5.435699 1527947236.780231 0.000106 0.000134 0.000809 57.169797
5.448230 1527947236.792762 0.000106 0.000134 0.000805 57.233966
5.460841 1527947236.805373 0.000106 0.000134 0.000806 57.187981
5.473498 1527947236.818030 0.000107 0.000134 0.000802 57.077998
5.485663 1527947236.830195 0.000106 0.000134 0.000804 57.178753
5.498584 1527947236.843116 0.000107 0.000135 0.000806 57.251254
5.510856 1527947236.855388 0.000107 0.000135 0.000804 57.132783
5.522858 1527947236.867390 0.000107 0.000135 0.000805 57.217632
5.535947 1527947236.880479 0.000107 0.000135 0.000807 57.142746
5.547920 1527947236.892452 0.000107 0.000134 0.000808 56.702655
5.560043 1527947236.904575 0.000107 0.000132 0.000793 56.124510
5.573420 1527947236.917952 0.000106 0.000129 0.000795 55.305391
5.586218 1527947236.930750 0.000102 0.000127 0.000811 55.485923
5.598624 1527947236.943156 0.000100 0.000126 0.000816 55.986831
5.611091 1527947236.955623 0.000100 0.000126 0.000816 56.506497
5.623616 1527947236.968148 0.000100 0.000127 0.000817 56.826070
5.635601 1527947236.980133 0.000101 0.000128 0.000819 56.931219
5.647708 1527947236.992240 0.000101 0.000127 0.000812 56.846806
5.661035 1527947237.005567 0.000101 0.000127 0.000817 56.708338
5.673806 1527947237.018338 0.000101 0.000127 0.000817 56.632764
5.685343 1527947237.029875 0.000101 0.000126 0.000823 56.443896
5.697673 1527947237.042205 0.000101 0.000125 0.000829 56.216089
5.711324 1527947237.055856 0.000101 0.000125 0.000821 55.918458
5.724089 1527947237.068621 0.000101 0.000125 0.000818 55.911882
5.736222 1527947237.080754 0.000101 0.000125 0.000820 55.845600
5.748245 1527947237.092777 0.000101 0.000126 0.000815 55.855434
5.761439 1527947237.105971 0.000101 0.000126 0.000815 55.811716
5.773692 1527947237.118224 0.000101 0.000125 0.000816 55.825191
5.786491 1527947237.131023 0.000101 0.000125 0.000819 55.897271
5.798547 1527947237.143079 0.000101 0.000125 0.000821 55.799149
5.810429 1527947237.154961 0.000101 0.000125 0.000818 55.739626
5.822853 1527947237.167385 0.000101 0.000125 0.000812 55.774586
5.835059 1527947237.179591 0.000101 0.000125 0.000821 55.731779
5.847578 1527947237.192110 0.000101 0.000125 0.000814 55.801672
5.859895 1527947237.204427 0.000101 0.000125 0.000817 55.830184
5.873728 1527947237.218260 0.000101 0.000125 0.000817 55.761588
5.886076 1527947237.230608 0.000101 0.000124 0.000819 55.799625
5.898320 1527947237.242852 0.000101 0.000125 0.000816 55.846665
5.910562 1527947237.255094 0.000101 0.000125 0.000821 56.001377
5.922523 1527947237.267055 0.000101 0.000125 0.000814 55.810266
5.934922 1527947237.279454 0.000101 0.000125 0.000815 55.964728
5.947463 1527947237.291995 0.000101 0.000125 0.000815 55.960353
5.959694 1527947237.304226 0.000101 0.000125 0.000813 55.996983
5.972516 1527947237.317048 0.000101 0.000125 0.000815 55.959001
5.986146 1527947237.330678 0.000101 0.000126 0.000818 56.020299
5.998544 1527947237.343076 0.000101 0.000126 0.000812 55.875367
6.010861 1527947237.355393 0.000101 0.000126 0.000815 55.784989
6.023631 1527947237.368163 0.000100 0.000127 0.000806 55.830021
6.035901 1527947237.380433 0.000098 0.000130 0.000832 56.256399
6.048660 1527947237.393192 0.000098 0.000134 0.000833 56.811324
6.060940 1527947237.405472 0.000098 0.000139 0.000829 57.366880
6.073878 1527947237.418410 0.000098 0.000142 0.000835 57.961549
6.085856 1527947237.430388 0.000098 0.000145 0.000845 58.332939
6.098647 1527947237.443179 0.000098 0.000145 0.000845 58.612506
6.110314 1527947237.454846 0.000099 0.000145 0.000856 58.794042
6.122537 1527947237.467069 0.000099 0.000144 0.000858 58.824725
6.135393 1527947237.479925 0.000099 0.000143 0.000853 58.641168
6.147934 1527947237.492466 0.000099 0.000144 0.000852 58.624480
6.160479 1527947237.505011 0.000099 0.000143 0.000844 58.471161
6.172773 1527947237.517305 0.000099 0.000142 0.000841 58.386796
6.185326 1527947237.529858 0.000099 0.000141 0.000845 58.223831
6.197889 1527947237.542421 0.000099 0.000139 0.000837 58.070840
6.211340 1527947237.555872 0.000099 0.000134 0.000820 57.731360
6.223765 1527947237.568297 0.000096 0.000132 0.000831 58.386867
6.236120 1527947237.580652 0.000094 0.000131 0.000824 59.266607
6.248998 1527947237.593530 0.000094 0.000131 0.000824 60.143262
6.261105 1527947237.605637 0.000094 0.000131 0.000817 60.672375
6.272808 1527947237.617340 0.000095 0.000130 0.000811 60.692759
6.285171 1527947237.629703 0.000095 0.000130 0.000808 60.466513
6.298627 1527947237.643159 0.000095 0.000130 0.000804 60.148260
6.311021 1527947237.655553 0.000095 0.000129 0.000793 59.840054
6.323090 1527947237.667622 0.000095 0.000129 0.000793 59.555778
6.335128 1527947237.679660 0.000095 0.000128 0.000795 59.289658
6.347657 1527947237.692189 0.000094 0.000128 0.000792 58.969061
6.360171 1527947237.704703 0.000094 0.000128 0.000792 58.771152
6.372523 1527947237.717055 0.000094 0.000128 0.000790 58.645741
6.386551 1527947237.731083 0.000095 0.000127 0.000785 58.500187
6.398990 1527947237.743522 0.000094 0.000127 0.000789 58.435292
6.411039 1527947237.755571 0.000094 0.000126 0.000785 58.299986
6.423578 1527947237.768110 0.000094 0.000126 0.000785 58.120309
6.435466 1527947237.779998 0.000094 0.000126 0.000787 58.081084
6.447569 1527947237.792101 0.000094 0.000126 0.000785 57.952494
6.460101 1527947237.804633 0.000093 0.000126 0.000786 57.923787
6.472632 1527947237.817164 0.000093 0.000127 0.000784 57.811525
6.486290 1527947237.830822 0.000093 0.000126 0.000784 57.754461
6.499455 1527947237.843987 0.000094 0.000127 0.000781 57.645997
6.511199 1527947237.855731 0.000094 0.000126 0.000787 57.817842
6.523012 1527947237.867544 0.000094 0.000126 0.000783 57.843536
6.535181 1527947237.879713 0.000094 0.000126 0.000782 57.920475
6.547550 1527947237.892082 0.000094 0.000127 0.000781 57.959629
6.561076 1527947237.905608 0.000094 0.000126 0.000787 58.028015
6.573850 1527947237.918382 0.000094 0.000126 0.000785 58.008781
6.586222 1527947237.930754 0.000094 0.000126 0.000784 58.086489
6.598632 1527947237.943164 0.000095 0.000127 0.000785 58.265840
6.610566 1527947237.955098 0.000094 0.000127 0.000788 58.239999
6.623071 1527947237.967603 0.000095 0.000127 0.000781 58.217140
6.636222 1527947237.980754 0.000095 0.000128 0.000782 58.339361
6.648781 1527947237.993313 0.000094 0.000128 0.000784 58.348047
6.661448 1527947238.005980 0.000094 0.000127 0.000785 58.460040
6.673877 1527947238.018409 0.000094 0.000128 0.000784 58.496277
6.685450 1527947238.029982 0.000095 0.000128 0.000784 58.450507
6.698685 1527947238.043217 0.000095 0.000128 0.000788 58.620602
6.710339 1527947238.054871 0.000095 0.000128 0.000783 58.738219
6.723070 1527947238.067602 0.000095 0.000128 0.000786 58.785727
6.735474 1527947238.080006 0.000095 0.000128 0.000787 58.839256
6.748029 1527947238.092561 0.000095 0.000128 0.000783 58.766528
6.760360 1527947238.104892 0.000095 0.000128 0.000784 58.861872
6.773050 1527947238.117582 0.000095 0.000128 0.000787 58.818048
6.785583 1527947238.130115 0.000095 0.000129 0.000789 58.827663
6.798005 1527947238.142537 0.000095 0.000129 0.000783 58.980444
6.811343 1527947238.155875 0.000095 0.000129 0.000787 59.006348
6.823712 1527947238.168244 0.000095 0.000128 0.000789 58.952020
6.836266 1527947238.180798 0.000095 0.000129 0.000785 59.029244
6.849042 1527947238.193574 0.000095 0.000129 0.000784 58.989666
6.861620 1527947238.206152 0.000095 0.000128 0.000786 58.889784
6.873924 1527947238.218456 0.000095 0.000127 0.000786 58.408917
6.885600 1527947238.230132 0.000096 0.000125 0.000781 57.931166
6.898337 1527947238.242869 0.000097 0.000123 0.000790 57.430692
6.910498 1527947238.255030 0.000097 0.000121 0.000811 56.578701
6.923231 1527947238.267763 0.000099 0.000119 0.000813 55.988399
6.936338 1527947238.280870 0.000103 0.000115 0.000812 55.339082
6.948670 1527947238.293202 0.000106 0.000110 0.000828 54.697764
6.960295 1527947238.304827 0.000107 0.000109 0.000837 54.029088
6.972591 1527947238.317123 0.000104 0.000110 0.000842 53.217959
6.985094 1527947238.329626 0.000103 0.000109 0.000840 52.781848
6.997854 1527947238.342386 0.000102 0.000108 0.000838 52.267261
7.010389 1527947238.354921 0.000102 0.000108 0.000841 52.038892
7.022560 1527947238.367092 0.000102 0.000107 0.000842 51.842549
7.035316 1527947238.379848 0.000102 0.000107 0.000837 51.608921
7.047558 1527947238.392090 0.000102 0.000107 0.000825 51.392106
7.060500 1527947238.405032 0.000102 0.000107 0.000825 51.281745
7.073457 1527947238.417989 0.000102 0.000107 0.000812 50.938509
7.085882 1527947238.430414 0.000102 0.000107 0.000818 50.810274
7.098447 1527947238.442979 0.000102 0.000106 0.000811 50.608151
7.110986 1527947238.455518 0.000102 0.000107 0.000807 50.401245
7.122941 1527947238.467473 0.000102 0.000106 0.000810 50.289406
7.135486 1527947238.480018 0.000102 0.000106 0.000810 50.095135
7.148209 1527947238.492741 0.000102 0.000106 0.000809 49.950618
7.161281 1527947238.505813 0.000102 0.000106 0.000802 49.762182
7.173795 1527947238.518327 0.000102 0.000107 0.000808 49.807848
7.186137 1527947238.530669 0.000102 0.000107 0.000805 49.158473
7.198798 1527947238.543330 0.000102 0.000108 0.000809 47.868594
7.210726 1527947238.555259 0.000101 0.000111 0.000815 45.939697
7.222970 1527947238.567502 0.000101 0.000113 0.000834 44.122061
7.235317 1527947238.579849 0.000099 0.000117 0.000836 42.128015
7.247594 1527947238.592126 0.000097 0.000118 0.000832 40.677010
7.260513 1527947238.605045 0.000099 0.000114 0.000836 39.655269
7.272871 1527947238.617403 0.000100 0.000112 0.000845 39.218458
7.285536 1527947238.630068 0.000101 0.000111 0.000846 38.777724
7.298409 1527947238.642941 0.000100 0.000110 0.000848 38.848130
7.311341 1527947238.655873 0.000099 0.000108 0.000842 38.465920
7.324003 1527947238.668535 0.000100 0.000105 0.000838 38.259144
7.335718 1527947238.680250 0.000101 0.000103 0.000839 38.369423
7.347774 1527947238.692306 0.000101 0.000103 0.000835 38.481470
7.360417 1527947238.704949 0.000099 0.000104 0.000842 38.797302
7.373688 1527947238.718220 0.000098 0.000106 0.000848 39.152332
7.386295 1527947238.730827 0.000098 0.000106 0.000849 39.185393
7.398743 1527947238.743275 0.000098 0.000105 0.000850 39.085097
7.410531 1527947238.755063 0.000098 0.000105 0.000848 38.999133
7.423429 1527947238.767961 0.000098 0.000105 0.000846 38.788280
7.435594 1527947238.780126 0.000099 0.000105 0.000837 38.632036
7.448482 1527947238.793014 0.000098 0.000105 0.000839 38.708345
7.460655 1527947238.805187 0.000099 0.000104 0.000833 38.583230
7.473125 1527947238.817657 0.000099 0.000104 0.000836 38.625763
7.485825 1527947238.830357 0.000099 0.000104 0.000828 38.578149
7.498038 1527947238.842570 0.000099 0.000104 0.000839 38.680128
7.510942 1527947238.855474 0.000099 0.000104 0.000824 38.438939
7.523116 1527947238.867648 0.000099 0.000103 0.000828 38.310867
7.535381 1527947238.879913 0.000099 0.000103 0.000833 38.344898
7.547778 1527947238.892310 0.000099 0.000102 0.000833 38.305748
7.560400 1527947238.904932 0.000098 0.000102 0.000840 38.310760
7.572963 1527947238.917495 0.000098 0.000102 0.000840 38.324443
7.585566 1527947238.930098 0.000099 0.000102 0.000826 38.207324
7.598243 1527947238.942775 0.000098 0.000102 0.000829 38.202472
7.611150 1527947238.955682 0.000099 0.000102 0.000829 38.246917
7.624670 1527947238.969202 0.000099 0.000102 0.000831 38.271709
7.636240 1527947238.980772 0.000098 0.000101 0.000836 38.290270
7.649424 1527947238.993956 0.000099 0.000102 0.000826 38.215780
7.660768 1527947239.005300 0.000098 0.000102 0.000825 38.304922
7.673177 1527947239.017709 0.000099 0.000102 0.000824 38.256788
7.685600 1527947239.030132 0.000098 0.000102 0.000828 38.338041
7.698711 1527947239.043243 0.000098 0.000101 0.000828 38.215190
7.711408 1527947239.055940 0.000098 0.000101 0.000832 38.317262
7.723155 1527947239.067688 0.000098 0.000102 0.000828 38.304983
7.735325 1527947239.079857 0.000098 0.000101 0.000826 38.234708
7.747910 1527947239.092442 0.000098 0.000101 0.000826 38.239240
7.760602 1527947239.105134 0.000098 0.000101 0.000828 38.261101
7.773927 1527947239.118459 0.000098 0.000102 0.000825 38.141512
7.786182 1527947239.130714 0.000097 0.000103 0.000835 38.031201
7.798733 1527947239.143265 0.000097 0.000103 0.000841 37.910632
7.811406 1527947239.155938 0.000098 0.000104 0.000838 37.599601
7.823409 1527947239.167941 0.000098 0.000105 0.000838 37.254236
7.835584 1527947239.180116 0.000098 0.000104 0.000840 37.118940
7.847751 1527947239.192283 0.000098 0.000104 0.000838 37.019284
7.860366 1527947239.204898 0.000098 0.000105 0.000836 37.123371
7.872915 1527947239.217447 0.000098 0.000105 0.000840 37.136511
7.886542 1527947239.231074 0.000098 0.000105 0.000835 36.983938
7.898801 1527947239.243333 0.000098 0.000104 0.000836 36.952664
7.911254 1527947239.255786 0.000098 0.000104 0.000839 36.908471
7.923754 1527947239.268286 0.000098 0.000103 0.000839 36.800723
7.936399 1527947239.280931 0.000097 0.000103 0.000839 36.738381
7.948236 1527947239.292768 0.000098 0.000103 0.000840 36.763511
7.961236 1527947239.305768 0.000098 0.000103 0.000837 36.780861
7.973942 1527947239.318474 0.000098 0.000103 0.000839 36.747172
7.985769 1527947239.330301 0.000098 0.000103 0.000841 36.834888
7.998044 1527947239.342577 0.000098 0.000103 0.000838 36.808748
8.010447 1527947239.354979 0.000098 0.000103 0.000839 36.885414
8.022982 1527947239.367514 0.000098 0.000104 0.000835 36.850722
8.035369 1527947239.379901 0.000098 0.000104 0.000832 36.859372
8.048955 1527947239.393487 0.000099 0.000104 0.000835 36.844861
8.061321 1527947239.405853 0.000098 0.000104 0.000834 36.856431
8.073828 1527947239.418360 0.000098 0.000104 0.000831 36.834866
8.086609 1527947239.431141 0.000098 0.000104 0.000831 36.823146
8.098044 1527947239.442576 0.000099 0.000105 0.000830 36.819911
8.110328 1527947239.454860 0.000099 0.000104 0.000828 36.788650
8.122801 1527947239.467333 0.000099 0.000104 0.000836 36.944411
8.135085 1527947239.479617 0.000099 0.000104 0.000830 36.853927
8.147741 1527947239.492273 0.000099 0.000104 0.000830 36.867946
8.160446 1527947239.504978 0.000098 0.000104 0.000832 36.819100
8.172837 1527947239.517369 0.000099 0.000104 0.000833 36.907642
8.186087 1527947239.530619 0.000099 0.000105 0.000833 36.904822
8.199260 1527947239.543792 0.000098 0.000105 0.000838 36.986853
8.211609 1527947239.556141 0.000099 0.000105 0.000832 36.852177
8.223628 1527947239.568160 0.000098 0.000105 0.000832 36.867288
8.235853 1527947239.580385 0.000098 0.000105 0.000839 36.959674
8.248024 1527947239.592556 0.000098 0.000105 0.000834 36.902470
8.260724 1527947239.605256 0.000099 0.000105 0.000829 36.739038
8.272935 1527947239.617467 0.000098 0.000105 0.000833 36.849181
8.285515 1527947239.630047 0.000099 0.000105 0.000830 36.733994
8.298074 1527947239.642606 0.000098 0.000104 0.000839 36.814211
8.310561 1527947239.655093 0.000098 0.000105 0.000835 36.703808
8.322957 1527947239.667489 0.000098 0.000105 0.000835 36.728376
8.336310 1527947239.680842 0.000098 0.000105 0.000836 36.652991
8.349111 1527947239.693643 0.000099 0.000105 0.000838 36.560115
8.361014 1527947239.705546 0.000101 0.000104 0.000822 37.142817
8.373316 1527947239.717848 0.000102 0.000103 0.000821 37.547952
8.385712 1527947239.730244 0.000102 0.000105 0.000816 37.578206
8.398310 1527947239.742842 0.000101 0.000107 0.000813 37.588991
8.410460 1527947239.754992 0.000101 0.000109 0.000815 37.473540
8.423188 1527947239.767720 0.000101 0.000110 0.000805 37.154448
8.435606 1527947239.780138 0.000101 0.000111 0.000806 37.130994
8.447990 1527947239.792522 0.000102 0.000112 0.000806 37.022369
8.460587 1527947239.805119 0.000102 0.000112 0.000804 36.938700
8.473191 1527947239.817723 0.000102 0.000112 0.000804 36.894240
8.485552 1527947239.830084 0.000102 0.000112 0.000802 36.852455
8.497916 1527947239.842448 0.000103 0.000111 0.000801 36.847962
8.510756 1527947239.855288 0.000102 0.000111 0.000802 36.722140
8.523225 1527947239.867757 0.000103 0.000111 0.000797 36.612010
8.535386 1527947239.879918 0.000103 0.000110 0.000796 36.754790
8.549158 1527947239.893690 0.000102 0.000110 0.000801 36.766718
8.561860 1527947239.906392 0.000103 0.000110 0.000796 36.766489
8.573666 1527947239.918198 0.000103 0.000110 0.000794 36.853971
8.585731 1527947239.930263 0.000103 0.000110 0.000797 36.818963
8.597989 1527947239.942521 0.000103 0.000109 0.000793 36.744857
8.610348 1527947239.954880 0.000103 0.000109 0.000795 36.732332
8.622934 1527947239.967466 0.000103 0.000109 0.000796 36.592579
8.635345 1527947239.979877 0.000103 0.000109 0.000792 36.677079
8.647854 1527947239.992386 0.000103 0.000109 0.000789 36.653724
8.660917 1527947240.005449 0.000103 0.000109 0.000791 36.789456
8.673017 1527947240.017549 0.000103 0.000108 0.000791 36.764833
8.685471 1527947240.030003 0.000103 0.000108 0.000794 36.728187
8.697992 1527947240.042524 0.000103 0.000108 0.000793 36.603072
8.710780 1527947240.055312 0.000103 0.000107 0.000792 36.554231
8.723115 1527947240.067647 0.000102 0.000107 0.000800 36.623943
8.736449 1527947240.080981 0.000103 0.000107 0.000793 36.737078
8.748701 1527947240.093233 0.000104 0.000108 0.000772 36.089667
8.761679 1527947240.106211 0.000103 0.000113 0.000768 35.027032
8.774079 1527947240.118611 0.000100 0.000114 0.000757 35.313985
8.786364 1527947240.130896 0.000097 0.000114 0.000753 35.722866
8.798258 1527947240.142790 0.000098 0.000111 0.000771 36.081210
8.810560 1527947240.155092 0.000098 0.000108 0.000791 36.292749
8.823286 1527947240.167818 0.000097 0.000107 0.000804 36.708650
8.835787 1527947240.180319 0.000097 0.000107 0.000808 36.937661
8.848162 1527947240.192694 0.000097 0.000107 0.000808 37.030479
8.861109 1527947240.205641 0.000097 0.000106 0.000808 36.939004
8.873324 1527947240.217856 0.000097 0.000106 0.000816 36.931795
8.886930 1527947240.231462 0.000097 0.000105 0.000814 36.874408
8.899052 1527947240.243584 0.000097 0.000105 0.000812 36.836929
8.911911 1527947240.256443 0.000096 0.000105 0.000816 36.831045
8.923411 1527947240.267943 0.000096 0.000105 0.000817 36.785547
8.936093 1527947240.280625 0.000097 0.000105 0.000813 36.672173
8.948948 1527947240.293480 0.000096 0.000105 0.000814 36.737828
8.961004 1527947240.305537 0.000097 0.000105 0.000810 36.679482
8.973458 1527947240.317990 0.000097 0.000106 0.000811 36.647924
8.986552 1527947240.331084 0.000097 0.000106 0.000808 36.657033
8.998735 1527947240.343267 0.000097 0.000106 0.000807 36.665670
9.010543 1527947240.355075 0.000097 0.000106 0.000808 36.599303
9.022971 1527947240.367503 0.000097 0.000106 0.000808 36.712977
9.035348 1527947240.379880 0.000097 0.000106 0.000807 36.749900
9.048973 1527947240.393505 0.000096 0.000106 0.000813 36.917423
9.061626 1527947240.406158 0.000096 0.000104 0.000818 36.923710
9.074077 1527947240.418609 0.000094 0.000103 0.000816 37.429241
9.085985 1527947240.430517 0.000092 0.000105 0.000819 38.008066
9.097972 1527947240.442504 0.000091 0.000105 0.000830 38.212712
9.110525 1527947240.455057 0.000091 0.000106 0.000834 38.424568
9.123104 1527947240.467636 0.000091 0.000106 0.000835 38.399804
9.136970 1527947240.481502 0.000091 0.000105 0.000839 38.322992
9.148979 1527947240.493511 0.000092 0.000105 0.000835 38.259335
9.161854 1527947240.506386 0.000092 0.000104 0.000835 38.192009
9.174736 1527947240.519268 0.000092 0.000104 0.000832 38.166604
9.186025 1527947240.530557 0.000092 0.000105 0.000829 38.059335
9.198560 1527947240.543092 0.000092 0.000104 0.000843 38.173511
9.210715 1527947240.555247 0.000092 0.000104 0.000837 38.002269
9.223203 1527947240.567735 0.000092 0.000104 0.000837 37.938388
9.235794 1527947240.580326 0.000092 0.000104 0.000836 37.920393
9.248586 1527947240.593118 0.000092 0.000104 0.000831 37.877039
9.261425 1527947240.605957 0.000093 0.000104 0.000827 37.861002
9.274002 1527947240.618534 0.000093 0.000104 0.000829 37.782322
9.285957 1527947240.630489 0.000093 0.000104 0.000823 37.753133
9.298205 1527947240.642737 0.000093 0.000104 0.000828 37.732546
9.310685 1527947240.655217 0.000093 0.000105 0.000824 37.775845
9.322923 1527947240.667455 0.000093 0.000105 0.000832 37.726790
9.335615 1527947240.680147 0.000093 0.000105 0.000830 37.639957
9.348139 1527947240.692671 0.000093 0.000105 0.000831 37.568392
9.360427 1527947240.704959 0.000093 0.000105 0.000823 37.563479
9.372920 1527947240.717452 0.000093 0.000105 0.000830 37.484287
9.385415 1527947240.729947 0.000093 0.000105 0.000831 37.377534
9.397815 1527947240.742347 0.000092 0.000107 0.000822 37.405710
9.410465 1527947240.754997 0.000092 0.000107 0.000816 37.593568
9.422895 1527947240.767427 0.000093 0.000106 0.000818 38.001152
9.435594 1527947240.780126 0.000097 0.000103 0.000820 38.138458
9.447875 1527947240.792407 0.000100 0.000101 0.000827 38.006788
9.460457 1527947240.804989 0.000100 0.000102 0.000831 37.956731
9.472890 1527947240.817422 0.000099 0.000103 0.000826 37.814016
9.485957 1527947240.830489 0.000099 0.000103 0.000826 37.733358
9.498049 1527947240.842581 0.000099 0.000103 0.000822 37.672535
9.510590 1527947240.855122 0.000099 0.000103 0.000826 37.585433
9.523909 1527947240.868441 0.000099 0.000103 0.000828 37.459058
9.535959 1527947240.880491 0.000098 0.000103 0.000826 37.364062
9.548067 1527947240.892599 0.000098 0.000103 0.000826 37.382747
9.560404 1527947240.904936 0.000099 0.000103 0.000833 37.424607
9.572669 1527947240.917201 0.000099 0.000103 0.000828 37.487685
9.585376 1527947240.929908 0.000099 0.000103 0.000825 37.496975
9.597977 1527947240.942509 0.000100 0.000103 0.000823 37.498169
9.610336 1527947240.954868 0.000100 0.000103 0.000828 37.535587
9.622972 1527947240.967504 0.000099 0.000103 0.000834 37.628062
9.635362 1527947240.979894 0.000099 0.000103 0.000836 37.678904
9.648080 1527947240.992612 0.000099 0.000103 0.000825 37.531528
9.660553 1527947241.005085 0.000099 0.000103 0.000825 37.616621
9.672987 1527947241.017519 0.000099 0.000104 0.000826 37.579165
9.685502 1527947241.030034 0.000099 0.000104 0.000823 37.655046
9.697929 1527947241.042461 0.000100 0.000104 0.000824 37.678973
9.710734 1527947241.055266 0.000100 0.000104 0.000823 37.679574
9.723032 1527947241.067564 0.000100 0.000104 0.000824 37.698812
9.735402 1527947241.079934 0.000100 0.000104 0.000827 37.705602
9.749385 1527947241.093917 0.000100 0.000105 0.000826 37.642104
9.761822 1527947241.106354 0.000100 0.000104 0.000825 37.685070
9.773944 1527947241.118476 0.000100 0.000104 0.000822 37.633415
9.786714 1527947241.131246 0.000100 0.000104 0.000826 37.640564
9.798763 1527947241.143295 0.000100 0.000105 0.000823 37.664460
9.810686 1527947241.155218 0.000100 0.000105 0.000826 37.626980
9.823286 1527947241.167818 0.000100 0.000105 0.000822 37.595478
9.835969 1527947241.180501 0.000100 0.000105 0.000829 37.659628
9.848306 1527947241.192838 0.000100 0.000105 0.000829 37.653198
9.860631 1527947241.205163 0.000100 0.000105 0.000829 37.618107
9.873615 1527947241.218147 0.000100 0.000105 0.000830 37.585590
9.886656 1527947241.231188 0.000100 0.000105 0.000834 37.857575
9.899241 1527947241.243773 0.000101 0.000105 0.000826 38.571573
9.912022 1527947241.256554 0.000101 0.000106 0.000831 39.867610
9.924124 1527947241.268656 0.000099 0.000110 0.000839 41.453494
9.935979 1527947241.280511 0.000097 0.000115 0.000813 42.826833
9.948500 1527947241.293032 0.000097 0.000119 0.000801 43.497669
9.960838 1527947241.305370 0.000099 0.000121 0.000792 43.750935
9.973261 1527947241.317793 0.000099 0.000123 0.000791 43.885922
9.985897 1527947241.330429 0.000100 0.000125 0.000792 44.270597
9.998123 1527947241.342655 0.000100 0.000125 0.000786 44.584730
10.011878 1527947241.356410 0.000102 0.000125 0.000781 44.905817
10.024308 1527947241.368840 0.000104 0.000125 0.000780 44.973042
10.036887 1527947241.381419 0.000106 0.000124 0.000777 44.965493
10.049192 1527947241.393724 0.000107 0.000124 0.000773 44.918670
10.061632 1527947241.406164 0.000108 0.000123 0.000767 44.978160
10.073632 1527947241.418164 0.000109 0.000122 0.000765 44.745308
10.086898 1527947241.431430 0.000110 0.000122 0.000766 44.651052
10.099268 1527947241.443800 0.000110 0.000121 0.000766 44.341652
10.111862 1527947241.456394 0.000109 0.000121 0.000764 44.351576
10.123740 1527947241.468272 0.000110 0.000121 0.000770 44.098711
10.135701 1527947241.480233 0.000111 0.000121 0.000768 44.227786
10.148232 1527947241.492764 0.000112 0.000121 0.000763 44.585523
10.160769 1527947241.505301 0.000112 0.000123 0.000747 45.396632
10.174222 1527947241.518754 0.000111 0.000126 0.000745 46.623626
10.186657 1527947241.531189 0.000107 0.000129 0.000756 48.065980
10.198974 1527947241.543506 0.000102 0.000133 0.000774 49.716422
10.211262 1527947241.555794 0.000101 0.000141 0.000759 51.581904
10.223645 1527947241.568177 0.000100 0.000154 0.000766 53.355562
10.235824 1527947241.580356 0.000099 0.000159 0.000788 55.100835
10.248738 1527947241.593270 0.000100 0.000163 0.000800 56.527714
10.261303 1527947241.605835 0.000100 0.000168 0.000802 57.736940
10.273842 1527947241.618374 0.000099 0.000164 0.000801 59.265197
10.286202 1527947241.630734 0.000098 0.000168 0.000801 60.231418
10.298785 1527947241.643317 0.000095 0.000171 0.000802 61.375736
10.311364 1527947241.655896 0.000091 0.000178 0.000820 63.499760
10.323738 1527947241.668270 0.000088 0.000180 0.000837 65.552717
10.336170 1527947241.680702 0.000085 0.000180 0.000862 67.795838
10.348698 1527947241.693230 0.000082 0.000177 0.000891 69.943952
10.361484 1527947241.706016 0.000080 0.000175 0.000913 71.145691
10.373828 1527947241.718360 0.000079 0.000173 0.000921 72.177225
10.386701 1527947241.731233 0.000082 0.000162 0.000926 72.882227
10.398985 1527947241.743517 0.000084 0.000148 0.000917 73.621146
10.411371 1527947241.755903 0.000083 0.000141 0.000925 74.117077
10.423694 1527947241.768226 0.000083 0.000137 0.000927 74.229013
10.436510 1527947241.781042 0.000083 0.000134 0.000896 74.366353
10.449080 1527947241.793612 0.000084 0.000131 0.000876 74.317325
10.461489 1527947241.806021 0.000084 0.000129 0.000858 74.484208
10.474083 1527947241.818615 0.000084 0.000128 0.000837 74.658329
10.487653 1527947241.832185 0.000087 0.000124 0.000814 74.697616
10.498719 1527947241.843251 0.000087 0.000124 0.000810 74.719821
10.511163 1527947241.855695 0.000085 0.000124 0.000812 74.388123
10.523942 1527947241.868474 0.000085 0.000124 0.000809 73.876058
10.536374 1527947241.880906 0.000085 0.000126 0.000808 73.352688
10.548959 1527947241.893492 0.000083 0.000130 0.000825 73.495150
10.561425 1527947241.905957 0.000081 0.000130 0.000830 73.860601
10.574095 1527947241.918627 0.000084 0.000126 0.000842 73.917563
10.586455 1527947241.930987 0.000083 0.000124 0.000837 74.627879
10.598549 1527947241.943081 0.000085 0.000120 0.000839 74.632568
10.611682 1527947241.956214 0.000084 0.000119 0.000835 75.073385
10.624306 1527947241.968838 0.000083 0.000118 0.000843 75.365180
10.637310 1527947241.981842 0.000084 0.000119 0.000844 75.535833
10.649740 1527947241.994272 0.000085 0.000118 0.000843 75.391629
10.662219 1527947242.006751 0.000084 0.000117 0.000832 75.808090
10.673666 1527947242.018198 0.000084 0.000118 0.000836 75.866261
10.686121 1527947242.030653 0.000084 0.000118 0.000838 76.023792
10.698741 1527947242.043273 0.000083 0.000118 0.000838 76.018670
10.711125 1527947242.055657 0.000083 0.000118 0.000838 76.095117
10.723686 1527947242.068218 0.000084 0.000117 0.000825 75.917256
10.736092 1527947242.080624 0.000083 0.000118 0.000838 75.921838
10.748974 1527947242.093506 0.000084 0.000117 0.000834 75.569885
10.761827 1527947242.106359 0.000084 0.000118 0.000833 75.475145
10.774345 1527947242.118877 0.000083 0.000119 0.000827 75.399752
10.786137 1527947242.130669 0.000084 0.000118 0.000830 75.420594
10.798281 1527947242.142813 0.000084 0.000118 0.000819 75.123955
10.810971 1527947242.155504 0.000084 0.000119 0.000822 74.945852
10.823314 1527947242.167846 0.000083 0.000120 0.000817 74.975866
10.836864 1527947242.181396 0.000083 0.000120 0.000817 74.842504
10.849599 1527947242.194131 0.000084 0.000119 0.000815 74.710574
10.861893 1527947242.206425 0.000084 0.000119 0.000798 74.556153
10.873782 1527947242.218314 0.000085 0.000117 0.000800 74.518637
10.886174 1527947242.230706 0.000084 0.000117 0.000797 74.618809
10.898403 1527947242.242935 0.000085 0.000117 0.000806 74.546778
10.911941 1527947242.256473 0.000083 0.000117 0.000801 74.823361
10.924093 1527947242.268625 0.000082 0.000117 0.000800 75.212417
10.936162 1527947242.280694 0.000080 0.000119 0.000804 75.949827
10.948537 1527947242.293069 0.000077 0.000122 0.000821 77.275691
10.960941 1527947242.305473 0.000072 0.000130 0.000829 79.244143
10.973436 1527947242.317968 0.000070 0.000139 0.000864 81.516859
10.985781 1527947242.330313 0.000071 0.000149 0.000883 84.154647
10.999542 1527947242.344074 0.000072 0.000157 0.000903 86.993446
11.011815 1527947242.356347 0.000072 0.000164 0.000908 89.561131
11.024227 1527947242.368759 0.000071 0.000168 0.000909 92.065250
11.037290 1527947242.381822 0.000068 0.000174 0.000912 94.439288
11.049076 1527947242.393608 0.000065 0.000185 0.000871 96.617279
11.060967 1527947242.405499 0.000065 0.000197 0.000853 98.249018
11.073553 1527947242.418085 0.000068 0.000207 0.000858 100.450657
11.085805 1527947242.430337 0.000066 0.000211 0.000856 102.099950
11.098647 1527947242.443179 0.000068 0.000214 0.000877 104.009989
11.110919 1527947242.455451 0.000066 0.000217 0.000885 105.262843
11.123455 1527947242.467987 0.000066 0.000219 0.000901 106.251195
11.135975 1527947242.480507 0.000064 0.000215 0.000907 106.671289
11.148390 1527947242.492922 0.000066 0.000217 0.000924 107.962563
11.161110 1527947242.505642 0.000065 0.000211 0.000944 109.033862
11.173605 1527947242.518137 0.000068 0.000207 0.000953 110.654861
11.186671 1527947242.531204 0.000068 0.000205 0.000928 111.525419
11.199131 1527947242.543663 0.000066 0.000202 0.000928 111.950260
11.211753 1527947242.556285 0.000066 0.000200 0.000937 112.619193
11.223937 1527947242.568469 0.000066 0.000195 0.000929 113.228190
11.236485 1527947242.581017 0.000067 0.000192 0.000963 113.693297
11.248961 1527947242.593493 0.000069 0.000191 0.000937 113.866170
11.261408 1527947242.605940 0.000069 0.000189 0.000915 113.670051
11.273797 1527947242.618329 0.000070 0.000185 0.000923 113.469970
11.287061 1527947242.631593 0.000070 0.000183 0.000938 113.261105
11.299320 1527947242.643852 0.000070 0.000184 0.000929 112.942933
11.311730 1527947242.656262 0.000072 0.000186 0.000915 112.782444
11.323637 1527947242.668169 0.000070 0.000187 0.000916 112.271314
11.335841 1527947242.680373 0.000065 0.000188 0.000895 110.645172
11.348627 1527947242.693159 0.000059 0.000200 0.000859 108.199411
11.361198 1527947242.705730 0.000059 0.000212 0.000879 106.756568
11.373515 1527947242.718047 0.000062 0.000221 0.000914 105.595470
11.387033 1527947242.731565 0.000061 0.000223 0.000959 105.686405
11.399231 1527947242.743763 0.000062 0.000217 0.000984 106.530474
11.411135 1527947242.755667 0.000064 0.000212 0.001029 107.984572
11.423554 1527947242.768086 0.000067 0.000210 0.001081 109.831784
11.435861 1527947242.780393 0.000073 0.000209 0.001096 111.547157
11.449566 1527947242.794098 0.000071 0.000218 0.001078 110.811442
11.461916 1527947242.806448 0.000071 0.000235 0.001003 109.522814
11.474622 1527947242.819154 0.000068 0.000255 0.000920 107.144583
11.486839 1527947242.831371 0.000065 0.000270 0.000873 104.367513
11.499674 1527947242.844206 0.000063 0.000287 0.000860 101.907741
11.511920 1527947242.856452 0.000055 0.000303 0.000846 99.646667
11.523580 1527947242.868112 0.000055 0.000316 0.000808 97.922196
11.537185 1527947242.881717 0.000055 0.000325 0.000792 97.387363
11.549325 1527947242.893857 0.000056 0.000326 0.000787 97.129002
11.561041 1527947242.905573 0.000057 0.000320 0.000786 97.747112
11.573737 1527947242.918269 0.000057 0.000313 0.000802 98.339234
11.587131 1527947242.931663 0.000056 0.000306 0.000807 98.775014
11.599382 1527947242.943914 0.000055 0.000300 0.000807 99.332799
11.611036 1527947242.955568 0.000055 0.000290 0.000818 99.744406
11.623411 1527947242.967943 0.000056 0.000293 0.000808 99.809190
11.637046 1527947242.981578 0.000056 0.000292 0.000803 99.994887
11.649393 1527947242.993925 0.000055 0.000297 0.000810 99.574840
11.661247 1527947243.005779 0.000055 0.000296 0.000811 99.452638
11.673693 1527947243.018225 0.000055 0.000296 0.000819 99.224067
11.685758 1527947243.030290 0.000056 0.000295 0.000804 99.385912
11.699440 1527947243.043972 0.000055 0.000297 0.000820 99.258806
11.712079 1527947243.056611 0.000056 0.000298 0.000806 99.048756
11.724499 1527947243.069031 0.000055 0.000298 0.000811 99.174462
11.737326 1527947243.081858 0.000055 0.000298 0.000810 99.349728
11.749033 1527947243.093565 0.000055 0.000297 0.000806 99.209070
11.761060 1527947243.105592 0.000054 0.000297 0.000809 99.149416
11.773669 1527947243.118201 0.000055 0.000298 0.000817 99.108521
11.786261 1527947243.130793 0.000056 0.000294 0.000809 99.481743
11.798511 1527947243.143043 0.000054 0.000294 0.000806 99.429529
11.810869 1527947243.155401 0.000054 0.000293 0.000815 99.625533
11.823280 1527947243.167812 0.000054 0.000292 0.000805 99.468868
11.835473 1527947243.180005 0.000054 0.000291 0.000804 99.558623
11.848124 1527947243.192656 0.000054 0.000291 0.000804 99.694210
11.860489 1527947243.205021 0.000055 0.000287 0.000813 99.585608
11.873009 1527947243.217541 0.000056 0.000292 0.000820 100.008731
