-4.882427 1528633027.315185 0.000113 0.000139 0.000666 36.774075
-4.869894 1528633027.327718 0.000113 0.000139 0.000672 36.863717
-4.857945 1528633027.339667 0.000113 0.000139 0.000666 36.886955
-4.845356 1528633027.352256 0.000113 0.000139 0.000668 36.873232
-4.832864 1528633027.364748 0.000113 0.000139 0.000670 36.808161
-4.820782 1528633027.376830 0.000113 0.000140 0.000667 36.966174
-4.807947 1528633027.389664 0.000113 0.000140 0.000668 36.723707
-4.795656 1528633027.401956 0.000113 0.000140 0.000664 36.775446
-4.782753 1528633027.414859 0.000113 0.000140 0.000668 36.783353
-4.770071 1528633027.427541 0.000113 0.000140 0.000664 36.755010
-4.757344 1528633027.440268 0.000113 0.000141 0.000669 37.036544
-4.744976 1528633027.452636 0.000113 0.000141 0.000664 37.103034
-4.732452 1528633027.465159 0.000112 0.000141 0.000667 37.391610
-4.719875 1528633027.477736 0.000113 0.000141 0.000661 37.598970
-4.707137 1528633027.490475 0.000113 0.000142 0.000658 37.652942
-4.694961 1528633027.502650 0.000114 0.000142 0.000654 37.473744
-4.682504 1528633027.515108 0.000114 0.000142 0.000657 37.414828
-4.669929 1528633027.527683 0.000114 0.000142 0.000652 37.427078
-4.656877 1528633027.540735 0.000114 0.000142 0.000659 37.401871
-4.644763 1528633027.552849 0.000114 0.000142 0.000651 37.359104
-4.632489 1528633027.565122 0.000114 0.000143 0.000651 37.309928
-4.620665 1528633027.576946 0.000114 0.000142 0.000654 37.455616
-4.608122 1528633027.589490 0.000114 0.000142 0.000651 37.426669
-4.595876 1528633027.601735 0.000114 0.000142 0.000656 37.474880
-4.583040 1528633027.614572 0.000114 0.000142 0.000653 37.513527
-4.569677 1528633027.627935 0.000113 0.000142 0.000652 37.446899
-4.557077 1528633027.640535 0.000113 0.000142 0.000655 37.524841
-4.544848 1528633027.652764 0.000113 0.000142 0.000651 37.450122
-4.533084 1528633027.664528 0.000113 0.000142 0.000649 37.434678
-4.520955 1528633027.676657 0.000113 0.000142 0.000657 37.546106
-4.508449 1528633027.689162 0.000113 0.000142 0.000651 37.477390
-4.495547 1528633027.702065 0.000113 0.000142 0.000651 37.397922
-4.482275 1528633027.715337 0.000113 0.000142 0.000657 37.481751
-4.470031 1528633027.727580 0.000113 0.000142 0.000652 37.406900
-4.457493 1528633027.740119 0.000113 0.000142 0.000656 37.451304
-4.444841 1528633027.752771 0.000113 0.000142 0.000656 37.390785
-4.433063 1528633027.764549 0.000113 0.000142 0.000662 37.405462
-4.420431 1528633027.777181 0.000112 0.000142 0.000661 37.431230
-4.407948 1528633027.789664 0.000113 0.000143 0.000652 37.390140
-4.395551 1528633027.802061 0.000113 0.000143 0.000653 37.446010
-4.382905 1528633027.814707 0.000113 0.000142 0.000658 37.428411
-4.370055 1528633027.827557 0.000113 0.000143 0.000653 37.293436
-4.357757 1528633027.839854 0.000113 0.000142 0.000654 37.311467
-4.345311 1528633027.852300 0.000114 0.000143 0.000655 37.427090
-4.333004 1528633027.864608 0.000113 0.000142 0.000658 37.382236
-4.320144 1528633027.877467 0.000114 0.000143 0.000651 37.319518
-4.307592 1528633027.890020 0.000114 0.000142 0.000660 37.306988
-4.294950 1528633027.902662 0.000114 0.000142 0.000657 37.279646
-4.282429 1528633027.915183 0.000114 0.000142 0.000659 37.341461
-4.269692 1528633027.927920 0.000115 0.000143 0.000648 37.281322
-4.257738 1528633027.939874 0.000114 0.000142 0.000660 37.209325
-4.245256 1528633027.952356 0.000115 0.000143 0.000650 37.192388
-4.233059 1528633027.964553 0.000114 0.000142 0.000664 37.374671
-4.220562 1528633027.977050 0.000115 0.000143 0.000648 37.340177
-4.206679 1528633027.990933 0.000115 0.000144 0.000649 37.326238
-4.194628 1528633028.002984 0.000115 0.000143 0.000649 37.253663
-4.182132 1528633028.015480 0.000116 0.000143 0.000654 37.313534
-4.170470 1528633028.027142 0.000116 0.000143 0.000656 37.295313
-4.157842 1528633028.039769 0.000117 0.000144 0.000646 37.329251
-4.145292 1528633028.052320 0.000117 0.000144 0.000647 37.370910
-4.132733 1528633028.064878 0.000117 0.000144 0.000645 37.243233
-4.120274 1528633028.077338 0.000117 0.000144 0.000653 37.378599
-4.107499 1528633028.090113 0.000117 0.000144 0.000646 37.298178
-4.095245 1528633028.102367 0.000117 0.000144 0.000654 37.412576
-4.082913 1528633028.114699 0.000117 0.000144 0.000646 37.290427
-4.070085 1528633028.127527 0.000118 0.000144 0.000647 37.266400
-4.057594 1528633028.140018 0.000118 0.000144 0.000650 37.336122
-4.045385 1528633028.152227 0.000118 0.000145 0.000646 37.403198
-4.032360 1528633028.165252 0.000119 0.000145 0.000643 37.419629
-4.020451 1528633028.177161 0.000118 0.000145 0.000652 37.400360
-4.007641 1528633028.189971 0.000118 0.000145 0.000642 37.594006
-3.995039 1528633028.202572 0.000119 0.000145 0.000646 37.260803
-3.982964 1528633028.214648 0.000118 0.000145 0.000646 37.442382
-3.970164 1528633028.227448 0.000117 0.000145 0.000654 37.466769
-3.958025 1528633028.239587 0.000118 0.000146 0.000648 37.607754
-3.944746 1528633028.252866 0.000117 0.000146 0.000660 37.970694
-3.932145 1528633028.265467 0.000118 0.000146 0.000656 38.039923
-3.919785 1528633028.277827 0.000119 0.000146 0.000655 37.721624
-3.907544 1528633028.290068 0.000121 0.000147 0.000644 37.312082
-3.894963 1528633028.302649 0.000120 0.000147 0.000642 37.185656
-3.882292 1528633028.315320 0.000120 0.000147 0.000640 37.175568
-3.870025 1528633028.327586 0.000121 0.000148 0.000635 36.971491
-3.857607 1528633028.340005 0.000122 0.000148 0.000631 36.962461
-3.844853 1528633028.352759 0.000121 0.000148 0.000631 36.922432
-3.832787 1528633028.364825 0.000121 0.000148 0.000637 37.058986
-3.819331 1528633028.378280 0.000120 0.000147 0.000637 37.117746
-3.807358 1528633028.390254 0.000120 0.000147 0.000648 37.244619
-3.795494 1528633028.402117 0.000121 0.000148 0.000633 37.026911
-3.782419 1528633028.415193 0.000121 0.000148 0.000630 36.942768
-3.769969 1528633028.427643 0.000120 0.000147 0.000635 36.977646
-3.757517 1528633028.440095 0.000119 0.000147 0.000651 37.122086
-3.745405 1528633028.452206 0.000120 0.000148 0.000634 36.997086
-3.733003 1528633028.464609 0.000120 0.000147 0.000636 36.878631
-3.719745 1528633028.477867 0.000119 0.000147 0.000640 36.964414
-3.706667 1528633028.490945 0.000119 0.000147 0.000636 36.886544
-3.694746 1528633028.502866 0.000119 0.000147 0.000641 36.989357
-3.682913 1528633028.514699 0.000120 0.000147 0.000628 36.771798
-3.670613 1528633028.526999 0.000120 0.000148 0.000631 36.908032
-3.658009 1528633028.539603 0.000119 0.000147 0.000643 36.961170
-3.645612 1528633028.551999 0.000119 0.000147 0.000645 37.041640
-3.633292 1528633028.564319 0.000119 0.000147 0.000638 37.022628
-3.620612 1528633028.577000 0.000119 0.000147 0.000635 36.903451
-3.608133 1528633028.589478 0.000119 0.000147 0.000633 36.877434
-3.595536 1528633028.602076 0.000118 0.000146 0.000650 36.997236
-3.583134 1528633028.614478 0.000119 0.000146 0.000642 36.924634
-3.570616 1528633028.626996 0.000119 0.000146 0.000632 36.727665
-3.557029 1528633028.640582 0.000118 0.000147 0.000632 36.737441
-3.544650 1528633028.652962 0.000118 0.000146 0.000638 36.752433
-3.532106 1528633028.665505 0.000120 0.000146 0.000628 36.500472
-3.519601 1528633028.678011 0.000119 0.000147 0.000624 36.071629
-3.507209 1528633028.690403 0.000115 0.000145 0.000643 36.302011
-3.494632 1528633028.702980 0.000113 0.000144 0.000653 36.533407
-3.481968 1528633028.715643 0.000112 0.000144 0.000657 36.791351
-3.469753 1528633028.727859 0.000111 0.000144 0.000660 37.037342
-3.457988 1528633028.739624 0.000111 0.000144 0.000662 37.112228
-3.445363 1528633028.752249 0.000111 0.000143 0.000668 37.285975
-3.432668 1528633028.764944 0.000111 0.000144 0.000663 37.161196
-3.420473 1528633028.777139 0.000111 0.000144 0.000660 37.092368
-3.407620 1528633028.789992 0.000111 0.000143 0.000662 37.010506
-3.395687 1528633028.801924 0.000111 0.000142 0.000671 37.102611
-3.381347 1528633028.816265 0.000111 0.000143 0.000662 36.926779
-3.369028 1528633028.828583 0.000111 0.000143 0.000660 36.860282
-3.356932 1528633028.840680 0.000111 0.000143 0.000658 36.829916
-3.344718 1528633028.852894 0.000110 0.000142 0.000670 37.077506
-3.331876 1528633028.865736 0.000111 0.000142 0.000665 36.943611
-3.319231 1528633028.878381 0.000111 0.000142 0.000661 36.875393
-3.307152 1528633028.890460 0.000111 0.000142 0.000660 36.717818
-3.294481 1528633028.903131 0.000110 0.000141 0.000674 36.865468
-3.282890 1528633028.914722 0.000111 0.000142 0.000658 36.721701
-3.270357 1528633028.927254 0.000112 0.000142 0.000656 36.694473
-3.258065 1528633028.939546 0.000111 0.000142 0.000661 36.801922
-3.245688 1528633028.951924 0.000111 0.000141 0.000664 36.589306
-3.233072 1528633028.964540 0.000111 0.000142 0.000659 36.762140
-3.220043 1528633028.977568 0.000111 0.000142 0.000662 36.542676
-3.207687 1528633028.989925 0.000111 0.000142 0.000663 36.836236
-3.194453 1528633029.003158 0.000112 0.000142 0.000658 36.735626
-3.181245 1528633029.016367 0.000112 0.000142 0.000661 36.608101
-3.169635 1528633029.027977 0.000112 0.000141 0.000666 36.647531
-3.157286 1528633029.040326 0.000112 0.000142 0.000661 36.698394
-3.145560 1528633029.052052 0.000112 0.000142 0.000655 36.638803
-3.132490 1528633029.065121 0.000112 0.000142 0.000660 36.643090
-3.120084 1528633029.077528 0.000112 0.000142 0.000660 36.546276
-3.107784 1528633029.089828 0.000113 0.000142 0.000661 36.798942
-3.095315 1528633029.102297 0.000113 0.000142 0.000657 36.706969
-3.082875 1528633029.114737 0.000112 0.000142 0.000664 36.722655
-3.070486 1528633029.127126 0.000113 0.000142 0.000662 36.642513
-3.057742 1528633029.139869 0.000113 0.000142 0.000666 36.662968
-3.045285 1528633029.152327 0.000113 0.000142 0.000660 36.739721
-3.032667 1528633029.164945 0.000113 0.000142 0.000663 36.734515
-3.018883 1528633029.178729 0.000113 0.000143 0.000654 36.624723
-3.007789 1528633029.189823 0.000113 0.000141 0.000667 36.709313
-2.995312 1528633029.202299 0.000114 0.000142 0.000658 36.658933
-2.982687 1528633029.214925 0.000113 0.000141 0.000666 36.691172
-2.970087 1528633029.227525 0.000114 0.000142 0.000660 36.603338
-2.957618 1528633029.239994 0.000114 0.000142 0.000659 36.650515
-2.944323 1528633029.253289 0.000114 0.000142 0.000656 36.614132
-2.931868 1528633029.265743 0.000113 0.000142 0.000658 36.524821
-2.919466 1528633029.278146 0.000112 0.000141 0.000666 36.571173
-2.907294 1528633029.290318 0.000113 0.000142 0.000658 36.638647
-2.895550 1528633029.302061 0.000113 0.000141 0.000661 36.629022
-2.882833 1528633029.314779 0.000113 0.000142 0.000658 36.627958
-2.870282 1528633029.327329 0.000113 0.000142 0.000659 36.783441
-2.856827 1528633029.340785 0.000113 0.000142 0.000658 36.601233
-2.844198 1528633029.353414 0.000112 0.000141 0.000670 36.477877
-2.831818 1528633029.365793 0.000113 0.000142 0.000657 36.540056
-2.819298 1528633029.378314 0.000112 0.000141 0.000670 36.703352
-2.806885 1528633029.390727 0.000113 0.000141 0.000659 36.509477
-2.794490 1528633029.403121 0.000112 0.000141 0.000667 36.525856
-2.782453 1528633029.415159 0.000111 0.000141 0.000673 36.540206
-2.769969 1528633029.427642 0.000109 0.000142 0.000679 36.762862
-2.757864 1528633029.439748 0.000109 0.000141 0.000688 37.100688
-2.745351 1528633029.452260 0.000109 0.000142 0.000681 37.196405
-2.732918 1528633029.464694 0.000109 0.000141 0.000688 37.128603
-2.720283 1528633029.477329 0.000108 0.000140 0.000700 37.422435
-2.707904 1528633029.489707 0.000108 0.000141 0.000690 37.274545
-2.695239 1528633029.502373 0.000109 0.000140 0.000690 37.239889
-2.682808 1528633029.514804 0.000108 0.000140 0.000692 37.318250
-2.669271 1528633029.528340 0.000108 0.000141 0.000691 37.430987
-2.656964 1528633029.540648 0.000108 0.000141 0.000686 37.240516
-2.644684 1528633029.552927 0.000108 0.000140 0.000689 37.284019
-2.633191 1528633029.564421 0.000108 0.000140 0.000689 37.326075
-2.620438 1528633029.577174 0.000107 0.000140 0.000692 37.324574
-2.607181 1528633029.590431 0.000108 0.000140 0.000684 37.195240
-2.594509 1528633029.603103 0.000107 0.000140 0.000688 37.179362
-2.582912 1528633029.614700 0.000108 0.000141 0.000684 37.133372
-2.570739 1528633029.626873 0.000107 0.000140 0.000685 37.220788
-2.558200 1528633029.639412 0.000108 0.000140 0.000686 37.211995
-2.545156 1528633029.652456 0.000107 0.000139 0.000701 37.353618
-2.532728 1528633029.664884 0.000108 0.000140 0.000686 37.260316
-2.520692 1528633029.676920 0.000107 0.000140 0.000692 37.173302
-2.507787 1528633029.689825 0.000107 0.000141 0.000682 37.202597
-2.495826 1528633029.701786 0.000107 0.000140 0.000686 37.161820
-2.483293 1528633029.714319 0.000108 0.000140 0.000683 37.102281
-2.469713 1528633029.727898 0.000107 0.000139 0.000698 37.231860
-2.457280 1528633029.740331 0.000107 0.000140 0.000687 37.156963
-2.444623 1528633029.752989 0.000107 0.000140 0.000688 37.088583
-2.431668 1528633029.765944 0.000107 0.000139 0.000693 37.214299
-2.420115 1528633029.777496 0.000106 0.000139 0.000704 37.048772
-2.407900 1528633029.789712 0.000107 0.000140 0.000687 37.117053
-2.395362 1528633029.802249 0.000107 0.000140 0.000692 37.109577
-2.381786 1528633029.815826 0.000107 0.000140 0.000692 36.997789
-2.369140 1528633029.828472 0.000107 0.000140 0.000691 37.051108
-2.356784 1528633029.840828 0.000108 0.000140 0.000686 37.013714
-2.344420 1528633029.853191 0.000106 0.000140 0.000700 37.226075
-2.332061 1528633029.865551 0.000107 0.000140 0.000691 37.093403
-2.319438 1528633029.878173 0.000107 0.000140 0.000691 37.002300
-2.306414 1528633029.891197 0.000107 0.000140 0.000698 37.095860
-2.295300 1528633029.902312 0.000108 0.000140 0.000690 36.925114
-2.282927 1528633029.914685 0.000107 0.000140 0.000692 37.038638
-2.270590 1528633029.927022 0.000108 0.000140 0.000687 36.886794
-2.257694 1528633029.939918 0.000111 0.000140 0.000669 36.791236
-2.245357 1528633029.952255 0.000111 0.000139 0.000682 36.610076
-2.232974 1528633029.964638 0.000110 0.000140 0.000677 36.553653
-2.220440 1528633029.977172 0.000111 0.000140 0.000675 36.502975
-2.208085 1528633029.989527 0.000110 0.000140 0.000684 36.555991
-2.195349 1528633030.002263 0.000110 0.000140 0.000676 36.595057
-2.181590 1528633030.016022 0.000110 0.000140 0.000679 36.705801
-2.169226 1528633030.028386 0.000110 0.000140 0.000674 36.552513
-2.156635 1528633030.040977 0.000110 0.000139 0.000687 36.574704
-2.144642 1528633030.052970 0.000110 0.000139 0.000684 36.495832
-2.132009 1528633030.065603 0.000110 0.000139 0.000688 36.510414
-2.118866 1528633030.078745 0.000110 0.000139 0.000685 36.517095
-2.106752 1528633030.090860 0.000110 0.000139 0.000688 36.734181
-2.094319 1528633030.103293 0.000110 0.000139 0.000688 36.581313
-2.082400 1528633030.115212 0.000110 0.000139 0.000675 36.491365
-2.070061 1528633030.127551 0.000110 0.000139 0.000684 36.634037
-2.057886 1528633030.139726 0.000110 0.000139 0.000677 36.381775
-2.044283 1528633030.153329 0.000110 0.000139 0.000681 36.630423
-2.031697 1528633030.165915 0.000111 0.000140 0.000673 36.462383
-2.019211 1528633030.178401 0.000111 0.000140 0.000667 36.530293
-2.006743 1528633030.190869 0.000110 0.000139 0.000681 36.585496
-1.995314 1528633030.202298 0.000111 0.000139 0.000676 36.379785
-1.982591 1528633030.215021 0.000110 0.000139 0.000682 36.515202
-1.970071 1528633030.227540 0.000111 0.000140 0.000675 36.438416
-1.957247 1528633030.240365 0.000111 0.000140 0.000672 36.379782
-1.944498 1528633030.253114 0.000111 0.000140 0.000668 36.393596
-1.932450 1528633030.265162 0.000110 0.000139 0.000682 36.475539
-1.919670 1528633030.277942 0.000110 0.000139 0.000682 36.319184
-1.907427 1528633030.290185 0.000111 0.000140 0.000674 36.329032
-1.894690 1528633030.302922 0.000111 0.000140 0.000677 36.403581
-1.882088 1528633030.315524 0.000111 0.000140 0.000677 36.424216
-1.869642 1528633030.327970 0.000112 0.000140 0.000668 36.422374
-1.856877 1528633030.340735 0.000112 0.000140 0.000674 36.320309
-1.844236 1528633030.353376 0.000112 0.000140 0.000671 36.401311
-1.831436 1528633030.366176 0.000112 0.000140 0.000673 36.276119
-1.819590 1528633030.378021 0.000112 0.000140 0.000670 36.332313
-1.808103 1528633030.389509 0.000113 0.000140 0.000671 36.403759
-1.795052 1528633030.402560 0.000112 0.000141 0.000672 36.388035
-1.782653 1528633030.414959 0.000112 0.000140 0.000674 36.464097
-1.768490 1528633030.429122 0.000113 0.000141 0.000671 36.428395
-1.756457 1528633030.441155 0.000114 0.000142 0.000655 36.431209
-1.744124 1528633030.453488 0.000111 0.000142 0.000670 36.757651
-1.732533 1528633030.465079 0.000110 0.000140 0.000687 36.827192
-1.720329 1528633030.477283 0.000111 0.000140 0.000687 36.785238
-1.707904 1528633030.489708 0.000110 0.000139 0.000698 36.944924
-1.695216 1528633030.502395 0.000110 0.000140 0.000688 36.891589
-1.682913 1528633030.514699 0.000110 0.000139 0.000695 37.028878
-1.670340 1528633030.527272 0.000110 0.000139 0.000694 37.039484
-1.656240 1528633030.541371 0.000110 0.000139 0.000695 37.035135
-1.645061 1528633030.552551 0.000109 0.000139 0.000701 37.179781
-1.632695 1528633030.564917 0.000109 0.000139 0.000693 37.086515
-1.620056 1528633030.577556 0.000109 0.000139 0.000688 36.917924
-1.607667 1528633030.589944 0.000109 0.000139 0.000693 37.005721
-1.594575 1528633030.603037 0.000109 0.000139 0.000686 36.947407
-1.582020 1528633030.615592 0.000108 0.000138 0.000697 36.991234
-1.569437 1528633030.628175 0.000108 0.000139 0.000690 36.901456
-1.556515 1528633030.641097 0.000108 0.000139 0.000689 36.846407
-1.544888 1528633030.652724 0.000108 0.000139 0.000689 36.799529
-1.532616 1528633030.664995 0.000107 0.000137 0.000703 36.929027
-1.519579 1528633030.678033 0.000107 0.000138 0.000691 36.927178
-1.507373 1528633030.690238 0.000108 0.000138 0.000685 36.673086
-1.494220 1528633030.703392 0.000107 0.000138 0.000695 36.572888
-1.481941 1528633030.715670 0.000108 0.000138 0.000686 36.636477
-1.469896 1528633030.727716 0.000107 0.000138 0.000693 36.721585
-1.457648 1528633030.739964 0.000107 0.000138 0.000686 36.467597
-1.444649 1528633030.752963 0.000107 0.000138 0.000694 36.627988
-1.432570 1528633030.765041 0.000107 0.000138 0.000693 36.627107
-1.420046 1528633030.777565 0.000106 0.000138 0.000698 36.680025
-1.407619 1528633030.789993 0.000107 0.000139 0.000693 36.717601
-1.394941 1528633030.802670 0.000107 0.000138 0.000694 36.838288
-1.382412 1528633030.815199 0.000107 0.000138 0.000697 36.610515
-1.369815 1528633030.827796 0.000107 0.000138 0.000693 36.607461
-1.357208 1528633030.840403 0.000107 0.000138 0.000695 36.579237
-1.344893 1528633030.852719 0.000107 0.000137 0.000703 36.649778
-1.332210 1528633030.865402 0.000108 0.000138 0.000690 36.622942
-1.319098 1528633030.878514 0.000108 0.000138 0.000690 36.821930
-1.307183 1528633030.890429 0.000108 0.000139 0.000690 36.656118
-1.294515 1528633030.903096 0.000107 0.000138 0.000702 36.808645
-1.282353 1528633030.915258 0.000108 0.000139 0.000691 36.642733
-1.270243 1528633030.927368 0.000108 0.000138 0.000693 36.706600
-1.257909 1528633030.939703 0.000108 0.000139 0.000691 36.677344
-1.244902 1528633030.952710 0.000108 0.000138 0.000694 36.745118
-1.232425 1528633030.965187 0.000108 0.000138 0.000691 36.658408
-1.219579 1528633030.978033 0.000107 0.000138 0.000697 36.688809
-1.207724 1528633030.989888 0.000109 0.000139 0.000681 36.667471
-1.195119 1528633031.002493 0.000111 0.000138 0.000673 36.505099
-1.182478 1528633031.015134 0.000110 0.000138 0.000675 36.572764
-1.169190 1528633031.028422 0.000110 0.000140 0.000668 36.393046
-1.156312 1528633031.041300 0.000111 0.000139 0.000674 36.434044
-1.143965 1528633031.053647 0.000111 0.000139 0.000677 36.339072
-1.132427 1528633031.065184 0.000110 0.000139 0.000671 36.420377
-1.120138 1528633031.077473 0.000112 0.000140 0.000664 36.127007
-1.107744 1528633031.089868 0.000111 0.000138 0.000678 36.507240
-1.095266 1528633031.102345 0.000111 0.000138 0.000670 36.343260
-1.082719 1528633031.114892 0.000111 0.000139 0.000667 36.302867
-1.070196 1528633031.127416 0.000111 0.000138 0.000673 36.376431
-1.057651 1528633031.139961 0.000111 0.000139 0.000670 36.402969
-1.045167 1528633031.152444 0.000111 0.000139 0.000662 36.258786
-1.032699 1528633031.164913 0.000111 0.000138 0.000672 36.370412
-1.019386 1528633031.178226 0.000111 0.000138 0.000670 36.176439
-1.006184 1528633031.191428 0.000110 0.000137 0.000674 36.171022
-0.994184 1528633031.203427 0.000111 0.000138 0.000667 35.869351
-0.981233 1528633031.216379 0.000111 0.000138 0.000665 36.097955
-0.967359 1528633031.230253 0.000111 0.000138 0.000666 36.077570
-0.956183 1528633031.241429 0.000111 0.000138 0.000659 35.970063
-0.944583 1528633031.253029 0.000111 0.000138 0.000661 35.908904
-0.932623 1528633031.264989 0.000110 0.000137 0.000671 36.012328
-0.920176 1528633031.277436 0.000110 0.000138 0.000666 36.068874
-0.908073 1528633031.289539 0.000111 0.000138 0.000661 35.923139
-0.895387 1528633031.302225 0.000111 0.000139 0.000658 35.865543
-0.882841 1528633031.314770 0.000111 0.000139 0.000652 36.132823
-0.870237 1528633031.327374 0.000108 0.000139 0.000661 36.620534
-0.857024 1528633031.340588 0.000106 0.000138 0.000672 36.895037
-0.844123 1528633031.353488 0.000107 0.000137 0.000681 37.169229
-0.831564 1528633031.366048 0.000107 0.000137 0.000675 37.101761
-0.819321 1528633031.378291 0.000106 0.000137 0.000680 37.375526
-0.806696 1528633031.390916 0.000107 0.000137 0.000678 37.119322
-0.794871 1528633031.402741 0.000106 0.000137 0.000680 37.485014
-0.782763 1528633031.414849 0.000106 0.000137 0.000684 37.438040
-0.770132 1528633031.427480 0.000107 0.000137 0.000677 37.444326
-0.757813 1528633031.439799 0.000106 0.000137 0.000685 37.387327
-0.745489 1528633031.452123 0.000106 0.000136 0.000683 37.311648
-0.731772 1528633031.465840 0.000106 0.000136 0.000687 37.375045
-0.719170 1528633031.478442 0.000107 0.000136 0.000681 37.114142
-0.706256 1528633031.491356 0.000106 0.000136 0.000695 37.393849
-0.694315 1528633031.503296 0.000106 0.000135 0.000693 37.296693
-0.682535 1528633031.515076 0.000106 0.000136 0.000684 37.002671
-0.670066 1528633031.527545 0.000106 0.000136 0.000681 37.032147
-0.657531 1528633031.540081 0.000105 0.000135 0.000691 37.217422
-0.645111 1528633031.552501 0.000105 0.000135 0.000691 37.084562
-0.632580 1528633031.565032 0.000106 0.000136 0.000678 36.950768
-0.620244 1528633031.577368 0.000106 0.000136 0.000676 37.053198
-0.606927 1528633031.590685 0.000105 0.000136 0.000679 36.998101
-0.593997 1528633031.603615 0.000105 0.000136 0.000676 37.015940
-0.581767 1528633031.615845 0.000105 0.000136 0.000676 37.034631
-0.568749 1528633031.628863 0.000105 0.000136 0.000676 37.081721
-0.557261 1528633031.640351 0.000105 0.000135 0.000682 37.005098
-0.544976 1528633031.652636 0.000105 0.000135 0.000682 36.792734
-0.532304 1528633031.665308 0.000104 0.000135 0.000686 37.117950
-0.519963 1528633031.677649 0.000105 0.000135 0.000681 36.904300
-0.507658 1528633031.689954 0.000104 0.000135 0.000689 36.967674
-0.494518 1528633031.703094 0.000104 0.000135 0.000687 36.880126
-0.482209 1528633031.715403 0.000104 0.000135 0.000698 37.085124
-0.470262 1528633031.727350 0.000104 0.000135 0.000687 36.880334
-0.457649 1528633031.739962 0.000105 0.000135 0.000680 36.820817
-0.445227 1528633031.752385 0.000105 0.000135 0.000685 36.824951
-0.432328 1528633031.765283 0.000105 0.000136 0.000678 36.833508
-0.419768 1528633031.777844 0.000104 0.000135 0.000695 36.960471
-0.407514 1528633031.790097 0.000105 0.000135 0.000685 37.045505
-0.395200 1528633031.802412 0.000104 0.000135 0.000688 37.113048
-0.382636 1528633031.814976 0.000104 0.000135 0.000691 37.062276
-0.370040 1528633031.827571 0.000105 0.000136 0.000683 36.973775
-0.357377 1528633031.840235 0.000104 0.000135 0.000693 37.086142
-0.345179 1528633031.852433 0.000105 0.000135 0.000691 36.922995
-0.332527 1528633031.865084 0.000105 0.000136 0.000684 37.051962
-0.320089 1528633031.877523 0.000105 0.000136 0.000686 37.051985
-0.307566 1528633031.890046 0.000106 0.000136 0.000686 36.813922
-0.295200 1528633031.902412 0.000106 0.000136 0.000682 37.050325
-0.282595 1528633031.915017 0.000108 0.000135 0.000679 36.932051
-0.270139 1528633031.927472 0.000107 0.000136 0.000680 36.938411
-0.257473 1528633031.940139 0.000106 0.000136 0.000676 36.695458
-0.244006 1528633031.953606 0.000105 0.000136 0.000683 37.002623
-0.231244 1528633031.966368 0.000105 0.000136 0.000676 36.971242
-0.219149 1528633031.978463 0.000105 0.000136 0.000680 36.929622
-0.206545 1528633031.991066 0.000106 0.000136 0.000678 37.005199
-0.194023 1528633032.003589 0.000106 0.000136 0.000675 36.914469
-0.181591 1528633032.016021 0.000105 0.000136 0.000682 36.929620
-0.169247 1528633032.028364 0.000105 0.000136 0.000680 36.901542
-0.156945 1528633032.040666 0.000105 0.000136 0.000682 36.988309
-0.144835 1528633032.052776 0.000105 0.000136 0.000681 36.985214
-0.132571 1528633032.065041 0.000105 0.000136 0.000682 36.695724
-0.119940 1528633032.077672 0.000106 0.000136 0.000676 36.858812
-0.107282 1528633032.090330 0.000106 0.000136 0.000675 36.527423
-0.094899 1528633032.102713 0.000106 0.000136 0.000675 36.621736
-0.082611 1528633032.115001 0.000105 0.000135 0.000680 36.729973
-0.069955 1528633032.127657 0.000105 0.000135 0.000679 36.702017
-0.057447 1528633032.140165 0.000105 0.000135 0.000683 36.841818
-0.044896 1528633032.152716 0.000105 0.000135 0.000672 36.673306
-0.031974 1528633032.165638 0.000106 0.000136 0.000672 36.709558
-0.019509 1528633032.178103 0.000105 0.000136 0.000671 36.608530
-0.007442 1528633032.190170 0.000106 0.000135 0.000680 36.542740
0.005008 1528633032.202619 0.000106 0.000135 0.000678 36.803174
0.018156 1528633032.215768 0.000106 0.000135 0.000677 36.543342
0.030705 1528633032.228317 0.000106 0.000135 0.000679 36.566818
0.043145 1528633032.240757 0.000106 0.000136 0.000671 36.621085
0.056142 1528633032.253754 0.000106 0.000136 0.000675 36.552275
0.068002 1528633032.265614 0.000107 0.000136 0.000670 36.706021
0.080610 1528633032.278221 0.000107 0.000135 0.000677 36.599832
0.092996 1528633032.290607 0.000107 0.000135 0.000675 36.511875
0.105714 1528633032.303326 0.000106 0.000135 0.000682 36.719416
0.118106 1528633032.315718 0.000107 0.000135 0.000672 36.630325
0.130806 1528633032.328418 0.000107 0.000136 0.000671 36.646438
0.143131 1528633032.340743 0.000107 0.000135 0.000674 36.586946
0.155730 1528633032.353342 0.000108 0.000136 0.000672 36.674199
0.168035 1528633032.365646 0.000108 0.000136 0.000672 36.809048
0.180572 1528633032.378184 0.000109 0.000135 0.000666 36.523048
0.192882 1528633032.390494 0.000109 0.000135 0.000672 36.904296
0.205363 1528633032.402975 0.000110 0.000136 0.000669 36.881502
0.217880 1528633032.415492 0.000108 0.000137 0.000657 37.868190
0.230988 1528633032.428600 0.000105 0.000140 0.000631 39.717016
0.243465 1528633032.441077 0.000103 0.000143 0.000620 41.621263
0.256002 1528633032.453614 0.000103 0.000147 0.000612 43.577234
0.267988 1528633032.465600 0.000104 0.000153 0.000616 45.363698
0.280000 1528633032.477612 0.000107 0.000161 0.000627 46.802284
0.292654 1528633032.490265 0.000109 0.000172 0.000621 48.410150
0.305081 1528633032.502693 0.000113 0.000181 0.000618 49.131128
0.317840 1528633032.515452 0.000113 0.000191 0.000644 50.633524
0.330226 1528633032.527838 0.000117 0.000204 0.000646 51.863851
0.342936 1528633032.540548 0.000120 0.000215 0.000650 53.862873
0.355145 1528633032.552757 0.000123 0.000225 0.000660 56.174098
0.367751 1528633032.565363 0.000125 0.000230 0.000661 59.127257
0.380100 1528633032.577711 0.000123 0.000246 0.000651 63.517509
0.392710 1528633032.590322 0.000120 0.000254 0.000657 67.697943
0.405162 1528633032.602774 0.000116 0.000265 0.000669 71.608639
0.418012 1528633032.615624 0.000115 0.000271 0.000691 75.355326
0.430778 1528633032.628390 0.000117 0.000262 0.000666 79.079122
0.443387 1528633032.640998 0.000122 0.000248 0.000650 82.420257
0.455791 1528633032.653402 0.000125 0.000241 0.000645 85.679875
0.468423 1528633032.666035 0.000125 0.000239 0.000653 88.568748
0.480549 1528633032.678161 0.000128 0.000237 0.000646 91.057233
0.493683 1528633032.691295 0.000131 0.000233 0.000625 93.369780
0.505703 1528633032.703315 0.000132 0.000232 0.000616 95.158869
0.518362 1528633032.715974 0.000134 0.000229 0.000602 97.270979
0.530531 1528633032.728142 0.000137 0.000225 0.000592 99.052604
0.543141 1528633032.740753 0.000140 0.000222 0.000594 100.499312
0.555816 1528633032.753428 0.000140 0.000219 0.000597 101.411322
0.568461 1528633032.766073 0.000140 0.000218 0.000598 102.222269
0.580973 1528633032.778585 0.000141 0.000213 0.000606 103.130873
0.593466 1528633032.791078 0.000141 0.000208 0.000602 103.836380
0.606102 1528633032.803714 0.000144 0.000207 0.000609 104.668475
0.618498 1528633032.816110 0.000142 0.000205 0.000611 105.608729
0.630394 1528633032.828005 0.000143 0.000204 0.000611 106.191080
0.643132 1528633032.840744 0.000144 0.000203 0.000615 106.798840
0.655875 1528633032.853487 0.000148 0.000202 0.000608 107.399300
0.668358 1528633032.865970 0.000147 0.000201 0.000620 108.073931
0.680560 1528633032.878171 0.000149 0.000201 0.000616 108.611124
0.692957 1528633032.890569 0.000149 0.000199 0.000620 109.528885
0.704871 1528633032.902483 0.000150 0.000199 0.000615 109.926478
0.717819 1528633032.915431 0.000152 0.000199 0.000616 110.704890
0.731385 1528633032.928997 0.000152 0.000198 0.000617 111.325810
0.744325 1528633032.941937 0.000152 0.000198 0.000623 111.640243
0.756094 1528633032.953706 0.000154 0.000198 0.000621 111.989585
0.768769 1528633032.966380 0.000155 0.000197 0.000618 112.426218
0.781216 1528633032.978827 0.000156 0.000197 0.000613 112.256258
0.793044 1528633032.990656 0.000156 0.000197 0.000617 112.171702
0.805133 1528633033.002745 0.000156 0.000196 0.000611 112.113510
0.817325 1528633033.014937 0.000156 0.000196 0.000617 111.948972
0.829862 1528633033.027473 0.000158 0.000195 0.000616 112.049380
0.843859 1528633033.041471 0.000155 0.000195 0.000621 111.957124
0.854792 1528633033.052404 0.000156 0.000194 0.000623 111.882588
0.867351 1528633033.064962 0.000156 0.000195 0.000617 111.820369
0.879793 1528633033.077404 0.000156 0.000195 0.000618 111.882561
0.892377 1528633033.089989 0.000159 0.000195 0.000618 112.027567
0.906812 1528633033.104424 0.000160 0.000195 0.000617 111.934721
0.919288 1528633033.116900 0.000159 0.000195 0.000613 112.231459
0.931119 1528633033.128731 0.000160 0.000197 0.000625 112.170365
0.943648 1528633033.141259 0.000162 0.000196 0.000614 112.245304
0.956866 1528633033.154478 0.000161 0.000197 0.000613 112.223147
0.968739 1528633033.166351 0.000161 0.000196 0.000622 112.452507
0.980540 1528633033.178151 0.000162 0.000196 0.000622 112.823736
0.992612 1528633033.190223 0.000164 0.000196 0.000621 112.938163
1.005051 1528633033.202663 0.000164 0.000197 0.000620 113.131348
1.017423 1528633033.215035 0.000165 0.000197 0.000610 113.164758
1.029877 1528633033.227489 0.000164 0.000196 0.000632 113.409564
1.042478 1528633033.240090 0.000164 0.000197 0.000626 113.412071
1.055009 1528633033.252621 0.000164 0.000197 0.000628 113.417850
1.067794 1528633033.265406 0.000166 0.000196 0.000630 113.489024
1.080871 1528633033.278482 0.000166 0.000196 0.000617 113.360068
1.093242 1528633033.290854 0.000167 0.000197 0.000617 113.191491
1.105718 1528633033.303329 0.000167 0.000196 0.000624 113.386639
1.118985 1528633033.316597 0.000167 0.000197 0.000625 113.236266
1.130616 1528633033.328228 0.000168 0.000197 0.000618 113.199948
1.143131 1528633033.340743 0.000167 0.000197 0.000623 113.287316
1.155614 1528633033.353226 0.000168 0.000198 0.000623 113.230715
1.168060 1528633033.365671 0.000169 0.000196 0.000620 113.418033
1.180576 1528633033.378187 0.000169 0.000196 0.000617 113.646230
1.193288 1528633033.390900 0.000168 0.000196 0.000622 113.385417
1.205579 1528633033.403190 0.000168 0.000197 0.000626 113.191367
1.217988 1528633033.415600 0.000169 0.000196 0.000616 113.364885
1.230345 1528633033.427956 0.000168 0.000194 0.000622 113.293657
1.242933 1528633033.440544 0.000170 0.000195 0.000624 113.503068
1.255468 1528633033.453080 0.000170 0.000194 0.000621 113.334578
1.268092 1528633033.465704 0.000169 0.000195 0.000624 113.368972
1.280738 1528633033.478350 0.000168 0.000195 0.000627 113.248805
1.293338 1528633033.490949 0.000170 0.000194 0.000612 113.473581
1.305456 1528633033.503067 0.000169 0.000194 0.000629 113.413045
1.318002 1528633033.515614 0.000170 0.000195 0.000623 113.323905
1.330232 1528633033.527844 0.000169 0.000195 0.000620 113.358677
1.342715 1528633033.540326 0.000168 0.000195 0.000625 113.127699
1.355244 1528633033.552856 0.000168 0.000194 0.000621 113.189381
1.368067 1528633033.565679 0.000168 0.000194 0.000625 113.128053
1.380274 1528633033.577885 0.000169 0.000194 0.000620 113.103337
1.394287 1528633033.591899 0.000169 0.000194 0.000613 112.978073
1.406167 1528633033.603779 0.000168 0.000194 0.000621 112.901472
1.417966 1528633033.615577 0.000169 0.000194 0.000621 113.044688
1.430282 1528633033.627894 0.000168 0.000194 0.000616 112.841897
1.442645 1528633033.640257 0.000168 0.000195 0.000617 112.879082
1.455262 1528633033.652874 0.000167 0.000196 0.000642 112.809396
1.468065 1528633033.665677 0.000167 0.000195 0.000643 112.810221
1.480152 1528633033.677764 0.000167 0.000193 0.000648 112.898827
1.492482 1528633033.690094 0.000166 0.000195 0.000638 112.783379
1.505072 1528633033.702684 0.000167 0.000196 0.000632 112.753790
1.517697 1528633033.715309 0.000167 0.000194 0.000638 112.734296
1.530219 1528633033.727831 0.000166 0.000195 0.000637 112.777899
1.542990 1528633033.740602 0.000166 0.000195 0.000637 112.629203
1.555585 1528633033.753197 0.000167 0.000195 0.000636 112.653367
1.568096 1528633033.765708 0.000167 0.000195 0.000639 112.886650
1.580231 1528633033.777843 0.000167 0.000194 0.000636 112.919386
1.593155 1528633033.790767 0.000166 0.000194 0.000638 112.641748
1.605466 1528633033.803078 0.000166 0.000194 0.000642 112.792142
1.618068 1528633033.815680 0.000167 0.000195 0.000641 112.711198
1.630523 1528633033.828135 0.000167 0.000194 0.000638 112.956198
1.643312 1528633033.840924 0.000167 0.000194 0.000653 112.971111
1.655639 1528633033.853251 0.000166 0.000193 0.000654 112.995526
1.668272 1528633033.865884 0.000166 0.000194 0.000638 113.022234
1.680906 1528633033.878518 0.000166 0.000194 0.000651 113.030824
1.693362 1528633033.890974 0.000166 0.000194 0.000649 112.981713
1.705626 1528633033.903237 0.000166 0.000193 0.000647 113.074788
1.718106 1528633033.915718 0.000166 0.000194 0.000643 113.041372
1.730323 1528633033.927935 0.000166 0.000195 0.000650 113.158871
1.743278 1528633033.940889 0.000166 0.000195 0.000646 113.040170
1.755449 1528633033.953061 0.000165 0.000194 0.000656 112.811109
1.767756 1528633033.965368 0.000165 0.000193 0.000653 112.892807
1.781063 1528633033.978674 0.000166 0.000194 0.000647 112.988590
1.793715 1528633033.991327 0.000166 0.000194 0.000641 112.982692
1.806082 1528633034.003694 0.000166 0.000193 0.000650 112.976399
1.818039 1528633034.015651 0.000166 0.000195 0.000647 112.970001
1.830584 1528633034.028196 0.000166 0.000194 0.000648 113.204079
1.842911 1528633034.040523 0.000166 0.000194 0.000647 113.013361
1.855574 1528633034.053185 0.000166 0.000195 0.000654 112.924052
1.867872 1528633034.065484 0.000166 0.000194 0.000654 112.949538
1.880031 1528633034.077642 0.000166 0.000195 0.000648 113.056866
1.892731 1528633034.090343 0.000166 0.000195 0.000645 112.979311
1.905427 1528633034.103039 0.000166 0.000195 0.000656 113.061637
1.917743 1528633034.115355 0.000166 0.000195 0.000643 113.122373
1.930068 1528633034.127679 0.000165 0.000195 0.000649 113.041609
1.942703 1528633034.140314 0.000167 0.000194 0.000649 113.177568
1.955874 1528633034.153486 0.000166 0.000195 0.000649 113.233480
1.968313 1528633034.165925 0.000165 0.000194 0.000654 113.153644
1.980345 1528633034.177957 0.000166 0.000194 0.000653 113.282109
1.992722 1528633034.190334 0.000165 0.000196 0.000647 113.250596
2.005592 1528633034.203204 0.000167 0.000195 0.000661 113.565641
2.018043 1528633034.215655 0.000166 0.000196 0.000652 113.218309
2.030288 1528633034.227899 0.000166 0.000195 0.000649 113.395876
2.042724 1528633034.240336 0.000167 0.000197 0.000649 113.539030
2.055717 1528633034.253329 0.000168 0.000197 0.000650 113.581061
2.068328 1528633034.265939 0.000167 0.000196 0.000661 113.759712
2.080105 1528633034.277717 0.000168 0.000195 0.000646 113.697434
2.092618 1528633034.290230 0.000167 0.000196 0.000647 113.644655
2.104863 1528633034.302475 0.000168 0.000196 0.000652 113.897917
2.117419 1528633034.315031 0.000167 0.000196 0.000649 113.663638
2.129875 1528633034.327487 0.000168 0.000196 0.000645 113.877644
2.142473 1528633034.340085 0.000167 0.000196 0.000646 113.676244
2.155274 1528633034.352885 0.000167 0.000196 0.000644 113.817402
2.168882 1528633034.366494 0.000168 0.000194 0.000657 113.997468
2.181257 1528633034.378869 0.000168 0.000196 0.000648 114.212546
2.193909 1528633034.391521 0.000168 0.000195 0.000668 114.289624
2.206590 1528633034.404202 0.000168 0.000196 0.000655 114.078246
2.217997 1528633034.415609 0.000167 0.000195 0.000662 113.970024
2.230304 1528633034.427916 0.000168 0.000195 0.000659 114.154995
2.242596 1528633034.440207 0.000167 0.000194 0.000670 114.224908
2.255257 1528633034.452869 0.000168 0.000195 0.000672 114.363251
2.268177 1528633034.465789 0.000167 0.000195 0.000665 114.117140
2.280290 1528633034.477902 0.000168 0.000195 0.000666 114.306164
2.293044 1528633034.490656 0.000169 0.000196 0.000666 114.386528
2.306368 1528633034.503980 0.000168 0.000196 0.000664 114.139024
2.318587 1528633034.516199 0.000169 0.000195 0.000661 114.124703
2.331150 1528633034.528762 0.000169 0.000195 0.000664 114.223166
2.343597 1528633034.541209 0.000168 0.000194 0.000667 114.157619
2.355988 1528633034.553600 0.000168 0.000195 0.000671 114.174798
2.368078 1528633034.565690 0.000168 0.000195 0.000661 114.007747
2.381589 1528633034.579201 0.000168 0.000194 0.000661 113.993726
2.393981 1528633034.591593 0.000168 0.000194 0.000664 113.817765
2.406655 1528633034.604267 0.000168 0.000194 0.000669 114.017937
2.418078 1528633034.615690 0.000168 0.000195 0.000672 113.839523
2.430263 1528633034.627875 0.000167 0.000195 0.000661 113.553739
2.442539 1528633034.640151 0.000168 0.000194 0.000667 113.490878
2.455127 1528633034.652739 0.000166 0.000194 0.000664 113.308309
2.467839 1528633034.665451 0.000166 0.000194 0.000663 113.231085
2.480586 1528633034.678198 0.000166 0.000194 0.000663 113.146470
2.493989 1528633034.691601 0.000166 0.000194 0.000656 112.857119
2.506301 1528633034.703913 0.000166 0.000193 0.000663 112.936983
2.518065 1528633034.715677 0.000167 0.000193 0.000660 113.194795
2.530195 1528633034.727807 0.000167 0.000193 0.000658 113.024497
2.542808 1528633034.740420 0.000168 0.000193 0.000659 113.181161
2.555119 1528633034.752731 0.000168 0.000194 0.000656 112.914074
2.568096 1528633034.765707 0.000167 0.000195 0.000659 113.028251
2.580195 1528633034.777807 0.000168 0.000194 0.000663 113.210231
2.592946 1528633034.790557 0.000168 0.000195 0.000662 113.027187
2.605289 1528633034.802901 0.000168 0.000196 0.000659 112.976025
2.617837 1528633034.815449 0.000168 0.000196 0.000659 112.949663
2.630388 1528633034.828000 0.000168 0.000195 0.000658 112.914372
2.642818 1528633034.840430 0.000168 0.000195 0.000660 113.020302
2.655792 1528633034.853404 0.000168 0.000196 0.000665 113.061155
2.668641 1528633034.866253 0.000169 0.000196 0.000661 113.080326
2.681112 1528633034.878724 0.000168 0.000197 0.000659 112.845683
2.693306 1528633034.890918 0.000168 0.000197 0.000653 112.522943
2.705677 1528633034.903289 0.000167 0.000196 0.000663 112.391299
2.718177 1528633034.915789 0.000168 0.000197 0.000662 112.406371
2.730571 1528633034.928183 0.000170 0.000196 0.000644 112.173965
2.743057 1528633034.940669 0.000169 0.000197 0.000639 112.032349
2.755708 1528633034.953320 0.000166 0.000195 0.000642 111.951603
2.768874 1528633034.966486 0.000170 0.000195 0.000628 112.294461
2.781185 1528633034.978797 0.000169 0.000197 0.000640 112.493405
2.793316 1528633034.990927 0.000170 0.000198 0.000664 113.070404
2.805690 1528633035.003302 0.000168 0.000199 0.000686 113.683089
2.818380 1528633035.015992 0.000169 0.000199 0.000680 113.829128
2.830640 1528633035.028252 0.000170 0.000200 0.000677 114.154013
2.843355 1528633035.040967 0.000170 0.000200 0.000685 114.350298
2.855897 1528633035.053509 0.000170 0.000200 0.000683 114.554805
2.868726 1528633035.066338 0.000169 0.000201 0.000678 114.427185
2.880780 1528633035.078392 0.000169 0.000201 0.000680 114.595039
2.894512 1528633035.092124 0.000170 0.000202 0.000671 114.521600
2.905928 1528633035.103540 0.000170 0.000202 0.000677 114.656461
2.918494 1528633035.116105 0.000170 0.000200 0.000675 114.387291
2.931094 1528633035.128706 0.000167 0.000199 0.000692 114.373693
2.943546 1528633035.141157 0.000169 0.000202 0.000680 114.097381
2.955882 1528633035.153494 0.000170 0.000200 0.000679 114.106830
2.968981 1528633035.166593 0.000168 0.000199 0.000684 113.871154
2.981253 1528633035.178865 0.000169 0.000199 0.000681 113.768969
2.993495 1528633035.191107 0.000168 0.000199 0.000682 113.559274
3.007073 1528633035.204685 0.000170 0.000201 0.000675 113.541409
3.018782 1528633035.216394 0.000169 0.000198 0.000681 113.550202
3.031385 1528633035.228997 0.000169 0.000200 0.000679 113.285240
3.043484 1528633035.241096 0.000170 0.000199 0.000673 113.371338
3.055596 1528633035.253208 0.000170 0.000200 0.000671 113.292089
3.068063 1528633035.265675 0.000169 0.000199 0.000672 113.156928
3.080577 1528633035.278189 0.000169 0.000200 0.000659 112.875589
3.093190 1528633035.290802 0.000168 0.000198 0.000668 112.802317
3.105505 1528633035.303116 0.000169 0.000200 0.000667 112.771287
3.118333 1528633035.315945 0.000168 0.000198 0.000672 112.448316
3.130670 1528633035.328282 0.000166 0.000197 0.000672 112.297886
3.143149 1528633035.340760 0.000167 0.000198 0.000667 112.071840
3.155732 1528633035.353344 0.000167 0.000198 0.000668 112.109736
3.168409 1528633035.366020 0.000167 0.000200 0.000668 111.697817
3.180770 1528633035.378382 0.000166 0.000199 0.000669 111.405780
3.193410 1528633035.391021 0.000167 0.000200 0.000671 111.203978
3.206036 1528633035.403648 0.000166 0.000201 0.000661 110.642369
3.218327 1528633035.415939 0.000164 0.000200 0.000670 110.427978
3.230880 1528633035.428492 0.000166 0.000200 0.000656 110.353603
3.243498 1528633035.441110 0.000165 0.000200 0.000657 110.134840
3.256058 1528633035.453669 0.000165 0.000201 0.000648 110.139404
3.268425 1528633035.466037 0.000165 0.000202 0.000648 110.122266
3.281047 1528633035.478659 0.000165 0.000201 0.000665 110.229996
3.293188 1528633035.490800 0.000165 0.000201 0.000661 110.223207
3.305931 1528633035.503542 0.000164 0.000201 0.000656 110.030626
3.317963 1528633035.515575 0.000165 0.000200 0.000649 110.010555
3.330550 1528633035.528162 0.000164 0.000200 0.000647 109.752409
3.342811 1528633035.540422 0.000163 0.000200 0.000653 109.575144
3.354995 1528633035.552607 0.000162 0.000198 0.000656 109.331957
3.367665 1528633035.565277 0.000163 0.000197 0.000660 109.288033
3.380319 1528633035.577931 0.000163 0.000196 0.000643 108.860062
3.392588 1528633035.590200 0.000164 0.000193 0.000642 109.317546
3.405103 1528633035.602715 0.000164 0.000191 0.000639 109.973930
3.417699 1528633035.615311 0.000165 0.000192 0.000647 110.760508
3.430014 1528633035.627626 0.000165 0.000192 0.000655 111.282041
3.442787 1528633035.640399 0.000165 0.000193 0.000650 111.444843
3.455500 1528633035.653112 0.000163 0.000194 0.000652 111.726503
3.467482 1528633035.665094 0.000164 0.000195 0.000654 112.165837
3.480161 1528633035.677773 0.000165 0.000197 0.000659 112.760792
3.492542 1528633035.690154 0.000164 0.000196 0.000661 112.947000
3.505007 1528633035.702619 0.000165 0.000195 0.000674 113.236407
3.517720 1528633035.715332 0.000165 0.000197 0.000684 113.282310
3.530522 1528633035.728134 0.000165 0.000197 0.000664 112.720810
3.542774 1528633035.740386 0.000165 0.000196 0.000671 112.865804
3.555277 1528633035.752888 0.000164 0.000196 0.000682 112.639987
3.567921 1528633035.765533 0.000166 0.000197 0.000673 112.560312
3.580141 1528633035.777752 0.000166 0.000199 0.000668 112.401056
3.592786 1528633035.790397 0.000165 0.000199 0.000663 112.263647
3.605276 1528633035.802888 0.000166 0.000198 0.000673 112.648225
3.617672 1528633035.815284 0.000163 0.000198 0.000697 112.195819
3.630314 1528633035.827926 0.000164 0.000199 0.000668 111.657338
3.642902 1528633035.840513 0.000165 0.000199 0.000663 111.395504
3.655505 1528633035.853117 0.000163 0.000199 0.000691 111.397900
3.668954 1528633035.866566 0.000160 0.000198 0.000689 110.991641
3.681684 1528633035.879296 0.000163 0.000196 0.000669 110.720702
3.693733 1528633035.891344 0.000163 0.000196 0.000665 110.343019
3.706612 1528633035.904224 0.000164 0.000199 0.000664 110.156852
3.718714 1528633035.916326 0.000164 0.000199 0.000660 109.842907
3.730535 1528633035.928146 0.000162 0.000198 0.000668 109.800916
3.743073 1528633035.940684 0.000163 0.000198 0.000666 109.652076
3.756757 1528633035.954369 0.000162 0.000199 0.000672 109.520211
3.769463 1528633035.967074 0.000161 0.000197 0.000664 109.152126
3.781715 1528633035.979326 0.000163 0.000198 0.000662 108.829075
3.793891 1528633035.991503 0.000161 0.000197 0.000662 108.701051
3.805885 1528633036.003497 0.000162 0.000197 0.000663 108.532160
3.818182 1528633036.015794 0.000163 0.000196 0.000656 108.460499
3.830315 1528633036.027927 0.000162 0.000196 0.000668 108.370014
3.842702 1528633036.040314 0.000162 0.000195 0.000655 108.088198
3.855306 1528633036.052918 0.000162 0.000195 0.000658 107.999154
3.867779 1528633036.065390 0.000162 0.000195 0.000655 108.056899
3.880322 1528633036.077934 0.000162 0.000196 0.000656 107.978314
3.892868 1528633036.090480 0.000162 0.000194 0.000650 107.867502
3.905706 1528633036.103318 0.000159 0.000193 0.000658 108.143953
3.918365 1528633036.115977 0.000162 0.000195 0.000655 108.155768
3.931475 1528633036.129087 0.000161 0.000194 0.000658 108.271418
3.943857 1528633036.141469 0.000160 0.000194 0.000660 108.233614
3.956100 1528633036.153712 0.000160 0.000193 0.000659 108.350774
3.968627 1528633036.166239 0.000160 0.000193 0.000661 108.402767
3.981118 1528633036.178730 0.000159 0.000193 0.000667 108.377574
3.993470 1528633036.191082 0.000160 0.000194 0.000655 108.409991
4.006278 1528633036.203890 0.000159 0.000196 0.000652 108.420741
4.018573 1528633036.216185 0.000159 0.000195 0.000655 108.344285
4.030913 1528633036.228524 0.000160 0.000195 0.000660 108.454924
4.043811 1528633036.241423 0.000159 0.000195 0.000666 108.366981
4.056347 1528633036.253958 0.000159 0.000195 0.000667 108.301895
4.068529 1528633036.266141 0.000161 0.000196 0.000655 108.384459
4.080999 1528633036.278611 0.000161 0.000195 0.000659 108.483550
4.093676 1528633036.291287 0.000160 0.000195 0.000656 108.373423
4.106514 1528633036.304126 0.000159 0.000195 0.000660 108.338973
4.118541 1528633036.316153 0.000160 0.000195 0.000660 108.618508
4.130812 1528633036.328424 0.000161 0.000196 0.000650 108.722078
4.143720 1528633036.341332 0.000160 0.000195 0.000659 108.843560
4.156030 1528633036.353642 0.000159 0.000196 0.000662 108.751594
4.168850 1528633036.366462 0.000160 0.000197 0.000655 108.771769
4.180949 1528633036.378561 0.000160 0.000196 0.000662 109.030539
4.193393 1528633036.391005 0.000161 0.000196 0.000665 109.105131
4.205933 1528633036.403544 0.000161 0.000197 0.000650 108.821850
4.219062 1528633036.416674 0.000160 0.000196 0.000656 108.715852
4.231368 1528633036.428980 0.000160 0.000197 0.000659 108.711157
4.243573 1528633036.441185 0.000159 0.000197 0.000663 108.616399
4.255590 1528633036.453202 0.000158 0.000196 0.000658 108.148508
4.268097 1528633036.465708 0.000158 0.000196 0.000668 107.929838
4.280782 1528633036.478394 0.000157 0.000195 0.000675 107.807578
4.293023 1528633036.490635 0.000155 0.000195 0.000666 107.282225
4.307045 1528633036.504657 0.000156 0.000195 0.000670 106.928188
4.319071 1528633036.516683 0.000156 0.000194 0.000661 106.617516
4.331451 1528633036.529063 0.000155 0.000193 0.000660 106.244522
4.343299 1528633036.540910 0.000153 0.000193 0.000661 105.795367
4.355472 1528633036.553084 0.000154 0.000193 0.000658 105.458101
4.367988 1528633036.565600 0.000153 0.000191 0.000656 105.242854
4.380563 1528633036.578175 0.000152 0.000191 0.000660 104.912305
4.393262 1528633036.590874 0.000151 0.000190 0.000647 104.226435
4.405412 1528633036.603024 0.000150 0.000190 0.000657 104.031620
4.418194 1528633036.615806 0.000149 0.000189 0.000650 103.838365
4.430738 1528633036.628350 0.000149 0.000189 0.000656 103.609604
4.443880 1528633036.641492 0.000148 0.000189 0.000653 103.193262
4.456820 1528633036.654432 0.000146 0.000189 0.000656 102.918773
4.469094 1528633036.666706 0.000145 0.000188 0.000653 102.593045
4.482062 1528633036.679674 0.000146 0.000188 0.000647 102.548771
4.493640 1528633036.691252 0.000143 0.000189 0.000647 101.936280
4.506684 1528633036.704296 0.000142 0.000189 0.000650 101.840030
4.518852 1528633036.716464 0.000141 0.000190 0.000638 101.511138
4.531984 1528633036.729596 0.000140 0.000190 0.000649 101.476726
4.544710 1528633036.742321 0.000140 0.000189 0.000636 101.291208
4.556975 1528633036.754587 0.000140 0.000190 0.000632 101.360733
4.569196 1528633036.766808 0.000140 0.000190 0.000640 101.875037
4.581288 1528633036.778900 0.000139 0.000191 0.000635 101.786255
4.593180 1528633036.790792 0.000137 0.000191 0.000643 102.348256
4.605628 1528633036.803240 0.000139 0.000192 0.000635 102.985068
4.618400 1528633036.816012 0.000137 0.000193 0.000641 103.633195
4.630863 1528633036.828475 0.000138 0.000195 0.000643 104.280511
4.643252 1528633036.840864 0.000140 0.000197 0.000629 104.934699
4.656134 1528633036.853746 0.000139 0.000197 0.000641 105.675380
4.668437 1528633036.866049 0.000141 0.000197 0.000644 106.479901
4.681134 1528633036.878746 0.000143 0.000198 0.000646 106.991556
4.693379 1528633036.890991 0.000142 0.000196 0.000656 107.682316
4.705626 1528633036.903238 0.000144 0.000195 0.000651 108.220862
4.718177 1528633036.915788 0.000143 0.000194 0.000660 108.529167
4.731005 1528633036.928617 0.000142 0.000193 0.000662 108.577516
4.744379 1528633036.941991 0.000143 0.000194 0.000664 108.459907
4.756740 1528633036.954352 0.000140 0.000194 0.000666 108.177535
4.769269 1528633036.966881 0.000141 0.000193 0.000659 107.970358
4.781832 1528633036.979444 0.000140 0.000193 0.000662 107.791719
4.794023 1528633036.991635 0.000140 0.000191 0.000662 107.607418
4.806950 1528633037.004562 0.000139 0.000191 0.000666 107.385550
4.819427 1528633037.017039 0.000140 0.000192 0.000669 107.154571
4.831748 1528633037.029360 0.000138 0.000192 0.000669 107.081457
4.843888 1528633037.041500 0.000137 0.000190 0.000674 106.788285
4.855737 1528633037.053349 0.000137 0.000190 0.000667 106.622019
4.867985 1528633037.065597 0.000137 0.000191 0.000671 106.184192
4.881006 1528633037.078618 0.000135 0.000192 0.000658 105.648150
4.893432 1528633037.091043 0.000136 0.000190 0.000671 105.401765
4.905674 1528633037.103285 0.000136 0.000190 0.000656 104.947173
4.918149 1528633037.115761 0.000134 0.000189 0.000666 104.484720
4.930769 1528633037.128381 0.000135 0.000188 0.000662 104.149462
4.944315 1528633037.141927 0.000132 0.000190 0.000656 103.665060
4.957332 1528633037.154944 0.000133 0.000191 0.000653 103.488986
4.969135 1528633037.166747 0.000131 0.000189 0.000648 103.409406
4.981486 1528633037.179098 0.000133 0.000188 0.000641 103.445711
4.993176 1528633037.190788 0.000129 0.000190 0.000647 102.834471
5.006078 1528633037.203690 0.000130 0.000188 0.000643 102.598200
5.018287 1528633037.215899 0.000130 0.000187 0.000643 102.714958
5.030860 1528633037.228472 0.000131 0.000188 0.000641 102.961915
5.043202 1528633037.240814 0.000131 0.000189 0.000639 103.105986
5.056806 1528633037.254418 0.000132 0.000189 0.000641 103.307337
5.069119 1528633037.266731 0.000133 0.000190 0.000641 103.854013
5.081877 1528633037.279489 0.000132 0.000191 0.000644 104.199505
5.094249 1528633037.291860 0.000132 0.000190 0.000643 104.273372
5.106826 1528633037.304438 0.000133 0.000189 0.000640 104.483823
5.118355 1528633037.315967 0.000132 0.000190 0.000647 104.568702
5.130715 1528633037.328327 0.000133 0.000189 0.000652 104.707124
5.143397 1528633037.341009 0.000134 0.000189 0.000647 104.609715
5.156084 1528633037.353695 0.000133 0.000190 0.000648 104.645506
5.168308 1528633037.365920 0.000131 0.000190 0.000657 104.448598
5.180771 1528633037.378382 0.000132 0.000189 0.000643 104.404084
5.193415 1528633037.391027 0.000132 0.000189 0.000640 104.503863
5.205819 1528633037.403431 0.000132 0.000189 0.000643 104.384142
5.218254 1528633037.415865 0.000130 0.000190 0.000642 104.216407
5.230774 1528633037.428386 0.000132 0.000190 0.000636 104.160878
5.243426 1528633037.441038 0.000131 0.000191 0.000637 104.110709
5.255887 1528633037.453499 0.000130 0.000190 0.000644 103.790202
5.268392 1528633037.466004 0.000131 0.000189 0.000640 103.791051
5.280861 1528633037.478472 0.000130 0.000188 0.000643 103.704993
5.293740 1528633037.491352 0.000130 0.000190 0.000644 103.492007
5.305704 1528633037.503316 0.000129 0.000188 0.000650 103.171808
5.318668 1528633037.516280 0.000128 0.000189 0.000638 102.898750
5.330970 1528633037.528581 0.000128 0.000189 0.000635 102.925838
5.344060 1528633037.541672 0.000129 0.000188 0.000642 102.592828
5.356494 1528633037.554106 0.000125 0.000188 0.000642 101.965992
5.369519 1528633037.567131 0.000124 0.000189 0.000642 101.492626
5.381640 1528633037.579252 0.000123 0.000189 0.000647 101.186932
5.393586 1528633037.591197 0.000123 0.000189 0.000637 100.922151
5.406568 1528633037.604179 0.000122 0.000190 0.000642 100.483341
5.418515 1528633037.616127 0.000120 0.000191 0.000634 100.268253
5.431065 1528633037.628676 0.000119 0.000190 0.000648 99.932663
5.443463 1528633037.641075 0.000121 0.000191 0.000629 99.912237
5.455810 1528633037.653421 0.000120 0.000193 0.000637 99.395915
5.468597 1528633037.666209 0.000119 0.000193 0.000625 99.237447
5.481896 1528633037.679507 0.000118 0.000193 0.000621 98.868144
5.494538 1528633037.692150 0.000118 0.000195 0.000634 98.190709
5.506476 1528633037.704088 0.000119 0.000196 0.000632 97.819179
5.519448 1528633037.717060 0.000116 0.000198 0.000631 97.238453
5.531071 1528633037.728683 0.000119 0.000200 0.000614 96.710674
5.543198 1528633037.740810 0.000120 0.000203 0.000607 96.223776
5.555919 1528633037.753531 0.000121 0.000206 0.000604 96.110624
5.568593 1528633037.766205 0.000118 0.000209 0.000600 95.903376
5.581113 1528633037.778724 0.000119 0.000212 0.000593 95.772122
5.593757 1528633037.791369 0.000119 0.000214 0.000593 95.696072
5.605994 1528633037.803606 0.000119 0.000217 0.000591 95.741877
5.618088 1528633037.815700 0.000117 0.000219 0.000596 96.090961
5.631831 1528633037.829443 0.000120 0.000220 0.000594 96.527405
5.643757 1528633037.841369 0.000120 0.000218 0.000600 97.099556
5.655674 1528633037.853285 0.000121 0.000218 0.000603 98.082086
5.668705 1528633037.866316 0.000123 0.000215 0.000595 98.672695
5.680677 1528633037.878289 0.000120 0.000216 0.000606 98.996087
5.693661 1528633037.891273 0.000121 0.000216 0.000616 99.357564
5.705642 1528633037.903254 0.000123 0.000216 0.000610 99.720856
5.718546 1528633037.916158 0.000122 0.000215 0.000610 99.870577
5.731120 1528633037.928732 0.000121 0.000216 0.000616 100.051818
5.744877 1528633037.942488 0.000125 0.000215 0.000609 100.471307
5.756811 1528633037.954423 0.000124 0.000215 0.000605 100.492616
5.769260 1528633037.966872 0.000122 0.000215 0.000617 100.713680
5.781551 1528633037.979163 0.000123 0.000214 0.000626 100.630891
5.794265 1528633037.991877 0.000122 0.000215 0.000625 100.455102
5.806691 1528633038.004303 0.000123 0.000214 0.000623 100.399766
5.819295 1528633038.016906 0.000124 0.000213 0.000611 100.530736
5.831441 1528633038.029053 0.000122 0.000214 0.000614 100.298175
5.843719 1528633038.041331 0.000124 0.000213 0.000614 100.240034
5.856180 1528633038.053792 0.000123 0.000212 0.000623 100.090536
5.869231 1528633038.066843 0.000122 0.000212 0.000620 100.012974
5.881510 1528633038.079122 0.000124 0.000212 0.000611 99.634389
5.894047 1528633038.091659 0.000126 0.000211 0.000607 99.590303
5.906884 1528633038.104496 0.000121 0.000214 0.000610 98.982472
5.919343 1528633038.116955 0.000121 0.000213 0.000610 98.751368
5.932092 1528633038.129704 0.000121 0.000215 0.000607 98.184687
5.944187 1528633038.141799 0.000119 0.000214 0.000604 97.792631
5.956382 1528633038.153994 0.000120 0.000213 0.000604 97.364390
5.968308 1528633038.165920 0.000119 0.000215 0.000600 96.958036
5.981232 1528633038.178844 0.000118 0.000215 0.000600 96.696109
5.993661 1528633038.191272 0.000118 0.000216 0.000603 96.356900
6.006064 1528633038.203676 0.000118 0.000215 0.000595 96.090564
6.018506 1528633038.216118 0.000118 0.000215 0.000594 95.961428
6.030955 1528633038.228567 0.000119 0.000215 0.000591 96.019180
6.043518 1528633038.241130 0.000116 0.000217 0.000597 95.917671
6.055832 1528633038.253444 0.000115 0.000218 0.000606 95.887000
6.069403 1528633038.267015 0.000117 0.000217 0.000598 95.894227
6.081994 1528633038.279606 0.000116 0.000218 0.000605 95.748261
6.094240 1528633038.291852 0.000116 0.000218 0.000597 95.747474
6.106849 1528633038.304461 0.000117 0.000218 0.000593 95.404167
6.119412 1528633038.317024 0.000116 0.000221 0.000595 95.194677
6.131731 1528633038.329343 0.000118 0.000222 0.000593 95.263980
6.143508 1528633038.341120 0.000120 0.000219 0.000586 95.243820
6.156394 1528633038.354006 0.000117 0.000223 0.000600 95.093738
6.168491 1528633038.366103 0.000119 0.000224 0.000588 94.963267
6.180981 1528633038.378593 0.000122 0.000225 0.000588 94.888615
6.193361 1528633038.390973 0.000119 0.000227 0.000591 94.724740
6.206023 1528633038.403635 0.000119 0.000230 0.000588 94.674391
6.218730 1528633038.416342 0.000119 0.000230 0.000597 94.650182
6.230870 1528633038.428482 0.000119 0.000232 0.000592 94.011721
6.243420 1528633038.441032 0.000120 0.000233 0.000590 93.950227
6.256964 1528633038.454576 0.000118 0.000233 0.000586 93.382938
6.269149 1528633038.466761 0.000120 0.000234 0.000590 93.145934
6.281988 1528633038.479600 0.000119 0.000234 0.000588 92.564084
6.294454 1528633038.492066 0.000118 0.000234 0.000587 92.204544
6.306152 1528633038.503764 0.000116 0.000237 0.000593 92.015428
6.319539 1528633038.517151 0.000115 0.000237 0.000600 91.397831
6.331696 1528633038.529308 0.000113 0.000236 0.000602 90.685657
6.343302 1528633038.540914 0.000112 0.000236 0.000601 89.724939
6.355872 1528633038.553484 0.000112 0.000238 0.000602 89.157570
6.368520 1528633038.566131 0.000113 0.000236 0.000600 88.384472
6.381278 1528633038.578889 0.000111 0.000238 0.000608 87.737660
6.393677 1528633038.591289 0.000110 0.000240 0.000607 86.951920
6.406295 1528633038.603906 0.000108 0.000241 0.000617 86.357583
6.418523 1528633038.616135 0.000110 0.000238 0.000611 85.683664
6.430829 1528633038.628440 0.000107 0.000239 0.000623 85.378810
6.443691 1528633038.641303 0.000105 0.000238 0.000623 85.242643
6.456345 1528633038.653957 0.000107 0.000238 0.000623 85.213575
6.468848 1528633038.666460 0.000107 0.000242 0.000627 85.154958
6.481019 1528633038.678631 0.000105 0.000242 0.000635 85.151695
6.493768 1528633038.691380 0.000105 0.000243 0.000631 85.159868
6.506333 1528633038.703944 0.000103 0.000243 0.000636 85.119323
6.518702 1528633038.716314 0.000106 0.000242 0.000631 85.162688
6.531730 1528633038.729342 0.000105 0.000237 0.000630 84.648121
6.543580 1528633038.741192 0.000105 0.000243 0.000635 84.689397
6.555971 1528633038.753583 0.000106 0.000237 0.000635 84.402377
6.568781 1528633038.766392 0.000105 0.000235 0.000632 84.311802
6.580962 1528633038.778574 0.000100 0.000238 0.000638 84.661199
6.593445 1528633038.791057 0.000105 0.000243 0.000636 84.802377
6.605907 1528633038.803519 0.000107 0.000238 0.000623 84.611972
6.618991 1528633038.816603 0.000104 0.000243 0.000636 84.790393
6.631602 1528633038.829213 0.000105 0.000238 0.000624 84.621432
6.643862 1528633038.841474 0.000105 0.000239 0.000633 84.585754
6.656554 1528633038.854166 0.000106 0.000240 0.000624 84.524743
6.669035 1528633038.866647 0.000104 0.000239 0.000629 84.791126
6.681274 1528633038.878886 0.000105 0.000243 0.000630 84.784312
6.693691 1528633038.891302 0.000104 0.000240 0.000628 84.823339
6.706267 1528633038.903879 0.000106 0.000243 0.000626 84.896873
6.718769 1528633038.916380 0.000104 0.000242 0.000630 84.811950
6.731322 1528633038.928934 0.000104 0.000239 0.000626 84.761162
6.744110 1528633038.941722 0.000105 0.000238 0.000625 84.757390
6.756399 1528633038.954010 0.000106 0.000240 0.000625 84.747118
6.768872 1528633038.966484 0.000106 0.000242 0.000627 84.814788
6.781439 1528633038.979050 0.000106 0.000237 0.000620 84.525257
6.793790 1528633038.991402 0.000105 0.000238 0.000625 84.644573
6.806506 1528633039.004118 0.000105 0.000241 0.000626 84.651238
6.819210 1528633039.016822 0.000105 0.000237 0.000625 84.320217
6.831465 1528633039.029076 0.000107 0.000237 0.000615 84.020451
6.843711 1528633039.041323 0.000103 0.000242 0.000634 84.342024
6.856352 1528633039.053964 0.000104 0.000242 0.000629 84.138163
6.869414 1528633039.067025 0.000106 0.000242 0.000627 83.826181
6.881488 1528633039.079100 0.000104 0.000241 0.000640 83.412070
6.894218 1528633039.091830 0.000105 0.000237 0.000635 82.763093
6.906391 1528633039.104003 0.000107 0.000234 0.000638 81.971510
6.918857 1528633039.116469 0.000106 0.000236 0.000651 81.554157
6.931736 1528633039.129348 0.000106 0.000237 0.000658 81.094314
6.943902 1528633039.141514 0.000108 0.000238 0.000652 80.571565
6.956311 1528633039.153923 0.000108 0.000235 0.000646 79.744937
6.969112 1528633039.166724 0.000109 0.000232 0.000649 78.897836
6.981156 1528633039.178768 0.000110 0.000230 0.000639 78.071856
6.993788 1528633039.191400 0.000109 0.000231 0.000644 77.405748
7.006480 1528633039.204092 0.000110 0.000230 0.000641 76.620115
7.018927 1528633039.216538 0.000110 0.000229 0.000647 76.160293
7.031341 1528633039.228953 0.000110 0.000219 0.000654 75.826842
7.044038 1528633039.241650 0.000110 0.000226 0.000650 75.526330
7.056488 1528633039.254100 0.000109 0.000225 0.000650 75.241709
7.069350 1528633039.266962 0.000108 0.000226 0.000651 74.935730
7.081848 1528633039.279460 0.000108 0.000225 0.000651 74.354542
7.094136 1528633039.291748 0.000108 0.000217 0.000656 74.123786
7.106538 1528633039.304150 0.000108 0.000215 0.000654 73.985594
7.118817 1528633039.316429 0.000104 0.000216 0.000655 74.072854
7.131339 1528633039.328951 0.000107 0.000212 0.000651 73.542452
7.143820 1528633039.341432 0.000107 0.000223 0.000652 73.567981
7.156701 1528633039.354312 0.000107 0.000213 0.000662 73.315853
7.168949 1528633039.366560 0.000107 0.000212 0.000655 73.004791
7.181324 1528633039.378936 0.000106 0.000220 0.000653 72.918970
7.193757 1528633039.391369 0.000107 0.000217 0.000658 72.629451
7.206590 1528633039.404202 0.000107 0.000215 0.000657 72.251447
7.218812 1528633039.416424 0.000107 0.000208 0.000661 71.905644
7.231758 1528633039.429370 0.000106 0.000209 0.000661 71.771481
7.243862 1528633039.441474 0.000106 0.000207 0.000664 71.597610
7.256517 1528633039.454129 0.000106 0.000207 0.000668 71.387311
7.268757 1528633039.466369 0.000106 0.000207 0.000661 71.366882
7.281302 1528633039.478914 0.000105 0.000206 0.000664 71.307941
7.294621 1528633039.492233 0.000106 0.000211 0.000658 71.148047
7.307324 1528633039.504936 0.000106 0.000211 0.000662 71.037532
7.319860 1528633039.517471 0.000106 0.000211 0.000662 70.919347
7.331843 1528633039.529455 0.000106 0.000209 0.000660 70.700346
7.343411 1528633039.541023 0.000107 0.000210 0.000651 70.775825
7.355929 1528633039.553541 0.000107 0.000212 0.000647 71.050659
7.368616 1528633039.566228 0.000108 0.000213 0.000649 71.188706
7.380664 1528633039.578275 0.000109 0.000216 0.000651 71.360448
7.393240 1528633039.590852 0.000110 0.000212 0.000650 71.332528
7.405804 1528633039.603416 0.000109 0.000212 0.000656 71.412120
7.418314 1528633039.615926 0.000109 0.000212 0.000655 71.390314
7.430976 1528633039.628587 0.000109 0.000218 0.000652 71.513397
7.443486 1528633039.641098 0.000109 0.000219 0.000650 71.664467
7.456384 1528633039.653996 0.000110 0.000213 0.000647 71.886797
7.469434 1528633039.667045 0.000111 0.000214 0.000642 72.083121
7.481494 1528633039.679106 0.000110 0.000220 0.000638 72.183178
7.494742 1528633039.692354 0.000110 0.000220 0.000641 72.223090
7.507144 1528633039.704756 0.000109 0.000220 0.000639 72.376009
7.519269 1528633039.716881 0.000111 0.000214 0.000645 72.070319
7.532003 1528633039.729614 0.000110 0.000221 0.000644 72.160357
7.544412 1528633039.742024 0.000110 0.000220 0.000644 72.066372
7.557340 1528633039.754952 0.000110 0.000219 0.000647 72.085798
7.568883 1528633039.766495 0.000111 0.000215 0.000648 72.147775
7.581063 1528633039.778675 0.000110 0.000221 0.000646 72.090245
7.594607 1528633039.792218 0.000110 0.000220 0.000645 72.108362
7.606929 1528633039.804541 0.000112 0.000214 0.000644 72.070024
7.619429 1528633039.817041 0.000112 0.000214 0.000645 72.037647
7.632198 1528633039.829810 0.000111 0.000219 0.000639 72.008802
7.644089 1528633039.841701 0.000111 0.000218 0.000642 71.708635
7.656154 1528633039.853766 0.000111 0.000218 0.000640 71.414443
7.668700 1528633039.866312 0.000112 0.000215 0.000637 71.059911
7.680910 1528633039.878522 0.000111 0.000215 0.000638 71.013088
7.694408 1528633039.892020 0.000112 0.000214 0.000634 70.592033
7.706886 1528633039.904497 0.000111 0.000213 0.000640 70.377281
7.719677 1528633039.917289 0.000112 0.000211 0.000640 69.813501
7.732411 1528633039.930022 0.000112 0.000210 0.000637 69.631253
7.744588 1528633039.942199 0.000112 0.000208 0.000640 69.382655
7.757327 1528633039.954939 0.000111 0.000203 0.000640 69.152306
7.769027 1528633039.966639 0.000112 0.000205 0.000647 68.741729
7.781549 1528633039.979161 0.000111 0.000206 0.000642 68.839075
7.793749 1528633039.991361 0.000111 0.000204 0.000641 68.783840
7.806393 1528633040.004004 0.000110 0.000203 0.000643 68.588296
7.819152 1528633040.016764 0.000111 0.000203 0.000640 68.496318
7.831426 1528633040.029038 0.000109 0.000201 0.000643 68.278089
7.843786 1528633040.041398 0.000110 0.000199 0.000641 68.026779
7.856452 1528633040.054064 0.000110 0.000200 0.000645 67.872458
7.868784 1528633040.066396 0.000109 0.000196 0.000648 68.010987
7.881793 1528633040.079405 0.000110 0.000197 0.000644 67.728786
7.894084 1528633040.091696 0.000110 0.000194 0.000646 67.643563
7.906364 1528633040.103976 0.000110 0.000196 0.000645 67.310636
7.918948 1528633040.116560 0.000109 0.000192 0.000645 67.271203
7.931528 1528633040.129140 0.000109 0.000191 0.000647 67.240582
7.944157 1528633040.141769 0.000109 0.000195 0.000643 67.067034
7.956457 1528633040.154069 0.000109 0.000190 0.000645 66.933500
7.968948 1528633040.166560 0.000110 0.000193 0.000641 66.878817
7.981415 1528633040.179027 0.000110 0.000189 0.000645 66.743305
7.994097 1528633040.191709 0.000109 0.000193 0.000641 66.764398
8.006557 1528633040.204168 0.000109 0.000192 0.000643 66.596871
8.019095 1528633040.216707 0.000109 0.000191 0.000638 66.514101
8.031720 1528633040.229332 0.000110 0.000191 0.000637 66.426564
8.044019 1528633040.241630 0.000110 0.000181 0.000643 66.435077
8.056857 1528633040.254469 0.000109 0.000190 0.000639 66.287597
8.069281 1528633040.266892 0.000109 0.000188 0.000638 66.025796
8.081493 1528633040.279105 0.000109 0.000186 0.000641 66.083778
8.094044 1528633040.291656 0.000109 0.000187 0.000643 65.600007
8.106813 1528633040.304425 0.000109 0.000189 0.000644 65.826856
8.118803 1528633040.316414 0.000109 0.000186 0.000643 65.869828
8.131742 1528633040.329354 0.000109 0.000185 0.000647 65.695266
8.144012 1528633040.341624 0.000110 0.000188 0.000643 65.833070
8.156090 1528633040.353702 0.000109 0.000190 0.000642 65.939450
8.168457 1528633040.366069 0.000109 0.000181 0.000645 66.000223
8.181000 1528633040.378612 0.000108 0.000190 0.000641 65.998705
8.193567 1528633040.391179 0.000109 0.000189 0.000645 65.724881
8.206018 1528633040.403630 0.000110 0.000188 0.000641 65.679771
8.218629 1528633040.416241 0.000109 0.000189 0.000648 65.661397
8.230881 1528633040.428493 0.000110 0.000188 0.000646 65.480284
8.244268 1528633040.441880 0.000110 0.000188 0.000647 65.356042
8.256143 1528633040.453755 0.000110 0.000185 0.000647 65.369439
8.268682 1528633040.466293 0.000110 0.000189 0.000646 65.314877
8.281298 1528633040.478909 0.000110 0.000188 0.000644 65.261711
8.293789 1528633040.491401 0.000110 0.000188 0.000645 65.263122
8.307081 1528633040.504693 0.000110 0.000188 0.000647 65.168955
8.319974 1528633040.517586 0.000110 0.000186 0.000650 65.251503
8.332555 1528633040.530166 0.000110 0.000185 0.000651 65.000770
8.345136 1528633040.542748 0.000110 0.000188 0.000649 65.029987
8.357226 1528633040.554837 0.000110 0.000188 0.000645 65.099802
8.369470 1528633040.567082 0.000109 0.000187 0.000649 64.947962
8.381953 1528633040.579565 0.000108 0.000187 0.000648 64.809460
8.393857 1528633040.591469 0.000107 0.000187 0.000647 64.863883
8.406453 1528633040.604065 0.000107 0.000187 0.000657 64.727672
8.419099 1528633040.616711 0.000108 0.000186 0.000663 64.744634
8.431639 1528633040.629251 0.000107 0.000192 0.000666 64.864446
8.444924 1528633040.642536 0.000106 0.000193 0.000669 65.062283
8.457316 1528633040.654927 0.000104 0.000191 0.000685 64.998345
8.470246 1528633040.667857 0.000103 0.000185 0.000692 65.244393
8.481542 1528633040.679154 0.000103 0.000190 0.000674 65.592398
8.493622 1528633040.691234 0.000102 0.000189 0.000662 65.994346
8.506314 1528633040.703926 0.000103 0.000189 0.000661 66.169582
8.518636 1528633040.716248 0.000104 0.000189 0.000660 66.360149
8.532490 1528633040.730102 0.000104 0.000184 0.000662 66.268439
8.545128 1528633040.742740 0.000105 0.000187 0.000659 66.029296
8.557082 1528633040.754694 0.000104 0.000183 0.000671 66.051490
8.568673 1528633040.766285 0.000104 0.000183 0.000674 65.817004
8.582182 1528633040.779794 0.000105 0.000186 0.000677 65.459428
8.593675 1528633040.791287 0.000105 0.000185 0.000681 65.118592
8.607063 1528633040.804675 0.000104 0.000185 0.000680 65.089917
8.620122 1528633040.817734 0.000104 0.000184 0.000679 64.835500
8.632141 1528633040.829752 0.000104 0.000184 0.000681 64.689456
8.644696 1528633040.842307 0.000105 0.000180 0.000679 64.444311
8.657967 1528633040.855578 0.000105 0.000180 0.000669 64.026639
8.669214 1528633040.866826 0.000105 0.000179 0.000667 63.767137
8.681241 1528633040.878853 0.000105 0.000178 0.000664 63.736264
8.694273 1528633040.891885 0.000106 0.000178 0.000663 63.543773
8.706266 1528633040.903877 0.000105 0.000181 0.000660 63.568530
8.718614 1528633040.916225 0.000105 0.000181 0.000661 63.677519
8.731136 1528633040.928748 0.000105 0.000179 0.000661 63.593275
8.744026 1528633040.941638 0.000105 0.000181 0.000656 63.778049
8.756494 1528633040.954105 0.000106 0.000178 0.000656 63.664326
8.769131 1528633040.966743 0.000106 0.000177 0.000656 63.542283
8.781722 1528633040.979334 0.000105 0.000181 0.000650 63.700142
8.794468 1528633040.992080 0.000105 0.000180 0.000651 63.624207
8.807352 1528633041.004964 0.000106 0.000180 0.000648 63.380459
8.819075 1528633041.016686 0.000106 0.000179 0.000655 63.399670
8.832379 1528633041.029990 0.000106 0.000176 0.000654 63.365481
8.844838 1528633041.042449 0.000106 0.000176 0.000650 63.448359
8.857263 1528633041.054875 0.000106 0.000176 0.000648 63.511623
8.869883 1528633041.067495 0.000106 0.000178 0.000648 63.332665
8.881720 1528633041.079331 0.000106 0.000179 0.000647 63.578755
8.893485 1528633041.091097 0.000106 0.000181 0.000649 63.682424
8.906368 1528633041.103980 0.000107 0.000179 0.000651 63.625205
8.919580 1528633041.117192 0.000107 0.000179 0.000652 63.624014
8.931433 1528633041.129045 0.000106 0.000181 0.000647 63.808012
8.943737 1528633041.141349 0.000107 0.000180 0.000649 63.560598
8.956002 1528633041.153614 0.000106 0.000182 0.000650 64.056144
8.968752 1528633041.166363 0.000107 0.000181 0.000650 64.064887
8.981205 1528633041.178817 0.000107 0.000181 0.000647 64.144101
8.993849 1528633041.191460 0.000107 0.000178 0.000650 64.170145
9.006466 1528633041.204077 0.000107 0.000178 0.000650 64.052558
9.019155 1528633041.216766 0.000106 0.000180 0.000652 64.167478
9.032416 1528633041.230028 0.000107 0.000180 0.000645 63.997928
9.043991 1528633041.241603 0.000106 0.000181 0.000647 64.172713
9.056325 1528633041.253937 0.000106 0.000182 0.000649 64.074127
9.068942 1528633041.266554 0.000108 0.000177 0.000647 63.902671
9.082611 1528633041.280223 0.000107 0.000182 0.000643 64.131002
9.094794 1528633041.292406 0.000107 0.000178 0.000645 64.043327
9.107215 1528633041.304827 0.000107 0.000182 0.000651 64.119857
9.119077 1528633041.316689 0.000106 0.000181 0.000652 64.150278
9.131456 1528633041.329068 0.000108 0.000181 0.000648 64.187649
9.145052 1528633041.342664 0.000107 0.000183 0.000651 64.557556
9.156452 1528633041.354064 0.000108 0.000182 0.000649 64.473755
9.168999 1528633041.366611 0.000108 0.000180 0.000648 64.498657
9.181289 1528633041.378901 0.000108 0.000184 0.000646 64.721116
9.193975 1528633041.391587 0.000107 0.000184 0.000653 64.764249
9.206585 1528633041.404197 0.000107 0.000185 0.000657 64.491930
9.219081 1528633041.416693 0.000107 0.000182 0.000668 64.554790
9.231836 1528633041.429448 0.000106 0.000181 0.000670 64.819529
9.244457 1528633041.442069 0.000107 0.000185 0.000666 65.080952
9.256550 1528633041.454162 0.000108 0.000185 0.000667 64.965983
9.269140 1528633041.466752 0.000107 0.000179 0.000672 65.049308
9.281499 1528633041.479111 0.000108 0.000180 0.000669 64.883841
9.293871 1528633041.491483 0.000107 0.000182 0.000673 64.650655
9.306508 1528633041.504119 0.000108 0.000183 0.000666 64.684144
9.318956 1528633041.516567 0.000107 0.000184 0.000666 64.707159
9.331529 1528633041.529141 0.000107 0.000182 0.000669 64.575023
9.344911 1528633041.542523 0.000106 0.000182 0.000672 64.323993
9.357713 1528633041.555325 0.000107 0.000181 0.000662 64.292497
9.369743 1528633041.567355 0.000107 0.000177 0.000666 64.046032
9.382371 1528633041.579983 0.000108 0.000176 0.000665 63.674535
9.395081 1528633041.592693 0.000106 0.000177 0.000662 64.017443
9.406528 1528633041.604140 0.000107 0.000181 0.000658 63.821476
9.418797 1528633041.616409 0.000106 0.000179 0.000663 63.545191
9.431191 1528633041.628803 0.000105 0.000179 0.000663 63.619248
9.443603 1528633041.641214 0.000106 0.000177 0.000660 63.594493
9.456360 1528633041.653972 0.000107 0.000180 0.000661 63.339254
9.468587 1528633041.666198 0.000107 0.000180 0.000658 63.451737
9.480976 1528633041.678588 0.000107 0.000181 0.000656 63.362416
9.493524 1528633041.691135 0.000106 0.000178 0.000664 63.124650
9.506331 1528633041.703943 0.000106 0.000178 0.000659 63.099938
9.519462 1528633041.717074 0.000106 0.000176 0.000655 63.166480
9.531366 1528633041.728978 0.000106 0.000178 0.000657 63.055293
9.543407 1528633041.741019 0.000106 0.000180 0.000656 63.011457
9.556119 1528633041.753731 0.000106 0.000178 0.000660 62.779067
9.568960 1528633041.766572 0.000107 0.000175 0.000657 62.696667
9.581380 1528633041.778992 0.000107 0.000176 0.000654 62.666810
9.593775 1528633041.791387 0.000106 0.000178 0.000658 62.585256
9.605970 1528633041.803581 0.000105 0.000177 0.000660 62.418434
9.618751 1528633041.816363 0.000105 0.000177 0.000655 62.456205
9.631507 1528633041.829119 0.000105 0.000177 0.000659 62.473800
9.643539 1528633041.841151 0.000105 0.000173 0.000657 62.367655
9.656577 1528633041.854189 0.000105 0.000176 0.000659 62.336373
9.668952 1528633041.866563 0.000105 0.000173 0.000659 62.347401
9.681226 1528633041.878838 0.000105 0.000175 0.000659 62.319291
9.693931 1528633041.891542 0.000105 0.000175 0.000661 62.338598
9.706060 1528633041.903672 0.000105 0.000175 0.000661 62.306045
9.718772 1528633041.916384 0.000105 0.000171 0.000662 62.207445
9.731363 1528633041.928975 0.000105 0.000174 0.000656 62.334662
9.743580 1528633041.941192 0.000106 0.000176 0.000652 62.224217
9.756476 1528633041.954087 0.000105 0.000175 0.000661 62.244580
9.769199 1528633041.966811 0.000106 0.000176 0.000653 62.186722
9.781244 1528633041.978856 0.000107 0.000174 0.000654 62.107264
9.793638 1528633041.991249 0.000104 0.000172 0.000659 62.523225
9.806161 1528633042.003773 0.000105 0.000174 0.000659 62.403551
9.818547 1528633042.016159 0.000107 0.000173 0.000654 62.232909
9.831291 1528633042.028903 0.000104 0.000174 0.000665 62.342887
9.843800 1528633042.041412 0.000105 0.000175 0.000658 62.582830
9.856072 1528633042.053684 0.000106 0.000175 0.000655 62.540250
9.870469 1528633042.068081 0.000106 0.000171 0.000660 62.314649
9.882738 1528633042.080350 0.000107 0.000174 0.000662 62.118407
9.895044 1528633042.092656 0.000107 0.000174 0.000663 62.032831
9.907018 1528633042.104630 0.000105 0.000174 0.000669 62.187254
9.919398 1528633042.117010 0.000107 0.000175 0.000670 62.095847
9.931645 1528633042.129256 0.000106 0.000176 0.000673 62.328205
9.944323 1528633042.141935 0.000106 0.000174 0.000673 62.361730
9.957280 1528633042.154892 0.000107 0.000174 0.000671 62.297227
9.969794 1528633042.167405 0.000107 0.000177 0.000668 62.292708
9.982371 1528633042.179983 0.000106 0.000176 0.000669 62.376657
9.994678 1528633042.192289 0.000107 0.000177 0.000668 62.301112
10.006997 1528633042.204608 0.000107 0.000176 0.000671 62.243786
10.019507 1528633042.217119 0.000107 0.000177 0.000666 62.288718
10.032202 1528633042.229814 0.000107 0.000174 0.000668 62.173879
10.044764 1528633042.242376 0.000107 0.000174 0.000672 62.202436
10.056664 1528633042.254276 0.000108 0.000173 0.000665 62.046089
10.069137 1528633042.266749 0.000107 0.000175 0.000667 62.104931
10.081602 1528633042.279214 0.000107 0.000174 0.000666 61.922739
10.094465 1528633042.292077 0.000106 0.000171 0.000673 61.816521
10.106738 1528633042.304350 0.000107 0.000175 0.000666 61.863359
10.119936 1528633042.317547 0.000107 0.000173 0.000667 61.725605
10.131800 1528633042.329412 0.000107 0.000174 0.000663 61.742144
10.144409 1528633042.342021 0.000107 0.000172 0.000664 61.782688
10.157221 1528633042.354833 0.000107 0.000174 0.000661 61.612212
10.169175 1528633042.366787 0.000106 0.000174 0.000666 61.661326
10.182318 1528633042.379930 0.000107 0.000172 0.000663 61.542433
10.194625 1528633042.392237 0.000106 0.000174 0.000661 61.553047
10.206835 1528633042.404447 0.000106 0.000174 0.000662 61.579769
10.219876 1528633042.417488 0.000107 0.000174 0.000661 61.469871
10.232008 1528633042.429620 0.000106 0.000172 0.000664 61.533954
10.244557 1528633042.442169 0.000107 0.000174 0.000667 61.423333
10.257251 1528633042.454863 0.000107 0.000171 0.000667 61.383394
10.270000 1528633042.467612 0.000107 0.000174 0.000664 61.327999
10.281836 1528633042.479448 0.000107 0.000174 0.000662 61.242123
10.294459 1528633042.492071 0.000107 0.000171 0.000665 61.122438
10.306882 1528633042.504493 0.000107 0.000173 0.000664 61.179027
10.319752 1528633042.517363 0.000107 0.000174 0.000661 61.120518
10.331880 1528633042.529492 0.000107 0.000175 0.000661 61.083481
10.344418 1528633042.542030 0.000107 0.000175 0.000664 61.155019
10.356929 1528633042.554541 0.000108 0.000175 0.000659 61.122592
10.369390 1528633042.567002 0.000107 0.000172 0.000666 61.000378
10.382087 1528633042.579699 0.000108 0.000173 0.000664 60.913619
10.394373 1528633042.591985 0.000108 0.000175 0.000665 60.836037
10.406812 1528633042.604424 0.000108 0.000175 0.000664 60.870773
10.419314 1528633042.616925 0.000109 0.000175 0.000662 60.690653
10.432067 1528633042.629679 0.000108 0.000172 0.000663 60.855559
10.444492 1528633042.642104 0.000108 0.000175 0.000662 60.713345
10.457115 1528633042.654727 0.000108 0.000174 0.000663 60.680754
10.469524 1528633042.667136 0.000108 0.000174 0.000661 60.594781
10.482252 1528633042.679863 0.000109 0.000172 0.000663 60.522177
10.494157 1528633042.691769 0.000109 0.000175 0.000662 60.681592
10.507182 1528633042.704794 0.000108 0.000172 0.000661 60.700706
10.519409 1528633042.717021 0.000109 0.000173 0.000661 60.601936
10.531929 1528633042.729541 0.000109 0.000174 0.000661 60.599453
10.544264 1528633042.741876 0.000110 0.000175 0.000656 60.445471
10.557090 1528633042.754702 0.000108 0.000171 0.000664 60.576034
10.569463 1528633042.767074 0.000108 0.000174 0.000664 60.536484
10.582164 1528633042.779776 0.000109 0.000173 0.000662 60.487253
10.594199 1528633042.791811 0.000107 0.000173 0.000669 60.580090
10.606678 1528633042.804289 0.000108 0.000174 0.000665 60.618281
10.619662 1528633042.817274 0.000108 0.000174 0.000661 60.679022
10.631972 1528633042.829584 0.000108 0.000171 0.000663 60.545963
10.644396 1528633042.842008 0.000108 0.000174 0.000662 60.726223
10.656797 1528633042.854409 0.000109 0.000173 0.000662 60.567538
10.669684 1528633042.867296 0.000109 0.000172 0.000660 60.490945
10.681833 1528633042.879445 0.000108 0.000171 0.000660 60.570242
10.695018 1528633042.892630 0.000109 0.000173 0.000659 60.405359
10.708153 1528633042.905765 0.000109 0.000171 0.000662 60.501437
10.720366 1528633042.917978 0.000109 0.000171 0.000660 60.210130
10.732670 1528633042.930282 0.000109 0.000171 0.000662 60.315107
10.744524 1528633042.942135 0.000107 0.000172 0.000669 59.981143
10.756830 1528633042.954442 0.000107 0.000169 0.000684 59.837995
10.769063 1528633042.966675 0.000106 0.000168 0.000682 59.937084
10.782568 1528633042.980180 0.000106 0.000169 0.000679 60.118897
10.794831 1528633042.992443 0.000107 0.000171 0.000671 60.083569
10.806886 1528633043.004498 0.000107 0.000172 0.000675 60.144661
10.819076 1528633043.016688 0.000106 0.000168 0.000677 60.092454
10.831619 1528633043.029230 0.000106 0.000168 0.000677 60.052173
10.844219 1528633043.041831 0.000107 0.000169 0.000675 59.713126
10.856776 1528633043.054388 0.000106 0.000170 0.000672 59.944089
10.869569 1528633043.067181 0.000105 0.000170 0.000677 59.861797
10.882115 1528633043.079727 0.000105 0.000170 0.000679 59.885270
10.894374 1528633043.091986 0.000105 0.000169 0.000679 59.783116
10.906897 1528633043.104509 0.000107 0.000167 0.000675 59.681037
10.919306 1528633043.116917 0.000105 0.000168 0.000676 59.836939
10.931683 1528633043.129295 0.000105 0.000168 0.000678 59.804457
10.944432 1528633043.142044 0.000107 0.000167 0.000675 59.603694
10.957623 1528633043.155235 0.000105 0.000168 0.000677 59.836738
10.969901 1528633043.167513 0.000105 0.000166 0.000680 59.639856
10.982837 1528633043.180449 0.000105 0.000168 0.000681 59.731268
10.995423 1528633043.193034 0.000105 0.000166 0.000674 59.695999
11.007735 1528633043.205347 0.000105 0.000166 0.000681 59.771599
11.020427 1528633043.218039 0.000106 0.000169 0.000675 59.612084
11.032228 1528633043.229840 0.000104 0.000167 0.000679 59.735263
11.044544 1528633043.242155 0.000104 0.000165 0.000684 59.669585
11.056426 1528633043.254038 0.000105 0.000166 0.000680 59.598338
11.069267 1528633043.266878 0.000105 0.000168 0.000679 59.537804
11.082829 1528633043.280440 0.000105 0.000166 0.000676 59.440936
11.095065 1528633043.292677 0.000104 0.000168 0.000680 59.454315
11.107370 1528633043.304982 0.000105 0.000167 0.000684 59.341146
11.119755 1528633043.317367 0.000104 0.000167 0.000676 59.461163
11.132384 1528633043.329996 0.000105 0.000167 0.000681 59.293858
11.145721 1528633043.343333 0.000104 0.000166 0.000684 59.346458
11.157792 1528633043.355404 0.000105 0.000166 0.000689 59.301331
11.169108 1528633043.366720 0.000105 0.000167 0.000680 59.280606
11.181494 1528633043.379106 0.000107 0.000167 0.000677 59.214914
11.193830 1528633043.391441 0.000106 0.000167 0.000685 59.105579
11.206589 1528633043.404201 0.000106 0.000166 0.000680 59.219304
11.219286 1528633043.416898 0.000107 0.000167 0.000682 59.106792
11.231804 1528633043.429416 0.000106 0.000167 0.000685 59.206036
11.243817 1528633043.441429 0.000106 0.000164 0.000691 59.023596
11.256554 1528633043.454166 0.000106 0.000167 0.000682 59.042723
11.270191 1528633043.467803 0.000106 0.000167 0.000686 59.091778
11.283162 1528633043.480773 0.000106 0.000166 0.000682 59.077801
11.295041 1528633043.492653 0.000106 0.000168 0.000685 59.007241
11.308358 1528633043.505970 0.000106 0.000168 0.000686 59.048320
11.320352 1528633043.517964 0.000107 0.000166 0.000686 59.019970
11.332774 1528633043.530386 0.000107 0.000167 0.000682 59.006361
11.346007 1528633043.543619 0.000107 0.000166 0.000687 59.023439
11.356729 1528633043.554341 0.000107 0.000168 0.000683 59.123883
11.369385 1528633043.566997 0.000107 0.000169 0.000677 58.990612
11.381601 1528633043.579212 0.000106 0.000169 0.000683 59.128609
11.394205 1528633043.591817 0.000107 0.000169 0.000681 59.110443
11.406571 1528633043.604183 0.000109 0.000169 0.000678 58.909993
11.419164 1528633043.616776 0.000107 0.000168 0.000684 59.024398
11.431748 1528633043.629360 0.000107 0.000169 0.000685 59.052455
11.444498 1528633043.642110 0.000107 0.000168 0.000682 59.027682
11.457088 1528633043.654700 0.000108 0.000169 0.000684 58.733716
11.469472 1528633043.667084 0.000107 0.000169 0.000681 59.020462
11.482667 1528633043.680279 0.000107 0.000167 0.000679 58.911101
11.495347 1528633043.692959 0.000106 0.000167 0.000687 58.841698
11.508022 1528633043.705634 0.000107 0.000168 0.000681 59.033491
11.520344 1528633043.717956 0.000107 0.000168 0.000683 59.005128
11.532919 1528633043.730531 0.000107 0.000168 0.000679 58.983434
11.545533 1528633043.743145 0.000107 0.000169 0.000687 58.996499
11.556918 1528633043.754530 0.000106 0.000168 0.000681 59.083287
11.569046 1528633043.766658 0.000107 0.000169 0.000674 58.962454
11.581592 1528633043.779204 0.000107 0.000166 0.000680 58.850045
11.594137 1528633043.791749 0.000107 0.000168 0.000681 58.904931
11.606970 1528633043.804582 0.000107 0.000168 0.000679 59.004676
11.619242 1528633043.816854 0.000107 0.000168 0.000677 58.903348
11.631661 1528633043.829273 0.000107 0.000168 0.000676 58.930298
11.644320 1528633043.841932 0.000107 0.000166 0.000684 58.851497
11.657413 1528633043.855025 0.000106 0.000167 0.000683 58.903056
11.669159 1528633043.866771 0.000108 0.000167 0.000683 58.772650
11.681894 1528633043.879506 0.000108 0.000168 0.000675 58.781215
11.694107 1528633043.891718 0.000107 0.000167 0.000682 58.787864
11.706689 1528633043.904301 0.000107 0.000167 0.000679 58.812743
11.719462 1528633043.917074 0.000108 0.000168 0.000680 58.727904
11.731562 1528633043.929173 0.000108 0.000166 0.000682 58.794185
11.743942 1528633043.941554 0.000107 0.000166 0.000688 58.581730
11.757564 1528633043.955176 0.000108 0.000165 0.000678 58.383794
11.770762 1528633043.968374 0.000107 0.000164 0.000684 58.201558
11.782805 1528633043.980417 0.000106 0.000165 0.000685 58.104871
11.795269 1528633043.992881 0.000106 0.000167 0.000694 58.141710
11.807744 1528633044.005356 0.000105 0.000166 0.000708 58.222626
11.820363 1528633044.017975 0.000104 0.000168 0.000706 58.240539
11.832079 1528633044.029691 0.000105 0.000168 0.000715 58.063882
11.845063 1528633044.042675 0.000104 0.000169 0.000713 58.152375
11.857501 1528633044.055113 0.000104 0.000168 0.000716 58.204512
11.870723 1528633044.068335 0.000104 0.000167 0.000716 58.370582
11.883386 1528633044.080997 0.000104 0.000169 0.000715 58.421970
11.895457 1528633044.093069 0.000104 0.000168 0.000716 58.477227
11.906996 1528633044.104608 0.000104 0.000167 0.000713 58.362524
11.919369 1528633044.116981 0.000104 0.000167 0.000712 58.396909
11.932044 1528633044.129656 0.000104 0.000168 0.000712 58.354543
11.944050 1528633044.141662 0.000104 0.000168 0.000709 58.419362
11.956857 1528633044.154469 0.000104 0.000167 0.000712 58.435320
11.969541 1528633044.167153 0.000103 0.000169 0.000707 58.638507
11.982034 1528633044.179646 0.000104 0.000168 0.000708 58.629816
11.997406 1528633044.195018 0.000103 0.000168 0.000711 58.749544
12.007854 1528633044.205466 0.000104 0.000167 0.000708 58.693248
12.020671 1528633044.218283 0.000104 0.000167 0.000709 58.712010
12.032292 1528633044.229904 0.000103 0.000168 0.000709 58.733425
12.044404 1528633044.242015 0.000103 0.000168 0.000707 58.674080
12.057254 1528633044.254865 0.000103 0.000166 0.000710 58.576862
12.069367 1528633044.266979 0.000104 0.000166 0.000704 58.621797
12.081883 1528633044.279495 0.000103 0.000165 0.000716 58.509917
12.094372 1528633044.291984 0.000103 0.000167 0.000706 58.462448
12.107225 1528633044.304837 0.000103 0.000167 0.000710 58.451724
12.119307 1528633044.316918 0.000103 0.000167 0.000713 58.346882
12.132549 1528633044.330161 0.000103 0.000166 0.000716 58.318402
12.144783 1528633044.342395 0.000103 0.000167 0.000717 58.244268
12.157154 1528633044.354765 0.000103 0.000167 0.000713 58.321053
12.169149 1528633044.366760 0.000103 0.000167 0.000715 58.321926
12.181565 1528633044.379177 0.000104 0.000168 0.000709 58.201723
12.194055 1528633044.391667 0.000103 0.000167 0.000712 58.019301
12.206468 1528633044.404079 0.000104 0.000167 0.000713 58.043920
12.218900 1528633044.416512 0.000104 0.000168 0.000712 57.895975
12.231557 1528633044.429169 0.000104 0.000167 0.000716 57.941631
12.244060 1528633044.441671 0.000103 0.000165 0.000714 58.158654
12.256742 1528633044.454354 0.000104 0.000167 0.000715 58.111656
12.269169 1528633044.466781 0.000104 0.000167 0.000708 58.144113
12.281618 1528633044.479230 0.000105 0.000166 0.000707 58.102562
12.293802 1528633044.491413 0.000104 0.000166 0.000711 58.101435
12.306760 1528633044.504372 0.000104 0.000167 0.000714 57.980106
12.319332 1528633044.516944 0.000104 0.000166 0.000709 58.260565
12.331860 1528633044.529472 0.000104 0.000168 0.000715 58.201991
12.345998 1528633044.543610 0.000104 0.000166 0.000713 58.197399
12.357410 1528633044.555022 0.000104 0.000168 0.000715 58.258884
12.370543 1528633044.568155 0.000104 0.000168 0.000711 58.125320
