-4.620507 1528579028.116868 0.000124 0.000167 0.000653 47.278095
-4.608119 1528579028.129255 0.000136 0.000211 0.000629 47.902500
-4.594492 1528579028.142882 0.000124 0.000168 0.000654 47.228131
-4.582658 1528579028.154716 0.000124 0.000168 0.000655 47.151077
-4.570335 1528579028.167039 0.000124 0.000167 0.000655 47.091590
-4.557424 1528579028.179950 0.000124 0.000169 0.000653 47.182700
-4.545718 1528579028.191656 0.000124 0.000169 0.000653 47.117546
-4.533502 1528579028.203872 0.000124 0.000169 0.000653 47.024950
-4.521270 1528579028.216105 0.000137 0.000211 0.000628 47.688116
-4.509024 1528579028.228350 0.000137 0.000212 0.000626 47.608695
-4.496091 1528579028.241283 0.000125 0.000169 0.000654 46.888069
-4.483838 1528579028.253536 0.000125 0.000170 0.000653 46.966265
-4.471422 1528579028.265952 0.000125 0.000169 0.000652 46.885428
-4.458896 1528579028.278478 0.000137 0.000211 0.000627 47.563888
-4.446042 1528579028.291332 0.000138 0.000212 0.000623 47.662178
-4.432499 1528579028.304875 0.000138 0.000212 0.000627 47.554815
-4.420043 1528579028.317331 0.000137 0.000212 0.000625 47.535121
-4.407582 1528579028.329792 0.000138 0.000213 0.000625 47.567534
-4.394971 1528579028.342403 0.000125 0.000168 0.000652 46.916796
-4.382568 1528579028.354806 0.000138 0.000214 0.000623 47.682283
-4.370313 1528579028.367061 0.000126 0.000170 0.000651 46.832396
-4.357669 1528579028.379705 0.000126 0.000169 0.000651 46.819080
-4.345680 1528579028.391694 0.000125 0.000169 0.000653 46.753693
-4.333902 1528579028.403472 0.000138 0.000210 0.000625 47.483437
-4.319897 1528579028.417477 0.000138 0.000210 0.000625 47.437278
-4.308963 1528579028.428411 0.000138 0.000209 0.000627 47.252241
-4.296108 1528579028.441266 0.000139 0.000213 0.000625 47.358078
-4.283395 1528579028.453979 0.000125 0.000168 0.000654 46.688860
-4.271089 1528579028.466285 0.000137 0.000210 0.000627 47.386586
-4.258584 1528579028.478790 0.000138 0.000212 0.000627 47.483385
-4.246434 1528579028.490940 0.000126 0.000169 0.000652 46.752214
-4.233529 1528579028.503845 0.000138 0.000209 0.000629 47.639308
-4.220969 1528579028.516405 0.000126 0.000169 0.000651 46.893785
-4.207102 1528579028.530272 0.000138 0.000211 0.000628 47.508767
-4.194835 1528579028.542539 0.000126 0.000169 0.000650 46.931156
-4.182718 1528579028.554657 0.000139 0.000213 0.000626 47.701087
-4.170233 1528579028.567141 0.000126 0.000169 0.000652 46.972463
-4.158209 1528579028.579165 0.000126 0.000169 0.000653 46.919313
-4.145463 1528579028.591911 0.000126 0.000169 0.000651 46.777268
-4.132501 1528579028.604873 0.000126 0.000168 0.000653 46.937451
-4.120040 1528579028.617334 0.000138 0.000211 0.000626 47.481531
-4.107590 1528579028.629784 0.000126 0.000167 0.000651 46.878582
-4.095289 1528579028.642085 0.000126 0.000168 0.000651 46.896286
-4.083478 1528579028.653896 0.000126 0.000168 0.000650 46.849616
-4.071259 1528579028.666115 0.000139 0.000209 0.000627 47.528855
-4.058788 1528579028.678586 0.000138 0.000209 0.000627 47.490400
-4.046469 1528579028.690905 0.000138 0.000210 0.000626 47.386074
-4.033751 1528579028.703623 0.000126 0.000168 0.000648 46.820347
-4.021404 1528579028.715970 0.000128 0.000169 0.000646 46.643539
-4.007540 1528579028.729834 0.000128 0.000170 0.000641 46.686099
-3.995033 1528579028.742342 0.000139 0.000209 0.000622 47.521069
-3.982583 1528579028.754791 0.000124 0.000168 0.000653 46.570728
-3.970485 1528579028.766889 0.000123 0.000169 0.000657 46.649756
-3.957839 1528579028.779535 0.000123 0.000169 0.000658 46.950695
-3.946000 1528579028.791374 0.000124 0.000169 0.000658 47.135325
-3.933652 1528579028.803722 0.000124 0.000170 0.000656 47.330672
-3.920967 1528579028.816407 0.000124 0.000168 0.000659 47.284518
-3.908535 1528579028.828839 0.000123 0.000168 0.000660 47.284016
-3.895909 1528579028.841465 0.000124 0.000168 0.000657 47.313657
-3.883764 1528579028.853611 0.000124 0.000168 0.000656 47.381815
-3.871039 1528579028.866335 0.000124 0.000169 0.000657 47.276731
-3.858398 1528579028.878976 0.000124 0.000169 0.000650 47.324565
-3.845482 1528579028.891892 0.000138 0.000207 0.000630 48.008813
-3.832919 1528579028.904455 0.000124 0.000169 0.000657 47.376090
-3.820318 1528579028.917056 0.000138 0.000207 0.000630 48.198083
-3.807338 1528579028.930037 0.000138 0.000207 0.000631 48.109622
-3.795439 1528579028.941935 0.000138 0.000212 0.000628 48.362225
-3.782708 1528579028.954666 0.000124 0.000169 0.000654 47.458917
-3.769966 1528579028.967408 0.000124 0.000169 0.000655 47.479623
-3.758089 1528579028.979285 0.000124 0.000169 0.000656 47.417968
-3.745125 1528579028.992249 0.000123 0.000169 0.000657 47.453253
-3.732504 1528579029.004870 0.000124 0.000168 0.000656 47.463128
-3.720073 1528579029.017301 0.000124 0.000168 0.000658 47.486605
-3.707882 1528579029.029492 0.000124 0.000168 0.000655 47.426980
-3.695519 1528579029.041855 0.000124 0.000169 0.000659 47.329070
-3.682663 1528579029.054711 0.000138 0.000208 0.000629 47.982611
-3.670294 1528579029.067080 0.000124 0.000169 0.000656 47.334989
-3.657461 1528579029.079913 0.000125 0.000169 0.000655 47.243218
-3.645688 1528579029.091686 0.000125 0.000170 0.000655 47.406830
-3.632881 1528579029.104493 0.000139 0.000210 0.000629 47.964521
-3.620673 1528579029.116701 0.000139 0.000213 0.000628 48.141388
-3.608441 1528579029.128933 0.000139 0.000209 0.000629 47.880848
-3.595681 1528579029.141693 0.000139 0.000211 0.000629 47.993529
-3.582967 1528579029.154407 0.000139 0.000210 0.000629 47.858557
-3.570515 1528579029.166859 0.000139 0.000210 0.000630 47.783072
-3.557965 1528579029.179409 0.000140 0.000216 0.000627 48.060288
-3.545682 1528579029.191692 0.000140 0.000211 0.000627 47.871031
-3.533361 1528579029.204013 0.000140 0.000211 0.000627 47.746187
-3.520873 1528579029.216501 0.000141 0.000212 0.000624 47.771548
-3.507589 1528579029.229785 0.000141 0.000212 0.000626 47.854281
-3.495433 1528579029.241941 0.000142 0.000217 0.000624 47.979998
-3.483037 1528579029.254337 0.000141 0.000212 0.000627 47.693901
-3.470920 1528579029.266454 0.000142 0.000211 0.000626 47.490092
-3.458213 1528579029.279161 0.000141 0.000212 0.000623 47.659890
-3.445677 1528579029.291697 0.000141 0.000211 0.000625 47.445043
-3.433129 1528579029.304245 0.000142 0.000211 0.000627 47.510405
-3.420830 1528579029.316544 0.000139 0.000209 0.000631 47.409008
-3.408336 1528579029.329038 0.000140 0.000214 0.000627 47.560828
-3.395590 1528579029.341784 0.000138 0.000212 0.000635 47.726310
-3.383230 1528579029.354144 0.000135 0.000207 0.000647 47.819676
-3.370692 1528579029.366683 0.000132 0.000209 0.000651 48.023824
-3.358367 1528579029.379007 0.000132 0.000212 0.000651 48.181222
-3.345635 1528579029.391739 0.000131 0.000213 0.000653 48.526960
-3.333037 1528579029.404337 0.000132 0.000213 0.000652 48.577964
-3.320689 1528579029.416685 0.000133 0.000211 0.000654 48.644566
-3.308082 1528579029.429292 0.000132 0.000212 0.000654 48.853506
-3.295438 1528579029.441936 0.000133 0.000211 0.000652 48.828319
-3.283351 1528579029.454023 0.000131 0.000211 0.000654 48.948382
-3.270774 1528579029.466600 0.000132 0.000211 0.000652 48.955439
-3.258392 1528579029.478982 0.000131 0.000211 0.000655 48.875685
-3.245509 1528579029.491865 0.000132 0.000211 0.000653 48.954080
-3.233160 1528579029.504215 0.000132 0.000209 0.000653 48.845489
-3.220845 1528579029.516529 0.000132 0.000211 0.000650 48.911542
-3.208193 1528579029.529181 0.000132 0.000216 0.000650 49.127222
-3.195825 1528579029.541549 0.000131 0.000209 0.000652 49.036115
-3.183344 1528579029.554030 0.000131 0.000212 0.000653 48.964991
-3.170780 1528579029.566594 0.000131 0.000213 0.000651 49.102148
-3.158036 1528579029.579338 0.000130 0.000208 0.000652 48.872679
-3.145635 1528579029.591739 0.000130 0.000210 0.000653 48.897295
-3.133059 1528579029.604315 0.000130 0.000213 0.000649 48.973803
-3.120751 1528579029.616623 0.000130 0.000205 0.000654 48.770382
-3.108044 1528579029.629330 0.000130 0.000208 0.000650 48.834361
-3.095323 1528579029.642051 0.000129 0.000208 0.000652 48.787944
-3.083302 1528579029.654072 0.000131 0.000212 0.000650 48.815830
-3.070882 1528579029.666492 0.000130 0.000207 0.000653 48.704721
-3.058283 1528579029.679091 0.000119 0.000167 0.000676 48.153123
-3.045694 1528579029.691680 0.000118 0.000166 0.000678 48.111710
-3.033117 1528579029.704257 0.000119 0.000165 0.000680 48.019989
-3.020648 1528579029.716726 0.000118 0.000166 0.000677 47.901453
-3.007862 1528579029.729512 0.000118 0.000165 0.000680 47.867880
-2.995186 1528579029.742188 0.000118 0.000165 0.000676 47.747444
-2.982682 1528579029.754692 0.000118 0.000165 0.000679 47.715740
-2.970321 1528579029.767053 0.000117 0.000165 0.000681 47.714932
-2.957880 1528579029.779495 0.000130 0.000207 0.000650 48.236993
-2.945144 1528579029.792230 0.000121 0.000166 0.000661 47.750277
-2.932868 1528579029.804506 0.000131 0.000210 0.000633 47.903188
-2.920439 1528579029.816936 0.000119 0.000164 0.000669 47.419033
-2.907467 1528579029.829907 0.000118 0.000163 0.000676 47.525153
-2.894821 1528579029.842553 0.000118 0.000163 0.000676 47.625077
-2.882678 1528579029.854696 0.000117 0.000163 0.000681 47.754955
-2.870365 1528579029.867009 0.000118 0.000163 0.000678 47.712446
-2.857569 1528579029.879805 0.000118 0.000164 0.000676 47.884624
-2.845525 1528579029.891850 0.000118 0.000164 0.000679 48.010538
-2.833159 1528579029.904215 0.000118 0.000166 0.000676 47.937110
-2.820366 1528579029.917008 0.000118 0.000166 0.000676 47.885089
-2.807641 1528579029.929733 0.000118 0.000165 0.000678 47.898597
-2.795290 1528579029.942085 0.000118 0.000166 0.000679 47.823083
-2.782785 1528579029.954589 0.000118 0.000165 0.000677 47.929546
-2.770489 1528579029.966885 0.000118 0.000166 0.000677 48.027270
-2.757282 1528579029.980092 0.000119 0.000167 0.000674 47.945673
-2.745381 1528579029.991993 0.000118 0.000166 0.000679 47.858440
-2.731689 1528579030.005685 0.000118 0.000167 0.000678 47.937206
-2.720295 1528579030.017079 0.000118 0.000166 0.000676 47.966686
-2.707332 1528579030.030042 0.000119 0.000165 0.000680 47.927449
-2.695217 1528579030.042157 0.000119 0.000167 0.000676 47.875207
-2.682524 1528579030.054850 0.000118 0.000165 0.000678 47.904986
-2.669697 1528579030.067677 0.000119 0.000167 0.000678 47.826100
-2.657885 1528579030.079489 0.000119 0.000166 0.000677 47.933339
-2.645978 1528579030.091396 0.000119 0.000167 0.000677 47.829834
-2.633423 1528579030.103951 0.000130 0.000214 0.000650 48.468653
-2.621280 1528579030.116094 0.000130 0.000214 0.000649 48.417175
-2.608086 1528579030.129288 0.000130 0.000217 0.000648 48.542553
-2.596025 1528579030.141349 0.000130 0.000214 0.000650 48.298799
-2.583543 1528579030.153831 0.000119 0.000168 0.000676 47.853064
-2.570324 1528579030.167050 0.000119 0.000165 0.000677 47.784243
-2.557603 1528579030.179771 0.000119 0.000167 0.000678 47.780688
-2.545235 1528579030.192139 0.000119 0.000166 0.000676 47.765242
-2.533092 1528579030.204282 0.000119 0.000166 0.000677 47.693108
-2.520439 1528579030.216935 0.000119 0.000165 0.000677 47.707816
-2.507529 1528579030.229845 0.000119 0.000166 0.000676 47.741242
-2.495151 1528579030.242223 0.000119 0.000166 0.000676 47.673772
-2.482414 1528579030.254960 0.000118 0.000165 0.000677 47.678185
-2.469814 1528579030.267560 0.000118 0.000166 0.000675 47.785093
-2.457965 1528579030.279409 0.000118 0.000166 0.000674 47.677292
-2.445353 1528579030.292021 0.000118 0.000165 0.000676 47.704827
-2.432820 1528579030.304554 0.000129 0.000211 0.000649 48.088708
-2.419984 1528579030.317390 0.000119 0.000165 0.000676 47.638898
-2.407336 1528579030.330039 0.000118 0.000164 0.000678 47.573687
-2.395008 1528579030.342366 0.000118 0.000163 0.000677 47.721590
-2.382780 1528579030.354594 0.000129 0.000212 0.000649 48.098689
-2.370471 1528579030.366904 0.000118 0.000166 0.000678 47.617086
-2.357667 1528579030.379707 0.000118 0.000164 0.000678 47.617115
-2.345065 1528579030.392309 0.000119 0.000164 0.000677 47.620680
-2.332708 1528579030.404666 0.000119 0.000164 0.000678 47.597165
-2.320107 1528579030.417267 0.000118 0.000165 0.000678 47.647665
-2.307602 1528579030.429772 0.000118 0.000165 0.000674 47.522381
-2.295553 1528579030.441821 0.000119 0.000165 0.000673 47.413807
-2.282828 1528579030.454546 0.000120 0.000166 0.000660 47.531443
-2.269644 1528579030.467731 0.000118 0.000165 0.000673 47.501315
-2.257805 1528579030.479569 0.000128 0.000208 0.000657 47.869402
-2.241117 1528579030.496257 0.000117 0.000163 0.000685 47.442385
-2.232919 1528579030.504455 0.000115 0.000162 0.000691 47.427508
-2.220712 1528579030.516662 0.000116 0.000163 0.000691 47.540190
-2.208396 1528579030.528978 0.000115 0.000163 0.000687 47.645630
-2.195888 1528579030.541487 0.000115 0.000163 0.000687 47.644438
-2.183403 1528579030.553971 0.000115 0.000163 0.000689 47.570600
-2.170704 1528579030.566670 0.000116 0.000163 0.000687 47.708324
-2.157399 1528579030.579975 0.000115 0.000161 0.000689 47.720490
-2.146097 1528579030.591277 0.000115 0.000162 0.000691 47.815702
-2.133404 1528579030.603970 0.000115 0.000163 0.000686 47.751545
-2.121085 1528579030.616289 0.000115 0.000162 0.000689 47.813235
-2.108513 1528579030.628861 0.000115 0.000161 0.000689 47.933097
-2.095891 1528579030.641483 0.000115 0.000161 0.000690 47.843022
-2.083159 1528579030.654215 0.000115 0.000161 0.000690 47.926130
-2.069549 1528579030.667825 0.000115 0.000161 0.000689 47.947183
-2.057061 1528579030.680313 0.000115 0.000161 0.000688 47.878265
-2.044332 1528579030.693043 0.000115 0.000162 0.000688 47.867125
-2.032976 1528579030.704398 0.000116 0.000162 0.000686 47.901205
-2.020071 1528579030.717304 0.000116 0.000161 0.000689 47.930445
-2.007650 1528579030.729724 0.000115 0.000161 0.000689 47.951747
-1.995136 1528579030.742238 0.000116 0.000161 0.000688 47.861964
-1.982724 1528579030.754650 0.000116 0.000162 0.000687 47.882074
-1.969876 1528579030.767498 0.000116 0.000161 0.000689 47.922107
-1.957417 1528579030.779957 0.000116 0.000161 0.000690 47.914303
-1.944978 1528579030.792396 0.000127 0.000212 0.000660 48.481616
-1.931657 1528579030.805717 0.000116 0.000161 0.000687 47.923702
-1.919954 1528579030.817420 0.000116 0.000162 0.000688 47.886882
-1.908035 1528579030.829339 0.000117 0.000162 0.000688 47.935837
-1.895704 1528579030.841670 0.000117 0.000162 0.000686 47.911430
-1.883145 1528579030.854229 0.000117 0.000162 0.000686 47.943988
-1.870673 1528579030.866701 0.000116 0.000163 0.000688 47.982559
-1.858326 1528579030.879048 0.000117 0.000164 0.000686 47.918181
-1.845524 1528579030.891850 0.000117 0.000162 0.000689 47.896114
-1.832992 1528579030.904382 0.000117 0.000163 0.000687 47.969268
-1.820792 1528579030.916582 0.000117 0.000163 0.000685 47.874284
-1.808176 1528579030.929198 0.000117 0.000163 0.000688 47.974019
-1.795619 1528579030.941755 0.000118 0.000164 0.000686 47.922847
-1.782887 1528579030.954487 0.000117 0.000163 0.000689 47.979593
-1.770232 1528579030.967142 0.000118 0.000164 0.000690 47.949354
-1.757991 1528579030.979383 0.000118 0.000165 0.000688 47.957440
-1.744844 1528579030.992530 0.000129 0.000208 0.000659 48.471490
-1.732406 1528579031.004968 0.000118 0.000166 0.000687 48.013033
-1.719815 1528579031.017559 0.000119 0.000166 0.000684 47.974298
-1.707375 1528579031.029999 0.000130 0.000209 0.000657 48.410333
-1.695251 1528579031.042123 0.000118 0.000166 0.000686 47.986357
-1.682723 1528579031.054651 0.000119 0.000167 0.000686 47.805821
-1.670366 1528579031.067008 0.000133 0.000214 0.000653 48.050128
-1.658050 1528579031.079324 0.000133 0.000210 0.000663 47.727912
-1.645397 1528579031.091977 0.000121 0.000166 0.000697 47.190410
-1.633128 1528579031.104246 0.000120 0.000166 0.000706 47.161573
-1.620487 1528579031.116887 0.000121 0.000166 0.000705 47.080689
-1.607504 1528579031.129870 0.000120 0.000164 0.000705 47.191419
-1.595579 1528579031.141795 0.000120 0.000165 0.000706 47.316013
-1.582758 1528579031.154616 0.000119 0.000166 0.000705 47.371229
-1.570325 1528579031.167049 0.000119 0.000164 0.000706 47.501346
-1.558109 1528579031.179265 0.000119 0.000165 0.000705 47.498171
-1.545386 1528579031.191988 0.000119 0.000165 0.000707 47.535976
-1.533001 1528579031.204373 0.000131 0.000207 0.000682 47.998295
-1.520427 1528579031.216947 0.000130 0.000210 0.000678 47.978995
-1.507204 1528579031.230170 0.000118 0.000162 0.000709 47.586772
-1.494639 1528579031.242735 0.000118 0.000163 0.000708 47.564541
-1.482785 1528579031.254589 0.000118 0.000162 0.000708 47.685796
-1.471049 1528579031.266325 0.000117 0.000162 0.000708 47.724987
-1.458143 1528579031.279231 0.000117 0.000162 0.000710 47.844752
-1.444924 1528579031.292450 0.000117 0.000162 0.000708 47.855543
-1.432206 1528579031.305168 0.000117 0.000162 0.000708 47.797521
-1.419877 1528579031.317497 0.000117 0.000162 0.000708 47.824226
-1.407525 1528579031.329849 0.000117 0.000162 0.000707 47.846574
-1.395621 1528579031.341753 0.000117 0.000162 0.000706 47.872634
-1.383034 1528579031.354341 0.000117 0.000162 0.000706 47.771935
-1.370556 1528579031.366818 0.000117 0.000161 0.000708 47.875365
-1.358435 1528579031.378939 0.000117 0.000161 0.000709 47.862767
-1.344507 1528579031.392867 0.000117 0.000161 0.000709 47.943395
-1.331818 1528579031.405556 0.000116 0.000161 0.000708 47.940587
-1.319507 1528579031.417867 0.000117 0.000162 0.000710 47.910672
-1.307903 1528579031.429471 0.000117 0.000161 0.000707 47.839545
-1.295764 1528579031.441610 0.000116 0.000162 0.000708 47.798123
-1.283197 1528579031.454177 0.000116 0.000160 0.000708 47.884979
-1.270985 1528579031.466389 0.000116 0.000161 0.000707 47.830115
-1.258453 1528579031.478921 0.000116 0.000161 0.000709 47.878951
-1.246032 1528579031.491342 0.000116 0.000161 0.000709 47.805776
-1.232476 1528579031.504898 0.000116 0.000161 0.000713 47.799189
-1.220032 1528579031.517342 0.000116 0.000161 0.000711 47.900416
-1.207343 1528579031.530031 0.000116 0.000161 0.000712 47.842632
-1.194438 1528579031.542936 0.000116 0.000161 0.000711 47.842259
-1.182530 1528579031.554844 0.000116 0.000160 0.000710 47.668570
-1.170521 1528579031.566853 0.000117 0.000160 0.000697 47.740984
-1.157679 1528579031.579695 0.000114 0.000161 0.000688 48.300015
-1.145276 1528579031.592098 0.000111 0.000162 0.000685 48.801039
-1.133048 1528579031.604326 0.000112 0.000161 0.000686 49.093113
-1.120242 1528579031.617132 0.000111 0.000162 0.000688 49.399056
-1.107723 1528579031.629651 0.000111 0.000162 0.000691 49.444209
-1.094979 1528579031.642395 0.000111 0.000161 0.000691 49.506816
-1.082242 1528579031.655133 0.000111 0.000163 0.000691 49.560409
-1.070062 1528579031.667312 0.000111 0.000161 0.000692 49.609034
-1.057699 1528579031.679675 0.000111 0.000162 0.000693 49.663600
-1.045152 1528579031.692222 0.000111 0.000162 0.000693 49.640243
-1.032801 1528579031.704573 0.000111 0.000161 0.000693 49.642530
-1.020390 1528579031.716985 0.000111 0.000161 0.000694 49.643661
-1.007890 1528579031.729485 0.000111 0.000161 0.000692 49.687748
-0.995352 1528579031.742022 0.000120 0.000203 0.000669 50.015134
-0.982787 1528579031.754587 0.000111 0.000161 0.000694 49.611492
-0.970258 1528579031.767116 0.000110 0.000161 0.000695 49.636161
-0.957620 1528579031.779754 0.000111 0.000161 0.000691 49.628750
-0.945138 1528579031.792236 0.000122 0.000205 0.000665 50.083164
-0.932600 1528579031.804774 0.000111 0.000160 0.000693 49.544976
-0.920030 1528579031.817344 0.000111 0.000161 0.000693 49.544892
-0.907650 1528579031.829724 0.000111 0.000161 0.000694 49.512843
-0.894924 1528579031.842450 0.000122 0.000202 0.000667 49.933825
-0.882813 1528579031.854561 0.000112 0.000161 0.000694 49.260607
-0.870180 1528579031.867194 0.000111 0.000162 0.000693 49.418042
-0.857248 1528579031.880126 0.000111 0.000161 0.000691 49.368742
-0.845172 1528579031.892202 0.000112 0.000161 0.000694 49.387698
-0.832732 1528579031.904642 0.000111 0.000161 0.000693 49.419440
-0.819979 1528579031.917395 0.000111 0.000161 0.000694 49.334587
-0.807842 1528579031.929532 0.000112 0.000161 0.000692 49.280526
-0.795398 1528579031.941977 0.000112 0.000161 0.000693 49.175701
-0.782518 1528579031.954856 0.000111 0.000161 0.000694 49.204667
-0.769999 1528579031.967375 0.000111 0.000160 0.000692 49.159170
-0.757696 1528579031.979678 0.000111 0.000160 0.000692 49.194491
-0.744899 1528579031.992475 0.000111 0.000160 0.000692 49.161433
-0.732981 1528579032.004393 0.000111 0.000159 0.000694 49.095624
-0.720022 1528579032.017352 0.000111 0.000159 0.000691 49.054746
-0.707796 1528579032.029578 0.000111 0.000160 0.000691 48.954942
-0.694928 1528579032.042446 0.000110 0.000159 0.000693 48.945518
-0.682656 1528579032.054718 0.000111 0.000159 0.000689 48.964173
-0.670305 1528579032.067070 0.000110 0.000159 0.000690 48.885895
-0.657757 1528579032.079618 0.000110 0.000159 0.000691 48.842096
-0.645186 1528579032.092188 0.000110 0.000159 0.000691 48.928731
-0.632829 1528579032.104545 0.000111 0.000159 0.000694 48.810042
-0.620268 1528579032.117106 0.000110 0.000159 0.000695 48.730791
-0.607349 1528579032.130025 0.000112 0.000159 0.000688 48.715140
-0.594761 1528579032.142613 0.000114 0.000158 0.000683 48.316149
-0.582172 1528579032.155202 0.000113 0.000159 0.000687 48.432098
-0.569677 1528579032.167697 0.000112 0.000159 0.000682 48.374497
-0.558045 1528579032.179329 0.000112 0.000159 0.000682 48.428954
-0.545436 1528579032.191938 0.000112 0.000160 0.000681 48.494088
-0.533226 1528579032.204148 0.000112 0.000161 0.000681 48.617856
-0.520503 1528579032.216871 0.000113 0.000161 0.000682 48.787504
-0.507396 1528579032.229978 0.000113 0.000160 0.000682 48.762587
-0.494922 1528579032.242452 0.000112 0.000160 0.000685 48.869655
-0.482191 1528579032.255183 0.000112 0.000159 0.000683 48.935049
-0.469185 1528579032.268189 0.000112 0.000158 0.000687 48.913610
-0.457299 1528579032.280076 0.000112 0.000158 0.000685 48.721359
-0.445490 1528579032.291884 0.000111 0.000157 0.000686 48.754517
-0.432975 1528579032.304399 0.000111 0.000157 0.000687 48.599405
-0.420354 1528579032.317020 0.000111 0.000158 0.000685 48.482693
-0.408046 1528579032.329328 0.000110 0.000156 0.000684 48.462883
-0.394165 1528579032.343209 0.000111 0.000156 0.000685 48.359017
-0.381763 1528579032.355611 0.000110 0.000156 0.000686 48.350257
-0.369512 1528579032.367862 0.000110 0.000155 0.000687 48.188042
-0.357361 1528579032.380013 0.000110 0.000155 0.000685 48.172703
-0.345133 1528579032.392241 0.000110 0.000155 0.000685 48.257374
-0.332919 1528579032.404455 0.000110 0.000155 0.000682 48.105890
-0.320314 1528579032.417060 0.000110 0.000156 0.000681 48.054589
-0.307825 1528579032.429549 0.000110 0.000155 0.000680 47.964771
-0.294929 1528579032.442445 0.000110 0.000155 0.000682 47.953723
-0.282693 1528579032.454681 0.000110 0.000155 0.000681 47.899617
-0.269968 1528579032.467406 0.000110 0.000156 0.000680 47.943768
-0.257522 1528579032.479852 0.000110 0.000156 0.000679 47.957230
-0.245012 1528579032.492362 0.000110 0.000156 0.000682 47.985108
-0.232820 1528579032.504554 0.000110 0.000156 0.000683 47.948706
-0.220229 1528579032.517145 0.000111 0.000156 0.000683 47.993155
-0.207724 1528579032.529650 0.000110 0.000157 0.000682 47.970652
-0.195036 1528579032.542338 0.000111 0.000157 0.000683 47.948145
-0.182536 1528579032.554838 0.000111 0.000157 0.000683 47.945234
-0.170191 1528579032.567183 0.000110 0.000157 0.000685 47.881892
-0.157740 1528579032.579634 0.000110 0.000155 0.000684 47.940589
-0.145259 1528579032.592115 0.000110 0.000156 0.000682 47.975329
-0.132778 1528579032.604596 0.000110 0.000156 0.000684 47.925038
-0.119983 1528579032.617391 0.000110 0.000157 0.000681 47.905884
-0.107000 1528579032.630374 0.000110 0.000156 0.000685 47.908099
-0.094750 1528579032.642624 0.000111 0.000157 0.000682 47.913186
-0.082417 1528579032.654957 0.000111 0.000157 0.000683 48.015287
-0.070272 1528579032.667102 0.000111 0.000157 0.000683 48.093781
-0.057648 1528579032.679726 0.000111 0.000157 0.000683 48.069838
-0.045444 1528579032.691930 0.000112 0.000157 0.000685 48.079700
-0.032867 1528579032.704507 0.000112 0.000156 0.000684 48.124299
-0.020359 1528579032.717015 0.000112 0.000157 0.000685 48.149134
-0.007863 1528579032.729511 0.000112 0.000157 0.000684 48.187480
0.005005 1528579032.742379 0.000113 0.000158 0.000677 48.122584
0.017226 1528579032.754600 0.000112 0.000157 0.000666 48.394816
0.029835 1528579032.767209 0.000107 0.000159 0.000678 48.722952
0.042246 1528579032.779620 0.000105 0.000158 0.000688 49.097934
0.055212 1528579032.792586 0.000104 0.000156 0.000703 49.208200
0.067758 1528579032.805132 0.000103 0.000155 0.000707 49.361232
0.080242 1528579032.817616 0.000103 0.000154 0.000704 49.281444
0.092942 1528579032.830316 0.000103 0.000154 0.000701 49.351515
0.105675 1528579032.843049 0.000103 0.000154 0.000704 49.348434
0.118033 1528579032.855407 0.000103 0.000155 0.000705 49.329415
0.129852 1528579032.867226 0.000104 0.000154 0.000700 49.377248
0.142176 1528579032.879550 0.000103 0.000154 0.000703 49.524177
0.154963 1528579032.892337 0.000102 0.000154 0.000703 49.577497
0.167158 1528579032.904532 0.000102 0.000153 0.000701 49.275657
0.179860 1528579032.917234 0.000102 0.000153 0.000701 49.080242
0.192568 1528579032.929942 0.000102 0.000151 0.000699 48.965224
0.204876 1528579032.942250 0.000101 0.000152 0.000701 48.914890
0.217294 1528579032.954668 0.000101 0.000151 0.000702 48.868184
0.230875 1528579032.968249 0.000101 0.000150 0.000706 48.893432
0.242255 1528579032.979629 0.000101 0.000150 0.000703 48.943048
0.254879 1528579032.992254 0.000101 0.000150 0.000704 49.006106
0.267409 1528579033.004783 0.000101 0.000150 0.000700 49.001968
0.279892 1528579033.017267 0.000101 0.000150 0.000703 49.117384
0.292367 1528579033.029742 0.000102 0.000149 0.000705 49.006393
0.305279 1528579033.042653 0.000102 0.000151 0.000706 49.180640
0.317936 1528579033.055310 0.000104 0.000154 0.000711 49.628860
0.330992 1528579033.068367 0.000103 0.000156 0.000716 50.723306
0.344007 1528579033.081381 0.000104 0.000154 0.000711 52.650802
0.354970 1528579033.092344 0.000103 0.000155 0.000713 55.583044
0.367304 1528579033.104678 0.000099 0.000158 0.000738 59.062382
0.379780 1528579033.117154 0.000107 0.000159 0.000753 61.167115
0.392460 1528579033.129834 0.000100 0.000163 0.000761 62.317233
0.404737 1528579033.142111 0.000102 0.000169 0.000772 62.608355
0.417294 1528579033.154668 0.000104 0.000171 0.000788 62.643778
0.429772 1528579033.167146 0.000106 0.000171 0.000784 62.200465
0.443096 1528579033.180470 0.000106 0.000172 0.000778 61.944792
0.455567 1528579033.192941 0.000106 0.000172 0.000764 61.836916
0.468092 1528579033.205466 0.000106 0.000174 0.000762 62.253309
0.479900 1528579033.217274 0.000108 0.000177 0.000757 62.788164
0.491952 1528579033.229326 0.000110 0.000189 0.000753 63.387232
0.504417 1528579033.241791 0.000113 0.000193 0.000730 63.854216
0.516962 1528579033.254336 0.000114 0.000204 0.000726 64.958695
0.529389 1528579033.266763 0.000114 0.000215 0.000720 66.090040
0.541491 1528579033.278865 0.000128 0.000282 0.000713 70.536670
0.555009 1528579033.292383 0.000130 0.000292 0.000713 71.318493
0.567862 1528579033.305236 0.000130 0.000300 0.000719 72.321217
0.580566 1528579033.317940 0.000132 0.000312 0.000708 73.583717
0.592690 1528579033.330064 0.000131 0.000316 0.000697 74.810072
0.605055 1528579033.342429 0.000129 0.000328 0.000692 77.105260
0.618078 1528579033.355452 0.000127 0.000332 0.000682 79.725554
0.630292 1528579033.367666 0.000121 0.000336 0.000673 82.434267
0.642754 1528579033.380128 0.000121 0.000331 0.000659 84.793435
0.655514 1528579033.392888 0.000120 0.000329 0.000653 86.730640
0.667752 1528579033.405126 0.000122 0.000330 0.000659 88.202496
0.680363 1528579033.417737 0.000123 0.000321 0.000654 89.028319
0.692528 1528579033.429902 0.000122 0.000324 0.000655 90.082166
0.705028 1528579033.442402 0.000124 0.000320 0.000657 91.484682
0.717909 1528579033.455283 0.000122 0.000317 0.000666 91.981099
0.730131 1528579033.467505 0.000124 0.000308 0.000660 92.726649
0.742306 1528579033.479680 0.000125 0.000303 0.000655 93.363830
0.755714 1528579033.493088 0.000126 0.000296 0.000652 94.217744
0.768261 1528579033.505635 0.000126 0.000295 0.000672 95.107855
0.780999 1528579033.518373 0.000132 0.000289 0.000657 96.407149
0.793117 1528579033.530491 0.000132 0.000282 0.000659 97.118774
0.804862 1528579033.542236 0.000132 0.000276 0.000664 98.389744
0.817210 1528579033.554584 0.000134 0.000273 0.000664 99.450777
0.829960 1528579033.567334 0.000136 0.000272 0.000671 100.488158
0.842110 1528579033.579484 0.000136 0.000268 0.000658 100.712762
0.855719 1528579033.593093 0.000138 0.000269 0.000665 101.660344
0.868100 1528579033.605474 0.000141 0.000268 0.000666 102.446558
0.880404 1528579033.617778 0.000145 0.000268 0.000661 102.890009
0.892346 1528579033.629720 0.000143 0.000266 0.000671 103.131060
0.904531 1528579033.641905 0.000143 0.000268 0.000667 103.349557
0.917466 1528579033.654840 0.000144 0.000271 0.000669 103.101625
0.929622 1528579033.666996 0.000147 0.000265 0.000660 104.034411
0.942388 1528579033.679762 0.000146 0.000268 0.000667 103.985648
0.954552 1528579033.691926 0.000149 0.000265 0.000656 104.380532
0.966981 1528579033.704355 0.000147 0.000264 0.000656 104.129537
0.980059 1528579033.717433 0.000150 0.000262 0.000647 105.006166
0.992770 1528579033.730144 0.000152 0.000261 0.000646 105.802570
1.004955 1528579033.742329 0.000151 0.000259 0.000650 106.184162
1.017819 1528579033.755193 0.000155 0.000260 0.000651 106.698216
1.030020 1528579033.767394 0.000154 0.000261 0.000651 106.942103
1.042828 1528579033.780202 0.000155 0.000258 0.000651 107.439749
1.055004 1528579033.792378 0.000155 0.000259 0.000657 107.694144
1.067400 1528579033.804774 0.000157 0.000259 0.000649 107.939634
1.080052 1528579033.817426 0.000158 0.000257 0.000654 108.146775
1.093244 1528579033.830618 0.000159 0.000258 0.000665 108.120056
1.104855 1528579033.842229 0.000159 0.000258 0.000650 108.055911
1.116949 1528579033.854323 0.000159 0.000258 0.000651 108.124737
1.129395 1528579033.866769 0.000159 0.000258 0.000653 108.413330
1.141795 1528579033.879169 0.000156 0.000260 0.000653 108.278898
1.154477 1528579033.891851 0.000158 0.000257 0.000654 108.454697
1.166863 1528579033.904237 0.000158 0.000258 0.000652 108.494405
1.179762 1528579033.917136 0.000159 0.000259 0.000653 108.569392
1.192112 1528579033.929487 0.000158 0.000258 0.000655 108.833246
1.204598 1528579033.941972 0.000159 0.000257 0.000657 109.314626
1.217136 1528579033.954510 0.000159 0.000258 0.000650 109.239552
1.230527 1528579033.967901 0.000160 0.000261 0.000645 109.447611
1.243452 1528579033.980826 0.000160 0.000258 0.000657 109.418017
1.255912 1528579033.993286 0.000160 0.000261 0.000658 109.436873
1.268007 1528579034.005381 0.000159 0.000263 0.000651 109.601940
1.281225 1528579034.018600 0.000159 0.000258 0.000662 109.334834
1.293990 1528579034.031364 0.000161 0.000258 0.000672 109.671297
1.304762 1528579034.042136 0.000160 0.000258 0.000663 109.739291
1.316967 1528579034.054342 0.000160 0.000259 0.000665 109.959584
1.329693 1528579034.067067 0.000160 0.000263 0.000669 109.918183
1.342221 1528579034.079595 0.000160 0.000260 0.000668 110.013078
1.354947 1528579034.092321 0.000161 0.000258 0.000654 110.123339
1.367291 1528579034.104665 0.000161 0.000258 0.000663 110.155768
1.380574 1528579034.117949 0.000161 0.000257 0.000671 110.091093
1.392602 1528579034.129976 0.000163 0.000259 0.000665 110.450074
1.405170 1528579034.142544 0.000161 0.000259 0.000661 110.079505
1.418037 1528579034.155411 0.000160 0.000259 0.000666 109.946976
1.430316 1528579034.167690 0.000162 0.000259 0.000659 109.768698
1.443321 1528579034.180695 0.000162 0.000258 0.000664 109.693146
1.455578 1528579034.192952 0.000161 0.000260 0.000661 109.720851
1.468163 1528579034.205537 0.000161 0.000260 0.000656 109.550214
1.480872 1528579034.218246 0.000162 0.000258 0.000659 109.306972
1.492961 1528579034.230335 0.000162 0.000259 0.000652 109.569163
1.505641 1528579034.243015 0.000162 0.000260 0.000658 109.445284
1.517943 1528579034.255317 0.000162 0.000265 0.000661 109.229186
1.530043 1528579034.267417 0.000164 0.000264 0.000657 109.596399
1.542337 1528579034.279711 0.000164 0.000260 0.000667 109.672196
1.554697 1528579034.292071 0.000165 0.000261 0.000665 110.024365
1.567120 1528579034.304494 0.000164 0.000262 0.000654 109.793271
1.579753 1528579034.317127 0.000164 0.000268 0.000666 110.087586
1.592540 1528579034.329914 0.000164 0.000264 0.000659 110.032656
1.604763 1528579034.342137 0.000164 0.000263 0.000666 110.250153
1.617137 1528579034.354511 0.000165 0.000264 0.000666 110.472772
1.630051 1528579034.367425 0.000165 0.000266 0.000657 110.336474
1.642560 1528579034.379934 0.000168 0.000264 0.000661 110.809385
1.654898 1528579034.392272 0.000166 0.000267 0.000647 110.550917
1.667906 1528579034.405280 0.000166 0.000266 0.000647 110.413160
1.680042 1528579034.417416 0.000166 0.000266 0.000659 110.386856
1.693120 1528579034.430494 0.000167 0.000266 0.000651 110.431997
1.705258 1528579034.442632 0.000167 0.000268 0.000637 110.051402
1.717564 1528579034.454938 0.000166 0.000268 0.000646 110.057533
1.729982 1528579034.467356 0.000166 0.000268 0.000642 109.989416
1.742705 1528579034.480079 0.000167 0.000268 0.000639 110.052165
1.755493 1528579034.492867 0.000166 0.000268 0.000639 109.766427
1.767978 1528579034.505352 0.000166 0.000269 0.000635 109.764303
1.780224 1528579034.517598 0.000166 0.000268 0.000635 109.928823
1.792275 1528579034.529649 0.000168 0.000268 0.000633 109.913368
1.804831 1528579034.542205 0.000168 0.000269 0.000636 110.229840
1.817436 1528579034.554811 0.000167 0.000268 0.000636 110.028742
1.830647 1528579034.568021 0.000170 0.000269 0.000640 110.187686
1.843443 1528579034.580817 0.000169 0.000269 0.000638 110.124432
1.855784 1528579034.593158 0.000167 0.000271 0.000633 109.929791
1.868633 1528579034.606007 0.000169 0.000270 0.000639 109.787980
1.880306 1528579034.617680 0.000169 0.000270 0.000625 109.755340
1.892416 1528579034.629790 0.000168 0.000271 0.000629 109.722338
1.905820 1528579034.643194 0.000169 0.000270 0.000633 109.655688
1.918170 1528579034.655544 0.000169 0.000271 0.000633 109.709525
1.930763 1528579034.668138 0.000172 0.000271 0.000631 109.894685
1.943056 1528579034.680430 0.000171 0.000270 0.000636 109.926048
1.955950 1528579034.693324 0.000169 0.000271 0.000644 109.825905
1.968606 1528579034.705980 0.000170 0.000272 0.000629 109.752127
1.980398 1528579034.717772 0.000170 0.000273 0.000644 109.923392
1.992585 1528579034.729959 0.000172 0.000274 0.000631 109.521336
2.005055 1528579034.742429 0.000171 0.000276 0.000626 108.954281
2.017797 1528579034.755171 0.000171 0.000276 0.000623 108.979292
2.030147 1528579034.767521 0.000170 0.000276 0.000625 108.939257
2.042573 1528579034.779948 0.000171 0.000276 0.000620 108.886156
2.055902 1528579034.793276 0.000169 0.000276 0.000625 108.538121
2.067868 1528579034.805243 0.000172 0.000275 0.000633 108.981448
2.080654 1528579034.818028 0.000170 0.000281 0.000625 108.711550
2.093305 1528579034.830679 0.000170 0.000275 0.000616 108.219365
2.105240 1528579034.842614 0.000168 0.000276 0.000630 108.156377
2.117970 1528579034.855344 0.000171 0.000277 0.000623 108.580847
2.130312 1528579034.867686 0.000169 0.000279 0.000634 108.547720
2.142696 1528579034.880070 0.000169 0.000278 0.000609 107.809281
2.155121 1528579034.892495 0.000168 0.000274 0.000602 107.616085
2.168568 1528579034.905942 0.000169 0.000274 0.000598 107.919595
2.180390 1528579034.917764 0.000168 0.000277 0.000596 107.664971
2.192959 1528579034.930333 0.000167 0.000275 0.000596 107.273396
2.205736 1528579034.943110 0.000167 0.000278 0.000589 107.170587
2.217792 1528579034.955166 0.000170 0.000275 0.000595 107.271580
2.230631 1528579034.968005 0.000167 0.000276 0.000599 106.886290
2.243468 1528579034.980842 0.000168 0.000275 0.000602 106.744969
2.255935 1528579034.993309 0.000169 0.000275 0.000603 106.603882
2.268569 1528579035.005943 0.000167 0.000277 0.000599 106.257511
2.281230 1528579035.018604 0.000168 0.000275 0.000611 106.805549
2.292401 1528579035.029775 0.000169 0.000276 0.000600 106.442408
2.304755 1528579035.042129 0.000167 0.000278 0.000596 106.020148
2.317504 1528579035.054878 0.000167 0.000280 0.000606 105.970368
2.330201 1528579035.067575 0.000167 0.000277 0.000601 105.631482
2.342591 1528579035.079965 0.000167 0.000278 0.000591 105.766630
2.355155 1528579035.092530 0.000164 0.000284 0.000597 105.019742
2.367286 1528579035.104660 0.000165 0.000281 0.000592 105.050506
2.379602 1528579035.116976 0.000163 0.000284 0.000591 104.716236
2.393390 1528579035.130764 0.000166 0.000280 0.000586 104.945314
2.404280 1528579035.141654 0.000166 0.000280 0.000586 104.948764
2.417150 1528579035.154524 0.000164 0.000280 0.000592 104.831293
2.429436 1528579035.166811 0.000165 0.000280 0.000598 105.035890
2.442282 1528579035.179657 0.000164 0.000281 0.000591 104.539532
2.454483 1528579035.191857 0.000163 0.000283 0.000597 104.502674
2.468391 1528579035.205765 0.000162 0.000283 0.000588 104.234863
2.480876 1528579035.218250 0.000164 0.000281 0.000590 104.476982
2.493440 1528579035.230814 0.000163 0.000281 0.000594 104.273250
2.506554 1528579035.243928 0.000163 0.000283 0.000595 104.144097
2.517923 1528579035.255297 0.000163 0.000283 0.000596 104.123860
2.530566 1528579035.267940 0.000161 0.000285 0.000598 103.441548
2.542753 1528579035.280127 0.000161 0.000288 0.000595 103.407942
2.554781 1528579035.292155 0.000161 0.000286 0.000597 103.717269
2.566913 1528579035.304287 0.000158 0.000289 0.000600 103.039410
2.580949 1528579035.318323 0.000158 0.000294 0.000593 102.138693
2.593257 1528579035.330631 0.000160 0.000294 0.000593 101.945373
2.605187 1528579035.342561 0.000158 0.000296 0.000594 101.501600
2.617108 1528579035.354482 0.000157 0.000293 0.000595 100.819760
2.629744 1528579035.367118 0.000155 0.000294 0.000595 100.335194
2.642308 1528579035.379682 0.000155 0.000294 0.000592 99.744271
2.654644 1528579035.392018 0.000152 0.000293 0.000599 99.231431
2.668261 1528579035.405635 0.000152 0.000292 0.000598 99.125012
2.681433 1528579035.418808 0.000150 0.000292 0.000601 98.481787
2.693565 1528579035.430939 0.000147 0.000294 0.000599 97.888082
2.704898 1528579035.442272 0.000148 0.000295 0.000602 97.716980
2.717660 1528579035.455034 0.000147 0.000294 0.000605 97.801547
2.729953 1528579035.467327 0.000146 0.000295 0.000599 97.289791
2.742596 1528579035.479970 0.000143 0.000295 0.000609 97.231841
2.756091 1528579035.493465 0.000145 0.000295 0.000605 97.270037
2.768363 1528579035.505737 0.000145 0.000293 0.000597 97.285384
2.780133 1528579035.517507 0.000146 0.000294 0.000592 97.248131
2.792495 1528579035.529869 0.000144 0.000294 0.000599 97.001258
2.804782 1528579035.542156 0.000142 0.000294 0.000600 96.945536
2.817121 1528579035.554495 0.000143 0.000291 0.000595 97.002836
2.829653 1528579035.567027 0.000141 0.000293 0.000595 96.871707
2.842457 1528579035.579831 0.000140 0.000293 0.000597 96.398068
2.854728 1528579035.592102 0.000139 0.000293 0.000592 96.407424
2.867610 1528579035.604984 0.000139 0.000293 0.000610 96.565971
2.880117 1528579035.617491 0.000138 0.000293 0.000597 96.093235
2.892666 1528579035.630040 0.000137 0.000290 0.000599 96.433093
2.904856 1528579035.642230 0.000137 0.000282 0.000608 95.802042
2.917449 1528579035.654824 0.000135 0.000279 0.000610 94.838893
2.929948 1528579035.667322 0.000136 0.000280 0.000611 93.588370
2.942762 1528579035.680136 0.000135 0.000285 0.000611 92.362747
2.954843 1528579035.692217 0.000133 0.000287 0.000615 91.486360
2.967564 1528579035.704938 0.000132 0.000291 0.000615 90.441398
2.979927 1528579035.717301 0.000130 0.000296 0.000612 89.515434
2.992426 1528579035.729800 0.000132 0.000296 0.000608 89.481044
3.005919 1528579035.743293 0.000128 0.000301 0.000610 88.723725
3.018257 1528579035.755631 0.000129 0.000297 0.000604 88.763357
3.030902 1528579035.768276 0.000128 0.000302 0.000609 88.741934
3.042892 1528579035.780267 0.000127 0.000301 0.000606 88.493827
3.054792 1528579035.792166 0.000126 0.000303 0.000611 88.561650
3.067159 1528579035.804533 0.000126 0.000298 0.000605 88.095625
3.079831 1528579035.817205 0.000125 0.000302 0.000604 88.561664
3.092391 1528579035.829765 0.000124 0.000302 0.000603 88.216056
3.105495 1528579035.842869 0.000123 0.000304 0.000606 87.976683
3.118222 1528579035.855596 0.000124 0.000300 0.000609 87.893088
3.130307 1528579035.867681 0.000124 0.000305 0.000604 87.958443
3.143025 1528579035.880399 0.000124 0.000303 0.000603 88.038507
3.155995 1528579035.893369 0.000124 0.000301 0.000603 87.697805
3.167411 1528579035.904785 0.000123 0.000306 0.000606 87.811133
3.180064 1528579035.917438 0.000122 0.000303 0.000606 87.502188
3.192584 1528579035.929958 0.000122 0.000303 0.000604 87.098398
3.205662 1528579035.943037 0.000122 0.000304 0.000602 86.926987
3.218259 1528579035.955633 0.000122 0.000304 0.000602 86.845428
3.231198 1528579035.968572 0.000121 0.000307 0.000609 87.163266
3.243148 1528579035.980522 0.000121 0.000305 0.000600 86.752313
3.254982 1528579035.992357 0.000120 0.000305 0.000603 86.825862
3.267460 1528579036.004834 0.000120 0.000303 0.000602 86.674138
3.280029 1528579036.017403 0.000120 0.000303 0.000601 86.589781
3.292309 1528579036.029683 0.000119 0.000307 0.000608 86.890522
3.305231 1528579036.042605 0.000120 0.000301 0.000605 86.690907
3.317511 1528579036.054885 0.000119 0.000307 0.000607 86.775193
3.330167 1528579036.067541 0.000121 0.000301 0.000600 86.532797
3.343034 1528579036.080408 0.000119 0.000303 0.000603 86.239536
3.356273 1528579036.093647 0.000120 0.000302 0.000604 86.151289
3.368841 1528579036.106215 0.000120 0.000299 0.000602 85.949818
3.381074 1528579036.118448 0.000120 0.000300 0.000602 85.849986
3.392993 1528579036.130368 0.000121 0.000300 0.000601 85.981321
3.404952 1528579036.142326 0.000120 0.000301 0.000605 85.906601
3.417441 1528579036.154815 0.000121 0.000299 0.000605 85.960844
3.431516 1528579036.168890 0.000120 0.000301 0.000604 85.901614
3.443232 1528579036.180606 0.000121 0.000298 0.000604 85.696271
3.455254 1528579036.192628 0.000120 0.000300 0.000608 85.525823
3.467794 1528579036.205168 0.000121 0.000299 0.000601 85.294112
3.480133 1528579036.217507 0.000123 0.000299 0.000611 84.765521
3.492632 1528579036.230006 0.000124 0.000298 0.000614 84.590083
3.505166 1528579036.242540 0.000124 0.000293 0.000620 84.333523
3.517331 1528579036.254705 0.000128 0.000296 0.000618 84.465718
3.531705 1528579036.269079 0.000127 0.000296 0.000627 84.451446
3.542865 1528579036.280239 0.000125 0.000291 0.000641 84.166146
3.554955 1528579036.292329 0.000125 0.000288 0.000651 84.280940
3.567628 1528579036.305002 0.000125 0.000285 0.000651 84.136854
3.580492 1528579036.317866 0.000126 0.000286 0.000653 84.547335
3.592480 1528579036.329854 0.000126 0.000285 0.000649 84.388535
3.604819 1528579036.342193 0.000124 0.000286 0.000649 84.365100
3.617380 1528579036.354754 0.000126 0.000285 0.000648 84.288744
3.629794 1528579036.367168 0.000126 0.000285 0.000653 84.256344
3.642240 1528579036.379614 0.000126 0.000286 0.000649 84.267327
3.655097 1528579036.392472 0.000125 0.000286 0.000652 84.286085
3.667256 1528579036.404630 0.000123 0.000284 0.000653 83.812122
3.681230 1528579036.418604 0.000125 0.000284 0.000645 83.830236
3.693700 1528579036.431074 0.000126 0.000280 0.000647 83.556786
3.705458 1528579036.442832 0.000126 0.000282 0.000646 83.409145
3.717489 1528579036.454863 0.000126 0.000282 0.000644 83.389514
3.729776 1528579036.467150 0.000123 0.000280 0.000648 83.216095
3.742383 1528579036.479757 0.000125 0.000282 0.000647 83.203349
3.754889 1528579036.492264 0.000125 0.000283 0.000649 83.317375
3.767051 1528579036.504425 0.000125 0.000280 0.000644 82.992978
3.779752 1528579036.517126 0.000125 0.000282 0.000652 83.056931
3.792304 1528579036.529678 0.000126 0.000280 0.000641 82.917139
3.804915 1528579036.542289 0.000123 0.000278 0.000642 82.754803
3.817186 1528579036.554560 0.000125 0.000279 0.000630 82.825015
3.829805 1528579036.567179 0.000122 0.000279 0.000643 82.797048
3.842365 1528579036.579739 0.000125 0.000279 0.000639 82.536070
3.854849 1528579036.592223 0.000123 0.000277 0.000640 82.370389
3.867526 1528579036.604900 0.000125 0.000277 0.000637 82.467083
3.879792 1528579036.617167 0.000126 0.000277 0.000634 82.616121
3.892262 1528579036.629636 0.000124 0.000278 0.000638 82.468610
3.905002 1528579036.642376 0.000124 0.000278 0.000638 82.376230
3.917511 1528579036.654885 0.000122 0.000276 0.000635 82.186853
3.929753 1528579036.667127 0.000125 0.000278 0.000634 82.544063
3.942451 1528579036.679825 0.000126 0.000277 0.000629 82.344030
3.955035 1528579036.692410 0.000125 0.000277 0.000631 82.180468
3.967340 1528579036.704714 0.000125 0.000276 0.000630 81.921834
3.981216 1528579036.718590 0.000124 0.000275 0.000632 81.919525
3.993636 1528579036.731010 0.000124 0.000277 0.000636 82.195062
4.005428 1528579036.742802 0.000125 0.000274 0.000633 81.947460
4.017683 1528579036.755057 0.000124 0.000273 0.000628 81.710414
4.030383 1528579036.767757 0.000125 0.000274 0.000631 81.870422
4.042823 1528579036.780197 0.000121 0.000272 0.000635 81.457917
4.055361 1528579036.792735 0.000121 0.000273 0.000634 81.551403
4.069372 1528579036.806746 0.000121 0.000270 0.000634 81.400160
4.081124 1528579036.818498 0.000123 0.000273 0.000634 81.598619
4.093547 1528579036.830921 0.000122 0.000275 0.000637 81.801471
4.105365 1528579036.842739 0.000123 0.000271 0.000632 81.270124
4.117766 1528579036.855140 0.000121 0.000273 0.000636 81.395977
4.130043 1528579036.867417 0.000120 0.000271 0.000643 81.337540
4.142575 1528579036.879949 0.000124 0.000275 0.000639 81.780164
4.154988 1528579036.892362 0.000124 0.000272 0.000632 81.427761
4.168834 1528579036.906208 0.000121 0.000273 0.000645 81.250230
4.181342 1528579036.918716 0.000122 0.000270 0.000637 81.064419
4.193576 1528579036.930950 0.000125 0.000272 0.000629 81.300890
4.206749 1528579036.944123 0.000121 0.000271 0.000636 80.996034
4.218423 1528579036.955797 0.000124 0.000274 0.000636 81.195178
4.230565 1528579036.967939 0.000122 0.000270 0.000637 80.987614
4.242678 1528579036.980052 0.000123 0.000275 0.000641 81.436644
4.255119 1528579036.992493 0.000121 0.000273 0.000641 81.173209
4.267785 1528579037.005159 0.000125 0.000275 0.000638 81.457633
4.280110 1528579037.017484 0.000123 0.000275 0.000639 81.209439
4.292524 1528579037.029898 0.000122 0.000275 0.000642 81.175958
4.306078 1528579037.043452 0.000125 0.000276 0.000637 81.364518
4.318947 1528579037.056321 0.000122 0.000277 0.000646 81.388078
4.331107 1528579037.068481 0.000123 0.000276 0.000641 81.283551
4.344026 1528579037.081400 0.000123 0.000274 0.000639 81.119338
4.356428 1528579037.093802 0.000123 0.000274 0.000641 80.937531
4.368851 1528579037.106225 0.000123 0.000274 0.000638 80.952843
4.380681 1528579037.118055 0.000124 0.000274 0.000642 81.009901
4.392930 1528579037.130304 0.000126 0.000277 0.000641 81.181722
4.405308 1528579037.142682 0.000127 0.000277 0.000640 81.183009
4.418086 1528579037.155460 0.000126 0.000272 0.000644 80.645678
4.430372 1528579037.167746 0.000124 0.000274 0.000655 80.606187
4.442925 1528579037.180300 0.000124 0.000274 0.000656 79.911195
4.455591 1528579037.192965 0.000127 0.000278 0.000657 79.818281
4.467899 1528579037.205273 0.000126 0.000284 0.000660 79.936523
4.480393 1528579037.217767 0.000129 0.000281 0.000642 79.163708
4.493495 1528579037.230869 0.000126 0.000281 0.000644 78.616331
4.506192 1528579037.243566 0.000123 0.000280 0.000653 78.024150
4.518635 1528579037.256009 0.000127 0.000280 0.000644 78.095333
4.530169 1528579037.267543 0.000123 0.000282 0.000657 78.104608
4.542465 1528579037.279839 0.000126 0.000283 0.000646 77.743021
4.555106 1528579037.292480 0.000125 0.000280 0.000652 77.457835
4.568597 1528579037.305971 0.000125 0.000280 0.000656 77.316941
4.580921 1528579037.318295 0.000125 0.000275 0.000657 77.066135
4.593176 1528579037.330550 0.000125 0.000275 0.000657 76.967428
4.605570 1528579037.342944 0.000124 0.000276 0.000665 77.304633
4.618513 1528579037.355887 0.000124 0.000278 0.000668 77.466987
4.630794 1528579037.368168 0.000124 0.000273 0.000661 77.095837
4.643485 1528579037.380859 0.000122 0.000274 0.000664 76.610119
4.655593 1528579037.392967 0.000123 0.000275 0.000663 76.892457
4.667520 1528579037.404894 0.000122 0.000274 0.000665 76.656384
4.680229 1528579037.417603 0.000124 0.000277 0.000666 77.132315
4.692891 1528579037.430265 0.000123 0.000274 0.000664 76.618468
4.706319 1528579037.443693 0.000123 0.000272 0.000668 76.585451
4.718932 1528579037.456306 0.000122 0.000272 0.000665 76.387513
4.731082 1528579037.468457 0.000121 0.000274 0.000671 76.468223
4.742891 1528579037.480265 0.000122 0.000273 0.000671 76.463436
4.755150 1528579037.492524 0.000121 0.000272 0.000670 76.398433
4.767649 1528579037.505023 0.000122 0.000271 0.000665 76.360802
4.780043 1528579037.517417 0.000124 0.000271 0.000662 76.361510
4.792583 1528579037.529957 0.000122 0.000273 0.000669 76.789147
4.805285 1528579037.542659 0.000122 0.000276 0.000670 76.722448
4.818626 1528579037.556000 0.000122 0.000271 0.000666 76.131620
4.831576 1528579037.568950 0.000122 0.000274 0.000675 76.657462
4.843317 1528579037.580691 0.000122 0.000272 0.000667 76.245081
4.855932 1528579037.593307 0.000123 0.000270 0.000664 76.116455
4.869097 1528579037.606472 0.000124 0.000270 0.000661 76.142213
4.880151 1528579037.617525 0.000123 0.000271 0.000665 76.124594
4.892722 1528579037.630096 0.000123 0.000273 0.000668 76.485824
4.906059 1528579037.643433 0.000123 0.000270 0.000669 76.213820
4.918272 1528579037.655646 0.000123 0.000270 0.000663 76.159900
4.931150 1528579037.668524 0.000123 0.000269 0.000663 76.126138
4.943369 1528579037.680743 0.000124 0.000269 0.000661 76.053550
4.955613 1528579037.692987 0.000124 0.000269 0.000664 76.002908
4.968084 1528579037.705458 0.000124 0.000270 0.000665 76.065729
4.980122 1528579037.717496 0.000123 0.000270 0.000665 76.005548
4.993548 1528579037.730922 0.000125 0.000270 0.000662 76.054587
5.006405 1528579037.743779 0.000124 0.000270 0.000665 75.932258
5.018974 1528579037.756348 0.000125 0.000273 0.000669 76.351309
5.031485 1528579037.768859 0.000125 0.000271 0.000666 76.073335
5.042928 1528579037.780302 0.000126 0.000272 0.000663 76.068240
5.055066 1528579037.792440 0.000127 0.000272 0.000667 76.006890
5.067776 1528579037.805151 0.000127 0.000273 0.000667 76.032255
5.080209 1528579037.817583 0.000128 0.000274 0.000661 76.440965
5.092582 1528579037.829956 0.000129 0.000274 0.000663 75.666496
5.105102 1528579037.842476 0.000128 0.000277 0.000657 75.413456
5.117690 1528579037.855064 0.000129 0.000279 0.000659 75.206080
5.130539 1528579037.867913 0.000132 0.000278 0.000663 74.983831
5.142958 1528579037.880332 0.000135 0.000273 0.000663 74.788148
5.155767 1528579037.893142 0.000135 0.000273 0.000672 74.506649
5.168436 1528579037.905810 0.000134 0.000268 0.000679 74.311471
5.180455 1528579037.917829 0.000136 0.000264 0.000682 74.003858
5.192873 1528579037.930247 0.000136 0.000265 0.000683 73.881548
5.205649 1528579037.943023 0.000135 0.000265 0.000689 73.738546
5.218521 1528579037.955895 0.000132 0.000263 0.000688 73.166071
5.231015 1528579037.968389 0.000132 0.000264 0.000687 73.168120
5.244086 1528579037.981460 0.000131 0.000263 0.000686 72.999221
5.256405 1528579037.993779 0.000134 0.000261 0.000686 72.780718
5.268912 1528579038.006286 0.000134 0.000260 0.000683 72.395162
5.281368 1528579038.018742 0.000133 0.000263 0.000682 72.583343
5.293876 1528579038.031250 0.000133 0.000262 0.000685 72.401332
5.306075 1528579038.043449 0.000133 0.000261 0.000679 72.249954
5.318635 1528579038.056009 0.000132 0.000262 0.000681 72.258342
5.331187 1528579038.068562 0.000132 0.000263 0.000686 72.551279
5.343421 1528579038.080796 0.000131 0.000260 0.000682 72.176843
5.355482 1528579038.092856 0.000133 0.000260 0.000680 72.236424
5.368945 1528579038.106319 0.000129 0.000261 0.000683 71.987516
5.381099 1528579038.118473 0.000130 0.000259 0.000680 71.830052
5.393932 1528579038.131306 0.000131 0.000257 0.000679 71.931723
5.405514 1528579038.142888 0.000130 0.000258 0.000680 71.795462
5.418111 1528579038.155485 0.000131 0.000256 0.000680 71.781356
5.430122 1528579038.167496 0.000129 0.000258 0.000681 71.739141
5.442820 1528579038.180194 0.000129 0.000259 0.000681 71.984160
5.456252 1528579038.193626 0.000128 0.000256 0.000680 71.641471
5.468545 1528579038.205919 0.000129 0.000256 0.000680 71.789758
5.480860 1528579038.218234 0.000128 0.000257 0.000682 71.722053
5.493849 1528579038.231223 0.000129 0.000254 0.000680 71.769418
5.506170 1528579038.243544 0.000130 0.000256 0.000675 71.695049
5.518797 1528579038.256171 0.000129 0.000257 0.000677 71.694680
5.530315 1528579038.267689 0.000129 0.000254 0.000680 71.427246
5.543038 1528579038.280412 0.000127 0.000256 0.000681 71.449471
5.555026 1528579038.292400 0.000127 0.000253 0.000681 71.363612
5.567724 1528579038.305099 0.000127 0.000255 0.000679 71.534141
5.581213 1528579038.318587 0.000127 0.000254 0.000680 71.311464
5.593645 1528579038.331019 0.000127 0.000255 0.000683 71.360205
5.606324 1528579038.343698 0.000128 0.000254 0.000682 71.387759
5.618824 1528579038.356199 0.000129 0.000253 0.000678 71.159080
5.631301 1528579038.368675 0.000129 0.000253 0.000675 71.357510
5.644153 1528579038.381527 0.000128 0.000253 0.000673 71.370872
5.656172 1528579038.393546 0.000128 0.000254 0.000673 71.242420
5.668865 1528579038.406240 0.000126 0.000254 0.000679 71.247698
5.680537 1528579038.417911 0.000126 0.000252 0.000675 70.976830
5.692959 1528579038.430333 0.000126 0.000251 0.000676 70.933385
5.705168 1528579038.442542 0.000128 0.000252 0.000674 71.291078
5.718063 1528579038.455437 0.000127 0.000252 0.000679 71.409961
5.730387 1528579038.467761 0.000127 0.000253 0.000679 71.374578
5.742869 1528579038.480243 0.000127 0.000251 0.000679 71.106085
5.755348 1528579038.492722 0.000125 0.000253 0.000684 71.155737
5.768168 1528579038.505542 0.000127 0.000251 0.000682 71.212718
5.780587 1528579038.517962 0.000125 0.000251 0.000683 71.078124
5.793030 1528579038.530404 0.000126 0.000251 0.000679 70.969178
5.805924 1528579038.543298 0.000128 0.000249 0.000677 71.105141
5.818348 1528579038.555722 0.000127 0.000252 0.000679 71.323686
5.830988 1528579038.568362 0.000125 0.000252 0.000680 70.846777
5.843227 1528579038.580601 0.000128 0.000252 0.000675 71.219287
5.855732 1528579038.593106 0.000126 0.000249 0.000681 70.808361
5.868295 1528579038.605669 0.000126 0.000248 0.000676 70.635654
5.880819 1528579038.618193 0.000127 0.000251 0.000681 70.760259
5.893156 1528579038.630530 0.000129 0.000244 0.000677 70.192656
5.905751 1528579038.643125 0.000127 0.000246 0.000682 69.798078
5.918120 1528579038.655494 0.000128 0.000244 0.000683 68.717533
5.930690 1528579038.668064 0.000131 0.000244 0.000686 68.469909
5.943009 1528579038.680383 0.000134 0.000239 0.000684 68.298122
5.956740 1528579038.694114 0.000136 0.000238 0.000690 68.587901
5.968580 1528579038.705955 0.000138 0.000234 0.000690 68.466588
5.980830 1528579038.718204 0.000136 0.000234 0.000691 68.407723
5.993406 1528579038.730780 0.000138 0.000230 0.000694 68.210961
6.006076 1528579038.743450 0.000137 0.000231 0.000695 68.110028
6.018581 1528579038.755955 0.000136 0.000230 0.000699 68.284384
6.030560 1528579038.767934 0.000135 0.000228 0.000700 67.830004
6.043182 1528579038.780556 0.000137 0.000231 0.000699 68.529143
6.055826 1528579038.793200 0.000135 0.000228 0.000698 67.703502
6.068329 1528579038.805703 0.000137 0.000228 0.000694 67.642640
6.080825 1528579038.818199 0.000136 0.000227 0.000696 67.566305
6.093607 1528579038.830981 0.000135 0.000227 0.000699 67.337249
6.105674 1528579038.843048 0.000136 0.000228 0.000698 67.417534
6.118216 1528579038.855590 0.000134 0.000228 0.000704 67.661888
6.131432 1528579038.868806 0.000122 0.000181 0.000693 62.263745
6.143332 1528579038.880706 0.000133 0.000227 0.000700 67.220856
6.155941 1528579038.893315 0.000131 0.000228 0.000700 67.385280
6.168801 1528579038.906175 0.000121 0.000180 0.000689 62.405998
6.180757 1528579038.918131 0.000132 0.000225 0.000701 67.041362
6.193096 1528579038.930470 0.000131 0.000228 0.000703 67.370866
6.206135 1528579038.943509 0.000121 0.000180 0.000688 62.323264
6.218958 1528579038.956332 0.000120 0.000180 0.000686 62.420686
6.231502 1528579038.968876 0.000120 0.000179 0.000682 62.384867
6.243895 1528579038.981269 0.000130 0.000227 0.000694 67.472429
6.255802 1528579038.993176 0.000120 0.000179 0.000680 62.313289
6.267848 1528579039.005222 0.000120 0.000179 0.000682 62.396867
6.280270 1528579039.017644 0.000121 0.000180 0.000681 62.373286
6.292696 1528579039.030070 0.000121 0.000178 0.000680 62.199410
6.305276 1528579039.042650 0.000131 0.000225 0.000693 67.115407
6.318000 1528579039.055374 0.000120 0.000179 0.000680 62.212703
6.330525 1528579039.067899 0.000120 0.000179 0.000682 62.088475
6.342821 1528579039.080195 0.000133 0.000224 0.000690 66.872525
6.355117 1528579039.092491 0.000119 0.000177 0.000682 62.086333
6.367706 1528579039.105080 0.000120 0.000179 0.000682 62.165555
6.380492 1528579039.117866 0.000120 0.000178 0.000683 61.902219
6.393085 1528579039.130459 0.000120 0.000178 0.000683 61.863551
6.405460 1528579039.142834 0.000120 0.000178 0.000682 61.983110
6.417948 1528579039.155322 0.000120 0.000179 0.000680 62.025382
6.430576 1528579039.167950 0.000120 0.000178 0.000682 61.990803
6.443346 1528579039.180720 0.000119 0.000179 0.000679 62.115704
6.456214 1528579039.193588 0.000119 0.000178 0.000684 62.009893
6.468749 1528579039.206123 0.000119 0.000180 0.000682 62.208981
6.480503 1528579039.217877 0.000120 0.000179 0.000680 62.061360
6.493315 1528579039.230689 0.000120 0.000179 0.000680 62.026726
6.506040 1528579039.243414 0.000120 0.000179 0.000681 62.134089
6.518232 1528579039.255606 0.000120 0.000180 0.000677 62.272805
6.530396 1528579039.267770 0.000120 0.000180 0.000677 62.031322
6.544051 1528579039.281425 0.000119 0.000180 0.000679 62.236490
6.556970 1528579039.294344 0.000132 0.000224 0.000689 67.092902
6.569253 1528579039.306628 0.000120 0.000179 0.000680 62.142346
6.581022 1528579039.318396 0.000120 0.000180 0.000676 62.192859
6.593566 1528579039.330940 0.000120 0.000180 0.000677 62.142699
6.605811 1528579039.343185 0.000118 0.000179 0.000682 62.190734
6.618133 1528579039.355507 0.000119 0.000180 0.000681 62.140129
6.630905 1528579039.368279 0.000120 0.000179 0.000677 62.025325
6.643052 1528579039.380426 0.000119 0.000180 0.000679 62.097915
6.655947 1528579039.393321 0.000132 0.000226 0.000687 66.958668
6.668727 1528579039.406101 0.000120 0.000181 0.000675 62.136962
6.681045 1528579039.418419 0.000120 0.000179 0.000684 61.961887
6.693717 1528579039.431091 0.000122 0.000182 0.000676 62.079774
6.706210 1528579039.443584 0.000121 0.000180 0.000680 61.945456
6.718711 1528579039.456085 0.000122 0.000180 0.000675 61.973953
6.731307 1528579039.468681 0.000122 0.000181 0.000677 61.978014
6.743877 1528579039.481251 0.000121 0.000181 0.000681 62.059542
6.756242 1528579039.493616 0.000135 0.000231 0.000687 67.359171
6.768765 1528579039.506139 0.000133 0.000226 0.000689 66.966414
6.780883 1528579039.518257 0.000122 0.000181 0.000678 61.987429
6.793131 1528579039.530505 0.000122 0.000181 0.000678 61.903931
6.805762 1528579039.543136 0.000135 0.000228 0.000685 66.951803
6.818218 1528579039.555592 0.000136 0.000228 0.000682 67.011414
6.830851 1528579039.568225 0.000136 0.000228 0.000683 66.982403
6.843925 1528579039.581299 0.000135 0.000228 0.000681 67.118772
6.856833 1528579039.594207 0.000135 0.000231 0.000683 67.329183
6.869462 1528579039.606836 0.000123 0.000183 0.000675 61.965718
6.881215 1528579039.618589 0.000124 0.000184 0.000671 62.011379
6.893883 1528579039.631257 0.000124 0.000184 0.000672 62.004264
6.906496 1528579039.643870 0.000138 0.000234 0.000681 67.761757
6.918962 1528579039.656336 0.000139 0.000230 0.000680 67.219790
6.930762 1528579039.668136 0.000137 0.000233 0.000682 67.503701
6.943010 1528579039.680384 0.000135 0.000231 0.000681 66.821000
6.955510 1528579039.692884 0.000134 0.000231 0.000682 66.947830
6.968097 1528579039.705471 0.000136 0.000233 0.000682 67.159171
6.980686 1528579039.718060 0.000138 0.000232 0.000675 67.183333
6.993033 1528579039.730407 0.000139 0.000231 0.000677 67.215349
7.005839 1528579039.743213 0.000135 0.000233 0.000683 67.047662
7.018055 1528579039.755430 0.000139 0.000234 0.000682 67.683782
7.030736 1528579039.768110 0.000134 0.000234 0.000684 67.150278
7.043381 1528579039.780755 0.000137 0.000233 0.000680 67.089919
7.056164 1528579039.793538 0.000134 0.000233 0.000685 66.808904
7.068385 1528579039.805759 0.000134 0.000233 0.000686 66.155956
7.081096 1528579039.818470 0.000136 0.000235 0.000688 66.209593
7.093543 1528579039.830917 0.000137 0.000233 0.000693 65.921926
7.106159 1528579039.843533 0.000137 0.000232 0.000692 65.386890
7.118275 1528579039.855649 0.000136 0.000230 0.000697 64.991132
7.130299 1528579039.867673 0.000127 0.000179 0.000687 59.749521
7.143419 1528579039.880793 0.000128 0.000177 0.000685 59.629198
7.155767 1528579039.893141 0.000129 0.000177 0.000683 59.525616
7.167931 1528579039.905305 0.000129 0.000175 0.000683 59.330580
7.180447 1528579039.917821 0.000126 0.000176 0.000681 59.410757
7.193299 1528579039.930673 0.000127 0.000174 0.000686 59.189928
7.205578 1528579039.942952 0.000126 0.000173 0.000684 59.104134
7.218197 1528579039.955571 0.000126 0.000173 0.000681 59.192232
7.230691 1528579039.968066 0.000126 0.000172 0.000683 59.085792
7.243091 1528579039.980465 0.000125 0.000173 0.000678 58.870122
7.255544 1528579039.992918 0.000124 0.000170 0.000680 58.675543
7.268203 1528579040.005578 0.000124 0.000170 0.000683 58.636998
7.280575 1528579040.017949 0.000123 0.000168 0.000686 58.492307
7.293923 1528579040.031297 0.000123 0.000170 0.000679 58.489276
7.306497 1528579040.043871 0.000123 0.000170 0.000677 58.383143
7.319033 1528579040.056407 0.000124 0.000169 0.000678 58.447306
7.331597 1528579040.068971 0.000123 0.000170 0.000675 58.334302
7.343333 1528579040.080707 0.000122 0.000168 0.000679 58.328462
7.355806 1528579040.093180 0.000123 0.000167 0.000677 58.254078
7.368444 1528579040.105819 0.000122 0.000167 0.000679 58.243325
7.380549 1528579040.117923 0.000121 0.000166 0.000682 58.158844
7.393196 1528579040.130570 0.000123 0.000166 0.000679 58.123107
7.406644 1528579040.144018 0.000122 0.000165 0.000680 58.170157
7.419125 1528579040.156499 0.000122 0.000166 0.000678 58.121819
7.431507 1528579040.168881 0.000121 0.000165 0.000681 58.028815
7.444488 1528579040.181862 0.000122 0.000165 0.000675 58.051803
7.456337 1528579040.193711 0.000122 0.000165 0.000680 58.104790
7.468372 1528579040.205746 0.000121 0.000165 0.000678 58.119540
7.480657 1528579040.218031 0.000121 0.000166 0.000678 58.165593
7.493113 1528579040.230487 0.000121 0.000164 0.000679 57.962013
7.506627 1528579040.244001 0.000119 0.000165 0.000684 58.114396
7.518794 1528579040.256168 0.000121 0.000165 0.000681 57.733829
7.531391 1528579040.268765 0.000120 0.000163 0.000679 57.723619
7.543988 1528579040.281362 0.000121 0.000165 0.000675 57.747479
7.556224 1528579040.293598 0.000121 0.000164 0.000671 57.621330
7.568467 1528579040.305841 0.000121 0.000165 0.000675 57.676152
7.580825 1528579040.318199 0.000120 0.000165 0.000672 57.803000
7.593138 1528579040.330513 0.000120 0.000165 0.000672 57.652833
7.605779 1528579040.343153 0.000121 0.000166 0.000668 57.631620
7.618599 1528579040.355973 0.000122 0.000166 0.000626 57.448602
7.630547 1528579040.367921 0.000122 0.000165 0.000668 57.509230
7.643155 1528579040.380529 0.000122 0.000166 0.000630 57.448947
7.655568 1528579040.392942 0.000122 0.000166 0.000631 57.473799
7.668279 1528579040.405653 0.000122 0.000166 0.000627 57.555622
7.681233 1528579040.418607 0.000122 0.000168 0.000631 57.280905
7.693537 1528579040.430911 0.000122 0.000166 0.000631 57.489209
7.706202 1528579040.443576 0.000121 0.000166 0.000634 57.416397
7.718398 1528579040.455772 0.000123 0.000167 0.000629 57.480169
7.730828 1528579040.468202 0.000122 0.000167 0.000628 57.562467
7.743398 1528579040.480772 0.000123 0.000167 0.000628 57.456019
7.755926 1528579040.493300 0.000123 0.000167 0.000626 57.421972
7.768716 1528579040.506090 0.000121 0.000167 0.000629 57.503819
7.781205 1528579040.518579 0.000123 0.000168 0.000628 57.516720
7.793314 1528579040.530688 0.000123 0.000167 0.000629 57.354747
7.806017 1528579040.543391 0.000123 0.000167 0.000630 57.371204
7.818265 1528579040.555639 0.000124 0.000167 0.000629 57.337195
7.830871 1528579040.568245 0.000125 0.000166 0.000626 57.061349
7.843516 1528579040.580890 0.000125 0.000164 0.000633 56.763189
7.856104 1528579040.593478 0.000128 0.000162 0.000638 56.098252
7.868368 1528579040.605742 0.000130 0.000159 0.000644 55.568148
7.880954 1528579040.618328 0.000131 0.000159 0.000644 55.446695
7.893638 1528579040.631012 0.000131 0.000158 0.000646 55.322284
7.905955 1528579040.643329 0.000130 0.000157 0.000649 55.102777
7.918564 1528579040.655938 0.000130 0.000154 0.000655 54.818277
7.931026 1528579040.668400 0.000130 0.000153 0.000649 54.793450
7.943810 1528579040.681185 0.000129 0.000153 0.000646 54.681088
7.955990 1528579040.693364 0.000129 0.000153 0.000644 54.673493
7.968686 1528579040.706060 0.000129 0.000153 0.000648 54.577442
7.981346 1528579040.718720 0.000128 0.000153 0.000647 54.667887
7.993323 1528579040.730697 0.000129 0.000154 0.000641 54.650959
8.005704 1528579040.743078 0.000129 0.000153 0.000642 54.544436
8.018573 1528579040.755947 0.000128 0.000153 0.000639 54.582998
8.030853 1528579040.768227 0.000128 0.000153 0.000643 54.573720
8.043359 1528579040.780733 0.000128 0.000153 0.000644 54.623479
8.056231 1528579040.793605 0.000128 0.000152 0.000645 54.385929
8.068874 1528579040.806248 0.000128 0.000152 0.000647 54.422507
8.081403 1528579040.818777 0.000127 0.000152 0.000641 54.430582
8.093570 1528579040.830944 0.000128 0.000152 0.000647 54.354708
8.106097 1528579040.843471 0.000128 0.000153 0.000640 54.447972
8.118765 1528579040.856139 0.000127 0.000152 0.000647 54.420485
8.131196 1528579040.868570 0.000127 0.000153 0.000641 54.611535
8.143879 1528579040.881253 0.000127 0.000152 0.000638 54.605727
8.155940 1528579040.893314 0.000127 0.000153 0.000640 54.506751
8.168574 1528579040.905948 0.000127 0.000153 0.000639 54.614333
8.180987 1528579040.918361 0.000126 0.000152 0.000640 54.609734
8.193664 1528579040.931038 0.000127 0.000152 0.000640 54.418053
8.206039 1528579040.943413 0.000126 0.000151 0.000643 54.537706
8.218351 1528579040.955725 0.000127 0.000152 0.000636 54.518173
8.230942 1528579040.968316 0.000127 0.000152 0.000638 54.489053
8.243631 1528579040.981005 0.000126 0.000153 0.000640 54.551240
8.256002 1528579040.993376 0.000127 0.000153 0.000639 54.512957
8.268608 1528579041.005982 0.000126 0.000152 0.000642 54.544739
8.281517 1528579041.018891 0.000127 0.000153 0.000640 54.607090
8.293912 1528579041.031286 0.000127 0.000152 0.000641 54.485109
8.306148 1528579041.043522 0.000127 0.000152 0.000644 54.385505
8.318502 1528579041.055876 0.000127 0.000151 0.000643 54.418465
8.331884 1528579041.069258 0.000127 0.000152 0.000642 54.471909
8.343653 1528579041.081027 0.000127 0.000152 0.000642 54.418926
8.356104 1528579041.093478 0.000127 0.000153 0.000641 54.386297
8.368021 1528579041.105396 0.000126 0.000152 0.000643 54.465993
8.380541 1528579041.117915 0.000126 0.000152 0.000645 54.445803
8.393198 1528579041.130572 0.000126 0.000152 0.000644 54.400458
8.406046 1528579041.143420 0.000127 0.000153 0.000640 54.451234
8.418545 1528579041.155919 0.000127 0.000153 0.000641 54.451673
8.431142 1528579041.168516 0.000128 0.000154 0.000636 54.384060
8.443532 1528579041.180906 0.000127 0.000153 0.000639 54.557394
8.456599 1528579041.193973 0.000127 0.000153 0.000636 54.484164
8.469613 1528579041.206987 0.000128 0.000153 0.000639 54.445301
8.482224 1528579041.219598 0.000127 0.000153 0.000641 54.515094
8.494197 1528579041.231571 0.000128 0.000154 0.000637 54.453682
8.506055 1528579041.243429 0.000127 0.000153 0.000643 54.419578
8.518775 1528579041.256149 0.000128 0.000154 0.000637 54.461095
8.531271 1528579041.268645 0.000127 0.000154 0.000644 54.300354
8.543027 1528579041.280401 0.000128 0.000153 0.000641 54.242511
8.555931 1528579041.293305 0.000128 0.000155 0.000637 54.391492
8.568219 1528579041.305593 0.000129 0.000155 0.000636 54.367208
8.580693 1528579041.318067 0.000129 0.000153 0.000643 54.436353
8.593309 1528579041.330683 0.000129 0.000154 0.000642 54.516376
8.605607 1528579041.342981 0.000130 0.000156 0.000638 54.508470
8.618425 1528579041.355799 0.000130 0.000156 0.000637 54.650388
8.632089 1528579041.369463 0.000130 0.000156 0.000644 54.458401
8.644993 1528579041.382367 0.000130 0.000157 0.000639 54.515237
8.655946 1528579041.393320 0.000130 0.000157 0.000638 54.765848
8.668256 1528579041.405630 0.000130 0.000155 0.000635 54.746322
8.680819 1528579041.418193 0.000129 0.000154 0.000633 54.858361
8.693257 1528579041.430631 0.000127 0.000153 0.000646 54.621258
8.705663 1528579041.443037 0.000126 0.000154 0.000661 54.534670
8.718485 1528579041.455859 0.000124 0.000154 0.000670 54.577888
8.730781 1528579041.468155 0.000123 0.000155 0.000675 54.611166
8.744216 1528579041.481591 0.000123 0.000156 0.000673 54.678015
8.757740 1528579041.495114 0.000122 0.000154 0.000679 54.681439
8.769244 1528579041.506618 0.000122 0.000155 0.000676 54.726459
8.780882 1528579041.518256 0.000123 0.000155 0.000674 54.763922
8.793385 1528579041.530759 0.000122 0.000154 0.000674 54.828308
8.805709 1528579041.543083 0.000121 0.000153 0.000675 54.824629
8.818351 1528579041.555725 0.000122 0.000154 0.000673 54.710627
8.830887 1528579041.568261 0.000121 0.000153 0.000674 54.704454
8.843284 1528579041.580658 0.000121 0.000152 0.000677 54.638464
8.855557 1528579041.592932 0.000121 0.000152 0.000673 54.619951
8.869945 1528579041.607319 0.000120 0.000153 0.000674 54.590906
8.881869 1528579041.619243 0.000120 0.000152 0.000678 54.392201
8.894407 1528579041.631781 0.000120 0.000153 0.000669 54.475196
8.907390 1528579041.644764 0.000120 0.000151 0.000675 54.235284
8.918891 1528579041.656265 0.000119 0.000151 0.000671 54.486439
8.931014 1528579041.668388 0.000119 0.000151 0.000675 54.377503
8.943815 1528579041.681190 0.000120 0.000151 0.000670 54.389644
8.956998 1528579041.694372 0.000120 0.000152 0.000668 54.479251
8.969252 1528579041.706626 0.000121 0.000150 0.000674 54.405013
8.981182 1528579041.718556 0.000120 0.000152 0.000667 54.332175
8.993799 1528579041.731173 0.000120 0.000152 0.000671 54.363176
9.005988 1528579041.743362 0.000120 0.000150 0.000671 54.244285
9.018634 1528579041.756008 0.000120 0.000151 0.000669 54.364548
9.031183 1528579041.768557 0.000119 0.000152 0.000667 54.447804
9.043605 1528579041.780979 0.000120 0.000150 0.000673 54.331007
9.056283 1528579041.793657 0.000120 0.000152 0.000671 54.426066
9.068880 1528579041.806254 0.000120 0.000151 0.000670 54.335958
9.081170 1528579041.818544 0.000120 0.000152 0.000672 54.431765
9.093871 1528579041.831245 0.000120 0.000152 0.000667 54.520338
9.105981 1528579041.843355 0.000121 0.000151 0.000668 54.537781
9.118554 1528579041.855928 0.000120 0.000152 0.000666 54.615050
9.130694 1528579041.868068 0.000121 0.000150 0.000671 54.280477
9.143635 1528579041.881009 0.000120 0.000152 0.000666 54.581324
9.156056 1528579041.893430 0.000120 0.000152 0.000664 54.555897
9.168274 1528579041.905648 0.000120 0.000150 0.000671 54.384735
9.180839 1528579041.918213 0.000121 0.000152 0.000661 54.414663
9.193586 1528579041.930960 0.000120 0.000152 0.000665 54.484059
9.205812 1528579041.943186 0.000120 0.000151 0.000667 54.305291
9.218429 1528579041.955803 0.000120 0.000152 0.000667 54.388774
9.231023 1528579041.968397 0.000120 0.000151 0.000670 54.303528
9.243574 1528579041.980948 0.000120 0.000152 0.000665 54.288235
9.255813 1528579041.993187 0.000120 0.000151 0.000671 54.233745
9.268508 1528579042.005882 0.000120 0.000151 0.000671 54.292518
9.280916 1528579042.018290 0.000121 0.000152 0.000666 54.338101
9.294398 1528579042.031772 0.000121 0.000153 0.000667 54.292473
9.307007 1528579042.044381 0.000121 0.000152 0.000668 54.369470
9.318565 1528579042.055939 0.000121 0.000152 0.000671 54.297262
9.330780 1528579042.068154 0.000121 0.000151 0.000668 54.255159
9.343746 1528579042.081120 0.000121 0.000151 0.000669 54.162340
9.356098 1528579042.093472 0.000121 0.000151 0.000671 54.132320
9.368444 1528579042.105819 0.000121 0.000152 0.000668 54.151102
9.382090 1528579042.119464 0.000122 0.000153 0.000666 54.263734
9.394423 1528579042.131798 0.000122 0.000153 0.000666 54.243203
9.407323 1528579042.144697 0.000123 0.000153 0.000668 54.120050
9.419275 1528579042.156649 0.000123 0.000153 0.000666 54.170307
9.431759 1528579042.169133 0.000120 0.000154 0.000676 54.057325
9.444528 1528579042.181902 0.000119 0.000152 0.000694 54.002644
9.457192 1528579042.194566 0.000119 0.000153 0.000697 53.759394
9.468820 1528579042.206194 0.000118 0.000153 0.000706 53.657545
9.482289 1528579042.219663 0.000118 0.000154 0.000702 53.708036
9.495178 1528579042.232552 0.000118 0.000155 0.000702 53.668124
9.506309 1528579042.243683 0.000117 0.000155 0.000704 53.700521
9.518442 1528579042.255816 0.000117 0.000155 0.000704 53.691935
9.530863 1528579042.268237 0.000117 0.000155 0.000705 53.892999
9.543147 1528579042.280521 0.000117 0.000154 0.000707 53.743214
9.555919 1528579042.293293 0.000117 0.000155 0.000706 53.739730
9.568697 1528579042.306071 0.000118 0.000155 0.000702 53.819745
9.580792 1528579042.318166 0.000117 0.000156 0.000702 53.928447
9.594586 1528579042.331960 0.000118 0.000155 0.000701 53.755338
9.606845 1528579042.344219 0.000117 0.000155 0.000701 53.814107
9.619434 1528579042.356808 0.000117 0.000155 0.000702 53.809432
9.632231 1528579042.369605 0.000118 0.000155 0.000703 53.642834
9.644047 1528579042.381422 0.000118 0.000155 0.000700 53.747527
9.655697 1528579042.393071 0.000117 0.000153 0.000703 53.427222
9.671659 1528579042.409033 0.000117 0.000155 0.000702 53.776319
9.680838 1528579042.418212 0.000117 0.000154 0.000710 53.617357
9.693118 1528579042.430492 0.000117 0.000154 0.000704 53.563404
9.705685 1528579042.443059 0.000116 0.000155 0.000706 53.656863
9.718363 1528579042.455737 0.000116 0.000155 0.000702 53.577755
9.730784 1528579042.468158 0.000116 0.000154 0.000703 53.483123
9.743358 1528579042.480732 0.000116 0.000155 0.000702 53.598264
9.755730 1528579042.493104 0.000116 0.000154 0.000699 53.509513
9.768494 1528579042.505868 0.000115 0.000154 0.000702 53.550313
9.781007 1528579042.518381 0.000116 0.000154 0.000701 53.530488
9.793236 1528579042.530610 0.000116 0.000154 0.000701 53.356518
9.805765 1528579042.543139 0.000115 0.000154 0.000703 53.514108
9.818416 1528579042.555790 0.000115 0.000154 0.000700 53.629543
9.830552 1528579042.567926 0.000116 0.000153 0.000702 53.444789
9.843458 1528579042.580832 0.000115 0.000154 0.000701 53.512616
9.855558 1528579042.592932 0.000116 0.000153 0.000704 53.493194
9.868196 1528579042.605570 0.000117 0.000154 0.000695 53.330024
9.881132 1528579042.618506 0.000119 0.000154 0.000692 53.009118
9.893533 1528579042.630907 0.000117 0.000155 0.000689 53.304000
9.905811 1528579042.643185 0.000116 0.000156 0.000681 53.742528
9.918355 1528579042.655729 0.000116 0.000157 0.000681 54.006027
9.930615 1528579042.667989 0.000117 0.000156 0.000682 54.022409
9.943369 1528579042.680743 0.000117 0.000157 0.000677 54.072516
9.955624 1528579042.692998 0.000116 0.000156 0.000682 54.028524
9.968307 1528579042.705681 0.000116 0.000157 0.000680 54.176238
9.980840 1528579042.718214 0.000116 0.000157 0.000678 54.227815
9.995804 1528579042.733178 0.000116 0.000157 0.000677 54.280127
10.005935 1528579042.743309 0.000116 0.000157 0.000677 54.264335
10.018444 1528579042.755818 0.000117 0.000156 0.000679 54.187758
10.030571 1528579042.767945 0.000117 0.000157 0.000674 54.232678
10.043416 1528579042.780790 0.000117 0.000156 0.000676 54.172457
10.056016 1528579042.793391 0.000117 0.000157 0.000673 54.313418
10.068413 1528579042.805787 0.000117 0.000157 0.000674 54.337490
10.080488 1528579042.817862 0.000117 0.000156 0.000676 54.067378
10.093320 1528579042.830694 0.000116 0.000156 0.000674 54.320037
10.105857 1528579042.843231 0.000117 0.000157 0.000674 54.268179
10.118325 1528579042.855700 0.000117 0.000156 0.000672 54.252008
10.130835 1528579042.868209 0.000117 0.000156 0.000673 54.177474
10.143142 1528579042.880516 0.000117 0.000156 0.000675 54.245197
10.155790 1528579042.893164 0.000117 0.000157 0.000673 54.323470
10.168567 1528579042.905941 0.000117 0.000157 0.000671 54.308338
10.181505 1528579042.918879 0.000118 0.000156 0.000675 54.100773
10.194077 1528579042.931451 0.000118 0.000157 0.000676 54.221524
10.206729 1528579042.944103 0.000117 0.000157 0.000676 54.377355
10.219062 1528579042.956436 0.000118 0.000158 0.000673 54.266236
10.232180 1528579042.969554 0.000118 0.000156 0.000678 54.154077
10.244110 1528579042.981484 0.000118 0.000156 0.000679 54.180200
10.256259 1528579042.993633 0.000119 0.000157 0.000672 54.151020
10.268667 1528579043.006041 0.000118 0.000157 0.000674 54.210723
10.281272 1528579043.018646 0.000119 0.000158 0.000674 54.225709
10.293397 1528579043.030771 0.000118 0.000158 0.000677 54.212124
10.306242 1528579043.043617 0.000118 0.000157 0.000673 54.239380
10.319086 1528579043.056460 0.000118 0.000157 0.000675 54.190493
10.331096 1528579043.068470 0.000118 0.000157 0.000675 54.277785
10.343681 1528579043.081055 0.000118 0.000158 0.000671 54.383079
10.356432 1528579043.093806 0.000118 0.000158 0.000673 54.314451
10.369349 1528579043.106723 0.000118 0.000157 0.000676 54.185908
10.381705 1528579043.119079 0.000118 0.000158 0.000672 54.399642
10.394079 1528579043.131453 0.000118 0.000159 0.000673 54.254376
10.407021 1528579043.144395 0.000119 0.000159 0.000671 54.195972
10.419132 1528579043.156506 0.000119 0.000159 0.000673 54.283747
10.431787 1528579043.169161 0.000119 0.000159 0.000669 54.163855
10.444343 1528579043.181717 0.000120 0.000159 0.000673 54.132583
10.456461 1528579043.193835 0.000119 0.000159 0.000669 54.259287
10.469172 1528579043.206546 0.000119 0.000159 0.000672 54.188045
10.481637 1528579043.219011 0.000119 0.000158 0.000673 54.016997
10.494296 1528579043.231670 0.000119 0.000160 0.000670 54.355339
10.506786 1528579043.244160 0.000120 0.000159 0.000670 54.120799
10.518956 1528579043.256330 0.000120 0.000160 0.000670 54.142411
10.531734 1528579043.269108 0.000120 0.000160 0.000669 54.120953
10.544083 1528579043.281457 0.000120 0.000160 0.000672 54.194926
10.556860 1528579043.294235 0.000120 0.000160 0.000671 54.171393
10.569065 1528579043.306439 0.000120 0.000160 0.000670 54.276986
10.581426 1528579043.318800 0.000120 0.000159 0.000674 54.038257
10.593623 1528579043.330997 0.000120 0.000160 0.000666 54.242142
10.606029 1528579043.343403 0.000120 0.000159 0.000670 54.111746
10.618527 1528579043.355901 0.000120 0.000159 0.000670 54.083278
10.630952 1528579043.368326 0.000120 0.000159 0.000674 53.883318
10.643560 1528579043.380934 0.000121 0.000158 0.000675 53.640733
10.656615 1528579043.393989 0.000123 0.000159 0.000676 53.284490
10.669052 1528579043.406426 0.000123 0.000159 0.000676 53.149542
10.680975 1528579043.418349 0.000127 0.000160 0.000666 53.223914
10.693555 1528579043.430929 0.000130 0.000159 0.000671 52.802205
10.706557 1528579043.443931 0.000133 0.000157 0.000664 52.735744
10.718928 1528579043.456302 0.000131 0.000155 0.000663 52.405530
10.731514 1528579043.468888 0.000131 0.000155 0.000664 52.637694
10.744066 1528579043.481441 0.000132 0.000155 0.000658 52.511537
10.756414 1528579043.493788 0.000131 0.000154 0.000665 52.579284
10.768897 1528579043.506271 0.000131 0.000155 0.000665 52.604834
10.781402 1528579043.518776 0.000130 0.000153 0.000668 52.570039
10.793727 1528579043.531101 0.000129 0.000154 0.000665 52.591905
10.806288 1528579043.543663 0.000130 0.000153 0.000665 52.455216
10.819603 1528579043.556977 0.000130 0.000154 0.000663 52.389374
10.831933 1528579043.569307 0.000130 0.000153 0.000662 52.226254
10.844385 1528579043.581759 0.000129 0.000153 0.000664 52.347889
10.856372 1528579043.593746 0.000129 0.000153 0.000659 52.353423
10.868708 1528579043.606082 0.000128 0.000151 0.000666 52.223919
10.882373 1528579043.619747 0.000127 0.000151 0.000665 52.257392
10.894616 1528579043.631990 0.000127 0.000152 0.000660 52.299298
10.907223 1528579043.644597 0.000127 0.000151 0.000661 52.177380
10.919494 1528579043.656868 0.000126 0.000151 0.000672 52.260147
10.931588 1528579043.668962 0.000126 0.000150 0.000674 52.034798
10.944063 1528579043.681437 0.000126 0.000151 0.000670 52.085382
10.956451 1528579043.693825 0.000126 0.000150 0.000669 51.973286
10.968964 1528579043.706338 0.000126 0.000151 0.000662 52.109665
10.981053 1528579043.718427 0.000126 0.000152 0.000662 52.144203
10.993794 1528579043.731168 0.000126 0.000151 0.000662 52.039782
11.006361 1528579043.743736 0.000126 0.000152 0.000662 52.022826
11.019719 1528579043.757093 0.000126 0.000152 0.000664 52.113535
11.032160 1528579043.769534 0.000126 0.000151 0.000663 52.181050
11.044510 1528579043.781884 0.000125 0.000151 0.000666 52.132841
11.056339 1528579043.793713 0.000126 0.000152 0.000662 52.127964
11.068923 1528579043.806297 0.000126 0.000152 0.000657 52.164933
11.081767 1528579043.819141 0.000127 0.000153 0.000655 52.228173
11.094043 1528579043.831417 0.000127 0.000153 0.000657 52.260337
11.106578 1528579043.843952 0.000127 0.000152 0.000661 51.986109
11.118886 1528579043.856260 0.000127 0.000152 0.000666 52.187753
11.131411 1528579043.868785 0.000127 0.000152 0.000665 52.036856
11.143819 1528579043.881193 0.000127 0.000153 0.000661 52.304592
11.156427 1528579043.893801 0.000128 0.000152 0.000663 52.074742
11.168628 1528579043.906002 0.000128 0.000152 0.000664 52.192423
11.181448 1528579043.918822 0.000129 0.000153 0.000662 51.979689
11.193841 1528579043.931215 0.000128 0.000153 0.000663 52.118471
11.206205 1528579043.943579 0.000128 0.000153 0.000662 52.216238
11.219994 1528579043.957368 0.000128 0.000154 0.000659 52.168132
11.231977 1528579043.969351 0.000128 0.000154 0.000657 52.221442
11.244058 1528579043.981432 0.000128 0.000153 0.000663 51.976666
11.256396 1528579043.993770 0.000129 0.000154 0.000657 52.232320
11.269074 1528579044.006448 0.000129 0.000154 0.000657 52.173534
11.281915 1528579044.019289 0.000129 0.000154 0.000660 52.018358
11.294070 1528579044.031444 0.000129 0.000155 0.000662 52.155166
11.307127 1528579044.044501 0.000130 0.000154 0.000664 52.077058
11.322350 1528579044.059724 0.000130 0.000155 0.000662 52.182873
11.331884 1528579044.069258 0.000129 0.000155 0.000652 52.496195
11.344140 1528579044.081514 0.000128 0.000154 0.000648 52.196277
11.356915 1528579044.094290 0.000127 0.000153 0.000649 52.433272
11.369304 1528579044.106678 0.000124 0.000152 0.000668 52.354605
11.381613 1528579044.118987 0.000121 0.000151 0.000690 52.323273
11.394527 1528579044.131902 0.000120 0.000151 0.000705 52.400824
11.407028 1528579044.144402 0.000118 0.000151 0.000710 52.606742
11.419166 1528579044.156540 0.000118 0.000152 0.000714 52.592952
11.431828 1528579044.169202 0.000117 0.000151 0.000711 52.618328
11.444284 1528579044.181658 0.000117 0.000150 0.000713 52.534782
11.456713 1528579044.194087 0.000117 0.000150 0.000711 52.498814
11.469033 1528579044.206407 0.000117 0.000151 0.000710 52.472507
11.482391 1528579044.219765 0.000117 0.000151 0.000705 52.631607
11.494620 1528579044.231994 0.000117 0.000150 0.000712 52.457669
11.506754 1528579044.244128 0.000117 0.000150 0.000712 52.441925
11.518985 1528579044.256359 0.000117 0.000149 0.000712 52.335595
11.532077 1528579044.269451 0.000117 0.000150 0.000707 52.477630
11.544219 1528579044.281594 0.000117 0.000150 0.000712 52.328163
11.556582 1528579044.293957 0.000117 0.000149 0.000712 52.284330
11.569017 1528579044.306391 0.000117 0.000151 0.000706 52.208472
11.581333 1528579044.318707 0.000117 0.000150 0.000708 52.202190
11.594271 1528579044.331645 0.000117 0.000149 0.000709 52.198842
11.606423 1528579044.343797 0.000117 0.000149 0.000707 52.244237
11.619167 1528579044.356541 0.000117 0.000149 0.000708 52.246634
11.631581 1528579044.368955 0.000117 0.000149 0.000708 52.137941
11.644035 1528579044.381409 0.000117 0.000149 0.000711 52.196193
11.656542 1528579044.393916 0.000117 0.000149 0.000709 52.008001
11.669053 1528579044.406427 0.000117 0.000149 0.000708 52.019530
11.682006 1528579044.419380 0.000117 0.000148 0.000713 51.996092
11.694104 1528579044.431478 0.000117 0.000149 0.000709 52.119509
11.706777 1528579044.444151 0.000117 0.000150 0.000705 52.179249
11.719206 1528579044.456580 0.000117 0.000148 0.000709 52.089314
11.731538 1528579044.468912 0.000117 0.000149 0.000709 52.069838
11.744003 1528579044.481377 0.000117 0.000149 0.000703 52.026048
11.756721 1528579044.494095 0.000118 0.000149 0.000705 52.098425
11.769319 1528579044.506693 0.000118 0.000150 0.000705 52.090921
11.781679 1528579044.519053 0.000118 0.000148 0.000709 52.036252
11.793920 1528579044.531294 0.000118 0.000149 0.000706 52.109854
11.806406 1528579044.543780 0.000118 0.000150 0.000708 52.141197
11.818542 1528579044.555916 0.000118 0.000148 0.000711 51.907658
11.832395 1528579044.569769 0.000119 0.000150 0.000704 52.079896
11.844455 1528579044.581829 0.000118 0.000151 0.000692 52.856299
11.857130 1528579044.594504 0.000119 0.000152 0.000694 52.891882
11.869796 1528579044.607170 0.000120 0.000152 0.000698 52.803826
11.882202 1528579044.619576 0.000121 0.000152 0.000698 52.466378
11.894913 1528579044.632287 0.000121 0.000152 0.000700 52.298477
11.907047 1528579044.644421 0.000121 0.000152 0.000692 52.258941
11.918982 1528579044.656356 0.000121 0.000153 0.000695 52.210898
11.931452 1528579044.668826 0.000122 0.000154 0.000693 52.247799
11.943365 1528579044.680739 0.000122 0.000153 0.000696 52.197742
11.956360 1528579044.693734 0.000122 0.000153 0.000693 52.259052
11.968490 1528579044.705864 0.000122 0.000153 0.000691 52.314235
11.980987 1528579044.718361 0.000122 0.000154 0.000689 52.339284
11.993612 1528579044.730986 0.000122 0.000155 0.000688 52.355639
12.006423 1528579044.743797 0.000122 0.000154 0.000691 52.233048
12.018863 1528579044.756237 0.000123 0.000155 0.000689 52.281966
12.031385 1528579044.768759 0.000123 0.000156 0.000687 52.413251
12.045377 1528579044.782752 0.000123 0.000155 0.000693 52.231777
12.057635 1528579044.795009 0.000123 0.000155 0.000689 52.223657
12.069721 1528579044.807095 0.000123 0.000155 0.000691 52.210715
12.082291 1528579044.819665 0.000123 0.000155 0.000689 52.258576
12.095070 1528579044.832444 0.000124 0.000154 0.000690 52.107975
12.107191 1528579044.844565 0.000123 0.000155 0.000687 52.249427
12.119388 1528579044.856762 0.000123 0.000155 0.000688 52.194299
12.131696 1528579044.869070 0.000123 0.000156 0.000688 52.103787
12.143808 1528579044.881182 0.000123 0.000154 0.000691 51.958039
12.156521 1528579044.893895 0.000122 0.000155 0.000688 51.984099
12.168934 1528579044.906308 0.000123 0.000155 0.000688 51.900272
12.181258 1528579044.918633 0.000122 0.000153 0.000692 51.914594
12.193872 1528579044.931246 0.000122 0.000155 0.000685 52.025562
12.206753 1528579044.944127 0.000122 0.000154 0.000687 51.854016
12.218913 1528579044.956287 0.000122 0.000154 0.000689 51.671179
12.232719 1528579044.970093 0.000122 0.000154 0.000689 51.776376
12.245459 1528579044.982833 0.000121 0.000153 0.000693 51.769775
12.257169 1528579044.994544 0.000122 0.000154 0.000685 51.892335
12.269308 1528579045.006682 0.000122 0.000154 0.000686 51.845865
12.281642 1528579045.019016 0.000122 0.000153 0.000689 51.673679
12.294459 1528579045.031833 0.000122 0.000152 0.000691 51.585274
12.306619 1528579045.043993 0.000122 0.000154 0.000686 51.670593
12.319125 1528579045.056499 0.000121 0.000154 0.000684 51.674772
12.332750 1528579045.070124 0.000122 0.000154 0.000687 51.620433
12.345322 1528579045.082696 0.000122 0.000154 0.000687 51.632182
12.355989 1528579045.093363 0.000122 0.000153 0.000689 51.522885
12.368665 1528579045.106039 0.000122 0.000153 0.000689 51.491509
12.381110 1528579045.118484 0.000122 0.000154 0.000685 51.378054
12.393643 1528579045.131017 0.000121 0.000153 0.000689 51.562485
12.406196 1528579045.143570 0.000122 0.000154 0.000684 51.502281
12.418432 1528579045.155806 0.000122 0.000153 0.000687 51.365524
12.430950 1528579045.168324 0.000122 0.000152 0.000689 51.284648
12.443352 1528579045.180726 0.000122 0.000153 0.000686 51.295595
12.457388 1528579045.194762 0.000122 0.000154 0.000684 51.283894
12.469879 1528579045.207253 0.000122 0.000152 0.000685 51.310926
12.482597 1528579045.219971 0.000124 0.000152 0.000686 51.061036
