-5.411447 1527974226.510090 0.000094 0.000117 0.000732 26.808727
-5.399240 1527974226.522296 0.000093 0.000118 0.000716 26.482786
-5.386728 1527974226.534808 0.000093 0.000118 0.000718 26.867489
-5.374459 1527974226.547078 0.000093 0.000118 0.000725 26.636795
-5.360667 1527974226.560869 0.000093 0.000117 0.000730 26.612065
-5.348252 1527974226.573285 0.000093 0.000118 0.000724 26.748353
-5.335584 1527974226.585953 0.000093 0.000118 0.000703 26.303139
-5.322846 1527974226.598691 0.000093 0.000118 0.000738 26.895882
-5.310969 1527974226.610567 0.000094 0.000118 0.000703 26.410608
-5.299082 1527974226.622455 0.000094 0.000118 0.000734 26.558738
-5.286444 1527974226.635092 0.000092 0.000117 0.000729 26.652614
-5.274168 1527974226.647369 0.000094 0.000118 0.000717 26.686707
-5.261565 1527974226.659971 0.000093 0.000118 0.000727 26.929598
-5.248312 1527974226.673224 0.000093 0.000118 0.000719 26.780035
-5.236398 1527974226.685139 0.000093 0.000118 0.000731 26.689126
-5.224031 1527974226.697505 0.000094 0.000118 0.000706 26.563448
-5.211738 1527974226.709799 0.000093 0.000117 0.000731 26.767363
-5.199220 1527974226.722316 0.000093 0.000118 0.000733 26.903074
-5.186651 1527974226.734885 0.000094 0.000118 0.000731 26.881933
-5.173813 1527974226.747724 0.000094 0.000118 0.000730 26.699040
-5.160727 1527974226.760810 0.000094 0.000119 0.000716 26.489331
-5.148047 1527974226.773489 0.000094 0.000119 0.000696 26.370301
-5.135321 1527974226.786216 0.000093 0.000119 0.000693 26.518467
-5.122974 1527974226.798563 0.000094 0.000117 0.000738 26.540111
-5.110949 1527974226.810587 0.000095 0.000119 0.000730 26.623574
-5.098264 1527974226.823273 0.000094 0.000118 0.000733 26.788717
-5.085895 1527974226.835641 0.000094 0.000119 0.000696 26.392029
-5.073077 1527974226.848459 0.000094 0.000119 0.000724 26.795699
-5.061007 1527974226.860529 0.000094 0.000118 0.000732 26.670397
-5.048996 1527974226.872540 0.000094 0.000119 0.000690 26.192499
-5.036612 1527974226.884925 0.000094 0.000118 0.000724 26.682452
-5.024231 1527974226.897306 0.000095 0.000119 0.000699 26.114251
-5.011599 1527974226.909937 0.000094 0.000118 0.000703 26.314512
-4.999168 1527974226.922368 0.000095 0.000118 0.000724 26.693310
-4.986471 1527974226.935066 0.000094 0.000120 0.000693 26.149126
-4.973854 1527974226.947682 0.000094 0.000119 0.000720 26.519194
-4.961422 1527974226.960114 0.000094 0.000119 0.000725 26.483815
-4.948943 1527974226.972594 0.000094 0.000119 0.000721 26.699985
-4.936677 1527974226.984859 0.000094 0.000118 0.000724 26.421369
-4.924015 1527974226.997522 0.000096 0.000117 0.000721 26.398362
-4.911476 1527974227.010060 0.000096 0.000120 0.000699 26.245534
-4.898815 1527974227.022722 0.000095 0.000118 0.000720 26.517385
-4.886612 1527974227.034924 0.000096 0.000118 0.000701 26.295058
-4.873424 1527974227.048113 0.000097 0.000118 0.000722 26.447275
-4.860568 1527974227.060969 0.000097 0.000118 0.000703 26.094623
-4.848339 1527974227.073197 0.000098 0.000117 0.000739 26.624977
-4.835838 1527974227.085698 0.000097 0.000117 0.000734 26.620522
-4.823131 1527974227.098405 0.000098 0.000118 0.000718 26.548822
-4.810648 1527974227.110888 0.000098 0.000118 0.000728 26.343610
-4.798019 1527974227.123518 0.000099 0.000119 0.000689 25.633429
-4.786508 1527974227.135028 0.000098 0.000118 0.000736 26.726248
-4.774199 1527974227.147337 0.000098 0.000118 0.000725 26.657546
-4.760699 1527974227.160838 0.000096 0.000118 0.000729 26.742618
-4.748424 1527974227.173112 0.000095 0.000118 0.000735 27.556683
-4.735485 1527974227.186052 0.000095 0.000120 0.000718 28.282110
-4.722645 1527974227.198891 0.000093 0.000120 0.000703 28.727288
-4.710058 1527974227.211479 0.000095 0.000120 0.000706 28.992331
-4.697929 1527974227.223608 0.000092 0.000121 0.000698 29.577078
-4.686757 1527974227.234779 0.000093 0.000121 0.000717 29.740309
-4.674242 1527974227.247295 0.000093 0.000122 0.000710 29.864087
-4.660816 1527974227.260720 0.000093 0.000122 0.000705 29.732955
-4.648524 1527974227.273013 0.000092 0.000121 0.000712 29.464397
-4.636120 1527974227.285417 0.000093 0.000121 0.000707 29.436971
-4.623900 1527974227.297636 0.000092 0.000120 0.000712 29.104987
-4.611651 1527974227.309885 0.000093 0.000121 0.000710 29.128293
-4.599139 1527974227.322397 0.000093 0.000121 0.000711 29.132571
-4.586772 1527974227.334765 0.000092 0.000121 0.000701 29.124353
-4.573996 1527974227.347541 0.000091 0.000120 0.000708 29.356171
-4.561260 1527974227.360276 0.000091 0.000121 0.000691 29.174736
-4.549220 1527974227.372316 0.000092 0.000120 0.000711 29.602496
-4.536198 1527974227.385339 0.000091 0.000121 0.000703 29.290767
-4.523289 1527974227.398248 0.000091 0.000121 0.000700 29.477482
-4.511517 1527974227.410020 0.000092 0.000121 0.000699 29.231179
-4.498475 1527974227.423061 0.000091 0.000121 0.000701 29.352850
-4.486112 1527974227.435425 0.000091 0.000121 0.000698 29.570893
-4.473936 1527974227.447600 0.000091 0.000121 0.000700 29.209471
-4.460518 1527974227.461019 0.000091 0.000121 0.000701 29.283702
-4.448840 1527974227.472697 0.000090 0.000121 0.000705 29.246173
-4.435513 1527974227.486023 0.000091 0.000122 0.000699 29.535344
-4.423628 1527974227.497908 0.000090 0.000121 0.000700 29.436951
-4.411848 1527974227.509688 0.000091 0.000121 0.000710 29.278060
-4.399313 1527974227.522223 0.000090 0.000121 0.000706 29.367076
-4.387039 1527974227.534497 0.000090 0.000121 0.000685 29.045958
-4.374201 1527974227.547335 0.000090 0.000121 0.000711 29.321208
-4.360675 1527974227.560862 0.000090 0.000120 0.000713 29.370790
-4.348282 1527974227.573255 0.000089 0.000121 0.000707 29.222371
-4.335931 1527974227.585606 0.000090 0.000120 0.000712 29.154346
-4.322768 1527974227.598768 0.000090 0.000120 0.000717 29.092043
-4.310591 1527974227.610945 0.000089 0.000121 0.000712 29.236445
-4.298116 1527974227.623420 0.000089 0.000121 0.000703 29.138632
-4.285824 1527974227.635713 0.000090 0.000120 0.000710 29.051249
-4.273080 1527974227.648456 0.000089 0.000121 0.000698 29.033245
-4.261375 1527974227.660161 0.000089 0.000120 0.000723 29.309554
-4.248969 1527974227.672567 0.000090 0.000120 0.000715 28.867671
-4.236435 1527974227.685102 0.000089 0.000121 0.000709 29.180405
-4.224255 1527974227.697282 0.000090 0.000121 0.000706 28.917133
-4.211543 1527974227.709993 0.000089 0.000120 0.000711 29.116186
-4.198874 1527974227.722663 0.000088 0.000120 0.000706 28.982544
-4.186343 1527974227.735193 0.000089 0.000120 0.000717 29.156592
-4.174182 1527974227.747354 0.000089 0.000121 0.000706 29.057763
-4.161310 1527974227.760226 0.000088 0.000121 0.000708 29.096553
-4.147728 1527974227.773808 0.000088 0.000119 0.000723 29.015054
-4.135596 1527974227.785941 0.000088 0.000119 0.000715 28.893722
-4.122576 1527974227.798961 0.000088 0.000120 0.000715 29.055184
-4.111282 1527974227.810255 0.000088 0.000119 0.000716 28.768557
-4.098040 1527974227.823497 0.000089 0.000120 0.000706 28.981012
-4.085691 1527974227.835845 0.000089 0.000120 0.000714 29.190097
-4.073118 1527974227.848419 0.000089 0.000120 0.000711 28.945136
-4.061619 1527974227.859917 0.000089 0.000120 0.000719 28.987441
-4.049253 1527974227.872283 0.000089 0.000118 0.000727 28.941894
-4.036419 1527974227.885118 0.000089 0.000120 0.000714 28.904451
-4.023972 1527974227.897564 0.000090 0.000120 0.000722 29.188319
-4.011883 1527974227.909654 0.000088 0.000119 0.000716 28.920079
-3.999376 1527974227.922160 0.000089 0.000120 0.000718 29.010302
-3.986638 1527974227.934899 0.000089 0.000121 0.000710 29.070625
-3.974010 1527974227.947526 0.000089 0.000119 0.000712 28.849023
-3.961473 1527974227.960063 0.000089 0.000120 0.000717 29.171519
-3.948894 1527974227.972642 0.000090 0.000120 0.000709 28.833342
-3.936342 1527974227.985195 0.000090 0.000118 0.000723 29.012682
-3.922935 1527974227.998601 0.000090 0.000120 0.000712 29.238489
-3.910656 1527974228.010880 0.000090 0.000120 0.000711 29.055712
-3.897909 1527974228.023628 0.000091 0.000120 0.000709 29.035422
-3.885599 1527974228.035937 0.000090 0.000119 0.000724 29.084095
-3.873185 1527974228.048352 0.000091 0.000119 0.000721 29.019082
-3.860967 1527974228.060570 0.000090 0.000120 0.000720 29.005479
-3.849070 1527974228.072467 0.000091 0.000119 0.000721 29.149894
-3.835403 1527974228.086133 0.000091 0.000119 0.000731 29.124480
-3.823083 1527974228.098454 0.000091 0.000120 0.000713 28.986630
-3.810884 1527974228.110652 0.000091 0.000119 0.000706 29.036800
-3.797977 1527974228.123559 0.000091 0.000119 0.000720 29.094505
-3.785986 1527974228.135550 0.000090 0.000119 0.000722 29.094100
-3.773929 1527974228.147607 0.000090 0.000120 0.000717 29.116552
-3.761846 1527974228.159690 0.000089 0.000118 0.000722 28.856073
-3.749308 1527974228.172228 0.000090 0.000119 0.000719 29.261027
-3.735417 1527974228.186120 0.000090 0.000120 0.000708 29.225457
-3.722844 1527974228.198692 0.000091 0.000119 0.000729 28.868290
-3.710594 1527974228.210942 0.000090 0.000120 0.000705 28.949169
-3.697758 1527974228.223778 0.000090 0.000121 0.000707 29.008206
-3.685449 1527974228.236088 0.000090 0.000119 0.000719 29.105688
-3.673147 1527974228.248389 0.000090 0.000120 0.000708 28.967200
-3.660745 1527974228.260792 0.000089 0.000119 0.000719 29.069966
-3.647616 1527974228.273920 0.000090 0.000121 0.000706 29.033900
-3.636347 1527974228.285189 0.000090 0.000121 0.000713 29.286978
-3.623313 1527974228.298223 0.000090 0.000121 0.000709 29.134414
-3.611186 1527974228.310351 0.000089 0.000120 0.000706 28.860222
-3.598743 1527974228.322793 0.000090 0.000120 0.000720 28.995518
-3.586046 1527974228.335490 0.000090 0.000121 0.000705 29.098179
-3.573356 1527974228.348181 0.000088 0.000120 0.000718 29.117106
-3.560975 1527974228.360561 0.000089 0.000120 0.000718 29.016379
-3.548806 1527974228.372730 0.000090 0.000120 0.000722 29.107271
-3.535935 1527974228.385601 0.000089 0.000120 0.000717 28.966864
-3.523224 1527974228.398312 0.000089 0.000120 0.000713 29.162417
-3.510972 1527974228.410564 0.000089 0.000120 0.000712 29.069125
-3.498413 1527974228.423124 0.000089 0.000120 0.000709 29.186675
-3.485877 1527974228.435660 0.000090 0.000119 0.000737 29.409365
-3.473566 1527974228.447971 0.000090 0.000119 0.000721 29.169796
-3.461163 1527974228.460374 0.000090 0.000121 0.000716 29.194659
-3.448172 1527974228.473364 0.000089 0.000120 0.000717 29.174330
-3.435888 1527974228.485648 0.000090 0.000120 0.000729 29.148368
-3.423527 1527974228.498009 0.000092 0.000120 0.000729 28.730029
-3.410951 1527974228.510586 0.000092 0.000120 0.000724 28.129197
-3.398453 1527974228.523084 0.000095 0.000119 0.000721 27.931756
-3.385395 1527974228.536142 0.000094 0.000119 0.000705 28.273541
-3.373427 1527974228.548110 0.000094 0.000119 0.000692 28.278498
-3.361218 1527974228.560318 0.000093 0.000118 0.000696 28.405909
-3.348406 1527974228.573130 0.000092 0.000117 0.000688 28.318301
-3.335586 1527974228.585950 0.000093 0.000118 0.000691 28.742917
-3.323697 1527974228.597839 0.000094 0.000117 0.000700 28.794918
-3.310616 1527974228.610920 0.000093 0.000116 0.000700 28.270002
-3.297995 1527974228.623541 0.000093 0.000118 0.000689 28.364923
-3.285434 1527974228.636103 0.000093 0.000118 0.000687 28.398195
-3.273566 1527974228.647971 0.000093 0.000117 0.000700 28.393716
-3.261213 1527974228.660324 0.000093 0.000118 0.000684 28.373148
-3.248432 1527974228.673105 0.000093 0.000117 0.000690 28.333944
-3.235753 1527974228.685784 0.000092 0.000118 0.000688 28.301948
-3.223410 1527974228.698126 0.000092 0.000118 0.000689 28.254255
-3.211054 1527974228.710482 0.000093 0.000118 0.000678 28.351324
-3.198071 1527974228.723466 0.000093 0.000117 0.000689 28.194500
-3.185885 1527974228.735651 0.000093 0.000117 0.000694 28.318389
-3.173568 1527974228.747968 0.000093 0.000117 0.000690 28.481850
-3.160855 1527974228.760681 0.000092 0.000116 0.000691 27.995691
-3.148247 1527974228.773289 0.000093 0.000118 0.000682 28.145395
-3.134943 1527974228.786593 0.000092 0.000117 0.000689 28.137065
-3.123123 1527974228.798414 0.000093 0.000116 0.000696 28.019135
-3.110387 1527974228.811150 0.000093 0.000117 0.000691 28.312878
-3.097522 1527974228.824014 0.000093 0.000117 0.000693 27.938698
-3.084718 1527974228.836818 0.000093 0.000116 0.000685 28.085216
-3.073066 1527974228.848470 0.000093 0.000116 0.000699 28.035535
-3.060020 1527974228.861517 0.000094 0.000117 0.000682 27.845391
-3.048298 1527974228.873238 0.000091 0.000117 0.000685 27.752585
-3.036023 1527974228.885513 0.000093 0.000118 0.000691 27.933919
-3.022391 1527974228.899145 0.000093 0.000117 0.000698 28.191300
-3.010440 1527974228.911096 0.000093 0.000117 0.000689 27.838496
-2.998030 1527974228.923506 0.000092 0.000117 0.000687 27.779746
-2.985160 1527974228.936377 0.000092 0.000118 0.000689 27.969569
-2.972903 1527974228.948633 0.000093 0.000117 0.000691 27.703019
-2.960790 1527974228.960746 0.000093 0.000116 0.000680 27.757538
-2.948145 1527974228.973391 0.000093 0.000117 0.000699 27.887577
-2.935688 1527974228.985849 0.000095 0.000117 0.000682 27.527890
-2.923180 1527974228.998357 0.000094 0.000116 0.000705 28.016065
-2.910511 1527974229.011026 0.000095 0.000117 0.000694 27.681623
-2.898045 1527974229.023491 0.000094 0.000116 0.000692 27.842392
-2.885575 1527974229.035962 0.000095 0.000117 0.000682 27.299160
-2.873682 1527974229.047854 0.000095 0.000116 0.000696 27.767640
-2.861383 1527974229.060153 0.000095 0.000116 0.000690 27.793870
-2.848930 1527974229.072606 0.000094 0.000117 0.000684 27.851055
-2.836463 1527974229.085074 0.000096 0.000117 0.000691 27.434311
-2.824176 1527974229.097361 0.000095 0.000117 0.000685 27.715999
-2.811340 1527974229.110196 0.000095 0.000117 0.000687 27.869405
-2.798810 1527974229.122727 0.000094 0.000118 0.000644 27.336625
-2.786341 1527974229.135196 0.000096 0.000118 0.000647 27.189913
-2.773708 1527974229.147828 0.000095 0.000118 0.000688 27.726623
-2.761282 1527974229.160254 0.000095 0.000119 0.000672 27.740221
-2.748812 1527974229.172725 0.000095 0.000119 0.000643 27.222561
-2.736431 1527974229.185106 0.000096 0.000119 0.000679 27.829748
-2.723854 1527974229.197682 0.000096 0.000118 0.000689 27.722463
-2.711453 1527974229.210083 0.000096 0.000118 0.000691 27.782631
-2.697778 1527974229.223758 0.000096 0.000118 0.000683 27.769402
-2.685217 1527974229.236320 0.000095 0.000118 0.000698 27.841916
-2.672511 1527974229.249026 0.000096 0.000119 0.000682 27.841606
-2.661262 1527974229.260275 0.000095 0.000118 0.000687 27.744890
-2.648578 1527974229.272958 0.000098 0.000119 0.000694 27.683774
-2.636258 1527974229.285278 0.000096 0.000119 0.000653 27.278419
-2.623794 1527974229.297743 0.000096 0.000119 0.000687 27.583406
-2.611348 1527974229.310189 0.000097 0.000119 0.000685 27.494526
-2.597649 1527974229.323887 0.000096 0.000119 0.000676 27.670301
-2.585277 1527974229.336260 0.000096 0.000119 0.000684 27.415812
-2.572805 1527974229.348731 0.000097 0.000119 0.000695 27.735923
-2.560077 1527974229.361460 0.000096 0.000119 0.000686 27.496099
-2.548416 1527974229.373120 0.000096 0.000118 0.000695 27.562659
-2.536182 1527974229.385355 0.000096 0.000118 0.000687 27.586771
-2.523957 1527974229.397580 0.000096 0.000117 0.000700 27.824884
-2.511291 1527974229.410246 0.000097 0.000119 0.000683 27.393573
-2.498763 1527974229.422773 0.000095 0.000118 0.000690 27.739160
-2.485957 1527974229.435580 0.000097 0.000119 0.000683 27.402924
-2.473384 1527974229.448153 0.000096 0.000118 0.000679 27.329343
-2.460887 1527974229.460649 0.000098 0.000120 0.000657 27.437157
-2.448924 1527974229.472612 0.000099 0.000120 0.000652 27.883226
-2.436350 1527974229.485187 0.000097 0.000121 0.000641 28.311275
-2.423432 1527974229.498105 0.000097 0.000121 0.000634 28.682045
-2.411745 1527974229.509791 0.000098 0.000122 0.000645 28.842362
-2.399137 1527974229.522400 0.000098 0.000123 0.000621 28.726616
-2.386642 1527974229.534895 0.000098 0.000122 0.000630 28.327896
-2.374101 1527974229.547435 0.000098 0.000122 0.000647 29.018440
-2.361644 1527974229.559893 0.000098 0.000121 0.000645 28.688069
-2.349229 1527974229.572307 0.000099 0.000122 0.000628 28.735480
-2.335384 1527974229.586153 0.000098 0.000122 0.000594 27.892489
-2.323027 1527974229.598510 0.000098 0.000122 0.000598 28.022853
-2.310667 1527974229.610870 0.000098 0.000122 0.000595 27.810217
-2.298272 1527974229.623264 0.000097 0.000121 0.000604 27.835175
-2.286441 1527974229.635096 0.000098 0.000122 0.000598 27.891663
-2.273772 1527974229.647764 0.000099 0.000122 0.000602 27.646484
-2.261187 1527974229.660349 0.000098 0.000121 0.000588 27.566625
-2.248787 1527974229.672749 0.000098 0.000122 0.000594 27.783310
-2.235258 1527974229.686278 0.000098 0.000122 0.000606 27.805150
-2.222570 1527974229.698967 0.000099 0.000122 0.000601 27.691649
-2.210695 1527974229.710842 0.000099 0.000123 0.000601 27.602119
-2.198264 1527974229.723273 0.000099 0.000122 0.000597 27.808488
-2.185956 1527974229.735580 0.000099 0.000121 0.000597 27.611282
-2.173869 1527974229.747667 0.000099 0.000122 0.000589 27.461889
-2.161414 1527974229.760123 0.000100 0.000121 0.000598 27.359210
-2.147763 1527974229.773774 0.000101 0.000121 0.000598 27.117658
-2.135603 1527974229.785933 0.000100 0.000122 0.000588 27.366412
-2.122617 1527974229.798919 0.000100 0.000121 0.000587 27.533411
-2.110721 1527974229.810815 0.000100 0.000121 0.000594 27.418337
-2.098311 1527974229.823225 0.000100 0.000122 0.000594 27.516267
-2.086032 1527974229.835505 0.000100 0.000121 0.000587 27.392055
-2.073546 1527974229.847991 0.000100 0.000122 0.000592 27.687018
-2.059953 1527974229.861583 0.000100 0.000122 0.000589 27.693422
-2.047606 1527974229.873931 0.000101 0.000122 0.000593 27.772206
-2.034689 1527974229.886847 0.000101 0.000122 0.000589 27.628574
-2.022739 1527974229.898798 0.000099 0.000122 0.000595 27.573303
-2.010519 1527974229.911017 0.000100 0.000122 0.000588 27.515445
-1.998414 1527974229.923122 0.000100 0.000122 0.000594 27.472030
-1.986438 1527974229.935099 0.000100 0.000122 0.000593 27.392350
-1.973864 1527974229.947672 0.000101 0.000122 0.000598 27.610747
-1.961198 1527974229.960338 0.000100 0.000122 0.000610 27.897326
-1.948331 1527974229.973205 0.000100 0.000123 0.000591 27.829186
-1.935291 1527974229.986245 0.000100 0.000122 0.000595 27.568247
-1.923119 1527974229.998418 0.000100 0.000124 0.000594 27.606825
-1.910990 1527974230.010546 0.000100 0.000123 0.000591 27.343861
-1.898079 1527974230.023457 0.000100 0.000123 0.000586 27.507896
-1.885965 1527974230.035572 0.000100 0.000124 0.000594 27.606194
-1.873596 1527974230.047940 0.000101 0.000123 0.000589 27.631241
-1.861063 1527974230.060473 0.000100 0.000122 0.000619 27.821702
-1.848593 1527974230.072943 0.000100 0.000123 0.000590 27.520686
-1.835941 1527974230.085595 0.000100 0.000124 0.000599 27.710654
-1.823789 1527974230.097747 0.000102 0.000124 0.000581 27.338670
-1.810847 1527974230.110690 0.000100 0.000122 0.000603 26.505801
-1.798218 1527974230.123318 0.000096 0.000121 0.000633 26.705086
-1.785733 1527974230.135803 0.000095 0.000119 0.000661 26.902767
-1.773206 1527974230.148330 0.000094 0.000120 0.000663 27.024080
-1.760997 1527974230.160539 0.000094 0.000117 0.000722 27.541000
-1.747452 1527974230.174085 0.000093 0.000118 0.000702 27.300246
-1.734929 1527974230.186607 0.000094 0.000118 0.000716 27.653951
-1.722221 1527974230.199316 0.000094 0.000119 0.000708 27.489697
-1.710271 1527974230.211265 0.000093 0.000118 0.000686 26.786591
-1.697612 1527974230.223925 0.000094 0.000119 0.000684 26.905147
-1.685122 1527974230.236414 0.000094 0.000118 0.000710 27.440003
-1.673095 1527974230.248441 0.000094 0.000118 0.000710 27.186210
-1.660064 1527974230.261473 0.000094 0.000119 0.000687 27.025527
-1.648304 1527974230.273232 0.000093 0.000119 0.000676 26.898540
-1.636075 1527974230.285461 0.000093 0.000119 0.000682 26.951254
-1.623559 1527974230.297978 0.000093 0.000120 0.000672 26.911973
-1.611502 1527974230.310035 0.000092 0.000118 0.000706 27.242173
-1.598628 1527974230.322908 0.000093 0.000118 0.000699 27.201860
-1.584844 1527974230.336693 0.000093 0.000118 0.000678 26.998676
-1.572652 1527974230.348885 0.000093 0.000119 0.000683 27.043849
-1.560068 1527974230.361468 0.000093 0.000118 0.000707 27.261947
-1.547638 1527974230.373899 0.000093 0.000118 0.000690 27.092358
-1.535087 1527974230.386450 0.000093 0.000119 0.000705 27.550794
-1.522472 1527974230.399064 0.000093 0.000119 0.000669 26.784222
-1.510865 1527974230.410671 0.000093 0.000120 0.000667 27.137817
-1.498604 1527974230.422932 0.000095 0.000119 0.000653 26.546404
-1.486107 1527974230.435430 0.000097 0.000118 0.000695 26.927089
-1.473674 1527974230.447862 0.000095 0.000119 0.000694 26.742777
-1.461310 1527974230.460226 0.000096 0.000120 0.000659 26.103393
-1.448548 1527974230.472988 0.000095 0.000119 0.000693 26.394399
-1.436157 1527974230.485380 0.000097 0.000119 0.000668 25.816645
-1.423362 1527974230.498174 0.000095 0.000120 0.000670 25.941789
-1.411064 1527974230.510472 0.000095 0.000120 0.000670 25.966319
-1.397458 1527974230.524079 0.000096 0.000119 0.000657 25.908388
-1.385097 1527974230.536440 0.000095 0.000119 0.000664 26.048392
-1.372666 1527974230.548870 0.000096 0.000120 0.000651 26.109852
-1.360390 1527974230.561147 0.000096 0.000119 0.000659 26.028793
-1.347733 1527974230.573803 0.000096 0.000120 0.000666 26.061214
-1.334784 1527974230.586752 0.000095 0.000121 0.000660 26.000417
-1.322810 1527974230.598726 0.000096 0.000121 0.000650 25.951601
-1.310673 1527974230.610863 0.000095 0.000120 0.000666 26.010288
-1.298802 1527974230.622734 0.000095 0.000121 0.000656 26.175735
-1.284931 1527974230.636606 0.000096 0.000120 0.000647 25.786581
-1.272629 1527974230.648907 0.000095 0.000120 0.000661 26.111352
-1.260068 1527974230.661469 0.000095 0.000120 0.000652 26.068943
-1.248057 1527974230.673479 0.000095 0.000120 0.000651 25.843566
-1.236308 1527974230.685229 0.000096 0.000119 0.000659 25.808598
-1.223628 1527974230.697909 0.000096 0.000120 0.000656 26.061176
-1.210938 1527974230.710599 0.000096 0.000121 0.000643 25.876603
-1.198924 1527974230.722612 0.000096 0.000119 0.000657 26.036862
-1.185929 1527974230.735608 0.000095 0.000119 0.000661 25.814868
-1.173607 1527974230.747929 0.000096 0.000120 0.000647 25.998271
-1.161038 1527974230.760499 0.000095 0.000120 0.000652 25.962686
-1.148024 1527974230.773512 0.000095 0.000120 0.000657 25.949627
-1.135881 1527974230.785655 0.000096 0.000119 0.000656 25.946581
-1.123484 1527974230.798052 0.000096 0.000119 0.000664 25.769340
-1.110842 1527974230.810694 0.000095 0.000119 0.000653 25.816654
-1.098383 1527974230.823153 0.000095 0.000119 0.000661 25.828796
-1.085831 1527974230.835705 0.000096 0.000119 0.000649 25.740778
-1.073580 1527974230.847956 0.000096 0.000120 0.000647 25.579042
-1.060972 1527974230.860564 0.000096 0.000120 0.000658 25.594777
-1.048435 1527974230.873101 0.000096 0.000120 0.000654 25.747036
-1.035927 1527974230.885609 0.000096 0.000120 0.000652 25.763387
-1.023670 1527974230.897866 0.000096 0.000120 0.000657 25.780607
-1.010763 1527974230.910774 0.000096 0.000121 0.000649 25.842483
-0.998550 1527974230.922987 0.000097 0.000120 0.000653 25.883914
-0.985877 1527974230.935660 0.000096 0.000120 0.000651 25.621514
-0.973462 1527974230.948074 0.000096 0.000120 0.000657 25.513688
-0.959604 1527974230.961933 0.000096 0.000118 0.000662 25.633136
-0.947655 1527974230.973881 0.000097 0.000120 0.000643 25.715133
-0.935523 1527974230.986014 0.000096 0.000119 0.000650 25.547266
-0.922874 1527974230.998662 0.000096 0.000118 0.000671 25.637271
-0.910408 1527974231.011128 0.000097 0.000120 0.000650 25.720794
-0.897691 1527974231.023845 0.000097 0.000119 0.000651 25.490667
-0.885815 1527974231.035722 0.000097 0.000119 0.000651 25.707895
-0.873715 1527974231.047821 0.000096 0.000119 0.000669 25.544999
-0.860824 1527974231.060712 0.000097 0.000119 0.000651 25.776460
-0.848402 1527974231.073135 0.000098 0.000120 0.000650 25.463899
-0.835618 1527974231.085918 0.000098 0.000119 0.000645 25.512951
-0.823359 1527974231.098178 0.000098 0.000120 0.000659 25.704872
-0.809634 1527974231.111902 0.000098 0.000120 0.000657 25.769122
-0.798264 1527974231.123272 0.000099 0.000118 0.000657 25.661362
-0.785717 1527974231.135819 0.000099 0.000119 0.000660 25.485927
-0.773397 1527974231.148139 0.000098 0.000119 0.000662 25.552094
-0.760859 1527974231.160677 0.000098 0.000119 0.000644 25.454615
-0.748108 1527974231.173428 0.000098 0.000120 0.000650 25.602667
-0.735379 1527974231.186158 0.000098 0.000120 0.000652 25.445170
-0.723441 1527974231.198095 0.000097 0.000120 0.000660 25.597481
-0.710976 1527974231.210561 0.000097 0.000120 0.000655 25.616227
-0.698184 1527974231.223352 0.000097 0.000120 0.000649 25.319167
-0.685303 1527974231.236233 0.000097 0.000119 0.000649 25.304029
-0.673187 1527974231.248349 0.000096 0.000119 0.000649 25.352589
-0.660298 1527974231.261239 0.000097 0.000119 0.000660 25.377682
-0.647949 1527974231.273587 0.000097 0.000120 0.000644 25.376862
-0.635586 1527974231.285951 0.000096 0.000119 0.000658 25.171808
-0.623392 1527974231.298145 0.000097 0.000119 0.000661 25.397440
-0.610987 1527974231.310549 0.000097 0.000118 0.000654 25.283642
-0.598213 1527974231.323323 0.000097 0.000119 0.000658 25.414249
-0.585659 1527974231.335878 0.000095 0.000120 0.000650 25.123387
-0.573391 1527974231.348145 0.000096 0.000119 0.000652 25.375667
-0.559820 1527974231.361717 0.000097 0.000119 0.000655 25.263674
-0.546905 1527974231.374632 0.000097 0.000119 0.000656 25.226536
-0.535414 1527974231.386122 0.000097 0.000119 0.000653 24.972218
-0.523652 1527974231.397884 0.000097 0.000119 0.000665 24.964408
-0.510879 1527974231.410658 0.000097 0.000119 0.000658 25.023425
-0.498488 1527974231.423049 0.000096 0.000119 0.000656 25.063500
-0.486094 1527974231.435442 0.000096 0.000120 0.000655 25.124781
-0.473421 1527974231.448116 0.000096 0.000118 0.000657 24.810369
-0.461227 1527974231.460309 0.000096 0.000119 0.000661 24.853950
-0.448725 1527974231.472812 0.000096 0.000118 0.000665 24.847080
-0.435213 1527974231.486323 0.000095 0.000119 0.000664 24.732340
-0.422348 1527974231.499189 0.000095 0.000119 0.000659 24.602567
-0.410704 1527974231.510832 0.000095 0.000119 0.000657 24.780518
-0.398208 1527974231.523328 0.000095 0.000119 0.000662 24.722397
-0.385705 1527974231.535831 0.000095 0.000120 0.000668 24.854128
-0.373271 1527974231.548266 0.000095 0.000118 0.000661 24.702525
-0.361102 1527974231.560435 0.000096 0.000120 0.000646 24.605325
-0.348165 1527974231.573371 0.000096 0.000120 0.000644 24.654726
-0.335729 1527974231.585808 0.000094 0.000118 0.000684 24.922035
-0.323242 1527974231.598294 0.000093 0.000119 0.000678 24.798438
-0.310741 1527974231.610795 0.000093 0.000118 0.000677 24.897741
-0.298249 1527974231.623288 0.000093 0.000117 0.000679 24.915048
-0.285726 1527974231.635810 0.000093 0.000119 0.000670 24.990800
-0.273199 1527974231.648338 0.000093 0.000119 0.000673 24.902530
-0.260201 1527974231.661336 0.000093 0.000119 0.000685 25.139421
-0.247414 1527974231.674123 0.000093 0.000119 0.000669 24.989795
-0.234958 1527974231.686578 0.000094 0.000118 0.000677 25.121380
-0.222371 1527974231.699166 0.000094 0.000119 0.000675 25.229760
-0.209796 1527974231.711741 0.000094 0.000118 0.000670 24.866278
-0.197705 1527974231.723831 0.000094 0.000119 0.000665 24.962795
-0.185313 1527974231.736224 0.000094 0.000118 0.000675 24.995825
-0.172487 1527974231.749049 0.000094 0.000118 0.000657 25.034953
-0.159839 1527974231.761697 0.000094 0.000119 0.000672 25.129653
-0.147339 1527974231.774198 0.000093 0.000118 0.000664 24.882988
-0.135364 1527974231.786173 0.000094 0.000117 0.000679 25.105023
-0.122758 1527974231.798779 0.000093 0.000118 0.000675 24.983898
-0.109760 1527974231.811776 0.000093 0.000118 0.000667 24.863360
-0.097655 1527974231.823881 0.000094 0.000118 0.000675 25.048114
-0.085136 1527974231.836401 0.000094 0.000119 0.000663 25.078156
-0.072237 1527974231.849300 0.000094 0.000118 0.000676 25.028922
-0.060086 1527974231.861451 0.000094 0.000117 0.000674 25.061999
-0.048175 1527974231.873361 0.000094 0.000118 0.000662 24.946100
-0.035885 1527974231.885651 0.000094 0.000119 0.000657 25.067758
-0.023404 1527974231.898133 0.000094 0.000118 0.000669 24.914408
-0.010952 1527974231.910584 0.000094 0.000117 0.000669 25.150129
0.001894 1527974231.923430 0.000095 0.000117 0.000662 24.958297
0.014096 1527974231.935632 0.000096 0.000118 0.000642 24.685486
0.026716 1527974231.948253 0.000094 0.000118 0.000649 25.051354
0.039038 1527974231.960574 0.000092 0.000118 0.000662 24.998900
0.051778 1527974231.973314 0.000094 0.000118 0.000661 25.175437
0.063984 1527974231.985521 0.000093 0.000117 0.000666 25.239276
0.076536 1527974231.998073 0.000094 0.000118 0.000667 25.178956
0.089217 1527974232.010753 0.000095 0.000117 0.000656 25.192413
0.101555 1527974232.023091 0.000094 0.000116 0.000672 25.030679
0.114148 1527974232.035684 0.000096 0.000117 0.000663 24.983656
0.126569 1527974232.048105 0.000096 0.000116 0.000669 25.102953
0.139006 1527974232.060542 0.000096 0.000117 0.000659 25.305490
0.151982 1527974232.073519 0.000096 0.000119 0.000659 25.220789
0.164600 1527974232.086136 0.000096 0.000117 0.000661 25.236596
0.177262 1527974232.098798 0.000096 0.000117 0.000651 25.137778
0.189708 1527974232.111245 0.000096 0.000117 0.000657 25.100993
0.202168 1527974232.123704 0.000097 0.000117 0.000653 25.102837
0.214949 1527974232.136486 0.000097 0.000117 0.000663 25.146101
0.227028 1527974232.148564 0.000097 0.000118 0.000653 25.361426
0.239654 1527974232.161191 0.000097 0.000117 0.000652 25.194656
0.251865 1527974232.173401 0.000096 0.000117 0.000658 25.104910
0.264735 1527974232.186272 0.000096 0.000118 0.000661 25.267362
0.276922 1527974232.198459 0.000096 0.000118 0.000653 25.882140
0.289504 1527974232.211041 0.000095 0.000116 0.000646 26.463539
0.301894 1527974232.223430 0.000092 0.000116 0.000646 28.655291
0.314770 1527974232.236307 0.000090 0.000118 0.000633 31.354466
0.326906 1527974232.248443 0.000089 0.000119 0.000621 33.392006
0.339158 1527974232.260695 0.000089 0.000118 0.000639 34.619734
0.351492 1527974232.273029 0.000088 0.000119 0.000659 35.381099
0.363979 1527974232.285516 0.000092 0.000120 0.000647 35.585629
0.376293 1527974232.297830 0.000094 0.000120 0.000664 35.893475
0.388859 1527974232.310396 0.000098 0.000120 0.000655 36.179408
0.401478 1527974232.323014 0.000101 0.000122 0.000648 36.258910
0.414001 1527974232.335537 0.000102 0.000127 0.000659 36.642531
0.426077 1527974232.347614 0.000106 0.000132 0.000639 37.248874
0.438656 1527974232.360192 0.000107 0.000135 0.000650 38.219680
0.450956 1527974232.372493 0.000110 0.000143 0.000672 39.610994
0.465280 1527974232.386816 0.000109 0.000150 0.000714 41.125146
0.477377 1527974232.398913 0.000110 0.000165 0.000736 43.059627
0.490078 1527974232.411615 0.000114 0.000179 0.000731 45.900102
0.502471 1527974232.424008 0.000118 0.000188 0.000711 48.673891
0.514862 1527974232.436399 0.000122 0.000209 0.000691 53.421428
0.527720 1527974232.449257 0.000126 0.000225 0.000669 59.557409
0.540682 1527974232.462219 0.000131 0.000223 0.000658 65.695923
0.552288 1527974232.473824 0.000130 0.000229 0.000648 71.302823
0.564323 1527974232.485860 0.000133 0.000223 0.000655 76.234243
0.577026 1527974232.498562 0.000134 0.000225 0.000654 81.295177
0.589520 1527974232.511056 0.000138 0.000222 0.000675 84.159507
0.602688 1527974232.524225 0.000140 0.000216 0.000691 86.926116
0.614947 1527974232.536484 0.000144 0.000203 0.000686 88.923728
0.627846 1527974232.549383 0.000148 0.000198 0.000683 91.366571
0.639753 1527974232.561290 0.000152 0.000191 0.000660 92.749911
0.651484 1527974232.573020 0.000155 0.000188 0.000678 94.553324
0.664307 1527974232.585844 0.000155 0.000185 0.000669 95.637898
0.676940 1527974232.598476 0.000159 0.000185 0.000655 96.357306
0.689191 1527974232.610727 0.000159 0.000184 0.000643 97.138424
0.701785 1527974232.623321 0.000159 0.000177 0.000647 98.081295
0.714354 1527974232.635890 0.000160 0.000178 0.000631 98.261731
0.726645 1527974232.648182 0.000163 0.000175 0.000632 99.324995
0.739080 1527974232.660617 0.000164 0.000171 0.000641 100.222420
0.751428 1527974232.672965 0.000163 0.000174 0.000621 100.534587
0.765330 1527974232.686867 0.000163 0.000170 0.000636 100.828348
0.777637 1527974232.699173 0.000165 0.000172 0.000639 101.542319
0.790166 1527974232.711702 0.000164 0.000170 0.000648 102.206565
0.801889 1527974232.723425 0.000163 0.000170 0.000644 102.950094
0.814559 1527974232.736095 0.000164 0.000170 0.000650 102.991848
0.827041 1527974232.748577 0.000162 0.000174 0.000647 102.979956
0.839905 1527974232.761442 0.000164 0.000171 0.000648 103.588761
0.852177 1527974232.773713 0.000165 0.000171 0.000644 103.603890
0.864733 1527974232.786269 0.000165 0.000173 0.000663 103.595818
0.877071 1527974232.798608 0.000164 0.000172 0.000652 103.617361
0.889856 1527974232.811393 0.000164 0.000171 0.000660 104.215891
0.902458 1527974232.823995 0.000164 0.000173 0.000666 104.679526
0.915051 1527974232.836588 0.000165 0.000173 0.000675 105.490548
0.927222 1527974232.848758 0.000164 0.000177 0.000663 105.283147
0.939587 1527974232.861124 0.000165 0.000179 0.000669 105.776465
0.951901 1527974232.873438 0.000165 0.000178 0.000671 106.038914
0.964458 1527974232.885994 0.000165 0.000177 0.000665 106.665506
0.976769 1527974232.898306 0.000165 0.000175 0.000664 106.628161
0.989275 1527974232.910812 0.000164 0.000178 0.000659 107.282120
1.001725 1527974232.923262 0.000165 0.000176 0.000666 107.306392
1.014636 1527974232.936172 0.000164 0.000178 0.000667 107.397738
1.026897 1527974232.948433 0.000164 0.000178 0.000655 108.232920
1.039348 1527974232.960884 0.000164 0.000178 0.000667 108.305115
1.052773 1527974232.974309 0.000164 0.000176 0.000663 108.373043
1.064978 1527974232.986514 0.000164 0.000181 0.000666 108.549330
1.077434 1527974232.998970 0.000164 0.000181 0.000679 108.204499
1.089844 1527974233.011380 0.000164 0.000184 0.000671 108.934944
1.102600 1527974233.024136 0.000164 0.000185 0.000648 107.505706
1.114896 1527974233.036433 0.000164 0.000182 0.000677 108.578747
1.127075 1527974233.048611 0.000163 0.000182 0.000655 109.105766
1.139110 1527974233.060647 0.000164 0.000181 0.000664 109.119633
1.151645 1527974233.073182 0.000164 0.000185 0.000694 110.005024
1.164102 1527974233.085639 0.000164 0.000184 0.000662 109.205714
1.176819 1527974233.098355 0.000164 0.000187 0.000656 109.281438
1.189533 1527974233.111069 0.000163 0.000186 0.000654 109.954502
1.202058 1527974233.123595 0.000163 0.000186 0.000673 109.876530
1.214723 1527974233.136259 0.000164 0.000188 0.000675 109.562262
1.227639 1527974233.149175 0.000163 0.000185 0.000664 109.795427
1.239945 1527974233.161482 0.000164 0.000184 0.000665 109.558640
1.252499 1527974233.174035 0.000164 0.000185 0.000657 109.272309
1.264945 1527974233.186481 0.000164 0.000187 0.000667 109.476628
1.277569 1527974233.199105 0.000164 0.000181 0.000662 109.259402
1.289528 1527974233.211064 0.000163 0.000188 0.000671 109.242014
1.302075 1527974233.223611 0.000165 0.000188 0.000656 109.716430
1.314580 1527974233.236116 0.000166 0.000186 0.000646 109.507616
1.327185 1527974233.248722 0.000164 0.000187 0.000670 109.660534
1.340126 1527974233.261662 0.000165 0.000188 0.000661 109.318210
1.352629 1527974233.274166 0.000166 0.000188 0.000657 109.611629
1.364578 1527974233.286115 0.000166 0.000186 0.000651 108.966989
1.376708 1527974233.298244 0.000166 0.000185 0.000654 109.229657
1.389436 1527974233.310972 0.000167 0.000187 0.000645 109.219633
1.401927 1527974233.323464 0.000165 0.000189 0.000649 109.479391
1.414464 1527974233.336000 0.000166 0.000184 0.000656 108.635290
1.427021 1527974233.348557 0.000167 0.000187 0.000645 108.720864
1.439580 1527974233.361116 0.000167 0.000184 0.000652 108.565159
1.451845 1527974233.373381 0.000164 0.000188 0.000657 109.358988
1.464840 1527974233.386377 0.000166 0.000186 0.000635 108.987864
1.476678 1527974233.398214 0.000167 0.000183 0.000640 108.696821
1.489449 1527974233.410985 0.000165 0.000182 0.000635 109.511944
1.501965 1527974233.423501 0.000165 0.000183 0.000635 109.491089
1.514827 1527974233.436363 0.000166 0.000180 0.000632 108.737660
1.527725 1527974233.449261 0.000167 0.000182 0.000629 108.933657
1.540433 1527974233.461970 0.000166 0.000182 0.000634 109.128630
1.552766 1527974233.474303 0.000167 0.000181 0.000620 109.016854
1.565599 1527974233.487135 0.000166 0.000183 0.000618 108.857827
1.578156 1527974233.499692 0.000166 0.000185 0.000609 108.941714
1.589410 1527974233.510946 0.000165 0.000187 0.000625 109.109355
1.601524 1527974233.523061 0.000165 0.000183 0.000603 108.974441
1.614001 1527974233.535537 0.000167 0.000186 0.000609 108.587236
1.626451 1527974233.547988 0.000167 0.000186 0.000609 108.709473
1.639052 1527974233.560589 0.000165 0.000184 0.000610 109.438165
1.651686 1527974233.573222 0.000165 0.000185 0.000618 108.887521
1.664014 1527974233.585551 0.000166 0.000186 0.000606 108.827501
1.676524 1527974233.598060 0.000167 0.000185 0.000614 109.632948
1.690300 1527974233.611837 0.000166 0.000183 0.000612 108.780175
1.701174 1527974233.622711 0.000164 0.000187 0.000615 109.980137
1.714110 1527974233.635647 0.000166 0.000185 0.000595 109.610543
1.726822 1527974233.648359 0.000166 0.000186 0.000616 109.561848
1.739485 1527974233.661021 0.000165 0.000188 0.000608 109.847320
1.752577 1527974233.674114 0.000164 0.000186 0.000613 110.129051
1.764982 1527974233.686518 0.000166 0.000189 0.000612 110.328785
1.777938 1527974233.699474 0.000168 0.000188 0.000610 109.976355
1.790065 1527974233.711601 0.000164 0.000192 0.000637 110.453586
1.803423 1527974233.724959 0.000166 0.000186 0.000633 111.148587
1.815484 1527974233.737020 0.000167 0.000187 0.000622 110.473412
1.827725 1527974233.749262 0.000167 0.000188 0.000627 111.277942
1.839759 1527974233.761295 0.000167 0.000189 0.000612 111.012866
1.852421 1527974233.773957 0.000167 0.000190 0.000624 111.377188
1.864978 1527974233.786515 0.000168 0.000189 0.000626 111.561900
1.877369 1527974233.798905 0.000168 0.000186 0.000632 110.957852
1.889664 1527974233.811201 0.000167 0.000188 0.000624 111.621679
1.902037 1527974233.823573 0.000167 0.000188 0.000625 111.423115
1.916184 1527974233.837720 0.000168 0.000190 0.000631 111.425079
1.927744 1527974233.849280 0.000168 0.000189 0.000627 111.688259
1.939788 1527974233.861325 0.000169 0.000190 0.000625 111.847308
1.952433 1527974233.873970 0.000168 0.000187 0.000625 111.839221
1.964653 1527974233.886189 0.000169 0.000190 0.000618 111.183515
1.977146 1527974233.898683 0.000168 0.000189 0.000625 112.229095
1.989928 1527974233.911464 0.000170 0.000190 0.000625 111.745327
2.001609 1527974233.923145 0.000170 0.000185 0.000604 110.723421
2.014446 1527974233.935982 0.000169 0.000188 0.000626 111.480490
2.027814 1527974233.949351 0.000170 0.000188 0.000621 111.650132
2.040454 1527974233.961991 0.000169 0.000186 0.000608 110.877432
2.053003 1527974233.974539 0.000168 0.000186 0.000617 111.356161
2.064646 1527974233.986183 0.000169 0.000188 0.000621 111.148016
2.077046 1527974233.998583 0.000167 0.000189 0.000616 111.289277
2.089762 1527974234.011298 0.000170 0.000186 0.000607 111.000442
2.102226 1527974234.023762 0.000168 0.000188 0.000608 111.204324
2.114728 1527974234.036264 0.000169 0.000190 0.000610 111.270583
2.126819 1527974234.048356 0.000169 0.000188 0.000614 111.531467
2.139307 1527974234.060844 0.000169 0.000190 0.000600 111.661833
2.152333 1527974234.073870 0.000168 0.000190 0.000601 112.414896
2.164894 1527974234.086431 0.000170 0.000184 0.000595 111.543456
2.176974 1527974234.098511 0.000168 0.000189 0.000592 111.831573
2.190644 1527974234.112180 0.000169 0.000187 0.000594 111.728964
2.202798 1527974234.124334 0.000169 0.000189 0.000592 112.054463
2.214598 1527974234.136134 0.000168 0.000192 0.000586 112.100015
2.226803 1527974234.148340 0.000170 0.000190 0.000582 111.399422
2.239582 1527974234.161118 0.000168 0.000191 0.000594 112.844002
2.251694 1527974234.173231 0.000171 0.000191 0.000576 111.812572
2.264590 1527974234.186126 0.000169 0.000189 0.000581 112.606840
2.277115 1527974234.198652 0.000169 0.000192 0.000595 112.541880
2.289538 1527974234.211074 0.000170 0.000190 0.000586 111.852536
2.301861 1527974234.223397 0.000169 0.000190 0.000585 112.188314
2.314567 1527974234.236104 0.000169 0.000191 0.000605 112.781521
2.327041 1527974234.248578 0.000169 0.000189 0.000617 112.472529
2.339837 1527974234.261373 0.000168 0.000190 0.000613 112.394518
2.352172 1527974234.273708 0.000171 0.000189 0.000603 112.001081
2.364400 1527974234.285937 0.000168 0.000191 0.000605 112.544474
2.377144 1527974234.298681 0.000171 0.000192 0.000594 111.770503
2.389636 1527974234.311172 0.000170 0.000188 0.000599 112.266498
2.402317 1527974234.323853 0.000171 0.000193 0.000596 112.478357
2.414869 1527974234.336406 0.000171 0.000192 0.000586 112.043638
2.427321 1527974234.348858 0.000171 0.000191 0.000607 111.955402
2.439747 1527974234.361283 0.000171 0.000192 0.000601 112.586159
2.453333 1527974234.374869 0.000172 0.000191 0.000592 111.702156
2.465438 1527974234.386975 0.000173 0.000191 0.000601 112.112393
2.478230 1527974234.399767 0.000173 0.000192 0.000602 111.672256
2.490413 1527974234.411949 0.000174 0.000191 0.000596 111.309092
2.502748 1527974234.424284 0.000173 0.000190 0.000593 111.403806
2.515607 1527974234.437144 0.000173 0.000188 0.000583 110.703842
2.528162 1527974234.449698 0.000171 0.000187 0.000583 109.743864
2.539775 1527974234.461312 0.000171 0.000185 0.000581 109.435678
2.552169 1527974234.473705 0.000171 0.000185 0.000582 109.605380
2.564882 1527974234.486419 0.000169 0.000183 0.000586 109.405049
2.577254 1527974234.498790 0.000168 0.000181 0.000576 108.627318
2.589735 1527974234.511272 0.000167 0.000181 0.000582 108.498618
2.602087 1527974234.523623 0.000164 0.000183 0.000587 108.370295
2.615167 1527974234.536703 0.000164 0.000181 0.000580 107.707125
2.627350 1527974234.548886 0.000163 0.000183 0.000580 107.278003
2.639595 1527974234.561131 0.000162 0.000181 0.000582 107.359942
2.652189 1527974234.573726 0.000160 0.000181 0.000581 107.428318
2.664734 1527974234.586270 0.000160 0.000179 0.000573 106.465316
2.677107 1527974234.598643 0.000158 0.000180 0.000577 106.285531
2.689636 1527974234.611173 0.000159 0.000177 0.000557 105.395779
2.702443 1527974234.623980 0.000157 0.000180 0.000553 105.103582
2.719254 1527974234.640791 0.000156 0.000183 0.000567 105.253770
2.727361 1527974234.648897 0.000157 0.000181 0.000569 105.873637
2.740119 1527974234.661656 0.000157 0.000184 0.000569 105.195535
2.752378 1527974234.673914 0.000158 0.000182 0.000576 107.034086
2.764853 1527974234.686390 0.000159 0.000184 0.000588 107.085304
2.777477 1527974234.699013 0.000161 0.000183 0.000587 107.519909
2.790191 1527974234.711728 0.000163 0.000183 0.000573 107.973366
2.802109 1527974234.723645 0.000164 0.000182 0.000581 108.139764
2.814698 1527974234.736235 0.000164 0.000183 0.000584 107.829598
2.826863 1527974234.748399 0.000167 0.000186 0.000594 108.297230
2.839422 1527974234.760959 0.000168 0.000184 0.000578 108.420885
2.851889 1527974234.773425 0.000168 0.000184 0.000582 107.807001
2.864097 1527974234.785633 0.000168 0.000184 0.000591 108.595659
2.876828 1527974234.798364 0.000168 0.000185 0.000593 108.689453
2.890109 1527974234.811646 0.000168 0.000183 0.000590 108.375804
2.902090 1527974234.823627 0.000168 0.000186 0.000586 108.117783
2.914424 1527974234.835960 0.000169 0.000184 0.000583 107.968868
2.926698 1527974234.848235 0.000169 0.000186 0.000582 108.110351
2.939208 1527974234.860744 0.000169 0.000186 0.000593 107.943120
2.951741 1527974234.873277 0.000170 0.000184 0.000586 107.650790
2.964236 1527974234.885773 0.000169 0.000186 0.000571 107.200638
2.976750 1527974234.898287 0.000169 0.000186 0.000589 108.071595
2.989295 1527974234.910831 0.000169 0.000185 0.000584 107.459211
3.001677 1527974234.923213 0.000166 0.000186 0.000585 107.999864
3.014091 1527974234.935628 0.000168 0.000181 0.000584 107.853102
3.026478 1527974234.948014 0.000167 0.000183 0.000576 107.855135
3.039409 1527974234.960946 0.000167 0.000184 0.000580 107.669031
3.051766 1527974234.973303 0.000164 0.000181 0.000582 107.904929
3.064398 1527974234.985934 0.000164 0.000184 0.000576 106.713407
3.076794 1527974234.998330 0.000164 0.000184 0.000583 107.112387
3.089327 1527974235.010863 0.000162 0.000183 0.000572 106.704695
3.101615 1527974235.023151 0.000158 0.000182 0.000566 106.494771
3.114196 1527974235.035732 0.000158 0.000182 0.000567 105.641760
3.126585 1527974235.048122 0.000159 0.000179 0.000566 105.603741
3.139328 1527974235.060864 0.000157 0.000178 0.000555 104.722060
3.151613 1527974235.073149 0.000157 0.000176 0.000558 103.463684
3.164134 1527974235.085671 0.000156 0.000178 0.000555 103.280778
3.176898 1527974235.098434 0.000156 0.000175 0.000552 102.611801
3.189313 1527974235.110849 0.000155 0.000176 0.000563 102.245980
3.201739 1527974235.123276 0.000154 0.000174 0.000548 101.771709
3.215603 1527974235.137140 0.000152 0.000171 0.000544 101.128289
3.228300 1527974235.149836 0.000153 0.000174 0.000547 100.330863
3.241178 1527974235.162715 0.000155 0.000173 0.000538 99.770409
3.252566 1527974235.174102 0.000156 0.000177 0.000538 99.303782
3.264627 1527974235.186164 0.000160 0.000172 0.000534 98.304915
3.277603 1527974235.199139 0.000164 0.000173 0.000532 97.989796
3.289794 1527974235.211330 0.000166 0.000173 0.000530 97.854761
3.302363 1527974235.223900 0.000166 0.000174 0.000524 97.291792
3.314855 1527974235.236392 0.000165 0.000173 0.000516 97.281252
3.327501 1527974235.249038 0.000165 0.000172 0.000522 97.152139
3.340187 1527974235.261724 0.000164 0.000171 0.000524 96.993403
3.352401 1527974235.273938 0.000163 0.000170 0.000523 96.572388
3.364897 1527974235.286433 0.000163 0.000170 0.000522 96.264010
3.377455 1527974235.298991 0.000164 0.000166 0.000524 97.227914
3.389852 1527974235.311388 0.000163 0.000167 0.000530 96.422491
3.402435 1527974235.323971 0.000162 0.000164 0.000535 96.242139
3.415747 1527974235.337284 0.000161 0.000163 0.000542 95.190697
3.427868 1527974235.349404 0.000161 0.000163 0.000535 94.728737
3.440777 1527974235.362313 0.000158 0.000163 0.000547 94.880704
3.453136 1527974235.374673 0.000155 0.000162 0.000558 94.478853
3.466071 1527974235.387607 0.000155 0.000163 0.000552 93.857173
3.478315 1527974235.399852 0.000153 0.000163 0.000566 94.294432
3.490100 1527974235.411637 0.000152 0.000162 0.000568 93.589351
3.502685 1527974235.424222 0.000153 0.000163 0.000564 93.092165
3.514838 1527974235.436374 0.000151 0.000163 0.000571 93.457450
3.527118 1527974235.448654 0.000150 0.000163 0.000581 93.353320
3.539966 1527974235.461502 0.000148 0.000163 0.000584 92.930427
3.552679 1527974235.474216 0.000147 0.000163 0.000579 92.400914
3.564863 1527974235.486399 0.000147 0.000164 0.000579 91.914935
3.577437 1527974235.498973 0.000145 0.000163 0.000582 91.504635
3.590225 1527974235.511761 0.000144 0.000164 0.000584 92.162832
3.602644 1527974235.524180 0.000142 0.000164 0.000586 91.692873
3.615119 1527974235.536655 0.000141 0.000163 0.000585 91.020507
3.627404 1527974235.548940 0.000142 0.000163 0.000581 91.359324
3.640568 1527974235.562104 0.000141 0.000163 0.000584 90.991644
3.653518 1527974235.575055 0.000140 0.000163 0.000602 90.844927
3.665603 1527974235.587139 0.000140 0.000163 0.000585 90.427331
3.678225 1527974235.599762 0.000138 0.000164 0.000587 90.177312
3.689827 1527974235.611364 0.000138 0.000164 0.000589 89.884900
3.702306 1527974235.623842 0.000138 0.000164 0.000593 90.026940
3.715672 1527974235.637208 0.000137 0.000164 0.000595 89.659917
3.728193 1527974235.649729 0.000135 0.000164 0.000586 89.052206
3.740344 1527974235.661880 0.000136 0.000164 0.000596 89.153973
3.752627 1527974235.674164 0.000135 0.000165 0.000588 89.001271
3.765596 1527974235.687133 0.000134 0.000165 0.000601 88.979653
3.778240 1527974235.699776 0.000135 0.000167 0.000596 88.481243
3.790722 1527974235.712259 0.000138 0.000168 0.000595 88.100891
3.802881 1527974235.724417 0.000141 0.000171 0.000593 88.439360
3.815958 1527974235.737495 0.000149 0.000179 0.000590 89.551081
3.827203 1527974235.748739 0.000154 0.000183 0.000563 89.244637
3.839725 1527974235.761262 0.000161 0.000185 0.000541 87.948802
3.853483 1527974235.775019 0.000163 0.000189 0.000518 87.502332
3.865418 1527974235.786955 0.000162 0.000191 0.000509 87.526982
3.878582 1527974235.800118 0.000161 0.000195 0.000506 88.062712
3.891079 1527974235.812616 0.000159 0.000197 0.000504 88.647720
3.902805 1527974235.824341 0.000162 0.000196 0.000513 88.618796
3.914764 1527974235.836300 0.000158 0.000195 0.000502 88.916862
3.926836 1527974235.848373 0.000158 0.000197 0.000506 89.803492
3.939451 1527974235.860987 0.000160 0.000197 0.000511 88.492741
3.953446 1527974235.874982 0.000158 0.000197 0.000510 87.711554
3.965242 1527974235.886779 0.000158 0.000198 0.000504 87.472528
3.977477 1527974235.899013 0.000155 0.000197 0.000501 87.072366
3.989634 1527974235.911171 0.000153 0.000194 0.000503 86.229743
4.002277 1527974235.923814 0.000153 0.000193 0.000505 85.703655
4.014437 1527974235.935973 0.000154 0.000196 0.000518 85.120654
4.027151 1527974235.948687 0.000151 0.000196 0.000508 84.722702
4.040693 1527974235.962229 0.000148 0.000194 0.000504 83.777792
4.052887 1527974235.974424 0.000145 0.000192 0.000499 82.978518
4.065079 1527974235.986616 0.000147 0.000191 0.000509 82.441773
4.077855 1527974235.999391 0.000142 0.000193 0.000510 82.308669
4.089813 1527974236.011350 0.000144 0.000189 0.000515 81.303444
4.102555 1527974236.024091 0.000140 0.000189 0.000515 80.841069
4.114585 1527974236.036121 0.000138 0.000188 0.000529 80.603683
4.127236 1527974236.048773 0.000136 0.000189 0.000529 80.159669
4.140252 1527974236.061788 0.000135 0.000188 0.000531 79.664871
4.152640 1527974236.074177 0.000133 0.000189 0.000537 79.299952
4.164613 1527974236.086150 0.000132 0.000190 0.000527 78.935922
4.177264 1527974236.098801 0.000131 0.000187 0.000530 78.305133
4.190316 1527974236.111852 0.000131 0.000184 0.000540 77.896460
4.202094 1527974236.123630 0.000129 0.000184 0.000543 77.492849
4.215110 1527974236.136646 0.000129 0.000184 0.000550 77.236671
4.227842 1527974236.149379 0.000127 0.000184 0.000550 77.642608
4.240699 1527974236.162235 0.000126 0.000178 0.000555 77.146986
4.253092 1527974236.174628 0.000123 0.000179 0.000551 76.823720
4.265528 1527974236.187064 0.000123 0.000177 0.000545 76.295333
4.277716 1527974236.199253 0.000124 0.000176 0.000558 75.914502
4.290955 1527974236.212492 0.000124 0.000175 0.000548 75.605904
4.303077 1527974236.224614 0.000123 0.000175 0.000553 75.737130
4.314998 1527974236.236534 0.000121 0.000171 0.000556 75.549482
4.327489 1527974236.249026 0.000121 0.000174 0.000554 75.710331
4.340153 1527974236.261689 0.000123 0.000174 0.000552 75.305401
4.353053 1527974236.274590 0.000121 0.000171 0.000559 75.169260
4.365842 1527974236.287378 0.000120 0.000171 0.000561 75.026999
4.377648 1527974236.299185 0.000119 0.000170 0.000557 74.923820
4.390061 1527974236.311598 0.000121 0.000169 0.000564 74.669421
4.402449 1527974236.323986 0.000120 0.000170 0.000550 74.534972
4.415920 1527974236.337456 0.000119 0.000168 0.000562 74.405100
4.427519 1527974236.349055 0.000122 0.000166 0.000573 73.768910
4.440563 1527974236.362099 0.000121 0.000166 0.000568 73.477450
4.452594 1527974236.374130 0.000119 0.000166 0.000571 73.694196
4.465601 1527974236.387138 0.000118 0.000166 0.000566 73.536944
4.478125 1527974236.399662 0.000120 0.000164 0.000582 73.108955
4.490682 1527974236.412219 0.000119 0.000164 0.000578 72.833447
4.503376 1527974236.424913 0.000117 0.000164 0.000582 72.880360
4.515986 1527974236.437522 0.000119 0.000165 0.000590 72.575344
4.528519 1527974236.450055 0.000119 0.000164 0.000586 72.406042
4.539671 1527974236.461207 0.000119 0.000164 0.000591 72.240071
4.552122 1527974236.473659 0.000119 0.000161 0.000592 71.901380
4.564594 1527974236.486130 0.000117 0.000162 0.000599 71.769874
4.577193 1527974236.498730 0.000118 0.000161 0.000605 71.737956
4.589834 1527974236.511370 0.000118 0.000162 0.000612 71.629629
4.602330 1527974236.523866 0.000120 0.000161 0.000618 71.160436
4.615322 1527974236.536858 0.000117 0.000162 0.000614 71.070440
4.627270 1527974236.548806 0.000118 0.000162 0.000619 71.153667
4.641306 1527974236.562843 0.000119 0.000160 0.000612 70.832781
4.652393 1527974236.573929 0.000117 0.000161 0.000620 70.800077
4.664780 1527974236.586316 0.000117 0.000159 0.000633 70.473653
4.677404 1527974236.598941 0.000117 0.000160 0.000631 70.559923
4.689829 1527974236.611366 0.000118 0.000159 0.000621 70.068368
4.702533 1527974236.624069 0.000116 0.000160 0.000624 70.220851
4.714811 1527974236.636348 0.000117 0.000160 0.000627 70.104186
4.727913 1527974236.649449 0.000115 0.000160 0.000623 69.955114
4.740648 1527974236.662185 0.000116 0.000161 0.000628 70.054359
4.752892 1527974236.674429 0.000118 0.000158 0.000640 69.551734
4.765615 1527974236.687151 0.000115 0.000161 0.000633 69.945894
4.778447 1527974236.699983 0.000114 0.000160 0.000638 69.892445
4.790655 1527974236.712192 0.000115 0.000158 0.000638 69.534760
4.803204 1527974236.724741 0.000115 0.000158 0.000629 69.678187
4.815922 1527974236.737459 0.000116 0.000158 0.000638 69.228962
4.828784 1527974236.750320 0.000116 0.000157 0.000647 69.267340
4.840641 1527974236.762178 0.000115 0.000158 0.000647 69.377799
4.853481 1527974236.775017 0.000116 0.000157 0.000646 69.041485
4.865571 1527974236.787107 0.000114 0.000158 0.000645 68.988697
4.878001 1527974236.799538 0.000113 0.000159 0.000647 68.778839
4.890389 1527974236.811926 0.000116 0.000156 0.000648 67.604243
4.902515 1527974236.824052 0.000115 0.000155 0.000661 66.831219
4.914819 1527974236.836356 0.000112 0.000154 0.000670 66.284000
4.927859 1527974236.849395 0.000111 0.000153 0.000675 66.201552
4.940156 1527974236.861693 0.000111 0.000151 0.000680 65.801833
4.952595 1527974236.874131 0.000112 0.000151 0.000675 65.662801
4.965174 1527974236.886710 0.000110 0.000150 0.000686 65.292582
4.977392 1527974236.898928 0.000110 0.000148 0.000695 65.068463
4.990056 1527974236.911592 0.000108 0.000148 0.000692 64.661712
5.002599 1527974236.924135 0.000108 0.000148 0.000705 64.307704
5.015094 1527974236.936630 0.000109 0.000146 0.000708 64.239770
5.027657 1527974236.949193 0.000108 0.000146 0.000715 64.264768
5.040242 1527974236.961778 0.000106 0.000148 0.000712 64.260104
5.052534 1527974236.974070 0.000107 0.000146 0.000706 64.100101
5.064919 1527974236.986456 0.000107 0.000146 0.000704 63.880050
5.077861 1527974236.999397 0.000107 0.000145 0.000697 63.574202
5.090344 1527974237.011881 0.000107 0.000145 0.000705 63.608018
5.102834 1527974237.024370 0.000106 0.000145 0.000709 63.686131
5.115133 1527974237.036670 0.000107 0.000146 0.000707 63.736799
5.127588 1527974237.049124 0.000107 0.000146 0.000705 63.837486
5.140121 1527974237.061657 0.000107 0.000147 0.000710 63.903893
5.152523 1527974237.074059 0.000107 0.000145 0.000709 63.842309
5.165497 1527974237.087033 0.000107 0.000147 0.000710 63.777857
5.177922 1527974237.099458 0.000108 0.000146 0.000716 63.462644
5.190355 1527974237.111892 0.000107 0.000146 0.000721 63.395330
5.202747 1527974237.124283 0.000107 0.000147 0.000714 63.087707
5.215192 1527974237.136729 0.000106 0.000146 0.000721 62.957571
5.227534 1527974237.149070 0.000106 0.000146 0.000719 62.763344
5.239956 1527974237.161492 0.000107 0.000144 0.000726 62.682987
5.252669 1527974237.174205 0.000107 0.000145 0.000724 62.674785
5.265455 1527974237.186992 0.000107 0.000145 0.000724 62.518419
5.277720 1527974237.199256 0.000108 0.000145 0.000726 62.307120
5.290271 1527974237.211807 0.000106 0.000147 0.000726 62.325788
5.302780 1527974237.224316 0.000107 0.000145 0.000717 62.201353
5.315220 1527974237.236757 0.000107 0.000145 0.000725 62.019076
5.327651 1527974237.249187 0.000107 0.000146 0.000726 62.168794
5.340064 1527974237.261600 0.000108 0.000144 0.000731 61.826167
5.352823 1527974237.274360 0.000108 0.000144 0.000729 61.798908
5.365692 1527974237.287228 0.000107 0.000143 0.000727 61.638206
5.377856 1527974237.299392 0.000108 0.000144 0.000724 61.639980
5.390532 1527974237.312068 0.000108 0.000143 0.000728 61.487674
5.402667 1527974237.324203 0.000108 0.000144 0.000725 61.590534
5.415062 1527974237.336599 0.000108 0.000144 0.000730 61.590245
5.427779 1527974237.349316 0.000107 0.000143 0.000730 61.581237
5.440530 1527974237.362067 0.000108 0.000143 0.000722 61.535622
5.452485 1527974237.374022 0.000107 0.000145 0.000721 61.692548
5.465108 1527974237.386645 0.000107 0.000144 0.000728 61.261572
5.477782 1527974237.399318 0.000108 0.000144 0.000749 60.640960
5.490173 1527974237.411709 0.000108 0.000142 0.000763 59.906997
5.502626 1527974237.424162 0.000108 0.000142 0.000774 59.488511
5.515112 1527974237.436648 0.000108 0.000139 0.000775 59.159164
5.527905 1527974237.449441 0.000106 0.000140 0.000779 59.267898
5.540424 1527974237.461961 0.000107 0.000140 0.000780 59.208969
5.552694 1527974237.474230 0.000105 0.000141 0.000778 59.344388
5.565092 1527974237.486629 0.000107 0.000139 0.000785 59.279348
5.577808 1527974237.499345 0.000106 0.000141 0.000783 59.356714
5.589950 1527974237.511486 0.000105 0.000139 0.000782 59.142422
5.602551 1527974237.524088 0.000105 0.000140 0.000775 59.148875
5.615069 1527974237.536605 0.000105 0.000139 0.000783 59.130993
5.627713 1527974237.549250 0.000105 0.000139 0.000792 58.870388
5.640450 1527974237.561986 0.000104 0.000137 0.000801 58.776208
5.653012 1527974237.574549 0.000103 0.000139 0.000786 58.663057
5.665045 1527974237.586581 0.000103 0.000138 0.000785 58.757144
5.677468 1527974237.599004 0.000102 0.000138 0.000789 58.548656
5.690371 1527974237.611907 0.000102 0.000138 0.000791 58.472323
5.702545 1527974237.624081 0.000102 0.000136 0.000791 58.411927
5.715044 1527974237.636580 0.000102 0.000137 0.000790 58.303470
5.727985 1527974237.649522 0.000101 0.000138 0.000796 58.273317
5.740109 1527974237.661646 0.000102 0.000137 0.000791 58.098666
5.752473 1527974237.674010 0.000101 0.000136 0.000786 57.973643
5.766324 1527974237.687860 0.000101 0.000137 0.000796 58.052232
5.778143 1527974237.699680 0.000101 0.000136 0.000793 57.924189
5.790761 1527974237.712297 0.000100 0.000137 0.000793 57.974168
5.803774 1527974237.725310 0.000101 0.000136 0.000806 57.913627
5.816299 1527974237.737835 0.000100 0.000136 0.000798 57.761426
5.828748 1527974237.750284 0.000101 0.000135 0.000790 57.697888
5.841402 1527974237.762938 0.000101 0.000137 0.000786 57.664000
5.853369 1527974237.774906 0.000101 0.000136 0.000778 57.550892
5.866117 1527974237.787654 0.000101 0.000136 0.000783 57.409031
5.878704 1527974237.800240 0.000102 0.000135 0.000784 57.211210
5.890534 1527974237.812070 0.000104 0.000134 0.000766 57.124075
5.902109 1527974237.823646 0.000105 0.000133 0.000770 56.796463
5.914804 1527974237.836341 0.000105 0.000132 0.000773 56.373292
5.927121 1527974237.848658 0.000104 0.000133 0.000777 56.237710
5.941188 1527974237.862724 0.000104 0.000134 0.000764 56.128670
5.953539 1527974237.875075 0.000104 0.000133 0.000787 55.804672
5.965261 1527974237.886798 0.000104 0.000133 0.000775 55.599368
5.977992 1527974237.899529 0.000104 0.000133 0.000768 55.543368
5.990085 1527974237.911621 0.000105 0.000132 0.000771 55.307323
6.002137 1527974237.923674 0.000104 0.000132 0.000768 55.260739
6.014771 1527974237.936308 0.000104 0.000133 0.000767 55.342728
6.027312 1527974237.948849 0.000103 0.000132 0.000756 55.044282
6.040093 1527974237.961630 0.000103 0.000131 0.000765 54.907970
6.052632 1527974237.974168 0.000103 0.000133 0.000752 54.745693
6.065344 1527974237.986881 0.000103 0.000131 0.000759 54.744165
6.077794 1527974237.999330 0.000102 0.000132 0.000752 54.729637
6.090359 1527974238.011895 0.000102 0.000132 0.000758 54.580977
6.102603 1527974238.024139 0.000101 0.000132 0.000755 54.584509
6.115027 1527974238.036564 0.000101 0.000131 0.000740 54.402267
6.127346 1527974238.048882 0.000102 0.000131 0.000744 54.389142
6.140052 1527974238.061588 0.000101 0.000131 0.000747 54.482480
6.152559 1527974238.074095 0.000101 0.000131 0.000759 54.514791
6.164731 1527974238.086268 0.000101 0.000130 0.000759 54.460962
6.177969 1527974238.099505 0.000101 0.000131 0.000753 54.523364
6.190784 1527974238.112320 0.000101 0.000131 0.000750 54.464166
6.203214 1527974238.124750 0.000101 0.000132 0.000749 54.415980
6.214995 1527974238.136531 0.000102 0.000129 0.000758 54.298460
6.227412 1527974238.148949 0.000101 0.000131 0.000747 54.306059
6.240160 1527974238.161697 0.000101 0.000130 0.000763 54.213481
6.252580 1527974238.174117 0.000101 0.000131 0.000759 54.201674
6.264952 1527974238.186489 0.000102 0.000131 0.000740 54.045927
6.277353 1527974238.198889 0.000101 0.000130 0.000752 54.209562
6.290211 1527974238.211748 0.000100 0.000130 0.000748 54.147009
6.302319 1527974238.223856 0.000101 0.000131 0.000748 54.237449
6.315807 1527974238.237343 0.000100 0.000130 0.000743 54.166279
6.328346 1527974238.249883 0.000101 0.000131 0.000752 54.281655
6.340634 1527974238.262171 0.000101 0.000130 0.000757 54.061671
6.353883 1527974238.275419 0.000102 0.000132 0.000742 54.225700
6.365300 1527974238.286836 0.000100 0.000131 0.000754 54.036586
6.377647 1527974238.299184 0.000101 0.000130 0.000756 54.092297
6.390119 1527974238.311656 0.000101 0.000131 0.000745 53.963844
6.402673 1527974238.324209 0.000101 0.000130 0.000754 53.957569
6.415694 1527974238.337230 0.000102 0.000129 0.000750 53.961222
6.428340 1527974238.349876 0.000101 0.000130 0.000747 53.807013
6.440938 1527974238.362474 0.000101 0.000130 0.000750 53.945696
6.453261 1527974238.374797 0.000101 0.000131 0.000742 53.947397
6.466029 1527974238.387566 0.000101 0.000130 0.000751 53.797822
6.477518 1527974238.399055 0.000101 0.000130 0.000742 53.891319
6.489791 1527974238.411328 0.000101 0.000129 0.000758 53.728761
6.502200 1527974238.423736 0.000102 0.000131 0.000734 53.587937
6.514846 1527974238.436383 0.000101 0.000131 0.000746 53.427721
6.527225 1527974238.448761 0.000101 0.000133 0.000748 53.007409
6.539816 1527974238.461352 0.000103 0.000133 0.000764 52.764392
6.553016 1527974238.474552 0.000104 0.000131 0.000778 52.667505
6.566248 1527974238.487785 0.000105 0.000130 0.000783 52.560740
6.579209 1527974238.500745 0.000105 0.000129 0.000777 52.438147
6.590917 1527974238.512453 0.000106 0.000129 0.000774 52.109893
6.603556 1527974238.525092 0.000105 0.000130 0.000775 52.173852
6.615186 1527974238.536722 0.000104 0.000129 0.000775 51.851321
6.627498 1527974238.549035 0.000104 0.000130 0.000767 51.774653
6.640110 1527974238.561647 0.000103 0.000130 0.000771 51.802333
6.652638 1527974238.574174 0.000104 0.000130 0.000761 51.515877
6.665209 1527974238.586746 0.000102 0.000130 0.000761 51.430012
6.677419 1527974238.598955 0.000102 0.000129 0.000759 51.081079
6.691649 1527974238.613186 0.000102 0.000128 0.000770 51.132436
6.702634 1527974238.624171 0.000102 0.000129 0.000762 51.042630
6.715098 1527974238.636635 0.000101 0.000127 0.000772 50.842837
6.727475 1527974238.649011 0.000101 0.000127 0.000771 50.780037
6.740457 1527974238.661993 0.000101 0.000128 0.000766 50.649628
6.753233 1527974238.674770 0.000101 0.000127 0.000771 50.493146
6.765491 1527974238.687028 0.000101 0.000127 0.000774 50.627361
6.777853 1527974238.699389 0.000101 0.000127 0.000779 50.422593
6.791201 1527974238.712738 0.000101 0.000126 0.000778 50.455839
6.803652 1527974238.725188 0.000100 0.000127 0.000782 50.474482
6.816559 1527974238.738095 0.000101 0.000127 0.000772 50.251118
6.828506 1527974238.750042 0.000102 0.000126 0.000773 50.164949
6.840760 1527974238.762297 0.000102 0.000127 0.000765 50.182224
6.853033 1527974238.774569 0.000101 0.000127 0.000769 50.173398
6.866343 1527974238.787880 0.000101 0.000126 0.000775 50.208844
6.878822 1527974238.800358 0.000101 0.000128 0.000768 50.062558
6.890387 1527974238.811924 0.000102 0.000126 0.000770 49.890600
6.902765 1527974238.824301 0.000102 0.000127 0.000774 50.151319
6.915112 1527974238.836649 0.000101 0.000129 0.000767 50.162245
6.927707 1527974238.849243 0.000102 0.000128 0.000765 49.812315
6.940327 1527974238.861864 0.000103 0.000127 0.000762 49.712956
6.952622 1527974238.874159 0.000102 0.000128 0.000767 49.817404
6.964921 1527974238.886458 0.000102 0.000128 0.000761 49.925640
6.977767 1527974238.899304 0.000101 0.000128 0.000763 49.448887
6.990072 1527974238.911608 0.000098 0.000129 0.000768 49.514531
7.002685 1527974238.924221 0.000099 0.000130 0.000764 49.570117
7.015256 1527974238.936793 0.000100 0.000129 0.000778 49.969732
7.027815 1527974238.949352 0.000102 0.000129 0.000771 50.370027
7.040083 1527974238.961619 0.000103 0.000130 0.000784 51.237589
7.052430 1527974238.973967 0.000105 0.000128 0.000787 51.009017
7.065109 1527974238.986646 0.000106 0.000129 0.000772 50.794663
7.077725 1527974238.999261 0.000109 0.000128 0.000746 50.573246
7.089943 1527974239.011479 0.000113 0.000128 0.000723 50.615489
7.102594 1527974239.024130 0.000116 0.000127 0.000720 50.324320
7.115343 1527974239.036879 0.000119 0.000129 0.000703 49.963090
7.127902 1527974239.049439 0.000120 0.000128 0.000690 49.518484
7.140149 1527974239.061685 0.000120 0.000129 0.000675 48.748685
7.152658 1527974239.074194 0.000120 0.000128 0.000682 48.172268
7.165004 1527974239.086541 0.000119 0.000128 0.000690 48.264958
7.177819 1527974239.099355 0.000119 0.000128 0.000676 47.764989
7.190349 1527974239.111885 0.000118 0.000127 0.000680 47.539733
7.202779 1527974239.124315 0.000118 0.000129 0.000680 47.494056
7.215253 1527974239.136790 0.000118 0.000129 0.000679 47.251352
7.227933 1527974239.149469 0.000117 0.000128 0.000692 47.185487
7.240183 1527974239.161720 0.000116 0.000127 0.000698 47.119596
7.252861 1527974239.174398 0.000117 0.000128 0.000688 46.873290
7.265302 1527974239.186838 0.000115 0.000127 0.000694 46.697617
7.277838 1527974239.199374 0.000116 0.000127 0.000696 46.582360
7.290243 1527974239.211780 0.000114 0.000125 0.000712 46.494448
7.302743 1527974239.224280 0.000114 0.000126 0.000705 46.458406
7.315088 1527974239.236624 0.000114 0.000125 0.000705 46.075476
7.328946 1527974239.250483 0.000112 0.000124 0.000715 46.160387
7.341469 1527974239.263006 0.000113 0.000125 0.000707 46.103748
7.353327 1527974239.274863 0.000112 0.000123 0.000712 45.778833
7.365571 1527974239.287108 0.000112 0.000126 0.000699 45.666503
7.377852 1527974239.299389 0.000112 0.000125 0.000695 45.571714
7.391147 1527974239.312684 0.000112 0.000125 0.000707 45.613776
7.404220 1527974239.325756 0.000112 0.000125 0.000710 45.456694
7.416317 1527974239.337854 0.000112 0.000125 0.000708 45.507943
7.429073 1527974239.350609 0.000112 0.000126 0.000699 45.686469
7.441105 1527974239.362641 0.000112 0.000125 0.000698 45.441792
7.453678 1527974239.375215 0.000111 0.000125 0.000698 45.520658
7.466053 1527974239.387589 0.000111 0.000124 0.000707 45.396966
7.478626 1527974239.400162 0.000110 0.000126 0.000711 45.479981
7.490797 1527974239.412333 0.000111 0.000124 0.000706 45.159525
7.502402 1527974239.423938 0.000111 0.000124 0.000713 45.274730
7.515347 1527974239.436883 0.000111 0.000125 0.000704 45.190153
7.527866 1527974239.449402 0.000110 0.000125 0.000710 45.012483
7.540441 1527974239.461977 0.000111 0.000124 0.000705 45.110110
7.552412 1527974239.473948 0.000110 0.000125 0.000693 45.056502
7.565372 1527974239.486908 0.000110 0.000125 0.000704 44.963455
7.577842 1527974239.499379 0.000110 0.000124 0.000705 44.938421
7.590204 1527974239.511741 0.000110 0.000124 0.000707 44.972435
7.602344 1527974239.523880 0.000110 0.000125 0.000706 45.053921
7.615074 1527974239.536610 0.000109 0.000123 0.000711 44.611510
7.627889 1527974239.549425 0.000110 0.000123 0.000717 44.737399
7.640654 1527974239.562191 0.000109 0.000124 0.000710 44.560888
7.652941 1527974239.574477 0.000110 0.000124 0.000699 44.394802
7.665550 1527974239.587087 0.000110 0.000123 0.000699 44.312548
7.677758 1527974239.599294 0.000109 0.000123 0.000711 44.395302
7.690082 1527974239.611619 0.000109 0.000124 0.000702 44.279361
7.702572 1527974239.624108 0.000109 0.000124 0.000707 44.355615
7.714729 1527974239.636266 0.000110 0.000125 0.000699 44.574605
7.727675 1527974239.649212 0.000109 0.000124 0.000699 44.358804
7.740145 1527974239.661681 0.000109 0.000125 0.000706 44.408191
7.752188 1527974239.673724 0.000110 0.000123 0.000709 44.431978
7.765090 1527974239.686627 0.000109 0.000124 0.000709 44.491796
7.777615 1527974239.699151 0.000110 0.000124 0.000695 44.195477
7.790003 1527974239.711539 0.000109 0.000124 0.000717 44.236699
7.802458 1527974239.723994 0.000105 0.000124 0.000729 43.604607
7.814963 1527974239.736500 0.000104 0.000125 0.000749 44.028986
7.827578 1527974239.749114 0.000104 0.000123 0.000762 43.886564
7.840323 1527974239.761859 0.000105 0.000124 0.000758 43.831675
7.852812 1527974239.774348 0.000104 0.000124 0.000768 43.843240
7.865339 1527974239.786875 0.000105 0.000123 0.000760 43.816502
7.878144 1527974239.799680 0.000104 0.000124 0.000753 43.803443
7.890403 1527974239.811940 0.000103 0.000123 0.000768 43.614517
7.902879 1527974239.824416 0.000104 0.000123 0.000755 43.386961
7.915775 1527974239.837311 0.000104 0.000123 0.000759 43.342221
7.929324 1527974239.850861 0.000103 0.000124 0.000755 43.290956
7.941449 1527974239.862985 0.000104 0.000124 0.000750 43.125177
7.953701 1527974239.875237 0.000103 0.000122 0.000769 43.039941
7.966539 1527974239.888076 0.000103 0.000122 0.000772 43.177443
7.977809 1527974239.899345 0.000103 0.000122 0.000769 42.910309
7.989832 1527974239.911369 0.000103 0.000122 0.000768 42.877308
8.003681 1527974239.925218 0.000103 0.000122 0.000769 42.736142
8.016339 1527974239.937875 0.000103 0.000122 0.000771 42.653245
8.028817 1527974239.950353 0.000102 0.000122 0.000771 42.767129
8.041189 1527974239.962725 0.000102 0.000122 0.000765 42.559390
8.053512 1527974239.975049 0.000103 0.000122 0.000770 42.560375
8.066012 1527974239.987548 0.000103 0.000122 0.000761 42.586852
8.078667 1527974240.000204 0.000104 0.000122 0.000761 42.598115
8.091560 1527974240.013096 0.000103 0.000120 0.000766 42.439179
8.103918 1527974240.025455 0.000103 0.000121 0.000762 42.285993
8.115829 1527974240.037365 0.000103 0.000123 0.000759 42.447137
8.127760 1527974240.049297 0.000104 0.000121 0.000767 42.434697
8.141375 1527974240.062911 0.000103 0.000122 0.000757 42.148928
8.153611 1527974240.075147 0.000104 0.000121 0.000765 42.287125
8.166485 1527974240.088021 0.000103 0.000122 0.000774 42.286056
8.178735 1527974240.100271 0.000103 0.000122 0.000763 42.380731
8.190804 1527974240.112341 0.000103 0.000123 0.000753 42.119533
8.202645 1527974240.124181 0.000104 0.000122 0.000757 42.344654
8.215440 1527974240.136976 0.000103 0.000122 0.000767 42.294737
8.228021 1527974240.149557 0.000103 0.000122 0.000758 42.077908
8.240607 1527974240.162144 0.000103 0.000121 0.000762 41.935144
8.254152 1527974240.175689 0.000103 0.000121 0.000772 42.289558
8.266639 1527974240.188175 0.000102 0.000122 0.000772 42.259890
8.278921 1527974240.200458 0.000103 0.000122 0.000766 42.343840
8.290467 1527974240.212004 0.000103 0.000123 0.000762 42.393928
8.302611 1527974240.224147 0.000103 0.000122 0.000749 42.022062
8.316749 1527974240.238285 0.000103 0.000122 0.000763 42.085307
8.328541 1527974240.250077 0.000103 0.000122 0.000771 42.318471
8.340623 1527974240.262160 0.000103 0.000122 0.000758 42.170412
8.352572 1527974240.274108 0.000103 0.000121 0.000769 42.050575
8.365334 1527974240.286870 0.000102 0.000123 0.000762 42.166479
8.377872 1527974240.299408 0.000103 0.000122 0.000763 42.315548
8.390248 1527974240.311785 0.000102 0.000123 0.000760 42.187028
8.402626 1527974240.324162 0.000103 0.000123 0.000757 42.094516
8.415293 1527974240.336830 0.000102 0.000122 0.000765 42.144868
8.428578 1527974240.350114 0.000103 0.000122 0.000774 42.032953
8.441095 1527974240.362632 0.000103 0.000122 0.000770 42.029638
8.453728 1527974240.375265 0.000105 0.000122 0.000750 41.409189
8.466320 1527974240.387856 0.000106 0.000121 0.000736 41.399883
8.478604 1527974240.400140 0.000107 0.000119 0.000736 41.172005
8.490709 1527974240.412245 0.000106 0.000121 0.000731 41.149860
8.502932 1527974240.424469 0.000106 0.000119 0.000758 41.210037
8.515291 1527974240.436827 0.000105 0.000119 0.000763 41.155778
8.527807 1527974240.449343 0.000104 0.000118 0.000783 41.316643
8.540198 1527974240.461734 0.000105 0.000118 0.000774 41.218857
8.553086 1527974240.474622 0.000104 0.000118 0.000780 41.290497
8.565313 1527974240.486850 0.000104 0.000119 0.000776 41.314663
8.578576 1527974240.500113 0.000103 0.000118 0.000779 41.347287
8.591087 1527974240.512623 0.000103 0.000117 0.000793 41.276893
8.603553 1527974240.525090 0.000103 0.000117 0.000783 41.109204
8.615421 1527974240.536958 0.000103 0.000118 0.000774 41.153590
8.627557 1527974240.549093 0.000103 0.000117 0.000778 40.982375
8.640298 1527974240.561835 0.000102 0.000117 0.000783 40.937340
8.653507 1527974240.575044 0.000103 0.000118 0.000768 40.723678
8.666445 1527974240.587981 0.000102 0.000117 0.000785 40.886593
8.678252 1527974240.599789 0.000101 0.000117 0.000777 40.676037
8.690474 1527974240.612011 0.000101 0.000117 0.000780 40.698951
8.702728 1527974240.624264 0.000101 0.000118 0.000784 40.824657
8.715539 1527974240.637076 0.000100 0.000117 0.000787 40.586564
8.727878 1527974240.649414 0.000100 0.000117 0.000776 40.476462
8.740438 1527974240.661975 0.000100 0.000117 0.000791 40.777995
8.753114 1527974240.674650 0.000100 0.000116 0.000793 40.457816
8.765669 1527974240.687205 0.000100 0.000115 0.000786 40.502576
8.778152 1527974240.699688 0.000100 0.000116 0.000784 40.558205
8.790460 1527974240.711997 0.000100 0.000115 0.000789 40.532927
8.802843 1527974240.724379 0.000101 0.000115 0.000776 40.400350
8.815754 1527974240.737291 0.000101 0.000117 0.000779 40.604290
8.828247 1527974240.749784 0.000101 0.000117 0.000767 40.282121
8.840552 1527974240.762089 0.000101 0.000116 0.000774 40.365763
8.852881 1527974240.774418 0.000101 0.000116 0.000773 40.219603
8.865819 1527974240.787355 0.000101 0.000116 0.000771 40.292053
8.878036 1527974240.799573 0.000102 0.000118 0.000752 40.262712
8.890773 1527974240.812309 0.000102 0.000118 0.000756 40.194234
8.903017 1527974240.824554 0.000103 0.000117 0.000748 39.936541
8.915483 1527974240.837019 0.000103 0.000117 0.000761 40.042355
8.928019 1527974240.849555 0.000103 0.000117 0.000754 40.006920
8.940013 1527974240.861549 0.000103 0.000116 0.000771 40.155828
8.952343 1527974240.873879 0.000103 0.000116 0.000760 40.002549
8.965060 1527974240.886596 0.000103 0.000117 0.000755 40.045854
8.977547 1527974240.899084 0.000102 0.000116 0.000764 40.012187
8.990035 1527974240.911572 0.000103 0.000116 0.000769 40.008350
9.002631 1527974240.924168 0.000104 0.000118 0.000751 39.838814
9.015158 1527974240.936695 0.000105 0.000118 0.000736 39.946421
9.027634 1527974240.949170 0.000106 0.000118 0.000739 40.052050
9.040280 1527974240.961816 0.000106 0.000117 0.000758 40.161944
9.052550 1527974240.974086 0.000107 0.000119 0.000741 39.655707
9.065099 1527974240.986635 0.000107 0.000121 0.000726 40.239626
9.077512 1527974240.999048 0.000106 0.000122 0.000717 40.665697
9.090585 1527974241.012122 0.000107 0.000122 0.000726 40.372602
9.102644 1527974241.024180 0.000108 0.000123 0.000729 40.011266
9.115082 1527974241.036618 0.000108 0.000122 0.000718 40.215717
9.127340 1527974241.048876 0.000108 0.000122 0.000714 39.832138
9.140085 1527974241.061621 0.000108 0.000124 0.000711 40.167184
9.152361 1527974241.073897 0.000108 0.000122 0.000711 39.778955
9.164911 1527974241.086447 0.000107 0.000123 0.000721 40.005791
9.177501 1527974241.099037 0.000107 0.000123 0.000702 39.998073
9.189984 1527974241.111520 0.000107 0.000122 0.000716 39.913813
9.202509 1527974241.124046 0.000107 0.000121 0.000717 39.835419
9.215150 1527974241.136687 0.000107 0.000122 0.000713 40.081810
9.227755 1527974241.149291 0.000107 0.000121 0.000716 39.857083
9.240306 1527974241.161843 0.000106 0.000122 0.000705 39.920795
9.252689 1527974241.174226 0.000106 0.000122 0.000711 39.858261
9.265200 1527974241.186736 0.000107 0.000123 0.000696 39.836979
9.277999 1527974241.199535 0.000105 0.000122 0.000710 40.114636
9.290265 1527974241.211801 0.000105 0.000121 0.000720 39.987243
9.302734 1527974241.224270 0.000104 0.000120 0.000721 39.844754
9.315040 1527974241.236577 0.000104 0.000121 0.000727 39.829720
9.328026 1527974241.249563 0.000105 0.000122 0.000714 39.963807
9.340306 1527974241.261842 0.000104 0.000122 0.000717 40.225253
9.353539 1527974241.275076 0.000105 0.000121 0.000718 39.997274
9.366161 1527974241.287697 0.000104 0.000123 0.000711 39.843057
9.378686 1527974241.300223 0.000103 0.000123 0.000720 39.924477
9.391829 1527974241.313365 0.000104 0.000122 0.000708 40.033938
9.402741 1527974241.324277 0.000105 0.000123 0.000711 40.042863
9.415308 1527974241.336844 0.000104 0.000122 0.000721 40.163745
9.428026 1527974241.349562 0.000104 0.000121 0.000723 39.831819
9.440381 1527974241.361918 0.000104 0.000121 0.000710 40.068157
9.452914 1527974241.374451 0.000104 0.000121 0.000710 40.060588
9.465225 1527974241.386761 0.000105 0.000122 0.000703 39.893181
9.478921 1527974241.400458 0.000104 0.000121 0.000710 39.993006
9.491821 1527974241.413357 0.000105 0.000123 0.000703 40.175464
9.504128 1527974241.425665 0.000105 0.000122 0.000700 39.964728
9.516943 1527974241.438480 0.000105 0.000120 0.000718 39.862880
9.528327 1527974241.449864 0.000105 0.000121 0.000720 40.177300
9.540725 1527974241.462262 0.000105 0.000121 0.000715 40.165209
9.552894 1527974241.474430 0.000105 0.000121 0.000715 40.207394
9.565391 1527974241.486927 0.000106 0.000121 0.000706 39.903353
9.577983 1527974241.499519 0.000106 0.000120 0.000717 40.055389
9.591554 1527974241.513091 0.000105 0.000121 0.000713 39.946285
9.603945 1527974241.525482 0.000105 0.000123 0.000709 40.123982
9.616652 1527974241.538188 0.000106 0.000122 0.000712 40.087196
9.629302 1527974241.550838 0.000105 0.000121 0.000713 40.010372
9.640731 1527974241.562268 0.000105 0.000121 0.000717 39.951889
9.653119 1527974241.574655 0.000105 0.000121 0.000717 40.002738
9.665440 1527974241.586976 0.000106 0.000120 0.000717 39.964642
9.678084 1527974241.599621 0.000106 0.000122 0.000704 40.057880
9.690465 1527974241.612001 0.000105 0.000121 0.000722 40.165183
9.704034 1527974241.625571 0.000105 0.000121 0.000716 40.050838
9.716542 1527974241.638078 0.000105 0.000121 0.000719 40.154292
9.728786 1527974241.650323 0.000105 0.000121 0.000719 39.719628
9.741092 1527974241.662628 0.000105 0.000120 0.000713 39.945071
9.753488 1527974241.675024 0.000105 0.000121 0.000712 39.816626
9.766446 1527974241.687982 0.000105 0.000121 0.000709 40.199102
9.779384 1527974241.700920 0.000106 0.000121 0.000713 39.765944
9.791528 1527974241.713065 0.000105 0.000121 0.000721 39.839118
9.803863 1527974241.725399 0.000105 0.000122 0.000726 39.858940
9.816080 1527974241.737616 0.000106 0.000120 0.000714 39.946685
9.828236 1527974241.749772 0.000105 0.000121 0.000716 39.857433
9.840296 1527974241.761832 0.000105 0.000121 0.000712 40.036009
9.854104 1527974241.775641 0.000106 0.000122 0.000699 40.025918
9.866768 1527974241.788305 0.000106 0.000122 0.000706 39.813686
9.879099 1527974241.800636 0.000105 0.000121 0.000731 39.877759
9.891632 1527974241.813168 0.000106 0.000122 0.000709 40.057756
9.903728 1527974241.825264 0.000106 0.000121 0.000712 39.612926
9.915706 1527974241.837242 0.000107 0.000122 0.000701 39.697871
9.928429 1527974241.849966 0.000107 0.000123 0.000690 39.626284
9.940465 1527974241.862002 0.000106 0.000121 0.000703 39.628732
9.953128 1527974241.874665 0.000107 0.000121 0.000704 39.394353
9.965517 1527974241.887053 0.000106 0.000121 0.000713 39.492747
9.977979 1527974241.899516 0.000107 0.000122 0.000698 39.549837
9.991264 1527974241.912800 0.000106 0.000122 0.000704 39.600084
10.004117 1527974241.925654 0.000107 0.000121 0.000697 39.210630
10.016482 1527974241.938018 0.000108 0.000122 0.000694 39.439938
10.028851 1527974241.950387 0.000108 0.000122 0.000691 39.585998
10.040961 1527974241.962497 0.000107 0.000124 0.000688 39.442645
10.053002 1527974241.974538 0.000107 0.000122 0.000697 39.415592
10.065848 1527974241.987384 0.000108 0.000121 0.000700 39.301239
10.077865 1527974241.999401 0.000108 0.000123 0.000690 39.435381
10.090468 1527974242.012005 0.000109 0.000123 0.000685 39.330407
10.104169 1527974242.025706 0.000108 0.000124 0.000689 39.157501
10.116034 1527974242.037571 0.000109 0.000121 0.000691 39.431922
10.128525 1527974242.050061 0.000109 0.000122 0.000688 39.322494
10.140992 1527974242.062528 0.000109 0.000122 0.000693 39.171236
10.153340 1527974242.074877 0.000111 0.000121 0.000691 38.506561
10.166637 1527974242.088174 0.000113 0.000123 0.000679 37.857155
10.179093 1527974242.100629 0.000110 0.000122 0.000692 37.757876
10.192315 1527974242.113852 0.000107 0.000121 0.000712 37.966460
10.204218 1527974242.125754 0.000106 0.000121 0.000720 38.226762
10.217495 1527974242.139031 0.000106 0.000121 0.000730 38.445860
10.228556 1527974242.150092 0.000106 0.000122 0.000727 38.741629
10.240587 1527974242.162123 0.000105 0.000121 0.000746 38.511023
10.253242 1527974242.174778 0.000105 0.000120 0.000740 38.542293
10.266678 1527974242.188214 0.000105 0.000119 0.000745 38.517160
10.278991 1527974242.200527 0.000105 0.000121 0.000738 38.499928
10.290999 1527974242.212535 0.000104 0.000120 0.000747 38.587277
10.302843 1527974242.224380 0.000104 0.000119 0.000745 38.461093
10.315348 1527974242.236885 0.000104 0.000119 0.000749 38.463365
10.328099 1527974242.249635 0.000104 0.000120 0.000735 38.475385
10.340635 1527974242.262171 0.000104 0.000119 0.000748 38.259194
10.353124 1527974242.274660 0.000104 0.000119 0.000742 38.205748
10.365671 1527974242.287208 0.000104 0.000119 0.000741 38.291575
10.378425 1527974242.299962 0.000104 0.000118 0.000743 38.141918
10.390515 1527974242.312052 0.000104 0.000119 0.000746 38.214732
10.403189 1527974242.324725 0.000103 0.000120 0.000742 38.273533
10.416060 1527974242.337597 0.000104 0.000120 0.000746 38.196694
10.429267 1527974242.350803 0.000104 0.000118 0.000750 38.204650
10.441768 1527974242.363305 0.000104 0.000120 0.000737 38.289671
10.453560 1527974242.375097 0.000104 0.000118 0.000745 38.125675
10.465582 1527974242.387119 0.000104 0.000119 0.000736 38.240603
10.477988 1527974242.399524 0.000104 0.000117 0.000752 38.006665
10.490649 1527974242.412186 0.000104 0.000119 0.000740 38.130496
10.503165 1527974242.424701 0.000104 0.000118 0.000750 38.077159
10.516078 1527974242.437614 0.000104 0.000121 0.000736 38.384241
10.528259 1527974242.449796 0.000104 0.000119 0.000746 38.125870
10.541028 1527974242.462564 0.000104 0.000118 0.000751 38.054816
10.554210 1527974242.475746 0.000104 0.000118 0.000748 38.114469
10.566847 1527974242.488384 0.000105 0.000118 0.000745 38.009657
10.579215 1527974242.500752 0.000105 0.000119 0.000745 38.151669
10.592044 1527974242.513581 0.000104 0.000120 0.000734 38.107388
10.603951 1527974242.525488 0.000104 0.000118 0.000757 38.017772
10.617004 1527974242.538540 0.000105 0.000118 0.000746 38.282759
10.629225 1527974242.550762 0.000105 0.000117 0.000750 37.993910
10.641157 1527974242.562693 0.000104 0.000119 0.000748 38.197667
10.653293 1527974242.574829 0.000104 0.000117 0.000755 38.076241
10.665319 1527974242.586855 0.000104 0.000119 0.000742 38.143789
10.678216 1527974242.599753 0.000104 0.000118 0.000755 38.092510
10.690434 1527974242.611971 0.000105 0.000118 0.000755 37.929619
10.703194 1527974242.624730 0.000104 0.000119 0.000744 38.088339
10.715627 1527974242.637163 0.000105 0.000120 0.000745 38.035271
10.728074 1527974242.649610 0.000105 0.000119 0.000743 38.058103
10.740604 1527974242.662141 0.000104 0.000120 0.000748 38.137517
10.753362 1527974242.674898 0.000104 0.000119 0.000750 38.018333
10.765603 1527974242.687139 0.000106 0.000120 0.000729 37.890925
10.778084 1527974242.699620 0.000105 0.000119 0.000745 37.905981
10.790550 1527974242.712086 0.000105 0.000119 0.000745 38.028122
10.803752 1527974242.725288 0.000105 0.000119 0.000747 38.145289
10.815853 1527974242.737389 0.000105 0.000120 0.000739 38.088799
10.828337 1527974242.749874 0.000105 0.000119 0.000746 37.952943
10.841121 1527974242.762657 0.000105 0.000119 0.000742 37.907859
10.853576 1527974242.775113 0.000106 0.000120 0.000737 37.778873
10.866156 1527974242.787693 0.000105 0.000119 0.000747 37.927586
10.878566 1527974242.800103 0.000105 0.000120 0.000737 37.822751
10.890975 1527974242.812512 0.000106 0.000121 0.000740 37.892570
10.905254 1527974242.826790 0.000106 0.000120 0.000733 37.761507
10.916123 1527974242.837659 0.000106 0.000119 0.000746 37.755812
10.928351 1527974242.849887 0.000106 0.000120 0.000743 37.926688
10.941029 1527974242.862565 0.000106 0.000119 0.000750 37.760678
10.953367 1527974242.874903 0.000106 0.000119 0.000738 37.799838
10.966171 1527974242.887707 0.000105 0.000119 0.000743 37.840150
10.978475 1527974242.900011 0.000107 0.000120 0.000735 37.641184
10.990825 1527974242.912361 0.000105 0.000121 0.000738 37.900524
11.003108 1527974242.924644 0.000105 0.000120 0.000756 37.551421
11.016940 1527974242.938476 0.000103 0.000122 0.000755 37.795886
11.028741 1527974242.950277 0.000105 0.000120 0.000758 37.807278
11.041843 1527974242.963380 0.000105 0.000120 0.000760 37.491494
11.053725 1527974242.975261 0.000105 0.000120 0.000762 37.715492
11.065893 1527974242.987430 0.000105 0.000119 0.000775 37.627497
11.078342 1527974242.999879 0.000106 0.000120 0.000764 37.538243
11.090629 1527974243.012166 0.000105 0.000120 0.000770 37.415091
11.104262 1527974243.025799 0.000105 0.000120 0.000764 37.363027
11.116839 1527974243.038375 0.000105 0.000119 0.000769 37.171338
11.129597 1527974243.051133 0.000105 0.000120 0.000764 37.272148
11.141625 1527974243.063161 0.000105 0.000120 0.000774 37.251916
11.153348 1527974243.074885 0.000104 0.000120 0.000767 37.111712
11.165973 1527974243.087510 0.000104 0.000119 0.000767 37.191096
11.178459 1527974243.099995 0.000104 0.000120 0.000767 37.184903
11.192123 1527974243.113659 0.000103 0.000119 0.000779 37.319114
11.204243 1527974243.125779 0.000103 0.000118 0.000776 37.040639
11.216896 1527974243.138433 0.000103 0.000119 0.000770 37.096375
11.229260 1527974243.150796 0.000103 0.000119 0.000768 37.079774
11.241199 1527974243.162735 0.000102 0.000118 0.000780 37.102878
11.253411 1527974243.174947 0.000102 0.000119 0.000766 37.186264
11.265896 1527974243.187432 0.000102 0.000119 0.000775 37.212453
11.279033 1527974243.200570 0.000102 0.000119 0.000767 37.156391
11.292050 1527974243.213587 0.000102 0.000119 0.000763 37.100297
11.304360 1527974243.225896 0.000103 0.000119 0.000766 37.056717
11.316049 1527974243.237585 0.000103 0.000118 0.000776 37.096854
11.328963 1527974243.250499 0.000102 0.000119 0.000764 37.053665
11.340963 1527974243.262499 0.000103 0.000119 0.000765 37.126458
11.352952 1527974243.274488 0.000102 0.000119 0.000765 37.050560
11.365630 1527974243.287167 0.000102 0.000119 0.000766 37.023024
11.379117 1527974243.300654 0.000102 0.000117 0.000770 36.906020
11.391821 1527974243.313357 0.000106 0.000119 0.000767 36.586767
11.404418 1527974243.325954 0.000102 0.000118 0.000783 36.936021
11.417037 1527974243.338573 0.000102 0.000118 0.000784 37.065660
11.428612 1527974243.350149 0.000102 0.000119 0.000769 36.968211
11.440565 1527974243.362102 0.000102 0.000119 0.000777 37.064727
11.453138 1527974243.374674 0.000102 0.000119 0.000774 36.962725
11.465778 1527974243.387314 0.000102 0.000119 0.000770 37.107182
11.478138 1527974243.399674 0.000102 0.000119 0.000778 37.014019
11.490762 1527974243.412298 0.000102 0.000118 0.000776 37.050618
11.503429 1527974243.424965 0.000103 0.000119 0.000760 36.750937
11.515810 1527974243.437346 0.000102 0.000118 0.000774 36.999199
11.528387 1527974243.449923 0.000102 0.000117 0.000780 36.933825
11.540844 1527974243.462381 0.000102 0.000119 0.000771 36.885783
11.553357 1527974243.474893 0.000103 0.000118 0.000775 36.829944
11.565957 1527974243.487494 0.000102 0.000118 0.000773 37.093151
11.579362 1527974243.500899 0.000102 0.000118 0.000779 37.006033
11.591965 1527974243.513502 0.000102 0.000118 0.000774 36.857798
11.604001 1527974243.525537 0.000102 0.000119 0.000768 36.897592
11.616794 1527974243.538331 0.000102 0.000119 0.000773 37.018593
11.628137 1527974243.549673 0.000102 0.000118 0.000781 36.920522
11.640517 1527974243.562053 0.000101 0.000119 0.000781 36.783216
11.653470 1527974243.575006 0.000102 0.000118 0.000775 36.818608
11.665968 1527974243.587504 0.000101 0.000119 0.000772 37.006356
11.679255 1527974243.600791 0.000101 0.000118 0.000785 36.900934
11.692137 1527974243.613673 0.000101 0.000119 0.000777 36.806130
11.704483 1527974243.626020 0.000102 0.000119 0.000769 36.913368
11.716896 1527974243.638432 0.000101 0.000119 0.000770 36.889159
11.728623 1527974243.650159 0.000101 0.000118 0.000782 36.804717
11.741528 1527974243.663064 0.000101 0.000118 0.000780 36.886963
11.753401 1527974243.674937 0.000101 0.000118 0.000772 36.797810
11.765841 1527974243.687377 0.000100 0.000117 0.000794 36.801584
11.778562 1527974243.700099 0.000101 0.000118 0.000770 36.722279
11.790891 1527974243.712427 0.000101 0.000118 0.000769 36.605305
11.803567 1527974243.725103 0.000101 0.000117 0.000777 36.688629
11.815792 1527974243.737328 0.000101 0.000117 0.000781 36.718135
11.828742 1527974243.750278 0.000101 0.000118 0.000779 36.770059
11.842106 1527974243.763642 0.000101 0.000118 0.000774 36.722859
11.854285 1527974243.775822 0.000100 0.000118 0.000779 36.876128
11.866024 1527974243.787560 0.000100 0.000118 0.000774 36.702089
11.879388 1527974243.800925 0.000100 0.000118 0.000774 36.823892
11.891794 1527974243.813331 0.000100 0.000118 0.000772 36.857347
11.904857 1527974243.826394 0.000100 0.000118 0.000783 36.894267
11.916913 1527974243.838449 0.000100 0.000117 0.000786 36.841712
11.928417 1527974243.849953 0.000101 0.000118 0.000768 36.767046
11.941024 1527974243.862561 0.000100 0.000118 0.000774 36.630850
11.954563 1527974243.876100 0.000101 0.000118 0.000766 36.533409
11.967133 1527974243.888670 0.000101 0.000118 0.000773 36.708806
11.979534 1527974243.901071 0.000101 0.000119 0.000758 36.643144
11.992165 1527974243.913702 0.000101 0.000118 0.000768 36.522220
12.004369 1527974243.925905 0.000100 0.000118 0.000774 36.653096
12.016881 1527974243.938418 0.000100 0.000118 0.000779 36.646026
12.029437 1527974243.950974 0.000101 0.000118 0.000772 36.690144
12.041393 1527974243.962929 0.000101 0.000118 0.000773 36.445424
12.053679 1527974243.975215 0.000101 0.000118 0.000782 36.250831
12.065939 1527974243.987475 0.000101 0.000118 0.000767 36.534589
12.078420 1527974243.999956 0.000101 0.000118 0.000763 36.420384
12.090877 1527974244.012414 0.000101 0.000117 0.000774 36.450474
12.103488 1527974244.025024 0.000101 0.000118 0.000772 36.523656
12.116114 1527974244.037650 0.000101 0.000118 0.000783 36.619048
12.128792 1527974244.050328 0.000102 0.000118 0.000768 36.353640
12.141692 1527974244.063228 0.000101 0.000118 0.000768 36.380828
12.154269 1527974244.075805 0.000101 0.000119 0.000766 36.416377
12.166733 1527974244.088269 0.000102 0.000120 0.000756 36.441477
12.179250 1527974244.100786 0.000102 0.000118 0.000770 36.561830
12.191082 1527974244.112619 0.000102 0.000119 0.000762 36.432896
12.203099 1527974244.124636 0.000103 0.000120 0.000763 36.461207
12.215545 1527974244.137082 0.000102 0.000119 0.000770 36.537188
12.227870 1527974244.149407 0.000103 0.000119 0.000761 36.374691
12.240458 1527974244.161994 0.000103 0.000118 0.000766 36.430899
12.253099 1527974244.174635 0.000104 0.000118 0.000774 36.344833
12.266204 1527974244.187741 0.000104 0.000119 0.000765 36.438446
12.278146 1527974244.199682 0.000104 0.000119 0.000761 36.379262
12.290729 1527974244.212265 0.000104 0.000120 0.000759 36.596363
12.303193 1527974244.224730 0.000104 0.000120 0.000754 36.326557
12.315437 1527974244.236973 0.000104 0.000119 0.000765 36.295881
12.327811 1527974244.249347 0.000103 0.000118 0.000779 36.315579
12.340638 1527974244.262174 0.000104 0.000119 0.000766 36.453666
12.353000 1527974244.274537 0.000103 0.000120 0.000767 36.400683
