-4.920763 1528643827.811884 0.000120 0.000143 0.000647 39.346949
-4.908158 1528643827.824489 0.000120 0.000143 0.000655 39.734227
-4.896142 1528643827.836504 0.000120 0.000143 0.000651 39.491813
-4.883697 1528643827.848950 0.000120 0.000143 0.000657 39.522432
-4.871266 1528643827.861380 0.000121 0.000144 0.000654 39.367097
-4.858865 1528643827.873782 0.000121 0.000144 0.000653 39.625294
-4.846495 1528643827.886151 0.000120 0.000143 0.000653 39.522036
-4.832345 1528643827.900302 0.000121 0.000144 0.000655 39.530491
-4.820565 1528643827.912082 0.000121 0.000143 0.000649 39.479845
-4.808151 1528643827.924496 0.000121 0.000144 0.000654 39.528437
-4.795763 1528643827.936884 0.000121 0.000144 0.000651 39.435737
-4.782408 1528643827.950238 0.000121 0.000144 0.000655 39.675183
-4.770456 1528643827.962190 0.000121 0.000144 0.000656 39.738106
-4.758632 1528643827.974015 0.000122 0.000144 0.000658 39.821009
-4.745928 1528643827.986718 0.000122 0.000144 0.000657 39.754045
-4.733453 1528643827.999194 0.000122 0.000144 0.000658 39.684604
-4.720068 1528643828.012579 0.000122 0.000144 0.000658 39.712886
-4.708001 1528643828.024645 0.000122 0.000144 0.000657 39.702981
-4.695482 1528643828.037165 0.000122 0.000144 0.000657 39.515899
-4.683042 1528643828.049604 0.000122 0.000145 0.000652 39.591028
-4.670357 1528643828.062290 0.000122 0.000145 0.000654 39.738444
-4.658101 1528643828.074546 0.000123 0.000145 0.000654 39.566039
-4.645145 1528643828.087502 0.000123 0.000145 0.000649 39.450234
-4.632635 1528643828.100012 0.000123 0.000145 0.000655 39.661730
-4.620433 1528643828.112214 0.000123 0.000145 0.000655 39.756687
-4.607920 1528643828.124727 0.000123 0.000144 0.000653 39.589209
-4.595809 1528643828.136837 0.000123 0.000144 0.000653 39.776657
-4.583257 1528643828.149389 0.000123 0.000145 0.000657 39.791530
-4.570659 1528643828.161988 0.000123 0.000145 0.000652 39.573684
-4.558665 1528643828.173982 0.000123 0.000144 0.000657 39.562146
-4.545956 1528643828.186690 0.000122 0.000144 0.000656 39.498940
-4.533703 1528643828.198943 0.000122 0.000145 0.000656 39.599290
-4.521055 1528643828.211592 0.000122 0.000144 0.000658 39.506589
-4.508527 1528643828.224119 0.000122 0.000144 0.000654 39.463224
-4.496258 1528643828.236388 0.000122 0.000144 0.000664 39.827085
-4.483757 1528643828.248889 0.000122 0.000144 0.000655 39.493310
-4.471257 1528643828.261390 0.000122 0.000144 0.000654 39.643984
-4.458806 1528643828.273841 0.000122 0.000144 0.000657 39.499189
-4.446293 1528643828.286353 0.000122 0.000144 0.000658 39.489842
-4.433531 1528643828.299115 0.000122 0.000144 0.000658 39.536447
-4.421265 1528643828.311381 0.000122 0.000144 0.000658 39.581213
-4.407688 1528643828.324959 0.000122 0.000144 0.000658 39.665982
-4.395397 1528643828.337250 0.000122 0.000144 0.000656 39.413411
-4.382747 1528643828.349899 0.000122 0.000144 0.000656 39.371326
-4.370527 1528643828.362120 0.000122 0.000144 0.000652 39.276621
-4.358016 1528643828.374631 0.000122 0.000143 0.000658 39.573541
-4.345999 1528643828.386647 0.000122 0.000144 0.000656 39.444087
-4.333500 1528643828.399146 0.000121 0.000144 0.000659 39.587484
-4.321482 1528643828.411165 0.000121 0.000144 0.000657 39.413749
-4.307645 1528643828.425002 0.000121 0.000144 0.000658 39.264799
-4.295457 1528643828.437189 0.000122 0.000144 0.000656 39.373347
-4.282918 1528643828.449728 0.000122 0.000144 0.000659 39.411366
-4.270396 1528643828.462250 0.000122 0.000144 0.000655 39.303359
-4.258256 1528643828.474390 0.000122 0.000145 0.000656 39.296133
-4.246202 1528643828.486444 0.000122 0.000144 0.000653 39.326313
-4.233714 1528643828.498933 0.000122 0.000144 0.000659 39.473821
-4.221264 1528643828.511382 0.000122 0.000144 0.000659 39.442418
-4.208849 1528643828.523797 0.000122 0.000144 0.000656 39.376793
-4.196242 1528643828.536404 0.000122 0.000144 0.000656 39.332291
-4.182152 1528643828.550494 0.000122 0.000145 0.000653 39.219677
-4.169545 1528643828.563102 0.000122 0.000145 0.000657 39.324979
-4.157007 1528643828.575639 0.000122 0.000145 0.000653 39.291580
-4.145415 1528643828.587232 0.000122 0.000145 0.000659 39.467540
-4.132569 1528643828.600078 0.000123 0.000144 0.000653 39.197662
-4.120473 1528643828.612173 0.000122 0.000144 0.000660 39.547001
-4.108663 1528643828.623983 0.000121 0.000144 0.000662 39.797265
-4.096411 1528643828.636235 0.000120 0.000144 0.000660 39.650102
-4.083743 1528643828.648904 0.000120 0.000145 0.000666 39.811505
-4.071069 1528643828.661578 0.000120 0.000146 0.000663 39.731813
-4.059165 1528643828.673481 0.000120 0.000146 0.000655 39.506181
-4.046290 1528643828.686357 0.000120 0.000146 0.000663 39.747525
-4.033788 1528643828.698859 0.000120 0.000147 0.000658 39.594353
-4.021088 1528643828.711558 0.000120 0.000147 0.000660 39.591047
-4.008525 1528643828.724122 0.000120 0.000146 0.000656 39.570768
-3.996318 1528643828.736328 0.000120 0.000146 0.000664 39.734547
-3.983668 1528643828.748979 0.000120 0.000146 0.000662 39.747232
-3.971331 1528643828.761316 0.000120 0.000145 0.000664 39.764762
-3.958862 1528643828.773784 0.000121 0.000145 0.000660 39.451467
-3.945970 1528643828.786677 0.000120 0.000145 0.000659 39.509850
-3.933779 1528643828.798867 0.000119 0.000145 0.000665 39.735703
-3.921431 1528643828.811215 0.000120 0.000145 0.000661 39.681952
-3.907956 1528643828.824691 0.000119 0.000144 0.000660 39.703261
-3.895271 1528643828.837376 0.000120 0.000145 0.000659 39.556258
-3.882998 1528643828.849648 0.000120 0.000145 0.000662 39.560772
-3.870681 1528643828.861966 0.000120 0.000145 0.000659 39.520468
-3.858030 1528643828.874617 0.000120 0.000145 0.000659 39.504606
-3.845612 1528643828.887035 0.000121 0.000145 0.000660 39.529482
-3.833013 1528643828.899634 0.000120 0.000145 0.000661 39.694409
-3.820866 1528643828.911780 0.000121 0.000144 0.000661 39.609960
-3.808373 1528643828.924273 0.000120 0.000145 0.000662 39.572632
-3.795888 1528643828.936758 0.000120 0.000145 0.000666 39.705552
-3.783049 1528643828.949597 0.000120 0.000145 0.000663 39.441507
-3.770681 1528643828.961966 0.000121 0.000145 0.000661 39.667124
-3.758126 1528643828.974520 0.000121 0.000145 0.000658 39.491956
-3.745400 1528643828.987246 0.000121 0.000145 0.000657 39.345547
-3.732841 1528643828.999806 0.000121 0.000145 0.000664 39.656492
-3.720457 1528643829.012189 0.000121 0.000144 0.000661 39.461611
-3.707918 1528643829.024729 0.000122 0.000146 0.000665 39.633929
-3.695267 1528643829.037379 0.000121 0.000145 0.000662 39.653069
-3.683348 1528643829.049298 0.000121 0.000146 0.000662 39.652463
-3.670866 1528643829.061780 0.000122 0.000145 0.000662 39.548028
-3.658263 1528643829.074384 0.000122 0.000146 0.000661 39.605253
-3.645841 1528643829.086806 0.000122 0.000147 0.000664 39.570725
-3.633645 1528643829.099001 0.000121 0.000146 0.000663 39.552682
-3.620969 1528643829.111677 0.000122 0.000147 0.000664 39.663603
-3.608471 1528643829.124176 0.000123 0.000146 0.000658 39.347903
-3.596178 1528643829.136469 0.000122 0.000146 0.000672 39.623600
-3.583569 1528643829.149077 0.000121 0.000146 0.000686 39.547650
-3.571301 1528643829.161346 0.000120 0.000147 0.000693 39.671631
-3.558399 1528643829.174247 0.000123 0.000147 0.000696 39.544584
-3.546104 1528643829.186542 0.000124 0.000147 0.000691 39.204584
-3.533263 1528643829.199383 0.000124 0.000147 0.000685 38.868880
-3.520833 1528643829.211814 0.000123 0.000147 0.000682 38.673805
-3.508296 1528643829.224350 0.000123 0.000146 0.000682 38.861475
-3.495675 1528643829.236972 0.000123 0.000147 0.000680 38.824326
-3.483355 1528643829.249292 0.000123 0.000147 0.000681 38.815467
-3.470637 1528643829.262009 0.000122 0.000147 0.000683 38.925538
-3.457974 1528643829.274672 0.000122 0.000146 0.000682 39.027434
-3.445348 1528643829.287299 0.000121 0.000146 0.000681 39.028876
-3.433256 1528643829.299390 0.000121 0.000146 0.000687 39.178684
-3.420899 1528643829.311748 0.000121 0.000146 0.000682 38.929362
-3.408347 1528643829.324300 0.000121 0.000146 0.000687 39.213144
-3.395602 1528643829.337045 0.000121 0.000146 0.000687 39.198944
-3.383097 1528643829.349549 0.000121 0.000146 0.000682 38.974614
-3.370930 1528643829.361717 0.000121 0.000146 0.000678 39.178767
-3.358152 1528643829.374495 0.000121 0.000147 0.000680 38.815008
-3.346090 1528643829.386557 0.000120 0.000146 0.000681 38.991938
-3.333169 1528643829.399477 0.000121 0.000146 0.000678 38.947130
-3.321051 1528643829.411596 0.000120 0.000145 0.000674 38.852941
-3.308018 1528643829.424628 0.000120 0.000146 0.000684 39.019260
-3.295703 1528643829.436943 0.000121 0.000146 0.000674 38.675126
-3.283186 1528643829.449461 0.000120 0.000146 0.000677 38.724698
-3.270868 1528643829.461778 0.000120 0.000146 0.000681 38.959197
-3.258458 1528643829.474188 0.000120 0.000146 0.000681 38.850671
-3.245921 1528643829.486725 0.000120 0.000146 0.000683 38.853118
-3.233060 1528643829.499587 0.000121 0.000145 0.000674 38.713522
-3.221011 1528643829.511635 0.000120 0.000146 0.000683 38.878727
-3.208157 1528643829.524489 0.000120 0.000146 0.000678 38.636176
-3.195420 1528643829.537227 0.000120 0.000146 0.000682 38.715842
-3.183376 1528643829.549271 0.000120 0.000145 0.000672 38.575971
-3.170793 1528643829.561853 0.000120 0.000145 0.000678 38.671022
-3.158026 1528643829.574621 0.000120 0.000145 0.000678 38.803806
-3.145894 1528643829.586752 0.000120 0.000146 0.000683 38.729827
-3.133640 1528643829.599007 0.000119 0.000145 0.000676 38.529782
-3.120873 1528643829.611773 0.000120 0.000145 0.000677 38.629821
-3.108491 1528643829.624156 0.000119 0.000145 0.000673 38.427774
-3.095726 1528643829.636921 0.000119 0.000145 0.000675 38.507012
-3.082355 1528643829.650291 0.000120 0.000146 0.000678 38.490586
-3.070670 1528643829.661977 0.000119 0.000146 0.000680 38.619247
-3.058470 1528643829.674176 0.000120 0.000145 0.000674 38.503759
-3.046198 1528643829.686448 0.000120 0.000146 0.000673 38.378302
-3.032838 1528643829.699808 0.000120 0.000145 0.000677 38.366522
-3.019447 1528643829.713199 0.000120 0.000145 0.000673 38.389127
-3.007750 1528643829.724897 0.000121 0.000146 0.000676 38.455533
-2.995111 1528643829.737536 0.000120 0.000146 0.000685 38.481700
-2.982416 1528643829.750231 0.000120 0.000146 0.000681 38.622209
-2.969284 1528643829.763362 0.000121 0.000146 0.000679 38.390123
-2.957607 1528643829.775040 0.000120 0.000146 0.000682 38.558068
-2.945149 1528643829.787498 0.000122 0.000146 0.000667 38.238949
-2.933313 1528643829.799334 0.000124 0.000145 0.000652 38.418737
-2.920867 1528643829.811779 0.000124 0.000145 0.000649 37.843487
-2.908545 1528643829.824102 0.000125 0.000144 0.000650 37.986655
-2.894771 1528643829.837875 0.000122 0.000145 0.000657 38.239637
-2.882563 1528643829.850084 0.000123 0.000145 0.000663 38.475922
-2.869666 1528643829.862980 0.000123 0.000145 0.000670 38.436919
-2.858216 1528643829.874431 0.000123 0.000144 0.000665 38.417125
-2.846177 1528643829.886469 0.000123 0.000144 0.000666 38.315833
-2.833611 1528643829.899036 0.000123 0.000143 0.000673 38.566804
-2.820772 1528643829.911874 0.000122 0.000143 0.000666 38.137462
-2.808472 1528643829.924174 0.000123 0.000144 0.000669 38.355497
-2.796228 1528643829.936419 0.000124 0.000145 0.000673 38.321058
-2.783199 1528643829.949448 0.000123 0.000144 0.000675 38.587267
-2.770544 1528643829.962103 0.000123 0.000144 0.000673 38.594532
-2.758120 1528643829.974526 0.000123 0.000144 0.000672 38.578450
-2.744763 1528643829.987883 0.000123 0.000144 0.000667 38.457409
-2.732444 1528643830.000202 0.000124 0.000145 0.000674 38.542257
-2.719856 1528643830.012790 0.000124 0.000145 0.000668 38.323588
-2.707616 1528643830.025031 0.000124 0.000144 0.000673 38.595028
-2.694846 1528643830.037801 0.000123 0.000144 0.000671 38.411460
-2.682249 1528643830.050398 0.000124 0.000144 0.000668 38.322701
-2.670462 1528643830.062184 0.000124 0.000144 0.000673 38.475386
-2.658376 1528643830.074270 0.000124 0.000144 0.000670 38.658990
-2.645890 1528643830.086756 0.000124 0.000144 0.000675 38.593331
-2.633219 1528643830.099428 0.000124 0.000144 0.000669 38.347722
-2.620844 1528643830.111802 0.000124 0.000144 0.000671 38.352801
-2.608325 1528643830.124321 0.000124 0.000144 0.000669 38.368402
-2.596107 1528643830.136540 0.000124 0.000144 0.000669 38.315968
-2.583214 1528643830.149433 0.000124 0.000144 0.000672 38.508983
-2.570651 1528643830.161996 0.000124 0.000144 0.000668 38.171282
-2.558069 1528643830.174577 0.000124 0.000144 0.000671 38.192238
-2.546210 1528643830.186436 0.000124 0.000144 0.000671 38.378105
-2.533623 1528643830.199024 0.000124 0.000144 0.000669 38.119928
-2.520828 1528643830.211819 0.000124 0.000144 0.000668 38.258567
-2.507734 1528643830.224912 0.000124 0.000144 0.000676 38.374171
-2.495323 1528643830.237324 0.000124 0.000144 0.000671 38.339599
-2.482511 1528643830.250136 0.000124 0.000144 0.000665 38.039657
-2.470892 1528643830.261754 0.000124 0.000144 0.000676 38.319409
-2.458367 1528643830.274280 0.000124 0.000144 0.000670 38.063281
-2.444846 1528643830.287801 0.000124 0.000144 0.000672 38.220467
-2.433002 1528643830.299645 0.000124 0.000144 0.000668 37.893281
-2.420257 1528643830.312389 0.000123 0.000144 0.000675 38.118902
-2.407883 1528643830.324764 0.000124 0.000144 0.000671 38.181018
-2.395693 1528643830.336954 0.000123 0.000144 0.000671 38.248929
-2.383321 1528643830.349325 0.000124 0.000144 0.000669 38.268900
-2.370685 1528643830.361962 0.000125 0.000144 0.000671 38.270358
-2.357661 1528643830.374986 0.000124 0.000144 0.000667 37.917191
-2.345674 1528643830.386972 0.000124 0.000144 0.000674 38.240582
-2.332449 1528643830.400197 0.000123 0.000145 0.000669 38.147331
-2.320297 1528643830.412349 0.000123 0.000145 0.000674 38.152272
-2.307984 1528643830.424662 0.000124 0.000145 0.000673 38.248433
-2.295222 1528643830.437425 0.000124 0.000144 0.000671 38.120271
-2.282834 1528643830.449813 0.000124 0.000145 0.000670 37.939795
-2.270351 1528643830.462296 0.000125 0.000145 0.000667 37.950580
-2.257906 1528643830.474741 0.000125 0.000145 0.000667 37.951175
-2.245311 1528643830.487335 0.000124 0.000145 0.000671 38.216967
-2.233132 1528643830.499514 0.000125 0.000145 0.000664 37.817968
-2.220268 1528643830.512378 0.000125 0.000146 0.000671 37.925122
-2.208632 1528643830.524015 0.000125 0.000145 0.000665 37.814956
-2.196403 1528643830.536244 0.000124 0.000145 0.000667 37.811471
-2.183645 1528643830.549002 0.000124 0.000145 0.000668 37.887414
-2.171092 1528643830.561554 0.000124 0.000145 0.000670 37.925306
-2.158558 1528643830.574089 0.000124 0.000146 0.000672 37.879677
-2.146176 1528643830.586471 0.000125 0.000145 0.000669 37.834972
-2.133505 1528643830.599142 0.000125 0.000145 0.000669 37.901849
-2.121338 1528643830.611309 0.000124 0.000146 0.000670 37.866046
-2.107696 1528643830.624951 0.000125 0.000145 0.000669 37.859604
-2.096333 1528643830.636314 0.000125 0.000146 0.000669 37.674514
-2.083561 1528643830.649085 0.000125 0.000145 0.000664 37.750247
-2.071363 1528643830.661283 0.000125 0.000145 0.000665 37.686493
-2.058457 1528643830.674190 0.000125 0.000145 0.000667 37.854605
-2.044709 1528643830.687937 0.000124 0.000146 0.000670 37.800493
-2.031963 1528643830.700684 0.000125 0.000145 0.000667 37.665301
-2.019464 1528643830.713182 0.000125 0.000145 0.000667 37.781856
-2.007982 1528643830.724664 0.000125 0.000145 0.000665 37.763749
-1.994754 1528643830.737893 0.000125 0.000146 0.000667 37.638425
-1.983257 1528643830.749390 0.000126 0.000145 0.000666 37.868234
-1.970729 1528643830.761917 0.000126 0.000146 0.000673 38.016448
-1.958399 1528643830.774247 0.000125 0.000146 0.000669 37.783930
-1.945672 1528643830.786975 0.000125 0.000146 0.000670 37.838219
-1.932545 1528643830.800102 0.000125 0.000146 0.000668 37.796618
-1.920025 1528643830.812622 0.000126 0.000146 0.000673 38.042395
-1.907499 1528643830.825148 0.000126 0.000146 0.000666 37.726257
-1.895018 1528643830.837629 0.000126 0.000146 0.000672 37.740631
-1.882050 1528643830.850597 0.000125 0.000148 0.000663 38.029921
-1.870345 1528643830.862302 0.000126 0.000149 0.000664 37.987575
-1.858479 1528643830.874167 0.000127 0.000148 0.000671 37.882627
-1.846174 1528643830.886473 0.000126 0.000147 0.000678 37.529938
-1.833635 1528643830.899011 0.000127 0.000146 0.000680 37.753939
-1.821208 1528643830.911438 0.000126 0.000146 0.000687 37.899204
-1.808633 1528643830.924014 0.000126 0.000146 0.000685 37.905938
-1.795724 1528643830.936923 0.000127 0.000146 0.000681 37.862883
-1.782049 1528643830.950597 0.000127 0.000147 0.000679 37.806332
-1.770039 1528643830.962607 0.000127 0.000147 0.000681 37.929866
-1.757281 1528643830.975366 0.000126 0.000147 0.000676 37.646428
-1.744948 1528643830.987698 0.000127 0.000146 0.000673 37.811950
-1.732320 1528643831.000326 0.000127 0.000146 0.000676 37.777499
-1.720476 1528643831.012171 0.000127 0.000146 0.000675 37.806343
-1.708357 1528643831.024290 0.000127 0.000147 0.000678 37.800100
-1.694641 1528643831.038005 0.000127 0.000146 0.000676 37.694754
-1.682430 1528643831.050217 0.000126 0.000145 0.000673 37.751229
-1.670932 1528643831.061715 0.000127 0.000146 0.000672 37.713012
-1.658752 1528643831.073895 0.000126 0.000146 0.000675 37.899030
-1.646144 1528643831.086503 0.000127 0.000147 0.000677 37.851121
-1.633239 1528643831.099408 0.000125 0.000146 0.000677 37.924059
-1.620964 1528643831.111682 0.000126 0.000145 0.000673 37.716219
-1.608700 1528643831.123946 0.000126 0.000146 0.000672 37.709292
-1.595701 1528643831.136946 0.000126 0.000146 0.000676 37.942631
-1.582485 1528643831.150162 0.000126 0.000146 0.000675 37.928913
-1.570099 1528643831.162548 0.000127 0.000147 0.000681 37.891486
-1.558039 1528643831.174607 0.000127 0.000146 0.000675 37.893671
-1.546071 1528643831.186575 0.000127 0.000146 0.000674 37.598201
-1.533607 1528643831.199039 0.000126 0.000145 0.000667 37.613989
-1.521061 1528643831.211585 0.000127 0.000146 0.000678 37.964833
-1.508283 1528643831.224363 0.000126 0.000146 0.000673 37.792664
-1.496051 1528643831.236596 0.000127 0.000146 0.000676 37.893738
-1.482438 1528643831.250208 0.000127 0.000146 0.000675 37.848297
-1.470147 1528643831.262499 0.000127 0.000146 0.000680 38.206209
-1.457707 1528643831.274940 0.000128 0.000146 0.000674 37.807732
-1.445164 1528643831.287482 0.000128 0.000145 0.000677 37.847945
-1.432668 1528643831.299979 0.000128 0.000145 0.000677 37.971142
-1.420311 1528643831.312335 0.000128 0.000145 0.000679 37.847417
-1.407324 1528643831.325323 0.000128 0.000145 0.000680 38.107367
-1.395123 1528643831.337523 0.000128 0.000146 0.000669 37.915373
-1.382472 1528643831.350175 0.000130 0.000145 0.000676 37.816882
-1.369744 1528643831.362903 0.000134 0.000144 0.000678 37.285487
-1.358415 1528643831.374231 0.000135 0.000142 0.000679 36.652240
-1.345625 1528643831.387021 0.000135 0.000140 0.000681 36.674118
-1.332503 1528643831.400143 0.000133 0.000138 0.000693 36.863464
-1.320081 1528643831.412566 0.000133 0.000138 0.000695 36.836352
-1.308145 1528643831.424502 0.000134 0.000138 0.000696 36.864567
-1.294778 1528643831.437869 0.000133 0.000138 0.000695 36.852257
-1.282172 1528643831.450475 0.000133 0.000138 0.000688 36.878540
-1.270134 1528643831.462513 0.000132 0.000138 0.000691 36.938187
-1.258130 1528643831.474517 0.000131 0.000138 0.000695 36.889324
-1.245409 1528643831.487237 0.000131 0.000138 0.000688 36.745148
-1.233074 1528643831.499573 0.000130 0.000138 0.000692 36.800496
-1.220632 1528643831.512015 0.000129 0.000137 0.000692 36.656630
-1.207764 1528643831.524883 0.000130 0.000138 0.000690 36.711517
-1.195446 1528643831.537200 0.000130 0.000137 0.000690 36.782850
-1.182955 1528643831.549692 0.000130 0.000137 0.000684 36.842751
-1.170594 1528643831.562052 0.000129 0.000137 0.000685 36.906994
-1.158009 1528643831.574638 0.000129 0.000137 0.000689 36.913851
-1.145049 1528643831.587598 0.000129 0.000137 0.000689 36.941578
-1.132524 1528643831.600122 0.000129 0.000137 0.000681 36.794406
-1.120821 1528643831.611825 0.000129 0.000138 0.000684 36.996472
-1.108364 1528643831.624283 0.000131 0.000138 0.000675 36.440797
-1.095764 1528643831.636883 0.000129 0.000137 0.000692 36.163027
-1.082257 1528643831.650390 0.000126 0.000137 0.000707 36.253125
-1.069971 1528643831.662675 0.000125 0.000136 0.000709 36.113719
-1.057777 1528643831.674870 0.000124 0.000137 0.000707 36.265067
-1.045736 1528643831.686911 0.000125 0.000137 0.000706 36.252212
-1.033150 1528643831.699497 0.000125 0.000137 0.000707 36.270731
-1.021065 1528643831.711581 0.000125 0.000137 0.000706 36.268287
-1.008643 1528643831.724003 0.000124 0.000137 0.000704 36.215940
-0.995689 1528643831.736958 0.000124 0.000137 0.000703 36.185386
-0.983336 1528643831.749311 0.000125 0.000137 0.000701 36.318910
-0.970793 1528643831.761853 0.000124 0.000136 0.000700 36.183483
-0.958551 1528643831.774096 0.000125 0.000137 0.000701 36.485293
-0.945689 1528643831.786958 0.000124 0.000137 0.000702 36.311079
-0.933110 1528643831.799537 0.000125 0.000137 0.000704 36.380966
-0.920927 1528643831.811719 0.000124 0.000137 0.000704 36.388107
-0.908450 1528643831.824197 0.000124 0.000137 0.000701 36.312674
-0.895681 1528643831.836965 0.000124 0.000136 0.000701 36.095797
-0.883009 1528643831.849638 0.000124 0.000136 0.000705 36.319391
-0.870336 1528643831.862310 0.000123 0.000136 0.000702 36.265191
-0.858240 1528643831.874407 0.000123 0.000136 0.000704 36.310701
-0.845634 1528643831.887012 0.000123 0.000136 0.000704 36.250534
-0.833314 1528643831.899332 0.000123 0.000136 0.000701 36.260049
-0.820828 1528643831.911819 0.000124 0.000136 0.000703 36.211215
-0.807699 1528643831.924948 0.000123 0.000136 0.000702 36.237374
-0.795565 1528643831.937081 0.000124 0.000136 0.000705 36.212786
-0.781735 1528643831.950912 0.000123 0.000136 0.000704 36.249195
-0.769262 1528643831.963385 0.000123 0.000136 0.000702 36.147779
-0.756891 1528643831.975755 0.000123 0.000136 0.000703 36.137910
-0.744955 1528643831.987691 0.000123 0.000136 0.000706 36.192273
-0.732441 1528643832.000206 0.000123 0.000136 0.000704 36.121974
-0.719839 1528643832.012808 0.000123 0.000136 0.000704 36.236654
-0.707363 1528643832.025284 0.000124 0.000136 0.000705 36.212655
-0.695216 1528643832.037431 0.000124 0.000136 0.000708 36.200227
-0.682886 1528643832.049760 0.000124 0.000136 0.000706 36.233918
-0.670748 1528643832.061898 0.000124 0.000136 0.000703 36.132683
-0.657940 1528643832.074706 0.000124 0.000136 0.000701 36.117073
-0.645519 1528643832.087127 0.000124 0.000136 0.000702 36.122267
-0.632234 1528643832.100413 0.000124 0.000136 0.000703 36.148144
-0.619692 1528643832.112954 0.000124 0.000136 0.000700 35.947309
-0.607168 1528643832.125479 0.000124 0.000136 0.000701 36.152863
-0.594747 1528643832.137899 0.000124 0.000136 0.000702 36.171859
-0.582150 1528643832.150497 0.000124 0.000136 0.000704 36.170052
-0.569779 1528643832.162868 0.000124 0.000136 0.000701 36.013448
-0.557456 1528643832.175190 0.000124 0.000137 0.000704 36.182050
-0.544502 1528643832.188144 0.000125 0.000136 0.000702 36.081348
-0.532890 1528643832.199757 0.000125 0.000136 0.000701 36.043575
-0.520671 1528643832.211975 0.000125 0.000137 0.000702 36.113241
-0.508312 1528643832.224335 0.000125 0.000137 0.000704 36.218755
-0.495651 1528643832.236995 0.000125 0.000137 0.000703 36.154006
-0.483270 1528643832.249376 0.000125 0.000137 0.000704 36.183606
-0.470764 1528643832.261882 0.000125 0.000137 0.000705 36.173892
-0.458262 1528643832.274384 0.000125 0.000137 0.000701 36.026502
-0.445573 1528643832.287073 0.000126 0.000137 0.000701 36.202593
-0.432658 1528643832.299989 0.000125 0.000137 0.000699 36.535166
-0.420142 1528643832.312504 0.000126 0.000138 0.000697 36.817682
-0.407161 1528643832.325485 0.000129 0.000137 0.000696 36.698624
-0.395165 1528643832.337481 0.000130 0.000136 0.000698 36.868517
-0.382741 1528643832.349906 0.000130 0.000135 0.000697 36.761670
-0.370189 1528643832.362457 0.000130 0.000135 0.000698 36.841705
-0.357473 1528643832.375173 0.000131 0.000135 0.000697 36.915222
-0.345025 1528643832.387621 0.000131 0.000135 0.000700 36.825047
-0.332515 1528643832.400132 0.000131 0.000136 0.000700 36.971142
-0.319966 1528643832.412680 0.000130 0.000135 0.000696 36.745495
-0.308321 1528643832.424326 0.000130 0.000135 0.000699 36.745349
-0.295362 1528643832.437285 0.000130 0.000135 0.000699 36.885201
-0.283143 1528643832.449503 0.000130 0.000135 0.000696 36.673425
-0.270523 1528643832.462124 0.000130 0.000135 0.000698 36.802564
-0.257934 1528643832.474713 0.000130 0.000135 0.000697 36.837605
-0.245083 1528643832.487564 0.000129 0.000135 0.000699 36.761183
-0.232676 1528643832.499971 0.000129 0.000135 0.000699 36.750365
-0.220312 1528643832.512335 0.000129 0.000135 0.000695 36.640390
-0.207962 1528643832.524684 0.000128 0.000135 0.000697 36.692108
-0.195632 1528643832.537015 0.000128 0.000135 0.000696 36.665425
-0.182229 1528643832.550417 0.000128 0.000135 0.000696 36.611453
-0.169314 1528643832.563333 0.000127 0.000135 0.000695 36.653176
-0.158314 1528643832.574332 0.000128 0.000135 0.000694 36.658883
-0.145703 1528643832.586944 0.000128 0.000135 0.000693 36.630481
-0.133391 1528643832.599256 0.000128 0.000135 0.000691 36.479222
-0.120491 1528643832.612156 0.000128 0.000135 0.000689 36.531056
-0.108287 1528643832.624359 0.000127 0.000135 0.000690 36.669897
-0.095603 1528643832.637044 0.000127 0.000135 0.000689 36.571892
-0.083110 1528643832.649537 0.000128 0.000135 0.000690 36.571403
-0.070403 1528643832.662243 0.000127 0.000135 0.000692 36.486158
-0.057019 1528643832.675628 0.000127 0.000135 0.000690 36.547319
-0.045399 1528643832.687247 0.000127 0.000135 0.000692 36.531435
-0.033014 1528643832.699632 0.000128 0.000135 0.000682 36.478856
-0.020699 1528643832.711948 0.000128 0.000135 0.000691 36.124757
-0.007974 1528643832.724672 0.000125 0.000134 0.000695 36.085370
0.004490 1528643832.737137 0.000124 0.000134 0.000708 36.341347
0.017463 1528643832.750110 0.000123 0.000134 0.000707 36.313891
0.029748 1528643832.762394 0.000122 0.000134 0.000701 36.145951
0.042366 1528643832.775012 0.000122 0.000134 0.000699 36.202218
0.055597 1528643832.788244 0.000122 0.000135 0.000705 36.340172
0.067373 1528643832.800020 0.000122 0.000135 0.000704 36.308723
0.079891 1528643832.812538 0.000121 0.000135 0.000702 36.296564
0.092514 1528643832.825161 0.000121 0.000135 0.000705 36.386665
0.104924 1528643832.837570 0.000121 0.000135 0.000704 36.247721
0.117286 1528643832.849933 0.000121 0.000134 0.000707 36.307202
0.129744 1528643832.862391 0.000121 0.000134 0.000706 36.373990
0.142202 1528643832.874848 0.000121 0.000134 0.000705 36.212125
0.154503 1528643832.887149 0.000121 0.000134 0.000707 36.265158
0.168478 1528643832.901124 0.000121 0.000133 0.000706 36.202765
0.179906 1528643832.912552 0.000121 0.000134 0.000705 36.265147
0.192199 1528643832.924845 0.000120 0.000133 0.000705 36.153544
0.205742 1528643832.938388 0.000121 0.000133 0.000710 36.128710
0.217943 1528643832.950589 0.000121 0.000133 0.000710 36.211503
0.230152 1528643832.962798 0.000121 0.000134 0.000710 36.235889
0.242966 1528643832.975613 0.000121 0.000133 0.000711 36.246856
0.255698 1528643832.988344 0.000121 0.000134 0.000709 36.225953
0.266912 1528643832.999559 0.000121 0.000133 0.000710 36.137777
0.279553 1528643833.012199 0.000121 0.000133 0.000708 36.171935
0.292161 1528643833.024807 0.000121 0.000133 0.000709 36.028274
0.304723 1528643833.037369 0.000121 0.000133 0.000708 36.119369
0.318304 1528643833.050951 0.000121 0.000133 0.000708 36.056020
0.330419 1528643833.063066 0.000121 0.000133 0.000704 35.904589
0.343061 1528643833.075707 0.000121 0.000132 0.000706 35.840898
0.355455 1528643833.088102 0.000121 0.000132 0.000708 35.948623
0.367815 1528643833.100461 0.000122 0.000132 0.000708 36.064460
0.380451 1528643833.113098 0.000122 0.000132 0.000706 36.289045
0.392394 1528643833.125040 0.000120 0.000132 0.000705 37.107280
0.404770 1528643833.137416 0.000116 0.000132 0.000712 38.403957
0.416988 1528643833.149635 0.000114 0.000134 0.000705 39.416673
0.429902 1528643833.162548 0.000114 0.000137 0.000697 39.952717
0.442718 1528643833.175364 0.000111 0.000133 0.000681 40.770993
0.454935 1528643833.187582 0.000112 0.000133 0.000672 40.441180
0.467185 1528643833.199832 0.000113 0.000132 0.000671 40.264979
0.479666 1528643833.212312 0.000114 0.000132 0.000674 40.339035
0.492432 1528643833.225078 0.000117 0.000137 0.000690 39.643030
0.504916 1528643833.237563 0.000115 0.000131 0.000667 40.207268
0.517347 1528643833.249994 0.000120 0.000138 0.000685 39.949440
0.529742 1528643833.262389 0.000122 0.000140 0.000678 40.487562
0.542299 1528643833.274945 0.000124 0.000145 0.000672 41.271173
0.554866 1528643833.287512 0.000127 0.000145 0.000635 42.906773
0.567124 1528643833.299771 0.000131 0.000157 0.000624 44.708803
0.579659 1528643833.312305 0.000136 0.000166 0.000618 47.441917
0.592487 1528643833.325133 0.000141 0.000176 0.000618 51.605884
0.604968 1528643833.337615 0.000170 0.000181 0.000600 53.747685
0.617434 1528643833.350081 0.000180 0.000187 0.000594 58.381622
0.629999 1528643833.362645 0.000184 0.000199 0.000568 62.846665
0.642709 1528643833.375355 0.000180 0.000219 0.000567 67.911300
0.654881 1528643833.387528 0.000132 0.000243 0.000577 73.120942
0.667118 1528643833.399764 0.000175 0.000261 0.000573 75.788503
0.679734 1528643833.412381 0.000176 0.000270 0.000605 80.439221
0.692169 1528643833.424815 0.000174 0.000229 0.000602 84.594835
0.704576 1528643833.437222 0.000178 0.000233 0.000577 86.990078
0.717388 1528643833.450035 0.000180 0.000237 0.000568 89.054945
0.729690 1528643833.462337 0.000179 0.000238 0.000550 91.060250
0.742063 1528643833.474710 0.000180 0.000238 0.000538 92.845234
0.754714 1528643833.487360 0.000179 0.000240 0.000524 94.314472
0.767355 1528643833.500001 0.000179 0.000236 0.000541 95.262186
0.779834 1528643833.512481 0.000178 0.000235 0.000533 96.483336
0.792332 1528643833.524978 0.000177 0.000232 0.000544 97.435347
0.804642 1528643833.537288 0.000180 0.000234 0.000532 97.672874
0.816712 1528643833.549359 0.000176 0.000233 0.000530 98.048425
0.829950 1528643833.562596 0.000182 0.000232 0.000537 98.243804
0.841796 1528643833.574443 0.000180 0.000231 0.000540 98.555921
0.854031 1528643833.586678 0.000179 0.000232 0.000535 98.871151
0.866721 1528643833.599368 0.000182 0.000230 0.000546 99.646858
0.879244 1528643833.611891 0.000181 0.000226 0.000548 100.260724
0.891464 1528643833.624110 0.000182 0.000227 0.000543 101.366595
0.906023 1528643833.638669 0.000184 0.000225 0.000554 101.704278
0.918346 1528643833.650992 0.000184 0.000223 0.000555 102.279329
0.930461 1528643833.663107 0.000184 0.000221 0.000556 103.191407
0.942976 1528643833.675623 0.000183 0.000221 0.000558 103.679353
0.955623 1528643833.688269 0.000185 0.000222 0.000558 104.100298
0.968111 1528643833.700757 0.000184 0.000220 0.000563 104.364240
0.979730 1528643833.712377 0.000185 0.000220 0.000559 104.683441
0.991862 1528643833.724509 0.000186 0.000220 0.000564 104.953080
1.004505 1528643833.737151 0.000186 0.000221 0.000563 104.985123
1.017153 1528643833.749799 0.000187 0.000222 0.000563 105.010120
1.029974 1528643833.762621 0.000186 0.000220 0.000567 105.185496
1.042191 1528643833.774838 0.000187 0.000220 0.000565 105.497338
1.054546 1528643833.787192 0.000187 0.000219 0.000568 105.779376
1.067248 1528643833.799895 0.000188 0.000218 0.000567 105.987268
1.079648 1528643833.812295 0.000187 0.000220 0.000563 106.558824
1.092119 1528643833.824766 0.000187 0.000220 0.000566 106.981791
1.104799 1528643833.837445 0.000189 0.000220 0.000560 106.938585
1.117831 1528643833.850477 0.000189 0.000220 0.000566 107.306778
1.130738 1528643833.863385 0.000188 0.000217 0.000568 107.010924
1.143327 1528643833.875973 0.000190 0.000220 0.000561 107.650829
1.155510 1528643833.888156 0.000189 0.000218 0.000562 107.378126
1.167268 1528643833.899914 0.000190 0.000221 0.000560 107.523643
1.179521 1528643833.912168 0.000190 0.000221 0.000562 107.491187
1.195611 1528643833.928258 0.000191 0.000221 0.000563 107.726243
1.204779 1528643833.937425 0.000191 0.000221 0.000565 107.639090
1.217686 1528643833.950333 0.000192 0.000222 0.000561 107.931715
1.230185 1528643833.962831 0.000191 0.000219 0.000556 107.871012
1.242126 1528643833.974773 0.000192 0.000219 0.000558 107.780756
1.254738 1528643833.987384 0.000192 0.000219 0.000560 107.643957
1.268029 1528643834.000675 0.000194 0.000220 0.000558 107.464992
1.280510 1528643834.013156 0.000193 0.000220 0.000557 107.457072
1.293190 1528643834.025836 0.000194 0.000220 0.000554 107.471432
1.306219 1528643834.038866 0.000194 0.000220 0.000556 107.219210
1.317202 1528643834.049849 0.000195 0.000219 0.000558 106.881128
1.329589 1528643834.062236 0.000196 0.000221 0.000557 107.429595
1.342357 1528643834.075004 0.000196 0.000223 0.000555 107.262562
1.354666 1528643834.087312 0.000196 0.000223 0.000551 106.964733
1.367150 1528643834.099797 0.000197 0.000221 0.000554 106.718196
1.379738 1528643834.112384 0.000197 0.000221 0.000554 106.826561
1.392414 1528643834.125061 0.000198 0.000222 0.000548 106.933939
1.404645 1528643834.137291 0.000198 0.000221 0.000542 107.122713
1.417289 1528643834.149935 0.000199 0.000221 0.000544 107.127261
1.429801 1528643834.162447 0.000199 0.000221 0.000546 106.979568
1.442460 1528643834.175106 0.000198 0.000221 0.000548 106.957770
1.454803 1528643834.187449 0.000198 0.000219 0.000547 107.285921
1.467361 1528643834.200007 0.000197 0.000222 0.000541 107.430505
1.479959 1528643834.212606 0.000199 0.000222 0.000540 107.446540
1.492367 1528643834.225013 0.000198 0.000221 0.000546 106.942102
1.504851 1528643834.237497 0.000198 0.000224 0.000548 107.036540
1.517620 1528643834.250266 0.000199 0.000222 0.000554 107.304970
1.530033 1528643834.262679 0.000200 0.000220 0.000545 107.380572
1.542580 1528643834.275227 0.000200 0.000222 0.000545 107.581133
1.555422 1528643834.288068 0.000200 0.000222 0.000549 107.992335
1.567421 1528643834.300067 0.000199 0.000223 0.000543 108.011293
1.579974 1528643834.312621 0.000200 0.000221 0.000551 108.355282
1.592802 1528643834.325449 0.000202 0.000222 0.000545 108.494367
1.605195 1528643834.337842 0.000202 0.000223 0.000547 108.846225
1.618133 1528643834.350779 0.000202 0.000222 0.000548 109.255062
1.630816 1528643834.363462 0.000202 0.000223 0.000544 109.463849
1.643152 1528643834.375798 0.000202 0.000220 0.000547 109.402162
1.655844 1528643834.388490 0.000187 0.000209 0.000549 106.845847
1.668023 1528643834.400669 0.000203 0.000221 0.000548 109.490648
1.680780 1528643834.413427 0.000204 0.000221 0.000545 109.484811
1.693803 1528643834.426450 0.000204 0.000221 0.000542 110.312663
1.705680 1528643834.438326 0.000205 0.000222 0.000545 110.090106
1.717310 1528643834.449956 0.000204 0.000220 0.000548 110.170907
1.729912 1528643834.462558 0.000203 0.000221 0.000550 110.026776
1.742267 1528643834.474913 0.000188 0.000209 0.000545 106.871392
1.754509 1528643834.487156 0.000188 0.000209 0.000546 106.674588
1.766994 1528643834.499641 0.000204 0.000222 0.000543 109.579417
1.779566 1528643834.512213 0.000204 0.000221 0.000542 109.559882
1.792381 1528643834.525028 0.000204 0.000222 0.000545 109.297029
1.804850 1528643834.537497 0.000187 0.000210 0.000545 106.599556
1.818794 1528643834.551440 0.000204 0.000221 0.000542 109.323966
1.831211 1528643834.563858 0.000206 0.000220 0.000541 109.364541
1.843688 1528643834.576334 0.000204 0.000220 0.000542 109.068611
1.855662 1528643834.588308 0.000206 0.000220 0.000535 109.478903
1.868058 1528643834.600705 0.000207 0.000219 0.000532 109.226028
1.880007 1528643834.612653 0.000207 0.000219 0.000529 109.202421
1.891979 1528643834.624625 0.000206 0.000222 0.000523 109.142405
1.904780 1528643834.637427 0.000206 0.000222 0.000519 108.749939
1.918192 1528643834.650839 0.000207 0.000222 0.000510 108.564225
1.930482 1528643834.663128 0.000207 0.000222 0.000500 108.610743
1.942208 1528643834.674855 0.000206 0.000222 0.000498 108.674734
1.954964 1528643834.687611 0.000207 0.000223 0.000497 108.737911
1.967238 1528643834.699885 0.000207 0.000225 0.000498 108.975855
1.979395 1528643834.712041 0.000206 0.000224 0.000502 109.076575
1.991962 1528643834.724608 0.000206 0.000223 0.000500 108.828063
2.004464 1528643834.737111 0.000206 0.000222 0.000498 108.533409
2.017082 1528643834.749729 0.000206 0.000224 0.000501 109.065049
2.029633 1528643834.762279 0.000205 0.000225 0.000504 108.637292
2.042108 1528643834.774754 0.000207 0.000225 0.000508 108.825761
2.054618 1528643834.787265 0.000208 0.000224 0.000515 109.082429
2.066952 1528643834.799599 0.000208 0.000226 0.000513 109.387023
2.079266 1528643834.811912 0.000208 0.000223 0.000516 109.568023
2.091840 1528643834.824486 0.000208 0.000223 0.000519 109.641646
2.104433 1528643834.837079 0.000208 0.000223 0.000522 109.564271
2.116863 1528643834.849510 0.000192 0.000214 0.000517 106.952131
2.129336 1528643834.861982 0.000210 0.000222 0.000517 109.748918
2.142008 1528643834.874655 0.000209 0.000222 0.000522 109.694796
2.155491 1528643834.888137 0.000209 0.000225 0.000525 109.803120
2.168210 1528643834.900857 0.000208 0.000222 0.000519 109.889321
2.180234 1528643834.912881 0.000207 0.000224 0.000519 110.035139
2.193284 1528643834.925930 0.000208 0.000223 0.000523 109.651052
2.205381 1528643834.938028 0.000208 0.000224 0.000523 109.171393
2.217598 1528643834.950245 0.000207 0.000223 0.000526 109.478024
2.229708 1528643834.962355 0.000208 0.000225 0.000523 109.517609
2.242138 1528643834.974784 0.000208 0.000225 0.000521 109.133518
2.255913 1528643834.988559 0.000208 0.000224 0.000527 109.177183
2.268378 1528643835.001025 0.000208 0.000226 0.000523 109.200433
2.280995 1528643835.013641 0.000208 0.000224 0.000523 109.227551
2.293425 1528643835.026071 0.000208 0.000225 0.000526 109.022483
2.306392 1528643835.039038 0.000208 0.000225 0.000525 108.826646
2.317859 1528643835.050505 0.000208 0.000224 0.000521 108.742937
2.329944 1528643835.062590 0.000208 0.000223 0.000523 108.737831
2.343276 1528643835.075923 0.000207 0.000222 0.000523 108.566894
2.355778 1528643835.088424 0.000210 0.000222 0.000520 108.510131
2.367493 1528643835.100140 0.000207 0.000223 0.000520 108.327130
2.380237 1528643835.112883 0.000208 0.000225 0.000518 108.818773
2.392777 1528643835.125423 0.000208 0.000224 0.000518 108.552410
2.405627 1528643835.138273 0.000209 0.000226 0.000518 108.582474
2.417604 1528643835.150251 0.000209 0.000224 0.000512 108.109562
2.430132 1528643835.162779 0.000209 0.000227 0.000509 108.142056
2.443583 1528643835.176229 0.000209 0.000227 0.000505 108.285733
2.455460 1528643835.188107 0.000209 0.000228 0.000503 108.307145
2.467759 1528643835.200405 0.000210 0.000229 0.000498 107.811096
2.480008 1528643835.212655 0.000210 0.000227 0.000502 107.708645
2.492870 1528643835.225517 0.000210 0.000229 0.000492 107.799775
2.505224 1528643835.237871 0.000211 0.000227 0.000493 107.268460
2.517786 1528643835.250432 0.000210 0.000229 0.000487 106.844076
2.530432 1528643835.263078 0.000211 0.000228 0.000485 106.576915
2.542878 1528643835.275525 0.000211 0.000229 0.000482 106.810395
2.556061 1528643835.288707 0.000210 0.000228 0.000480 106.464129
2.567485 1528643835.300131 0.000210 0.000230 0.000476 106.495591
2.580264 1528643835.312910 0.000211 0.000229 0.000477 105.854762
2.592869 1528643835.325516 0.000210 0.000230 0.000478 105.814222
2.605745 1528643835.338391 0.000211 0.000232 0.000473 105.070955
2.618044 1528643835.350690 0.000208 0.000232 0.000471 104.894180
2.630778 1528643835.363424 0.000211 0.000233 0.000470 104.212019
2.643870 1528643835.376517 0.000208 0.000230 0.000468 103.495228
2.655974 1528643835.388620 0.000208 0.000230 0.000469 102.223905
2.668689 1528643835.401336 0.000210 0.000233 0.000471 101.750419
2.679877 1528643835.412523 0.000211 0.000232 0.000474 100.349095
2.693258 1528643835.425905 0.000210 0.000233 0.000472 99.420663
2.705987 1528643835.438633 0.000209 0.000234 0.000476 100.209515
2.717510 1528643835.450157 0.000208 0.000231 0.000477 99.439710
2.729971 1528643835.462617 0.000207 0.000231 0.000480 99.144133
2.743058 1528643835.475705 0.000205 0.000229 0.000481 99.050478
2.755933 1528643835.488579 0.000206 0.000230 0.000482 99.011083
2.768416 1528643835.501062 0.000205 0.000230 0.000483 98.802863
2.780776 1528643835.513422 0.000205 0.000230 0.000485 98.668162
2.793075 1528643835.525721 0.000204 0.000227 0.000484 98.198625
2.805627 1528643835.538274 0.000204 0.000230 0.000480 97.778814
2.818359 1528643835.551005 0.000204 0.000229 0.000482 97.325962
2.830355 1528643835.563002 0.000204 0.000228 0.000487 96.917466
2.842615 1528643835.575261 0.000204 0.000229 0.000487 96.357515
2.855063 1528643835.587710 0.000204 0.000230 0.000487 96.381153
2.867659 1528643835.600306 0.000202 0.000229 0.000486 96.539768
2.880128 1528643835.612774 0.000202 0.000228 0.000487 95.789510
2.893152 1528643835.625798 0.000202 0.000229 0.000487 95.748761
2.905856 1528643835.638503 0.000202 0.000229 0.000488 95.171839
2.918247 1528643835.650894 0.000202 0.000229 0.000487 95.092320
2.929992 1528643835.662639 0.000201 0.000231 0.000491 94.972829
2.942606 1528643835.675253 0.000200 0.000229 0.000492 94.830331
2.955228 1528643835.687874 0.000201 0.000229 0.000494 94.076002
2.967762 1528643835.700408 0.000200 0.000230 0.000493 93.731013
2.979931 1528643835.712577 0.000201 0.000231 0.000491 93.579218
2.992410 1528643835.725057 0.000199 0.000230 0.000493 93.303803
3.004712 1528643835.737359 0.000200 0.000229 0.000497 93.542024
3.017642 1528643835.750288 0.000200 0.000229 0.000494 93.711855
3.030172 1528643835.762819 0.000199 0.000229 0.000491 93.806870
3.043247 1528643835.775894 0.000200 0.000230 0.000496 93.533403
3.055853 1528643835.788499 0.000200 0.000229 0.000499 93.307631
3.068025 1528643835.800671 0.000199 0.000229 0.000497 93.151137
3.080671 1528643835.813317 0.000198 0.000228 0.000497 93.564888
3.092705 1528643835.825352 0.000199 0.000228 0.000499 92.733237
3.105962 1528643835.838608 0.000198 0.000230 0.000498 92.686548
3.118515 1528643835.851161 0.000197 0.000228 0.000501 92.270419
3.129928 1528643835.862574 0.000196 0.000229 0.000503 92.551144
3.142255 1528643835.874902 0.000196 0.000229 0.000503 92.396704
3.155097 1528643835.887743 0.000195 0.000229 0.000500 91.995722
3.168822 1528643835.901469 0.000195 0.000228 0.000501 92.227789
3.180803 1528643835.913449 0.000196 0.000229 0.000503 92.478758
3.193409 1528643835.926055 0.000195 0.000228 0.000504 92.534611
3.205829 1528643835.938476 0.000195 0.000227 0.000507 93.679188
3.217658 1528643835.950305 0.000197 0.000226 0.000508 94.294516
3.230112 1528643835.962758 0.000198 0.000227 0.000506 94.668463
3.245329 1528643835.977975 0.000199 0.000225 0.000510 96.197127
3.255114 1528643835.987760 0.000204 0.000223 0.000516 96.893291
3.267656 1528643836.000303 0.000206 0.000218 0.000512 98.027405
3.280149 1528643836.012796 0.000208 0.000214 0.000513 98.789224
3.292413 1528643836.025059 0.000209 0.000216 0.000512 98.701997
3.304733 1528643836.037379 0.000206 0.000216 0.000512 98.928492
3.317158 1528643836.049804 0.000185 0.000205 0.000522 96.944664
3.329618 1528643836.062264 0.000201 0.000214 0.000523 98.855169
3.342119 1528643836.074766 0.000185 0.000200 0.000532 96.821166
3.354816 1528643836.087462 0.000196 0.000216 0.000527 98.295346
3.366801 1528643836.099447 0.000187 0.000197 0.000528 95.850978
3.379708 1528643836.112355 0.000185 0.000196 0.000521 94.971743
3.392205 1528643836.124851 0.000192 0.000216 0.000518 96.308846
3.405518 1528643836.138165 0.000191 0.000212 0.000524 95.711748
3.417740 1528643836.150387 0.000190 0.000214 0.000522 94.981451
3.429715 1528643836.162362 0.000189 0.000214 0.000524 94.093009
3.442178 1528643836.174824 0.000189 0.000215 0.000529 93.889056
3.454264 1528643836.186910 0.000189 0.000215 0.000530 93.044190
3.467452 1528643836.200099 0.000188 0.000211 0.000530 91.904275
3.479512 1528643836.212158 0.000182 0.000195 0.000537 89.373277
3.493047 1528643836.225694 0.000186 0.000212 0.000533 89.488211
3.504930 1528643836.237576 0.000185 0.000212 0.000531 88.655642
3.517228 1528643836.249874 0.000184 0.000210 0.000532 87.979418
3.529995 1528643836.262641 0.000183 0.000207 0.000528 87.173252
3.542171 1528643836.274817 0.000183 0.000210 0.000535 86.582128
3.554643 1528643836.287289 0.000181 0.000211 0.000533 85.884838
3.567341 1528643836.299987 0.000180 0.000210 0.000532 85.427836
3.579644 1528643836.312291 0.000180 0.000210 0.000540 85.453258
3.593257 1528643836.325903 0.000179 0.000208 0.000535 84.633724
3.605998 1528643836.338644 0.000179 0.000207 0.000543 84.629913
3.618715 1528643836.351361 0.000179 0.000206 0.000540 84.098843
3.630272 1528643836.362919 0.000178 0.000208 0.000542 84.189716
3.642420 1528643836.375067 0.000178 0.000209 0.000537 83.687810
3.654623 1528643836.387269 0.000177 0.000207 0.000536 83.093576
3.668847 1528643836.401494 0.000177 0.000206 0.000538 82.478890
3.681110 1528643836.413756 0.000176 0.000208 0.000537 82.603899
3.692757 1528643836.425403 0.000175 0.000208 0.000537 82.256464
3.704760 1528643836.437406 0.000175 0.000206 0.000536 81.891696
3.717742 1528643836.450388 0.000173 0.000206 0.000540 81.277228
3.730264 1528643836.462911 0.000173 0.000204 0.000534 80.598900
3.742595 1528643836.475242 0.000174 0.000204 0.000532 80.311491
3.755201 1528643836.487847 0.000172 0.000202 0.000532 79.725204
3.767549 1528643836.500195 0.000170 0.000201 0.000532 79.021802
3.779890 1528643836.512536 0.000168 0.000201 0.000537 77.447953
3.792876 1528643836.525522 0.000166 0.000200 0.000545 76.346725
3.805099 1528643836.537746 0.000165 0.000203 0.000555 74.950037
3.817829 1528643836.550475 0.000165 0.000203 0.000558 73.471274
3.829993 1528643836.562639 0.000166 0.000200 0.000565 72.358981
3.842670 1528643836.575317 0.000166 0.000198 0.000565 71.432668
3.855205 1528643836.587851 0.000166 0.000196 0.000570 70.711980
3.867728 1528643836.600374 0.000165 0.000195 0.000567 69.965525
3.880459 1528643836.613106 0.000165 0.000194 0.000551 69.103906
3.892816 1528643836.625463 0.000163 0.000193 0.000545 68.571367
3.905623 1528643836.638269 0.000161 0.000193 0.000551 68.283718
3.917705 1528643836.650352 0.000161 0.000193 0.000551 68.297875
3.930193 1528643836.662839 0.000160 0.000191 0.000544 67.947326
3.943112 1528643836.675759 0.000159 0.000191 0.000543 67.775605
3.955415 1528643836.688062 0.000159 0.000192 0.000545 67.662157
3.968321 1528643836.700968 0.000143 0.000183 0.000555 68.469214
3.980242 1528643836.712888 0.000143 0.000182 0.000540 68.165653
3.992889 1528643836.725535 0.000157 0.000189 0.000543 67.395057
4.006191 1528643836.738838 0.000156 0.000188 0.000551 67.381346
4.018086 1528643836.750732 0.000155 0.000188 0.000555 67.346057
4.030725 1528643836.763371 0.000139 0.000180 0.000547 67.784974
4.043076 1528643836.775722 0.000154 0.000186 0.000544 66.797800
4.056006 1528643836.788653 0.000139 0.000179 0.000549 67.204668
4.067885 1528643836.800531 0.000137 0.000178 0.000557 67.211064
4.080468 1528643836.813114 0.000150 0.000185 0.000557 66.154046
4.092901 1528643836.825547 0.000136 0.000177 0.000575 65.390822
4.105615 1528643836.838261 0.000152 0.000182 0.000576 64.046199
4.118195 1528643836.850842 0.000142 0.000173 0.000577 64.076226
4.130255 1528643836.862901 0.000157 0.000179 0.000583 62.919103
4.143248 1528643836.875894 0.000144 0.000168 0.000578 62.828698
4.155460 1528643836.888106 0.000143 0.000166 0.000587 62.713921
4.167766 1528643836.900412 0.000139 0.000165 0.000591 62.590072
4.180488 1528643836.913134 0.000142 0.000163 0.000587 62.079219
4.192688 1528643836.925334 0.000140 0.000162 0.000584 61.890502
4.205636 1528643836.938282 0.000139 0.000161 0.000583 61.797211
4.217715 1528643836.950361 0.000137 0.000160 0.000581 61.851927
4.230466 1528643836.963112 0.000137 0.000160 0.000590 61.956171
4.242631 1528643836.975278 0.000137 0.000159 0.000591 61.980350
4.255108 1528643836.987754 0.000139 0.000159 0.000588 61.795616
4.267968 1528643837.000614 0.000139 0.000159 0.000579 61.681174
4.280362 1528643837.013008 0.000137 0.000159 0.000589 61.840941
4.292822 1528643837.025469 0.000135 0.000159 0.000582 61.870747
4.305325 1528643837.037972 0.000135 0.000159 0.000584 61.988397
4.317811 1528643837.050457 0.000136 0.000158 0.000590 61.993362
4.330853 1528643837.063499 0.000135 0.000158 0.000576 61.752424
4.342873 1528643837.075520 0.000135 0.000158 0.000588 62.030663
4.354903 1528643837.087549 0.000134 0.000158 0.000577 61.703783
4.368152 1528643837.100799 0.000135 0.000157 0.000590 61.868657
4.380084 1528643837.112730 0.000135 0.000157 0.000581 61.887482
4.392738 1528643837.125384 0.000135 0.000157 0.000580 61.785793
4.404851 1528643837.137497 0.000134 0.000157 0.000583 61.677058
4.417564 1528643837.150210 0.000134 0.000156 0.000592 61.911833
4.430312 1528643837.162958 0.000133 0.000157 0.000587 61.749249
4.442657 1528643837.175304 0.000135 0.000156 0.000582 61.505797
4.455234 1528643837.187881 0.000133 0.000157 0.000580 61.355100
4.467469 1528643837.200115 0.000133 0.000156 0.000586 61.515037
4.480047 1528643837.212693 0.000134 0.000156 0.000576 61.284475
4.493506 1528643837.226153 0.000135 0.000156 0.000575 60.974645
4.506181 1528643837.238828 0.000134 0.000156 0.000570 60.990613
4.517439 1528643837.250086 0.000132 0.000156 0.000580 61.103835
4.529918 1528643837.262565 0.000136 0.000156 0.000581 60.980698
4.542138 1528643837.274785 0.000133 0.000156 0.000574 60.864960
4.555050 1528643837.287697 0.000132 0.000156 0.000576 60.798225
4.568884 1528643837.301530 0.000134 0.000155 0.000583 60.786109
4.581228 1528643837.313874 0.000132 0.000156 0.000579 60.731610
4.592757 1528643837.325403 0.000135 0.000156 0.000569 60.448309
4.604981 1528643837.337627 0.000134 0.000155 0.000581 60.589140
4.618448 1528643837.351095 0.000132 0.000155 0.000573 60.433877
4.631258 1528643837.363905 0.000131 0.000155 0.000577 60.289711
4.643673 1528643837.376319 0.000131 0.000155 0.000575 60.331278
4.656377 1528643837.389024 0.000132 0.000155 0.000570 60.183004
4.667597 1528643837.400243 0.000130 0.000155 0.000580 60.270990
4.679836 1528643837.412482 0.000131 0.000155 0.000576 60.171944
4.692397 1528643837.425043 0.000133 0.000154 0.000578 60.062852
4.705077 1528643837.437723 0.000131 0.000155 0.000581 60.169003
4.718624 1528643837.451270 0.000131 0.000154 0.000582 60.116006
4.730986 1528643837.463632 0.000131 0.000154 0.000584 60.192178
4.743917 1528643837.476563 0.000131 0.000155 0.000577 60.105118
4.756053 1528643837.488699 0.000133 0.000155 0.000577 59.982825
4.769130 1528643837.501776 0.000130 0.000155 0.000582 60.082748
4.781277 1528643837.513924 0.000131 0.000155 0.000579 59.877159
4.792743 1528643837.525390 0.000133 0.000155 0.000584 60.072173
4.805278 1528643837.537925 0.000131 0.000155 0.000583 60.081625
4.817821 1528643837.550467 0.000132 0.000155 0.000570 59.810601
4.830265 1528643837.562911 0.000134 0.000155 0.000571 59.730465
4.842267 1528643837.574914 0.000131 0.000155 0.000583 59.958654
4.855862 1528643837.588508 0.000133 0.000155 0.000576 59.696869
4.868559 1528643837.601205 0.000134 0.000156 0.000569 59.666522
4.880906 1528643837.613553 0.000131 0.000156 0.000575 59.648914
4.893439 1528643837.626086 0.000132 0.000155 0.000571 59.532114
4.906258 1528643837.638904 0.000133 0.000156 0.000571 59.714862
4.918777 1528643837.651423 0.000131 0.000155 0.000590 59.943701
4.930417 1528643837.663064 0.000133 0.000155 0.000577 59.533819
4.942388 1528643837.675035 0.000132 0.000156 0.000580 59.689234
4.955017 1528643837.687663 0.000136 0.000156 0.000574 59.453495
4.967407 1528643837.700054 0.000131 0.000156 0.000572 59.386187
4.980353 1528643837.713000 0.000135 0.000156 0.000577 59.505491
4.992620 1528643837.725267 0.000133 0.000156 0.000585 59.569813
5.005325 1528643837.737971 0.000132 0.000157 0.000567 59.210996
5.017917 1528643837.750563 0.000135 0.000156 0.000564 59.271438
5.030604 1528643837.763250 0.000133 0.000156 0.000569 59.211706
5.042938 1528643837.775585 0.000134 0.000157 0.000569 59.184900
5.055555 1528643837.788201 0.000134 0.000156 0.000564 59.502447
5.068037 1528643837.800683 0.000136 0.000156 0.000556 59.735601
5.080927 1528643837.813574 0.000138 0.000155 0.000558 59.336329
5.093234 1528643837.825881 0.000139 0.000155 0.000552 58.906956
5.105840 1528643837.838487 0.000136 0.000156 0.000554 58.877248
5.117868 1528643837.850514 0.000140 0.000157 0.000555 58.326036
5.130694 1528643837.863340 0.000138 0.000158 0.000544 57.814548
5.143196 1528643837.875842 0.000138 0.000158 0.000540 57.226486
5.155519 1528643837.888165 0.000138 0.000158 0.000541 56.981729
5.168074 1528643837.900721 0.000134 0.000158 0.000546 57.017205
5.180376 1528643837.913023 0.000134 0.000157 0.000548 56.636130
5.192834 1528643837.925480 0.000135 0.000157 0.000541 56.233606
5.206287 1528643837.938933 0.000136 0.000156 0.000546 55.888655
5.218324 1528643837.950971 0.000136 0.000156 0.000543 55.664815
5.231029 1528643837.963675 0.000136 0.000155 0.000535 55.133937
5.243437 1528643837.976084 0.000135 0.000155 0.000549 55.531508
5.255554 1528643837.988201 0.000134 0.000155 0.000544 55.242578
5.267803 1528643838.000449 0.000134 0.000155 0.000540 54.973331
5.280000 1528643838.012646 0.000132 0.000155 0.000539 54.767860
5.293393 1528643838.026040 0.000134 0.000155 0.000550 54.887798
5.306302 1528643838.038949 0.000134 0.000154 0.000539 54.369423
5.318665 1528643838.051311 0.000132 0.000154 0.000550 54.811368
5.331033 1528643838.063679 0.000131 0.000154 0.000541 54.457575
5.343189 1528643838.075836 0.000133 0.000154 0.000536 54.201612
5.355890 1528643838.088537 0.000132 0.000154 0.000551 54.711956
5.368340 1528643838.100986 0.000133 0.000154 0.000544 54.287929
5.381625 1528643838.114271 0.000134 0.000153 0.000538 53.879435
5.393103 1528643838.125750 0.000132 0.000153 0.000540 54.010823
5.405848 1528643838.138494 0.000130 0.000153 0.000539 54.003738
5.417869 1528643838.150516 0.000130 0.000153 0.000543 54.150114
5.430544 1528643838.163190 0.000131 0.000152 0.000544 54.001823
5.442714 1528643838.175361 0.000131 0.000152 0.000542 54.071323
5.455299 1528643838.187946 0.000131 0.000152 0.000540 54.056692
5.468026 1528643838.200673 0.000129 0.000152 0.000537 53.903671
5.480612 1528643838.213259 0.000131 0.000152 0.000543 53.981617
5.492731 1528643838.225378 0.000131 0.000152 0.000543 54.027372
5.505252 1528643838.237899 0.000130 0.000152 0.000539 53.767175
5.518665 1528643838.251312 0.000130 0.000152 0.000543 53.915422
5.530436 1528643838.263082 0.000130 0.000152 0.000539 53.527469
5.542709 1528643838.275355 0.000130 0.000152 0.000543 53.206964
5.555315 1528643838.287961 0.000127 0.000153 0.000540 53.232133
5.568091 1528643838.300738 0.000127 0.000152 0.000547 53.278706
5.580457 1528643838.313104 0.000127 0.000153 0.000552 52.968896
5.592941 1528643838.325587 0.000128 0.000152 0.000549 52.457426
5.605427 1528643838.338073 0.000127 0.000152 0.000551 52.223948
5.618390 1528643838.351037 0.000123 0.000152 0.000557 52.119995
5.631573 1528643838.364220 0.000126 0.000152 0.000554 52.241642
5.643126 1528643838.375773 0.000123 0.000152 0.000548 52.135653
5.655485 1528643838.388132 0.000122 0.000152 0.000552 52.039139
5.668001 1528643838.400647 0.000122 0.000151 0.000552 52.028911
5.680762 1528643838.413409 0.000122 0.000152 0.000551 52.106473
5.693110 1528643838.425757 0.000121 0.000151 0.000553 52.076571
5.705667 1528643838.438314 0.000124 0.000151 0.000551 51.887035
5.718495 1528643838.451141 0.000123 0.000150 0.000552 51.582406
5.730745 1528643838.463392 0.000121 0.000150 0.000550 52.109022
5.744609 1528643838.477255 0.000124 0.000151 0.000550 51.957463
5.755563 1528643838.488209 0.000123 0.000150 0.000552 51.832503
5.768152 1528643838.500799 0.000122 0.000150 0.000553 51.742650
5.780658 1528643838.513305 0.000122 0.000150 0.000555 51.823150
5.793540 1528643838.526186 0.000119 0.000151 0.000552 52.111520
5.805382 1528643838.538028 0.000122 0.000150 0.000554 51.921808
5.817898 1528643838.550545 0.000118 0.000150 0.000557 51.958922
5.830506 1528643838.563152 0.000122 0.000150 0.000552 51.883993
5.842774 1528643838.575420 0.000122 0.000150 0.000555 51.746885
5.855304 1528643838.587951 0.000122 0.000150 0.000548 51.862116
5.868153 1528643838.600799 0.000122 0.000150 0.000560 51.634136
5.880782 1528643838.613428 0.000122 0.000151 0.000551 51.926372
5.892897 1528643838.625544 0.000122 0.000151 0.000553 51.774798
5.905411 1528643838.638057 0.000119 0.000151 0.000551 52.160498
5.917964 1528643838.650611 0.000122 0.000151 0.000553 51.711320
5.930375 1528643838.663021 0.000122 0.000151 0.000552 51.885355
5.942870 1528643838.675516 0.000123 0.000151 0.000554 51.866794
5.956545 1528643838.689191 0.000122 0.000151 0.000556 51.915786
5.968732 1528643838.701379 0.000123 0.000152 0.000555 51.915302
5.981527 1528643838.714173 0.000122 0.000152 0.000557 51.837646
5.993700 1528643838.726346 0.000123 0.000151 0.000561 51.784959
6.005530 1528643838.738177 0.000123 0.000152 0.000556 51.922033
6.018124 1528643838.750771 0.000123 0.000152 0.000555 52.016873
6.030208 1528643838.762854 0.000123 0.000152 0.000554 51.767753
6.042699 1528643838.775345 0.000124 0.000152 0.000560 51.814014
6.055554 1528643838.788201 0.000122 0.000152 0.000556 52.203149
6.067932 1528643838.800578 0.000125 0.000152 0.000560 51.661034
6.080250 1528643838.812896 0.000124 0.000152 0.000563 51.678194
6.092872 1528643838.825518 0.000125 0.000152 0.000564 51.836074
6.105360 1528643838.838006 0.000121 0.000152 0.000571 52.165079
6.117809 1528643838.850455 0.000124 0.000152 0.000563 51.823567
6.130327 1528643838.862974 0.000125 0.000152 0.000560 51.843630
6.142806 1528643838.875453 0.000122 0.000151 0.000573 52.190108
6.155789 1528643838.888436 0.000122 0.000150 0.000577 51.556729
6.167756 1528643838.900403 0.000119 0.000149 0.000579 51.570142
6.180451 1528643838.913098 0.000118 0.000148 0.000582 52.116598
6.193101 1528643838.925747 0.000116 0.000148 0.000577 52.531305
6.205753 1528643838.938400 0.000116 0.000148 0.000610 52.786399
6.217953 1528643838.950600 0.000119 0.000147 0.000593 52.580760
6.230534 1528643838.963181 0.000120 0.000146 0.000595 52.152413
6.243155 1528643838.975801 0.000121 0.000145 0.000617 52.410509
6.255655 1528643838.988302 0.000121 0.000144 0.000617 52.242639
6.268066 1528643839.000712 0.000120 0.000145 0.000623 52.365433
6.280818 1528643839.013465 0.000120 0.000143 0.000622 51.900193
6.293384 1528643839.026031 0.000119 0.000142 0.000626 51.637071
6.305320 1528643839.037966 0.000120 0.000142 0.000603 51.382205
6.318467 1528643839.051113 0.000119 0.000142 0.000607 51.272102
6.330503 1528643839.063150 0.000119 0.000141 0.000607 51.027811
6.343063 1528643839.075710 0.000118 0.000140 0.000610 50.821993
6.355482 1528643839.088129 0.000118 0.000141 0.000610 51.005803
6.368184 1528643839.100830 0.000120 0.000154 0.000618 49.376034
6.381121 1528643839.113767 0.000119 0.000153 0.000618 49.349982
6.393230 1528643839.125877 0.000119 0.000155 0.000619 49.163102
6.405708 1528643839.138354 0.000118 0.000154 0.000625 49.020011
6.418072 1528643839.150719 0.000118 0.000153 0.000624 49.172284
6.430917 1528643839.163563 0.000118 0.000152 0.000625 49.189702
6.443098 1528643839.175745 0.000117 0.000151 0.000631 49.256165
6.455828 1528643839.188474 0.000117 0.000152 0.000631 49.230829
6.468223 1528643839.200870 0.000117 0.000152 0.000623 49.348630
6.480677 1528643839.213324 0.000117 0.000152 0.000623 49.535533
6.493141 1528643839.225787 0.000117 0.000152 0.000626 49.401792
6.506011 1528643839.238658 0.000117 0.000153 0.000621 49.240585
6.518238 1528643839.250884 0.000117 0.000153 0.000623 49.349993
6.530692 1528643839.263338 0.000117 0.000152 0.000627 49.126561
6.543115 1528643839.275762 0.000117 0.000152 0.000619 49.242501
6.555791 1528643839.288438 0.000118 0.000152 0.000617 49.476132
6.568393 1528643839.301039 0.000117 0.000152 0.000624 49.314394
6.580793 1528643839.313439 0.000117 0.000152 0.000628 49.130026
6.593587 1528643839.326233 0.000117 0.000152 0.000628 48.977905
6.605786 1528643839.338432 0.000117 0.000152 0.000624 49.189131
6.618600 1528643839.351246 0.000117 0.000152 0.000621 49.166717
6.630705 1528643839.363351 0.000117 0.000152 0.000623 49.230232
6.643130 1528643839.375777 0.000117 0.000152 0.000623 49.095848
6.655369 1528643839.388016 0.000117 0.000152 0.000621 49.044656
6.667963 1528643839.400610 0.000117 0.000151 0.000626 49.064119
6.680608 1528643839.413255 0.000117 0.000152 0.000625 48.986460
6.693405 1528643839.426051 0.000117 0.000151 0.000626 48.988783
6.705821 1528643839.438468 0.000118 0.000153 0.000623 49.000849
6.718099 1528643839.450746 0.000117 0.000152 0.000621 48.857459
6.731041 1528643839.463688 0.000118 0.000153 0.000621 48.883381
6.743573 1528643839.476219 0.000116 0.000136 0.000615 50.423237
6.755571 1528643839.488218 0.000118 0.000152 0.000621 48.912366
6.767642 1528643839.500289 0.000117 0.000153 0.000623 48.850821
6.780431 1528643839.513077 0.000118 0.000153 0.000618 48.921729
6.793081 1528643839.525727 0.000117 0.000152 0.000618 48.799719
6.805461 1528643839.538107 0.000118 0.000152 0.000621 48.890665
6.818273 1528643839.550919 0.000117 0.000153 0.000623 48.831633
6.830304 1528643839.562951 0.000118 0.000152 0.000622 48.931821
6.842912 1528643839.575558 0.000118 0.000153 0.000622 48.930641
6.855511 1528643839.588158 0.000118 0.000153 0.000626 48.961031
6.867880 1528643839.600527 0.000118 0.000152 0.000624 48.855992
6.880171 1528643839.612817 0.000118 0.000153 0.000623 48.910363
6.892883 1528643839.625530 0.000118 0.000154 0.000620 48.974242
6.905632 1528643839.638279 0.000118 0.000153 0.000627 49.028562
6.917916 1528643839.650563 0.000117 0.000153 0.000630 49.019642
6.930341 1528643839.662988 0.000116 0.000150 0.000645 48.975301
6.942805 1528643839.675452 0.000116 0.000149 0.000652 49.271154
6.955599 1528643839.688246 0.000116 0.000147 0.000658 49.628201
6.968254 1528643839.700900 0.000116 0.000146 0.000663 49.755352
6.980680 1528643839.713326 0.000117 0.000146 0.000659 49.806841
6.993137 1528643839.725784 0.000117 0.000146 0.000658 49.661211
7.006018 1528643839.738665 0.000117 0.000145 0.000662 49.660956
7.017927 1528643839.750573 0.000117 0.000144 0.000661 49.454877
7.030864 1528643839.763511 0.000117 0.000146 0.000659 49.529625
7.043085 1528643839.775732 0.000117 0.000143 0.000660 49.397438
7.055576 1528643839.788223 0.000117 0.000144 0.000662 49.214295
7.068110 1528643839.800757 0.000117 0.000143 0.000679 49.497424
7.080808 1528643839.813454 0.000117 0.000143 0.000663 49.133836
7.093149 1528643839.825796 0.000117 0.000143 0.000677 49.446416
7.105650 1528643839.838297 0.000117 0.000144 0.000676 49.214850
7.118243 1528643839.850889 0.000117 0.000143 0.000677 49.227974
7.130705 1528643839.863351 0.000117 0.000142 0.000677 49.233650
7.143189 1528643839.875835 0.000117 0.000144 0.000679 48.984104
7.155468 1528643839.888114 0.000116 0.000141 0.000675 49.134522
7.168149 1528643839.900795 0.000116 0.000142 0.000674 49.162304
7.181034 1528643839.913680 0.000116 0.000142 0.000655 48.972397
7.193302 1528643839.925948 0.000115 0.000143 0.000676 48.904651
7.205884 1528643839.938531 0.000116 0.000143 0.000656 48.837586
7.217865 1528643839.950512 0.000116 0.000145 0.000654 48.868466
7.230714 1528643839.963360 0.000115 0.000143 0.000679 48.845187
7.243141 1528643839.975787 0.000115 0.000143 0.000674 49.004146
7.255627 1528643839.988273 0.000115 0.000143 0.000674 48.970241
7.268203 1528643840.000849 0.000115 0.000143 0.000653 49.006460
7.280808 1528643840.013455 0.000114 0.000129 0.000671 50.032244
7.292980 1528643840.025626 0.000114 0.000142 0.000681 48.901501
7.306960 1528643840.039606 0.000115 0.000142 0.000660 48.719095
7.319244 1528643840.051890 0.000115 0.000142 0.000658 48.538763
7.331516 1528643840.064162 0.000115 0.000142 0.000653 48.583008
7.343398 1528643840.076044 0.000115 0.000144 0.000675 48.532252
7.355287 1528643840.087934 0.000115 0.000141 0.000655 48.844655
7.367658 1528643840.100304 0.000115 0.000143 0.000656 48.603401
7.380652 1528643840.113298 0.000114 0.000141 0.000676 48.808743
7.393095 1528643840.125741 0.000115 0.000144 0.000673 48.642353
7.405752 1528643840.138398 0.000115 0.000142 0.000655 48.724458
7.418168 1528643840.150815 0.000115 0.000142 0.000656 48.593098
7.430623 1528643840.163269 0.000115 0.000141 0.000656 48.698219
7.443243 1528643840.175889 0.000115 0.000142 0.000652 48.639863
7.455307 1528643840.187953 0.000115 0.000143 0.000654 48.539185
7.467999 1528643840.200645 0.000115 0.000143 0.000654 48.684553
7.480490 1528643840.213137 0.000115 0.000143 0.000656 48.656133
7.493153 1528643840.225799 0.000115 0.000142 0.000653 48.689179
7.505583 1528643840.238229 0.000115 0.000142 0.000659 48.759185
7.518260 1528643840.250906 0.000115 0.000144 0.000653 48.585716
7.530659 1528643840.263306 0.000115 0.000143 0.000661 48.720853
7.543025 1528643840.275672 0.000115 0.000144 0.000656 48.501224
7.555649 1528643840.288296 0.000115 0.000143 0.000658 48.555892
7.568241 1528643840.300888 0.000115 0.000143 0.000654 48.609150
7.580777 1528643840.313423 0.000115 0.000143 0.000653 48.526935
7.594115 1528643840.326761 0.000115 0.000144 0.000655 48.410763
7.606503 1528643840.339149 0.000115 0.000142 0.000656 48.515464
7.618953 1528643840.351600 0.000115 0.000143 0.000657 48.352749
7.631267 1528643840.363914 0.000115 0.000144 0.000656 48.282287
7.643038 1528643840.375684 0.000116 0.000146 0.000644 47.992407
7.655610 1528643840.388257 0.000117 0.000146 0.000636 48.036379
7.668135 1528643840.400782 0.000119 0.000149 0.000637 47.243540
7.680512 1528643840.413158 0.000120 0.000146 0.000633 46.983328
7.693172 1528643840.425819 0.000121 0.000145 0.000637 46.991234
7.705541 1528643840.438188 0.000122 0.000145 0.000662 46.890617
7.718066 1528643840.450712 0.000122 0.000145 0.000662 47.134412
7.730662 1528643840.463309 0.000122 0.000145 0.000644 46.834596
7.743156 1528643840.475803 0.000122 0.000144 0.000658 47.025227
7.755794 1528643840.488441 0.000122 0.000146 0.000645 46.762852
7.768254 1528643840.500900 0.000122 0.000145 0.000644 46.816825
7.780540 1528643840.513187 0.000123 0.000145 0.000642 46.735658
7.793578 1528643840.526225 0.000122 0.000144 0.000662 47.044366
7.805786 1528643840.538433 0.000123 0.000145 0.000660 46.893467
7.818171 1528643840.550817 0.000123 0.000147 0.000642 46.895455
7.830531 1528643840.563178 0.000124 0.000133 0.000635 48.098376
7.844370 1528643840.577016 0.000124 0.000148 0.000640 46.817668
7.856810 1528643840.589456 0.000123 0.000146 0.000655 46.879647
7.869798 1528643840.602445 0.000124 0.000146 0.000642 46.884333
7.881466 1528643840.614113 0.000124 0.000146 0.000640 46.733087
7.893925 1528643840.626572 0.000124 0.000148 0.000641 46.647861
7.906524 1528643840.639171 0.000124 0.000147 0.000642 46.608618
7.918501 1528643840.651147 0.000124 0.000146 0.000638 46.715156
7.931315 1528643840.663961 0.000124 0.000147 0.000640 46.691154
7.943567 1528643840.676213 0.000124 0.000145 0.000644 46.680064
7.955766 1528643840.688413 0.000124 0.000146 0.000643 46.526087
7.968242 1528643840.700889 0.000124 0.000147 0.000639 46.498949
7.980859 1528643840.713505 0.000123 0.000147 0.000640 46.316621
7.993409 1528643840.726055 0.000124 0.000149 0.000636 46.351134
8.005963 1528643840.738610 0.000124 0.000146 0.000641 46.491787
8.019266 1528643840.751913 0.000123 0.000146 0.000641 46.322140
8.031095 1528643840.763742 0.000124 0.000146 0.000647 46.657699
8.043634 1528643840.776280 0.000123 0.000146 0.000637 46.343874
8.055564 1528643840.788210 0.000123 0.000145 0.000655 46.363834
8.068479 1528643840.801126 0.000124 0.000148 0.000634 46.317947
8.081172 1528643840.813819 0.000124 0.000145 0.000639 46.234260
8.093887 1528643840.826534 0.000124 0.000147 0.000641 46.145463
8.105907 1528643840.838553 0.000123 0.000145 0.000651 46.381095
8.118404 1528643840.851051 0.000123 0.000146 0.000642 46.037441
8.131912 1528643840.864558 0.000123 0.000146 0.000642 46.087664
8.143439 1528643840.876085 0.000123 0.000147 0.000639 46.014117
8.155482 1528643840.888128 0.000123 0.000146 0.000642 45.902015
8.167760 1528643840.900407 0.000123 0.000147 0.000640 45.996117
8.180673 1528643840.913319 0.000122 0.000145 0.000656 46.158808
8.192883 1528643840.925529 0.000123 0.000145 0.000652 46.321748
8.205273 1528643840.937920 0.000123 0.000146 0.000638 45.969280
8.218084 1528643840.950730 0.000123 0.000146 0.000641 45.706659
8.230236 1528643840.962883 0.000123 0.000146 0.000640 45.755480
8.244075 1528643840.976722 0.000123 0.000145 0.000641 45.847366
8.255190 1528643840.987837 0.000122 0.000146 0.000661 45.848694
8.267946 1528643841.000592 0.000123 0.000147 0.000639 45.915273
8.280882 1528643841.013529 0.000123 0.000147 0.000638 45.644883
8.293684 1528643841.026330 0.000123 0.000146 0.000638 45.748788
8.306429 1528643841.039075 0.000122 0.000146 0.000644 45.755117
8.318632 1528643841.051279 0.000123 0.000147 0.000633 45.891074
8.331566 1528643841.064212 0.000123 0.000144 0.000655 45.758584
8.343339 1528643841.075985 0.000124 0.000141 0.000659 45.756066
8.357003 1528643841.089649 0.000125 0.000140 0.000657 45.570455
8.368409 1528643841.101056 0.000125 0.000140 0.000660 45.421997
8.380753 1528643841.113400 0.000124 0.000141 0.000680 45.743510
8.393221 1528643841.125867 0.000124 0.000141 0.000664 45.493076
8.406739 1528643841.139386 0.000124 0.000139 0.000685 45.713089
8.420009 1528643841.152655 0.000124 0.000139 0.000683 45.608885
8.430940 1528643841.163586 0.000124 0.000140 0.000681 45.785656
8.443334 1528643841.175981 0.000124 0.000141 0.000664 45.457056
8.455841 1528643841.188487 0.000124 0.000141 0.000667 45.376564
8.469628 1528643841.202274 0.000124 0.000140 0.000668 45.380698
8.480843 1528643841.213489 0.000124 0.000141 0.000665 45.608803
8.493216 1528643841.225862 0.000124 0.000141 0.000667 45.386636
8.507361 1528643841.240007 0.000124 0.000140 0.000667 45.472995
8.519042 1528643841.251688 0.000124 0.000141 0.000670 45.316307
8.531789 1528643841.264435 0.000124 0.000139 0.000665 45.561026
8.543499 1528643841.276145 0.000124 0.000139 0.000669 45.401883
8.555878 1528643841.288525 0.000124 0.000141 0.000665 45.242668
8.568025 1528643841.300672 0.000124 0.000140 0.000669 45.167695
8.580502 1528643841.313148 0.000124 0.000138 0.000673 45.509472
8.593243 1528643841.325889 0.000123 0.000138 0.000672 45.194795
8.605885 1528643841.338531 0.000123 0.000139 0.000667 45.281356
8.618373 1528643841.351020 0.000124 0.000139 0.000671 45.166533
8.630428 1528643841.363074 0.000124 0.000140 0.000671 45.193757
8.643436 1528643841.376083 0.000124 0.000138 0.000671 45.280615
8.656751 1528643841.389398 0.000124 0.000139 0.000668 45.225327
8.669290 1528643841.401936 0.000124 0.000139 0.000671 45.058636
8.680874 1528643841.413520 0.000124 0.000139 0.000672 45.096943
8.693760 1528643841.426407 0.000124 0.000138 0.000672 45.081284
8.705746 1528643841.438393 0.000124 0.000138 0.000668 45.253859
8.718408 1528643841.451054 0.000124 0.000138 0.000668 45.348084
8.731749 1528643841.464395 0.000124 0.000139 0.000667 45.258342
8.744057 1528643841.476704 0.000125 0.000139 0.000669 45.176672
8.756736 1528643841.489383 0.000125 0.000139 0.000666 45.405380
8.769336 1528643841.501982 0.000125 0.000139 0.000680 45.457274
8.782323 1528643841.514970 0.000125 0.000138 0.000679 45.471364
8.794516 1528643841.527162 0.000125 0.000140 0.000682 45.439353
8.806950 1528643841.539597 0.000125 0.000139 0.000679 45.384672
8.818655 1528643841.551302 0.000125 0.000139 0.000665 45.327785
8.830888 1528643841.563534 0.000125 0.000139 0.000665 45.220292
8.844140 1528643841.576786 0.000125 0.000140 0.000668 45.260082
8.856645 1528643841.589292 0.000125 0.000140 0.000664 45.135762
8.869238 1528643841.601884 0.000125 0.000139 0.000663 45.147288
8.882010 1528643841.614656 0.000125 0.000139 0.000663 45.109482
8.893799 1528643841.626445 0.000125 0.000138 0.000665 45.158423
8.906271 1528643841.638917 0.000125 0.000140 0.000662 45.076867
8.918330 1528643841.650977 0.000125 0.000139 0.000661 45.026747
8.930711 1528643841.663358 0.000125 0.000138 0.000662 45.022097
8.943480 1528643841.676126 0.000125 0.000138 0.000662 45.029164
8.955734 1528643841.688381 0.000125 0.000139 0.000674 45.193263
8.968171 1528643841.700817 0.000125 0.000138 0.000677 45.247902
8.980635 1528643841.713281 0.000125 0.000138 0.000677 45.121144
8.993239 1528643841.725885 0.000125 0.000138 0.000675 45.233777
9.006012 1528643841.738658 0.000124 0.000136 0.000677 45.137334
9.018346 1528643841.750993 0.000125 0.000138 0.000675 45.077194
9.030756 1528643841.763403 0.000124 0.000138 0.000677 45.042104
9.043441 1528643841.776088 0.000125 0.000138 0.000677 45.083286
9.055882 1528643841.788528 0.000125 0.000138 0.000677 45.128703
9.068789 1528643841.801436 0.000125 0.000137 0.000678 45.160867
9.080799 1528643841.813445 0.000125 0.000137 0.000679 45.173003
9.093350 1528643841.825997 0.000125 0.000137 0.000680 45.252982
9.105690 1528643841.838336 0.000125 0.000137 0.000675 45.080989
9.118261 1528643841.850908 0.000125 0.000137 0.000677 45.029433
9.131686 1528643841.864332 0.000125 0.000138 0.000675 44.871311
9.144183 1528643841.876829 0.000124 0.000137 0.000681 45.071557
9.156721 1528643841.889368 0.000123 0.000137 0.000677 44.715850
9.169343 1528643841.901989 0.000121 0.000137 0.000679 44.904355
9.181958 1528643841.914605 0.000120 0.000136 0.000679 45.642983
9.193541 1528643841.926188 0.000117 0.000136 0.000683 46.373401
9.205925 1528643841.938571 0.000116 0.000136 0.000689 47.021200
9.218179 1528643841.950826 0.000115 0.000136 0.000690 47.363888
9.230550 1528643841.963197 0.000115 0.000137 0.000685 47.398021
9.243047 1528643841.975693 0.000116 0.000138 0.000690 47.409657
9.255245 1528643841.987891 0.000116 0.000137 0.000687 47.443753
9.267619 1528643842.000266 0.000116 0.000137 0.000688 47.373559
9.280776 1528643842.013422 0.000115 0.000137 0.000688 47.361582
9.293190 1528643842.025836 0.000114 0.000136 0.000685 47.339168
9.305840 1528643842.038487 0.000113 0.000135 0.000687 47.318348
9.318291 1528643842.050937 0.000114 0.000135 0.000682 47.288411
9.332068 1528643842.064714 0.000113 0.000136 0.000684 47.328342
9.344587 1528643842.077234 0.000114 0.000136 0.000686 47.280877
9.356790 1528643842.089437 0.000114 0.000136 0.000686 47.316835
9.369526 1528643842.102173 0.000114 0.000137 0.000687 47.233964
9.383065 1528643842.115711 0.000114 0.000136 0.000685 47.285539
9.394185 1528643842.126832 0.000114 0.000136 0.000683 47.238095
9.405945 1528643842.138592 0.000114 0.000136 0.000684 47.313821
9.417911 1528643842.150557 0.000113 0.000134 0.000686 47.348844
9.431216 1528643842.163863 0.000114 0.000135 0.000682 47.316059
9.443246 1528643842.175893 0.000114 0.000135 0.000683 47.317856
9.455575 1528643842.188222 0.000114 0.000135 0.000686 47.308977
9.468168 1528643842.200814 0.000114 0.000135 0.000687 47.234486
9.480639 1528643842.213285 0.000114 0.000135 0.000688 47.264896
9.492926 1528643842.225572 0.000114 0.000134 0.000683 47.279874
9.505297 1528643842.237943 0.000115 0.000133 0.000686 47.284430
9.517979 1528643842.250625 0.000116 0.000133 0.000688 47.219465
9.530474 1528643842.263121 0.000116 0.000132 0.000681 47.042650
9.542969 1528643842.275615 0.000116 0.000133 0.000683 46.968836
9.555549 1528643842.288195 0.000116 0.000134 0.000681 46.779536
9.568312 1528643842.300958 0.000116 0.000136 0.000677 46.427931
9.580770 1528643842.313417 0.000117 0.000137 0.000672 46.091702
9.593109 1528643842.325755 0.000117 0.000139 0.000672 45.777507
9.605529 1528643842.338175 0.000116 0.000138 0.000670 45.959324
9.617712 1528643842.350358 0.000116 0.000138 0.000671 45.916606
9.631538 1528643842.364185 0.000116 0.000138 0.000673 45.874091
9.643299 1528643842.375946 0.000116 0.000137 0.000675 45.910052
9.655656 1528643842.388303 0.000116 0.000136 0.000675 46.106450
9.668240 1528643842.400886 0.000116 0.000136 0.000676 46.206736
9.680593 1528643842.413240 0.000116 0.000136 0.000673 46.169170
9.693059 1528643842.425706 0.000116 0.000138 0.000676 46.006668
9.705727 1528643842.438373 0.000116 0.000137 0.000674 46.042558
9.718028 1528643842.450674 0.000116 0.000139 0.000676 45.916414
9.730683 1528643842.463330 0.000116 0.000137 0.000672 45.913828
9.743154 1528643842.475800 0.000116 0.000136 0.000670 46.063571
9.755527 1528643842.488173 0.000116 0.000138 0.000670 45.978013
9.768472 1528643842.501119 0.000116 0.000138 0.000667 45.780184
9.780510 1528643842.513156 0.000116 0.000136 0.000669 45.890936
9.793186 1528643842.525833 0.000116 0.000138 0.000671 45.814009
9.805922 1528643842.538568 0.000115 0.000136 0.000671 45.823211
9.818190 1528643842.550837 0.000115 0.000137 0.000668 45.673308
9.830641 1528643842.563287 0.000115 0.000136 0.000671 45.850476
9.843319 1528643842.575965 0.000115 0.000137 0.000672 45.619192
9.856036 1528643842.588682 0.000115 0.000136 0.000671 45.724266
9.868407 1528643842.601053 0.000115 0.000137 0.000670 45.665273
9.881069 1528643842.613716 0.000115 0.000136 0.000670 45.713096
9.894047 1528643842.626694 0.000115 0.000136 0.000670 45.748027
9.906022 1528643842.638669 0.000115 0.000137 0.000669 45.741969
9.918653 1528643842.651299 0.000115 0.000137 0.000674 45.791373
9.931529 1528643842.664176 0.000115 0.000138 0.000681 45.837059
9.944031 1528643842.676677 0.000114 0.000136 0.000681 45.927482
9.956525 1528643842.689171 0.000113 0.000137 0.000689 46.122895
9.969025 1528643842.701672 0.000113 0.000140 0.000683 45.971960
9.981612 1528643842.714258 0.000115 0.000143 0.000671 45.764762
9.993994 1528643842.726640 0.000111 0.000132 0.000649 46.811271
10.006333 1528643842.738979 0.000112 0.000133 0.000643 46.580907
10.019008 1528643842.751655 0.000113 0.000134 0.000637 46.479851
10.031485 1528643842.764131 0.000113 0.000134 0.000631 46.634056
10.044129 1528643842.776776 0.000113 0.000135 0.000626 46.667021
10.056536 1528643842.789183 0.000113 0.000135 0.000623 46.614130
10.068728 1528643842.801374 0.000113 0.000135 0.000629 46.583998
10.081510 1528643842.814157 0.000113 0.000135 0.000632 46.727487
10.094541 1528643842.827187 0.000113 0.000134 0.000631 46.585381
10.106809 1528643842.839455 0.000113 0.000134 0.000628 46.637368
10.119536 1528643842.852183 0.000112 0.000134 0.000632 46.732481
10.132033 1528643842.864680 0.000112 0.000133 0.000634 46.595766
10.143661 1528643842.876308 0.000113 0.000133 0.000629 46.645945
10.156140 1528643842.888787 0.000112 0.000134 0.000631 46.681147
10.168859 1528643842.901506 0.000112 0.000133 0.000625 46.540925
10.180845 1528643842.913492 0.000112 0.000133 0.000630 46.437196
10.193555 1528643842.926201 0.000113 0.000132 0.000627 46.501654
10.205822 1528643842.938469 0.000112 0.000133 0.000626 46.616889
10.218393 1528643842.951039 0.000112 0.000133 0.000630 46.624656
10.230723 1528643842.963369 0.000112 0.000133 0.000626 46.674707
10.243255 1528643842.975901 0.000112 0.000133 0.000629 46.616689
10.255873 1528643842.988520 0.000112 0.000133 0.000627 46.667702
10.268756 1528643843.001403 0.000111 0.000133 0.000631 46.403943
10.281140 1528643843.013787 0.000112 0.000133 0.000624 46.507442
10.293281 1528643843.025928 0.000111 0.000133 0.000626 46.461028
10.306041 1528643843.038687 0.000111 0.000133 0.000627 46.444711
10.318698 1528643843.051345 0.000112 0.000133 0.000624 46.558139
10.330558 1528643843.063205 0.000111 0.000133 0.000628 46.457741
10.343416 1528643843.076062 0.000111 0.000132 0.000632 46.280089
10.356637 1528643843.089283 0.000111 0.000133 0.000636 46.524074
10.369134 1528643843.101781 0.000111 0.000132 0.000628 46.430993
10.381628 1528643843.114275 0.000110 0.000132 0.000631 46.389586
10.393919 1528643843.126565 0.000110 0.000132 0.000633 46.378814
10.405879 1528643843.138526 0.000110 0.000132 0.000635 46.456450
10.418321 1528643843.150967 0.000111 0.000132 0.000631 46.351224
10.430817 1528643843.163464 0.000110 0.000133 0.000634 46.637738
10.443609 1528643843.176256 0.000110 0.000133 0.000631 46.462179
10.457507 1528643843.190154 0.000111 0.000132 0.000633 46.335803
10.469697 1528643843.202344 0.000112 0.000133 0.000621 46.379082
10.481520 1528643843.214167 0.000112 0.000133 0.000631 46.632081
10.493504 1528643843.226151 0.000111 0.000132 0.000625 46.191604
10.507124 1528643843.239770 0.000112 0.000132 0.000632 46.366442
10.518633 1528643843.251279 0.000111 0.000132 0.000632 46.211650
10.530624 1528643843.263271 0.000112 0.000133 0.000632 46.572668
10.543731 1528643843.276377 0.000111 0.000132 0.000634 46.316756
10.555855 1528643843.288501 0.000112 0.000133 0.000635 46.468288
10.568361 1528643843.301008 0.000112 0.000133 0.000634 46.370825
10.580924 1528643843.313570 0.000112 0.000133 0.000630 46.305268
10.593236 1528643843.325882 0.000112 0.000133 0.000637 46.425822
10.605979 1528643843.338625 0.000113 0.000134 0.000629 46.454920
10.619727 1528643843.352373 0.000114 0.000133 0.000630 46.414136
10.631774 1528643843.364420 0.000114 0.000134 0.000629 46.619630
10.644532 1528643843.377179 0.000114 0.000134 0.000631 46.610362
10.656686 1528643843.389332 0.000115 0.000134 0.000619 46.557011
10.669297 1528643843.401943 0.000117 0.000134 0.000612 46.418643
10.681949 1528643843.414595 0.000117 0.000134 0.000618 46.046502
10.694434 1528643843.427081 0.000118 0.000133 0.000623 45.716032
10.706820 1528643843.439466 0.000117 0.000132 0.000639 45.494831
10.719612 1528643843.452259 0.000116 0.000132 0.000642 45.457392
10.731766 1528643843.464412 0.000118 0.000143 0.000658 44.250931
10.744565 1528643843.477211 0.000117 0.000131 0.000645 45.494796
10.757128 1528643843.489774 0.000119 0.000146 0.000659 44.047352
10.768790 1528643843.501436 0.000118 0.000145 0.000655 44.016841
10.780882 1528643843.513529 0.000116 0.000132 0.000641 45.413439
10.793175 1528643843.525822 0.000116 0.000132 0.000643 45.378288
10.805669 1528643843.538315 0.000117 0.000132 0.000638 45.312400
10.817973 1528643843.550620 0.000116 0.000132 0.000640 45.412144
10.830782 1528643843.563428 0.000116 0.000131 0.000637 45.265181
10.844899 1528643843.577546 0.000118 0.000144 0.000652 43.790777
10.857097 1528643843.589744 0.000116 0.000131 0.000643 45.344771
10.869650 1528643843.602296 0.000116 0.000131 0.000642 45.288326
10.881385 1528643843.614031 0.000115 0.000131 0.000638 45.136070
10.893401 1528643843.626047 0.000115 0.000131 0.000644 45.230516
10.905975 1528643843.638622 0.000117 0.000143 0.000653 43.715289
10.918369 1528643843.651016 0.000115 0.000131 0.000643 45.158166
10.930866 1528643843.663513 0.000115 0.000131 0.000641 45.267408
10.943300 1528643843.675946 0.000116 0.000131 0.000639 45.184757
10.955789 1528643843.688436 0.000116 0.000131 0.000640 45.162650
10.969587 1528643843.702233 0.000115 0.000131 0.000635 44.936910
10.982221 1528643843.714867 0.000115 0.000131 0.000635 44.936393
10.994672 1528643843.727319 0.000115 0.000131 0.000644 45.097706
11.007238 1528643843.739885 0.000118 0.000144 0.000652 43.382673
11.019234 1528643843.751880 0.000116 0.000131 0.000634 44.718358
11.031932 1528643843.764578 0.000118 0.000143 0.000651 43.384397
11.044224 1528643843.776870 0.000118 0.000143 0.000653 43.411947
11.056417 1528643843.789064 0.000118 0.000143 0.000658 43.518893
11.068699 1528643843.801345 0.000119 0.000143 0.000655 43.483506
11.081831 1528643843.814477 0.000116 0.000131 0.000637 44.755506
11.093729 1528643843.826376 0.000116 0.000131 0.000637 44.747433
11.106203 1528643843.838849 0.000116 0.000131 0.000636 44.699744
11.118402 1528643843.851049 0.000116 0.000131 0.000638 44.806256
11.131115 1528643843.863761 0.000119 0.000144 0.000653 43.270737
11.143629 1528643843.876275 0.000117 0.000131 0.000634 44.769509
11.156401 1528643843.889048 0.000116 0.000131 0.000633 44.612715
11.168613 1528643843.901260 0.000119 0.000146 0.000649 43.212839
11.180930 1528643843.913577 0.000117 0.000131 0.000639 44.884643
11.194731 1528643843.927377 0.000116 0.000131 0.000633 44.625967
11.206255 1528643843.938901 0.000117 0.000131 0.000633 44.553875
11.218551 1528643843.951197 0.000119 0.000145 0.000650 43.218264
11.231028 1528643843.963674 0.000117 0.000132 0.000636 44.669427
11.243688 1528643843.976334 0.000117 0.000132 0.000635 44.691413
11.256153 1528643843.988800 0.000117 0.000132 0.000636 44.709212
11.268851 1528643844.001498 0.000117 0.000132 0.000634 44.607198
11.281368 1528643844.014015 0.000117 0.000132 0.000636 44.456209
11.294002 1528643844.026649 0.000117 0.000132 0.000635 44.435973
11.306237 1528643844.038883 0.000117 0.000132 0.000634 44.384615
11.319037 1528643844.051683 0.000120 0.000145 0.000656 43.136013
11.331715 1528643844.064361 0.000120 0.000144 0.000654 43.109368
11.343684 1528643844.076330 0.000120 0.000144 0.000649 43.019376
11.356183 1528643844.088830 0.000118 0.000132 0.000633 44.274145
11.368823 1528643844.101470 0.000118 0.000132 0.000634 44.466881
11.381601 1528643844.114248 0.000118 0.000132 0.000638 44.413563
11.393993 1528643844.126640 0.000118 0.000132 0.000637 44.409887
11.406407 1528643844.139054 0.000121 0.000145 0.000651 42.959245
11.418784 1528643844.151431 0.000118 0.000132 0.000637 44.376856
11.434689 1528643844.167336 0.000120 0.000132 0.000639 44.439433
11.443807 1528643844.176453 0.000121 0.000145 0.000647 42.720001
11.456660 1528643844.189306 0.000119 0.000135 0.000636 44.329834
11.469302 1528643844.201948 0.000118 0.000136 0.000633 44.752570
11.481735 1528643844.214382 0.000116 0.000137 0.000627 45.040382
11.494323 1528643844.226970 0.000119 0.000150 0.000645 43.950111
11.506526 1528643844.239172 0.000120 0.000148 0.000646 44.198463
11.519422 1528643844.252069 0.000119 0.000147 0.000650 44.467237
11.531496 1528643844.264143 0.000119 0.000146 0.000655 44.716717
11.544343 1528643844.276989 0.000119 0.000146 0.000655 44.704149
11.556467 1528643844.289113 0.000119 0.000145 0.000653 44.846328
11.569207 1528643844.301854 0.000119 0.000144 0.000663 45.062011
11.581365 1528643844.314011 0.000119 0.000144 0.000657 45.027652
11.593970 1528643844.326616 0.000119 0.000144 0.000663 45.081843
11.607025 1528643844.339671 0.000118 0.000145 0.000657 44.789184
11.619931 1528643844.352578 0.000119 0.000145 0.000658 44.800905
11.631447 1528643844.364093 0.000118 0.000144 0.000660 44.883105
11.643986 1528643844.376632 0.000118 0.000144 0.000660 44.887676
11.656801 1528643844.389448 0.000119 0.000145 0.000658 44.889780
11.669496 1528643844.402143 0.000118 0.000144 0.000659 44.875976
11.681501 1528643844.414147 0.000118 0.000143 0.000657 44.943527
11.693753 1528643844.426399 0.000118 0.000143 0.000658 44.891602
11.706094 1528643844.438740 0.000118 0.000143 0.000660 44.978256
11.718700 1528643844.451346 0.000118 0.000144 0.000661 44.880834
11.731138 1528643844.463785 0.000119 0.000144 0.000656 44.881496
11.743628 1528643844.476274 0.000118 0.000144 0.000656 44.964202
11.757450 1528643844.490096 0.000118 0.000144 0.000659 44.840541
11.769762 1528643844.502408 0.000118 0.000143 0.000660 44.817734
11.781607 1528643844.514254 0.000118 0.000143 0.000659 44.963629
11.794065 1528643844.526711 0.000118 0.000144 0.000658 44.795480
11.806788 1528643844.539435 0.000118 0.000143 0.000658 44.793338
11.818672 1528643844.551319 0.000118 0.000144 0.000657 44.747711
11.831435 1528643844.564081 0.000118 0.000143 0.000658 44.836874
11.843845 1528643844.576491 0.000117 0.000143 0.000662 44.747005
11.856497 1528643844.589143 0.000118 0.000143 0.000659 44.787664
11.869008 1528643844.601654 0.000117 0.000143 0.000663 44.821403
11.881392 1528643844.614039 0.000118 0.000143 0.000661 44.826474
11.893719 1528643844.626365 0.000117 0.000142 0.000663 44.858110
11.906558 1528643844.639204 0.000117 0.000143 0.000662 44.752627
11.918695 1528643844.651341 0.000118 0.000142 0.000661 44.961477
11.931271 1528643844.663917 0.000118 0.000143 0.000662 44.783765
11.943872 1528643844.676519 0.000117 0.000144 0.000665 44.693382
11.956666 1528643844.689312 0.000118 0.000143 0.000661 44.957402
11.968837 1528643844.701483 0.000118 0.000144 0.000661 44.723134
11.981416 1528643844.714063 0.000118 0.000143 0.000660 44.832040
11.993911 1528643844.726558 0.000118 0.000144 0.000661 44.955658
12.006274 1528643844.738921 0.000118 0.000144 0.000665 44.801699
12.018895 1528643844.751541 0.000118 0.000144 0.000659 44.806781
12.031465 1528643844.764111 0.000118 0.000145 0.000668 44.730017
12.043963 1528643844.776610 0.000118 0.000143 0.000666 44.931324
12.056755 1528643844.789401 0.000118 0.000144 0.000666 44.901737
12.069247 1528643844.801894 0.000118 0.000145 0.000663 44.675825
12.081713 1528643844.814359 0.000119 0.000144 0.000661 44.754438
12.093988 1528643844.826634 0.000118 0.000144 0.000664 44.804122
12.106354 1528643844.839000 0.000118 0.000145 0.000661 44.812637
12.119157 1528643844.851804 0.000118 0.000144 0.000662 44.849260
12.131828 1528643844.864475 0.000118 0.000145 0.000662 44.636866
12.144786 1528643844.877433 0.000118 0.000145 0.000666 44.641253
12.157135 1528643844.889781 0.000118 0.000146 0.000667 44.620266
12.169756 1528643844.902402 0.000118 0.000145 0.000667 44.776265
12.182279 1528643844.914925 0.000118 0.000145 0.000661 44.822254
12.193659 1528643844.926306 0.000118 0.000145 0.000661 44.840957
12.206771 1528643844.939417 0.000118 0.000145 0.000668 44.759738
12.219252 1528643844.951899 0.000118 0.000144 0.000666 44.805839
12.231833 1528643844.964479 0.000117 0.000145 0.000668 44.625403
12.244003 1528643844.976650 0.000119 0.000145 0.000671 44.559298
12.256327 1528643844.988973 0.000122 0.000144 0.000678 44.509416
12.268957 1528643845.001603 0.000123 0.000143 0.000683 44.974771
12.281145 1528643845.013792 0.000121 0.000141 0.000690 46.494521
12.293633 1528643845.026280 0.000118 0.000141 0.000709 48.227405
12.305591 1528643845.038237 0.000114 0.000142 0.000705 50.280913
12.318177 1528643845.050824 0.000110 0.000147 0.000734 52.807266
12.331003 1528643845.063649 0.000110 0.000152 0.000723 55.430115
12.343197 1528643845.075843 0.000109 0.000154 0.000728 58.167978
12.355830 1528643845.088476 0.000110 0.000157 0.000729 60.401242
12.368500 1528643845.101146 0.000109 0.000157 0.000736 62.009873
12.380942 1528643845.113589 0.000110 0.000157 0.000735 63.051731
12.393485 1528643845.126131 0.000109 0.000156 0.000740 63.548547
12.405795 1528643845.138441 0.000109 0.000157 0.000766 63.343660
12.418688 1528643845.151334 0.000109 0.000154 0.000770 63.441450
12.431159 1528643845.163805 0.000109 0.000153 0.000767 63.539487
12.445220 1528643845.177866 0.000110 0.000153 0.000771 63.317416
12.457330 1528643845.189976 0.000111 0.000153 0.000767 63.396733
12.469798 1528643845.202445 0.000110 0.000151 0.000771 63.412172
12.482613 1528643845.215260 0.000111 0.000150 0.000770 63.401146
12.494421 1528643845.227067 0.000110 0.000149 0.000769 63.465042
12.506436 1528643845.239083 0.000110 0.000149 0.000768 63.462700
12.518460 1528643845.251107 0.000111 0.000149 0.000771 63.441176
12.531993 1528643845.264639 0.000109 0.000149 0.000774 63.573219
12.544924 1528643845.277570 0.000110 0.000149 0.000772 63.684934
12.556973 1528643845.289619 0.000110 0.000149 0.000774 63.585491
12.568934 1528643845.301580 0.000110 0.000149 0.000774 63.614910
12.580917 1528643845.313564 0.000109 0.000149 0.000772 63.616195
12.593608 1528643845.326254 0.000109 0.000149 0.000773 63.643874
12.605859 1528643845.338505 0.000108 0.000149 0.000773 63.644600
12.618479 1528643845.351125 0.000108 0.000150 0.000772 63.836129
12.631082 1528643845.363729 0.000109 0.000149 0.000775 63.939583
12.643888 1528643845.376534 0.000108 0.000150 0.000773 64.183159
