-5.175878 1528471027.131234 0.000120 0.000142 0.000754 41.517221
-5.163299 1528471027.143812 0.000119 0.000141 0.000758 41.436065
-5.150807 1528471027.156305 0.000120 0.000142 0.000754 41.509340
-5.138386 1528471027.168725 0.000120 0.000142 0.000758 41.426036
-5.125943 1528471027.181169 0.000119 0.000142 0.000760 41.432024
-5.113380 1528471027.193732 0.000119 0.000143 0.000760 41.533682
-5.101152 1528471027.205960 0.000120 0.000142 0.000753 41.572118
-5.087741 1528471027.219371 0.000120 0.000142 0.000756 41.645441
-5.075800 1528471027.231311 0.000119 0.000142 0.000763 41.530414
-5.063370 1528471027.243741 0.000120 0.000142 0.000758 41.677539
-5.050871 1528471027.256240 0.000120 0.000142 0.000761 41.656598
-5.038426 1528471027.268686 0.000120 0.000142 0.000759 41.666634
-5.025851 1528471027.281260 0.000119 0.000142 0.000765 41.578511
-5.013454 1528471027.293658 0.000119 0.000141 0.000760 41.675287
-5.000444 1528471027.306668 0.000121 0.000143 0.000753 41.477236
-4.987914 1528471027.319198 0.000119 0.000142 0.000763 41.692457
-4.975798 1528471027.331314 0.000120 0.000142 0.000758 41.633254
-4.963786 1528471027.343325 0.000119 0.000141 0.000763 41.526991
-4.951396 1528471027.355716 0.000119 0.000143 0.000761 41.688156
-4.938835 1528471027.368276 0.000120 0.000142 0.000757 41.708799
-4.926264 1528471027.380848 0.000120 0.000143 0.000763 41.648984
-4.913055 1528471027.394057 0.000120 0.000142 0.000754 41.619330
-4.901034 1528471027.406078 0.000120 0.000143 0.000755 41.632029
-4.888409 1528471027.418703 0.000120 0.000142 0.000767 41.693422
-4.875990 1528471027.431122 0.000121 0.000143 0.000758 41.659702
-4.863735 1528471027.443377 0.000120 0.000142 0.000761 41.618326
-4.850618 1528471027.456494 0.000120 0.000142 0.000759 41.638158
-4.837206 1528471027.469906 0.000120 0.000143 0.000757 41.763147
-4.824982 1528471027.482129 0.000120 0.000143 0.000757 41.643495
-4.812855 1528471027.494257 0.000121 0.000143 0.000760 41.485496
-4.799967 1528471027.507144 0.000121 0.000143 0.000761 41.555956
-4.787679 1528471027.519433 0.000119 0.000144 0.000778 41.525924
-4.776041 1528471027.531071 0.000117 0.000144 0.000806 41.435449
-4.762580 1528471027.544531 0.000117 0.000143 0.000822 41.288352
-4.750392 1528471027.556720 0.000117 0.000143 0.000821 41.386999
-4.738014 1528471027.569098 0.000118 0.000143 0.000819 41.118710
-4.725041 1528471027.582071 0.000117 0.000143 0.000816 40.925702
-4.713449 1528471027.593663 0.000117 0.000143 0.000816 41.206258
-4.701443 1528471027.605669 0.000116 0.000143 0.000817 41.222811
-4.687363 1528471027.619749 0.000117 0.000142 0.000825 40.928307
-4.676073 1528471027.631039 0.000116 0.000143 0.000819 41.376432
-4.663334 1528471027.643778 0.000116 0.000143 0.000822 41.300652
-4.651488 1528471027.655624 0.000117 0.000143 0.000816 41.281174
-4.638636 1528471027.668475 0.000116 0.000143 0.000818 41.293630
-4.625064 1528471027.682048 0.000116 0.000142 0.000817 41.238670
-4.612731 1528471027.694381 0.000116 0.000143 0.000811 41.158042
-4.600450 1528471027.706662 0.000116 0.000143 0.000814 41.154924
-4.588077 1528471027.719035 0.000116 0.000143 0.000813 41.158222
-4.574630 1528471027.732481 0.000116 0.000143 0.000816 41.341583
-4.563548 1528471027.743564 0.000117 0.000143 0.000817 41.108679
-4.550868 1528471027.756243 0.000116 0.000143 0.000825 41.134727
-4.538249 1528471027.768862 0.000114 0.000144 0.000821 41.580305
-4.525718 1528471027.781393 0.000113 0.000144 0.000833 42.046741
-4.513443 1528471027.793669 0.000114 0.000144 0.000838 42.169596
-4.500676 1528471027.806435 0.000115 0.000144 0.000841 42.078995
-4.487875 1528471027.819237 0.000115 0.000143 0.000838 42.017486
-4.475906 1528471027.831206 0.000117 0.000143 0.000832 41.875209
-4.461244 1528471027.845868 0.000114 0.000144 0.000824 42.093818
-4.450747 1528471027.856365 0.000114 0.000143 0.000829 41.955231
-4.438444 1528471027.868668 0.000114 0.000144 0.000830 42.082380
-4.425749 1528471027.881362 0.000115 0.000144 0.000826 41.950177
-4.413407 1528471027.893705 0.000114 0.000143 0.000832 41.962259
-4.400630 1528471027.906482 0.000115 0.000144 0.000827 41.905584
-4.388172 1528471027.918939 0.000113 0.000143 0.000823 42.167456
-4.375803 1528471027.931309 0.000115 0.000145 0.000816 41.739250
-4.363491 1528471027.943621 0.000113 0.000143 0.000824 42.027629
-4.350388 1528471027.956724 0.000115 0.000144 0.000818 41.769941
-4.338334 1528471027.968778 0.000115 0.000144 0.000821 41.704860
-4.325877 1528471027.981235 0.000115 0.000144 0.000818 41.616697
-4.313255 1528471027.993856 0.000114 0.000144 0.000817 41.739337
-4.301002 1528471028.006110 0.000114 0.000144 0.000816 41.747671
-4.288468 1528471028.018644 0.000115 0.000144 0.000818 41.660831
-4.275950 1528471028.031161 0.000114 0.000144 0.000813 41.800751
-4.263421 1528471028.043691 0.000115 0.000145 0.000813 41.643681
-4.250844 1528471028.056268 0.000115 0.000145 0.000814 41.646634
-4.238315 1528471028.068797 0.000115 0.000145 0.000816 41.565737
-4.225838 1528471028.081274 0.000115 0.000144 0.000817 41.666991
-4.213317 1528471028.093795 0.000115 0.000145 0.000817 41.725235
-4.200894 1528471028.106218 0.000116 0.000146 0.000815 41.649872
-4.188568 1528471028.118543 0.000115 0.000145 0.000808 41.819792
-4.175867 1528471028.131245 0.000117 0.000145 0.000809 41.702287
-4.163203 1528471028.143909 0.000116 0.000145 0.000808 41.829001
-4.150890 1528471028.156222 0.000116 0.000145 0.000811 41.871859
-4.138401 1528471028.168711 0.000117 0.000146 0.000809 41.685571
-4.125909 1528471028.181202 0.000116 0.000146 0.000814 41.815027
-4.113533 1528471028.193578 0.000117 0.000146 0.000810 41.572872
-4.100954 1528471028.206158 0.000116 0.000146 0.000807 41.840223
-4.088605 1528471028.218507 0.000118 0.000146 0.000810 41.738505
-4.076028 1528471028.231084 0.000116 0.000146 0.000810 41.945006
-4.063173 1528471028.243939 0.000117 0.000147 0.000810 41.768770
-4.050741 1528471028.256371 0.000120 0.000147 0.000802 41.402265
-4.038425 1528471028.268687 0.000122 0.000144 0.000788 40.913707
-4.025792 1528471028.281320 0.000123 0.000143 0.000763 40.457813
-4.013082 1528471028.294030 0.000121 0.000143 0.000792 40.592051
-4.001115 1528471028.305996 0.000123 0.000143 0.000804 40.559139
-3.988594 1528471028.318517 0.000122 0.000142 0.000809 40.742331
-3.976094 1528471028.331017 0.000121 0.000143 0.000815 40.859637
-3.962615 1528471028.344497 0.000122 0.000143 0.000816 40.663348
-3.950532 1528471028.356580 0.000120 0.000142 0.000811 40.896355
-3.937775 1528471028.369337 0.000121 0.000142 0.000814 40.757918
-3.926018 1528471028.381094 0.000119 0.000141 0.000815 40.850763
-3.913657 1528471028.393454 0.000121 0.000142 0.000817 40.776364
-3.901269 1528471028.405843 0.000121 0.000142 0.000816 40.842370
-3.888483 1528471028.418629 0.000120 0.000142 0.000806 40.805774
-3.875737 1528471028.431374 0.000121 0.000142 0.000813 40.693875
-3.863430 1528471028.443681 0.000120 0.000141 0.000813 40.648981
-3.850860 1528471028.456251 0.000119 0.000141 0.000812 40.882280
-3.838338 1528471028.468774 0.000121 0.000141 0.000815 40.643224
-3.825580 1528471028.481532 0.000121 0.000141 0.000810 40.562018
-3.813517 1528471028.493594 0.000120 0.000140 0.000815 40.699555
-3.800922 1528471028.506190 0.000121 0.000141 0.000812 40.541166
-3.788651 1528471028.518461 0.000121 0.000141 0.000812 40.529110
-3.775656 1528471028.531456 0.000120 0.000141 0.000815 40.549542
-3.763141 1528471028.543971 0.000120 0.000140 0.000817 40.640295
-3.750974 1528471028.556138 0.000121 0.000140 0.000814 40.466556
-3.738365 1528471028.568747 0.000120 0.000141 0.000817 40.691621
-3.726099 1528471028.581012 0.000120 0.000140 0.000814 40.498520
-3.713016 1528471028.594096 0.000120 0.000141 0.000812 40.548262
-3.700945 1528471028.606166 0.000120 0.000141 0.000814 40.679504
-3.688103 1528471028.619009 0.000120 0.000140 0.000817 40.583434
-3.676084 1528471028.631027 0.000118 0.000141 0.000816 40.789428
-3.662953 1528471028.644158 0.000119 0.000140 0.000815 40.521127
-3.650523 1528471028.656589 0.000120 0.000140 0.000814 40.499317
-3.637731 1528471028.669381 0.000120 0.000140 0.000815 40.500052
-3.624447 1528471028.682665 0.000119 0.000140 0.000818 40.432159
-3.612259 1528471028.694853 0.000120 0.000140 0.000816 40.501325
-3.600047 1528471028.707064 0.000120 0.000140 0.000812 40.417232
-3.587752 1528471028.719360 0.000119 0.000140 0.000817 40.441114
-3.576181 1528471028.730931 0.000118 0.000140 0.000811 40.594539
-3.562877 1528471028.744235 0.000120 0.000140 0.000813 40.431178
-3.550532 1528471028.756580 0.000119 0.000141 0.000815 40.452701
-3.537377 1528471028.769735 0.000119 0.000140 0.000817 40.445940
-3.525054 1528471028.782058 0.000120 0.000140 0.000815 40.446964
-3.512480 1528471028.794632 0.000120 0.000140 0.000821 40.430560
-3.500759 1528471028.806353 0.000120 0.000140 0.000818 40.489271
-3.488528 1528471028.818584 0.000119 0.000141 0.000809 40.605169
-3.475953 1528471028.831158 0.000118 0.000140 0.000816 40.704318
-3.463328 1528471028.843783 0.000119 0.000141 0.000807 40.543232
-3.451013 1528471028.856099 0.000120 0.000140 0.000815 40.396957
-3.438485 1528471028.868626 0.000119 0.000141 0.000815 40.664171
-3.425808 1528471028.881304 0.000120 0.000141 0.000814 40.298003
-3.413492 1528471028.893620 0.000120 0.000142 0.000802 40.516084
-3.400287 1528471028.906824 0.000120 0.000142 0.000801 40.397588
-3.387436 1528471028.919676 0.000120 0.000142 0.000801 40.286190
-3.375094 1528471028.932017 0.000121 0.000142 0.000800 40.249506
-3.362668 1528471028.944444 0.000124 0.000142 0.000795 40.256748
-3.350067 1528471028.957045 0.000125 0.000142 0.000793 40.195978
-3.337292 1528471028.969820 0.000124 0.000142 0.000791 40.382689
-3.325681 1528471028.981431 0.000122 0.000142 0.000790 41.015739
-3.313615 1528471028.993497 0.000122 0.000142 0.000800 41.127747
-3.301223 1528471029.005889 0.000122 0.000142 0.000803 41.212471
-3.288651 1528471029.018461 0.000122 0.000143 0.000803 41.063533
-3.276033 1528471029.031079 0.000122 0.000143 0.000805 41.124704
-3.263118 1528471029.043993 0.000122 0.000142 0.000801 40.914423
-3.250310 1528471029.056802 0.000122 0.000143 0.000795 40.935620
-3.238108 1528471029.069003 0.000122 0.000142 0.000796 40.768242
-3.224920 1528471029.082192 0.000122 0.000143 0.000794 40.777056
-3.212547 1528471029.094565 0.000122 0.000142 0.000803 40.809729
-3.200216 1528471029.106896 0.000121 0.000143 0.000800 40.806147
-3.187251 1528471029.119860 0.000121 0.000142 0.000797 40.722117
-3.175196 1528471029.131916 0.000124 0.000143 0.000796 40.339168
-3.162468 1528471029.144643 0.000121 0.000142 0.000795 40.602874
-3.150693 1528471029.156419 0.000121 0.000142 0.000797 40.586741
-3.138624 1528471029.168488 0.000122 0.000142 0.000795 40.644650
-3.126584 1528471029.180528 0.000121 0.000141 0.000799 40.810611
-3.113533 1528471029.193578 0.000122 0.000141 0.000803 40.676417
-3.100815 1528471029.206296 0.000121 0.000141 0.000803 40.691342
-3.088091 1528471029.219021 0.000121 0.000142 0.000801 40.630672
-3.075588 1528471029.231524 0.000121 0.000141 0.000803 40.618897
-3.063254 1528471029.243858 0.000122 0.000142 0.000801 40.599428
-3.050870 1528471029.256242 0.000121 0.000141 0.000801 40.515928
-3.037221 1528471029.269890 0.000121 0.000141 0.000802 40.571013
-3.024578 1528471029.282534 0.000121 0.000142 0.000799 40.602314
-3.012113 1528471029.294999 0.000120 0.000142 0.000799 40.465032
-3.000038 1528471029.307074 0.000121 0.000142 0.000799 40.487729
-2.988348 1528471029.318764 0.000120 0.000141 0.000800 40.652084
-2.976209 1528471029.330903 0.000121 0.000141 0.000799 40.636839
-2.962709 1528471029.344403 0.000121 0.000142 0.000803 40.597974
-2.949735 1528471029.357377 0.000121 0.000141 0.000797 40.603725
-2.937453 1528471029.369659 0.000120 0.000142 0.000798 40.647162
-2.926095 1528471029.381017 0.000120 0.000141 0.000799 40.591249
-2.913615 1528471029.393497 0.000120 0.000141 0.000803 40.721413
-2.901167 1528471029.405944 0.000122 0.000142 0.000794 40.633316
-2.888320 1528471029.418792 0.000121 0.000141 0.000801 40.615457
-2.875841 1528471029.431271 0.000122 0.000142 0.000796 40.514265
-2.863289 1528471029.443823 0.000121 0.000142 0.000796 40.647150
-2.851004 1528471029.456107 0.000121 0.000142 0.000797 40.634646
-2.838672 1528471029.468439 0.000122 0.000142 0.000792 40.557625
-2.825863 1528471029.481249 0.000124 0.000143 0.000782 40.573010
-2.813515 1528471029.493597 0.000121 0.000144 0.000796 40.895996
-2.800339 1528471029.506773 0.000119 0.000143 0.000820 41.002578
-2.787935 1528471029.519176 0.000118 0.000143 0.000825 40.874508
-2.775264 1528471029.531847 0.000119 0.000142 0.000819 40.897845
-2.762225 1528471029.544886 0.000118 0.000142 0.000821 40.860955
-2.750738 1528471029.556374 0.000118 0.000142 0.000817 41.080430
-2.738206 1528471029.568906 0.000118 0.000142 0.000811 40.919684
-2.725886 1528471029.581226 0.000118 0.000142 0.000813 40.868166
-2.713352 1528471029.593759 0.000117 0.000142 0.000816 41.000468
-2.701071 1528471029.606041 0.000117 0.000141 0.000815 40.913194
-2.687796 1528471029.619315 0.000118 0.000142 0.000812 40.946722
-2.675217 1528471029.631894 0.000118 0.000143 0.000814 40.879531
-2.662922 1528471029.644190 0.000117 0.000142 0.000811 40.869521
-2.650893 1528471029.656219 0.000117 0.000142 0.000812 40.774051
-2.638323 1528471029.668789 0.000117 0.000141 0.000819 40.830795
-2.626038 1528471029.681073 0.000117 0.000142 0.000811 40.797075
-2.613443 1528471029.693668 0.000117 0.000142 0.000813 40.823109
-2.600977 1528471029.706134 0.000117 0.000141 0.000817 40.760627
-2.588581 1528471029.718530 0.000116 0.000142 0.000817 40.718279
-2.575637 1528471029.731474 0.000116 0.000141 0.000811 40.714232
-2.563114 1528471029.743998 0.000117 0.000141 0.000817 40.600760
-2.551108 1528471029.756004 0.000117 0.000141 0.000811 40.801981
-2.538763 1528471029.768348 0.000117 0.000142 0.000813 40.665490
-2.525983 1528471029.781129 0.000116 0.000142 0.000817 40.770964
-2.513678 1528471029.793434 0.000117 0.000142 0.000812 40.585494
-2.501041 1528471029.806071 0.000117 0.000142 0.000815 40.714510
-2.488499 1528471029.818612 0.000118 0.000141 0.000822 40.570047
-2.476208 1528471029.830903 0.000116 0.000141 0.000816 40.736545
-2.463323 1528471029.843789 0.000118 0.000142 0.000812 40.555065
-2.451224 1528471029.855888 0.000117 0.000142 0.000813 40.631755
-2.438509 1528471029.868603 0.000117 0.000141 0.000810 40.568349
-2.425594 1528471029.881518 0.000117 0.000142 0.000809 40.460836
-2.413037 1528471029.894075 0.000116 0.000141 0.000809 40.472904
-2.400346 1528471029.906766 0.000116 0.000141 0.000812 40.543083
-2.387678 1528471029.919434 0.000117 0.000141 0.000811 40.501611
-2.375622 1528471029.931489 0.000117 0.000141 0.000813 40.494438
-2.363142 1528471029.943970 0.000117 0.000141 0.000808 40.600467
-2.350484 1528471029.956628 0.000117 0.000142 0.000811 40.412354
-2.338179 1528471029.968933 0.000117 0.000142 0.000810 40.598983
-2.325524 1528471029.981588 0.000117 0.000142 0.000806 40.487168
-2.312921 1528471029.994191 0.000117 0.000142 0.000805 40.498193
-2.300362 1528471030.006750 0.000118 0.000142 0.000809 40.484756
-2.288091 1528471030.019021 0.000117 0.000142 0.000807 40.545489
-2.275471 1528471030.031641 0.000117 0.000142 0.000810 40.457618
-2.262773 1528471030.044338 0.000118 0.000142 0.000805 40.447987
-2.249603 1528471030.057509 0.000118 0.000142 0.000805 40.342785
-2.237281 1528471030.069830 0.000118 0.000143 0.000802 40.447687
-2.224815 1528471030.082297 0.000119 0.000143 0.000803 40.138180
-2.213068 1528471030.094043 0.000121 0.000143 0.000803 40.096734
-2.200986 1528471030.106126 0.000118 0.000142 0.000804 40.386771
-2.187897 1528471030.119214 0.000117 0.000142 0.000803 40.409947
-2.175802 1528471030.131310 0.000120 0.000144 0.000800 40.157792
-2.163167 1528471030.143945 0.000119 0.000143 0.000802 40.299565
-2.150669 1528471030.156443 0.000119 0.000143 0.000805 40.264601
-2.138368 1528471030.168744 0.000119 0.000143 0.000799 40.452666
-2.125745 1528471030.181366 0.000120 0.000144 0.000802 40.153644
-2.112715 1528471030.194396 0.000120 0.000144 0.000801 40.061184
-2.100223 1528471030.206889 0.000118 0.000144 0.000808 40.493123
-2.087183 1528471030.219929 0.000118 0.000146 0.000802 41.270664
-2.074748 1528471030.232364 0.000119 0.000146 0.000806 41.356746
-2.062504 1528471030.244608 0.000120 0.000147 0.000807 41.288373
-2.050452 1528471030.256660 0.000121 0.000146 0.000770 40.962169
-2.037596 1528471030.269516 0.000120 0.000145 0.000765 40.844427
-2.025353 1528471030.281759 0.000120 0.000146 0.000763 40.810407
-2.013164 1528471030.293948 0.000121 0.000146 0.000761 40.627599
-2.000715 1528471030.306396 0.000120 0.000145 0.000763 40.729751
-1.988271 1528471030.318841 0.000119 0.000145 0.000762 40.833154
-1.975993 1528471030.331118 0.000121 0.000146 0.000762 40.640618
-1.962414 1528471030.344698 0.000119 0.000146 0.000767 40.731499
-1.950603 1528471030.356509 0.000119 0.000146 0.000766 40.644811
-1.938082 1528471030.369030 0.000118 0.000145 0.000769 40.693614
-1.925364 1528471030.381747 0.000117 0.000144 0.000766 40.849230
-1.912525 1528471030.394587 0.000120 0.000144 0.000768 40.535698
-1.900595 1528471030.406517 0.000116 0.000144 0.000769 40.794096
-1.888119 1528471030.418993 0.000117 0.000144 0.000773 40.577936
-1.875913 1528471030.431199 0.000119 0.000145 0.000767 40.541072
-1.863098 1528471030.444013 0.000119 0.000144 0.000770 40.522884
-1.849135 1528471030.457977 0.000119 0.000144 0.000771 40.497921
-1.837768 1528471030.469344 0.000117 0.000144 0.000768 40.750769
-1.825692 1528471030.481420 0.000118 0.000145 0.000773 40.500147
-1.813283 1528471030.493829 0.000117 0.000144 0.000772 40.678996
-1.800723 1528471030.506389 0.000117 0.000144 0.000777 40.582573
-1.786926 1528471030.520186 0.000119 0.000144 0.000773 40.545176
-1.774632 1528471030.532480 0.000116 0.000143 0.000777 40.688242
-1.762612 1528471030.544500 0.000117 0.000144 0.000770 40.720275
-1.750823 1528471030.556289 0.000118 0.000144 0.000774 40.642524
-1.736859 1528471030.570253 0.000116 0.000144 0.000768 40.945937
-1.725785 1528471030.581327 0.000117 0.000144 0.000773 40.789471
-1.713138 1528471030.593974 0.000116 0.000144 0.000769 40.894800
-1.700522 1528471030.606589 0.000118 0.000144 0.000773 40.660061
-1.688284 1528471030.618828 0.000117 0.000144 0.000774 40.658568
-1.675540 1528471030.631572 0.000118 0.000145 0.000772 40.681126
-1.663250 1528471030.643862 0.000118 0.000144 0.000772 40.771308
-1.650926 1528471030.656186 0.000116 0.000143 0.000779 40.587757
-1.638237 1528471030.668875 0.000118 0.000145 0.000771 40.679854
-1.624532 1528471030.682580 0.000118 0.000144 0.000775 40.687339
-1.612586 1528471030.694526 0.000117 0.000145 0.000767 40.928446
-1.599900 1528471030.707211 0.000117 0.000144 0.000773 40.891390
-1.587453 1528471030.719658 0.000118 0.000144 0.000773 40.671341
-1.575353 1528471030.731758 0.000115 0.000144 0.000771 40.964267
-1.563129 1528471030.743983 0.000118 0.000145 0.000771 40.680249
-1.550733 1528471030.756379 0.000116 0.000145 0.000771 40.850322
-1.537931 1528471030.769181 0.000116 0.000145 0.000770 41.005492
-1.525644 1528471030.781468 0.000116 0.000145 0.000772 40.870645
-1.513153 1528471030.793959 0.000116 0.000144 0.000772 40.954192
-1.500361 1528471030.806751 0.000117 0.000145 0.000778 40.746091
-1.487914 1528471030.819198 0.000118 0.000146 0.000773 40.743794
-1.475680 1528471030.831432 0.000117 0.000145 0.000773 40.925538
-1.462629 1528471030.844482 0.000118 0.000146 0.000775 40.725179
-1.450391 1528471030.856721 0.000117 0.000146 0.000786 41.164865
-1.437969 1528471030.869143 0.000126 0.000144 0.000745 39.882790
-1.424664 1528471030.882448 0.000127 0.000143 0.000751 39.530455
-1.412122 1528471030.894990 0.000127 0.000143 0.000759 39.240803
-1.399959 1528471030.907153 0.000126 0.000143 0.000764 39.275161
-1.387107 1528471030.920005 0.000124 0.000142 0.000791 39.855962
-1.374626 1528471030.932486 0.000124 0.000142 0.000796 40.081152
-1.362161 1528471030.944951 0.000126 0.000142 0.000799 39.786187
-1.350540 1528471030.956572 0.000125 0.000142 0.000794 39.925515
-1.338024 1528471030.969087 0.000124 0.000142 0.000790 39.939656
-1.325530 1528471030.981581 0.000125 0.000143 0.000788 39.865141
-1.313227 1528471030.993884 0.000125 0.000142 0.000792 39.650903
-1.299578 1528471031.007533 0.000124 0.000142 0.000762 39.538737
-1.287000 1528471031.020112 0.000123 0.000141 0.000768 39.621559
-1.275543 1528471031.031569 0.000124 0.000141 0.000786 39.647278
-1.263136 1528471031.043976 0.000123 0.000142 0.000768 39.557176
-1.250851 1528471031.056261 0.000126 0.000142 0.000795 39.476711
-1.238173 1528471031.068939 0.000126 0.000142 0.000791 39.631444
-1.225312 1528471031.081800 0.000125 0.000141 0.000792 39.680053
-1.213009 1528471031.094103 0.000125 0.000142 0.000793 39.640957
-1.200428 1528471031.106683 0.000124 0.000142 0.000797 39.593684
-1.188119 1528471031.118993 0.000123 0.000142 0.000787 39.749187
-1.175374 1528471031.131738 0.000125 0.000142 0.000770 39.460387
-1.162962 1528471031.144150 0.000126 0.000143 0.000791 39.591861
-1.150697 1528471031.156415 0.000126 0.000142 0.000794 39.483214
-1.138210 1528471031.168902 0.000125 0.000142 0.000790 39.584189
-1.124332 1528471031.182780 0.000124 0.000141 0.000790 39.813275
-1.111946 1528471031.195166 0.000124 0.000141 0.000786 39.782036
-1.099577 1528471031.207535 0.000124 0.000141 0.000790 39.584350
-1.087348 1528471031.219764 0.000126 0.000142 0.000789 39.378354
-1.075354 1528471031.231757 0.000125 0.000142 0.000791 39.516408
-1.062538 1528471031.244574 0.000123 0.000141 0.000789 39.702290
-1.050396 1528471031.256715 0.000124 0.000141 0.000790 39.684766
-1.037978 1528471031.269134 0.000125 0.000142 0.000790 39.485390
-1.025051 1528471031.282061 0.000124 0.000141 0.000791 39.711666
-1.012727 1528471031.294385 0.000126 0.000141 0.000790 39.469107
-1.000462 1528471031.306650 0.000126 0.000142 0.000792 39.352927
-0.987724 1528471031.319387 0.000125 0.000141 0.000790 39.447804
-0.975233 1528471031.331879 0.000125 0.000141 0.000789 39.393022
-0.962703 1528471031.344409 0.000126 0.000142 0.000789 39.407212
-0.950357 1528471031.356755 0.000126 0.000142 0.000790 39.414292
-0.937536 1528471031.369576 0.000125 0.000142 0.000766 39.342654
-0.925389 1528471031.381723 0.000124 0.000141 0.000786 39.618183
-0.913052 1528471031.394060 0.000124 0.000141 0.000786 39.567619
-0.900175 1528471031.406937 0.000126 0.000142 0.000789 39.321902
-0.887780 1528471031.419332 0.000126 0.000142 0.000768 39.105359
-0.875315 1528471031.431797 0.000124 0.000141 0.000764 39.229643
-0.862669 1528471031.444443 0.000126 0.000142 0.000767 39.059544
-0.849583 1528471031.457529 0.000126 0.000142 0.000762 38.945538
-0.837450 1528471031.469661 0.000125 0.000141 0.000761 39.304658
-0.825066 1528471031.482046 0.000128 0.000142 0.000744 39.149408
-0.812741 1528471031.494371 0.000126 0.000142 0.000755 39.153268
-0.800149 1528471031.506963 0.000127 0.000142 0.000753 39.362015
-0.786431 1528471031.520681 0.000127 0.000142 0.000760 39.061729
-0.774709 1528471031.532402 0.000128 0.000143 0.000756 39.078816
-0.762177 1528471031.544935 0.000128 0.000142 0.000793 39.270651
-0.749763 1528471031.557349 0.000126 0.000142 0.000791 39.681609
-0.737216 1528471031.569896 0.000126 0.000142 0.000788 39.616905
-0.725453 1528471031.581659 0.000126 0.000141 0.000791 39.626972
-0.712804 1528471031.594308 0.000125 0.000141 0.000791 39.491159
-0.700202 1528471031.606910 0.000127 0.000141 0.000790 39.313963
-0.687883 1528471031.619228 0.000128 0.000142 0.000784 39.204684
-0.675031 1528471031.632081 0.000127 0.000140 0.000786 38.969774
-0.662711 1528471031.644401 0.000126 0.000140 0.000787 39.071953
-0.650556 1528471031.656556 0.000127 0.000140 0.000759 38.803441
-0.637872 1528471031.669239 0.000127 0.000141 0.000780 38.961050
-0.624959 1528471031.682153 0.000127 0.000140 0.000784 38.939865
-0.612705 1528471031.694406 0.000126 0.000141 0.000779 39.022511
-0.600166 1528471031.706946 0.000125 0.000140 0.000758 38.879172
-0.587729 1528471031.719383 0.000125 0.000140 0.000757 38.811977
-0.575429 1528471031.731683 0.000127 0.000141 0.000779 38.787836
-0.563245 1528471031.743866 0.000126 0.000140 0.000754 38.776021
-0.550550 1528471031.756562 0.000127 0.000140 0.000748 38.760456
-0.537786 1528471031.769325 0.000127 0.000140 0.000780 38.940890
-0.525397 1528471031.781715 0.000126 0.000139 0.000748 38.766187
-0.512720 1528471031.794392 0.000123 0.000142 0.000772 39.317356
-0.500485 1528471031.806627 0.000117 0.000140 0.000813 39.395750
-0.487776 1528471031.819336 0.000115 0.000138 0.000836 39.658996
-0.474999 1528471031.832113 0.000114 0.000138 0.000841 39.719577
-0.462558 1528471031.844554 0.000113 0.000136 0.000833 39.709242
-0.450427 1528471031.856685 0.000115 0.000136 0.000801 39.392021
-0.437543 1528471031.869569 0.000116 0.000137 0.000802 39.326081
-0.425336 1528471031.881775 0.000114 0.000136 0.000801 39.512867
-0.412518 1528471031.894594 0.000114 0.000136 0.000805 39.488577
-0.400362 1528471031.906750 0.000116 0.000136 0.000806 39.479181
-0.387843 1528471031.919269 0.000115 0.000136 0.000802 39.560280
-0.375213 1528471031.931899 0.000115 0.000136 0.000803 39.563266
-0.362857 1528471031.944255 0.000113 0.000135 0.000803 39.720749
-0.350110 1528471031.957002 0.000114 0.000136 0.000807 39.533798
-0.337626 1528471031.969486 0.000114 0.000135 0.000805 39.338237
-0.325005 1528471031.982107 0.000114 0.000135 0.000803 39.364533
-0.312545 1528471031.994567 0.000114 0.000136 0.000809 39.371345
-0.300135 1528471032.006976 0.000116 0.000136 0.000807 39.239329
-0.287856 1528471032.019256 0.000115 0.000136 0.000803 39.337960
-0.275207 1528471032.031904 0.000114 0.000136 0.000806 39.333246
-0.262604 1528471032.044507 0.000114 0.000136 0.000799 39.394373
-0.250457 1528471032.056655 0.000114 0.000135 0.000804 39.378983
-0.237521 1528471032.069591 0.000112 0.000136 0.000802 39.525010
-0.224743 1528471032.082368 0.000113 0.000135 0.000807 39.276234
-0.212115 1528471032.094997 0.000114 0.000135 0.000803 39.292337
-0.199608 1528471032.107504 0.000114 0.000136 0.000804 39.201348
-0.188016 1528471032.119095 0.000114 0.000135 0.000802 39.271825
-0.175443 1528471032.131669 0.000114 0.000135 0.000802 39.258515
-0.163348 1528471032.143764 0.000114 0.000135 0.000802 39.246932
-0.149667 1528471032.157445 0.000114 0.000136 0.000803 39.336379
-0.136689 1528471032.170423 0.000114 0.000135 0.000804 39.237273
-0.124305 1528471032.182806 0.000114 0.000136 0.000801 39.259671
-0.112795 1528471032.194317 0.000113 0.000135 0.000803 39.354238
-0.100556 1528471032.206556 0.000114 0.000136 0.000805 39.325115
-0.087878 1528471032.219234 0.000116 0.000136 0.000805 39.188851
-0.075547 1528471032.231565 0.000116 0.000135 0.000782 39.553988
-0.063164 1528471032.243948 0.000119 0.000135 0.000774 39.153013
-0.050703 1528471032.256409 0.000119 0.000135 0.000773 39.076354
-0.037008 1528471032.270104 0.000117 0.000135 0.000774 39.116880
-0.024269 1528471032.282843 0.000117 0.000136 0.000779 39.088700
-0.012497 1528471032.294615 0.000118 0.000136 0.000818 39.276610
-0.000680 1528471032.306431 0.000119 0.000135 0.000814 39.347833
0.012244 1528471032.319356 0.000118 0.000135 0.000810 39.583284
0.024264 1528471032.331375 0.000120 0.000136 0.000814 39.286806
0.036948 1528471032.344059 0.000120 0.000135 0.000816 39.242687
0.049648 1528471032.356760 0.000120 0.000135 0.000812 39.215494
0.062031 1528471032.369143 0.000120 0.000136 0.000783 38.855270
0.074470 1528471032.381582 0.000118 0.000135 0.000778 38.888147
0.088073 1528471032.395185 0.000120 0.000135 0.000779 38.768619
0.099455 1528471032.406567 0.000120 0.000135 0.000783 38.744859
0.112161 1528471032.419273 0.000120 0.000135 0.000770 38.880506
0.124666 1528471032.431778 0.000120 0.000135 0.000781 38.791626
0.137103 1528471032.444215 0.000120 0.000135 0.000779 38.775386
0.149598 1528471032.456710 0.000121 0.000136 0.000773 38.851469
0.162150 1528471032.469261 0.000119 0.000135 0.000775 38.944350
0.174413 1528471032.481525 0.000121 0.000136 0.000771 38.790673
0.187243 1528471032.494354 0.000121 0.000136 0.000780 38.790099
0.201182 1528471032.508294 0.000120 0.000136 0.000776 38.932092
0.212109 1528471032.519221 0.000121 0.000136 0.000774 38.876363
0.224586 1528471032.531697 0.000120 0.000136 0.000772 39.041836
0.237198 1528471032.544310 0.000120 0.000136 0.000768 39.030866
0.249802 1528471032.556913 0.000122 0.000137 0.000767 38.934727
0.262246 1528471032.569357 0.000121 0.000136 0.000768 38.824270
0.274777 1528471032.581889 0.000121 0.000137 0.000770 38.813674
0.287361 1528471032.594472 0.000122 0.000136 0.000765 38.787480
0.299783 1528471032.606894 0.000121 0.000136 0.000766 38.921980
0.312157 1528471032.619269 0.000121 0.000135 0.000804 39.174218
0.324810 1528471032.631922 0.000122 0.000137 0.000768 39.168752
0.337546 1528471032.644658 0.000123 0.000142 0.000769 40.347284
0.349880 1528471032.656992 0.000123 0.000156 0.000792 43.540727
0.362100 1528471032.669211 0.000126 0.000164 0.000792 46.923038
0.374744 1528471032.681855 0.000126 0.000165 0.000791 50.342746
0.387373 1528471032.694485 0.000121 0.000177 0.000800 54.038446
0.399771 1528471032.706883 0.000122 0.000195 0.000817 57.981407
0.412371 1528471032.719482 0.000133 0.000228 0.000801 62.883502
0.424860 1528471032.731972 0.000135 0.000268 0.000796 67.849261
0.437095 1528471032.744207 0.000134 0.000288 0.000766 71.944369
0.449629 1528471032.756741 0.000133 0.000297 0.000744 76.345361
0.462213 1528471032.769325 0.000131 0.000298 0.000722 80.971509
0.474663 1528471032.781775 0.000128 0.000303 0.000687 85.583640
0.487211 1528471032.794322 0.000125 0.000304 0.000673 89.488357
0.499659 1528471032.806771 0.000129 0.000299 0.000653 92.779426
0.512504 1528471032.819616 0.000134 0.000294 0.000643 94.874770
0.524976 1528471032.832088 0.000138 0.000288 0.000640 96.750755
0.537411 1528471032.844523 0.000141 0.000285 0.000645 98.113972
0.549785 1528471032.856897 0.000141 0.000283 0.000644 99.454241
0.562446 1528471032.869558 0.000142 0.000280 0.000638 100.764089
0.574759 1528471032.881871 0.000143 0.000276 0.000645 101.694218
0.586985 1528471032.894096 0.000145 0.000272 0.000646 103.262485
0.599303 1528471032.906415 0.000149 0.000266 0.000641 104.095248
0.611848 1528471032.918959 0.000150 0.000264 0.000640 104.671367
0.624386 1528471032.931498 0.000150 0.000260 0.000641 104.933102
0.636559 1528471032.943670 0.000151 0.000256 0.000647 105.475085
0.649116 1528471032.956228 0.000152 0.000253 0.000646 105.586229
0.661808 1528471032.968920 0.000155 0.000251 0.000655 105.890842
0.675303 1528471032.982415 0.000156 0.000250 0.000634 106.827784
0.687599 1528471032.994710 0.000154 0.000248 0.000633 107.152870
0.700588 1528471033.007700 0.000158 0.000247 0.000652 108.177812
0.713099 1528471033.020211 0.000157 0.000243 0.000653 108.970166
0.725585 1528471033.032697 0.000160 0.000242 0.000643 109.544656
0.737859 1528471033.044971 0.000159 0.000238 0.000667 110.368965
0.750046 1528471033.057157 0.000158 0.000236 0.000676 110.757274
0.762861 1528471033.069973 0.000160 0.000234 0.000665 111.054761
0.775368 1528471033.082480 0.000160 0.000234 0.000673 110.929473
0.788071 1528471033.095183 0.000161 0.000231 0.000682 111.315151
0.800545 1528471033.107657 0.000160 0.000232 0.000680 111.397522
0.812788 1528471033.119900 0.000160 0.000232 0.000673 111.386362
0.825516 1528471033.132628 0.000160 0.000230 0.000695 111.654221
0.837031 1528471033.144142 0.000162 0.000230 0.000695 112.325418
0.849436 1528471033.156548 0.000162 0.000228 0.000695 112.414409
0.863001 1528471033.170113 0.000163 0.000227 0.000697 112.776269
0.875252 1528471033.182364 0.000161 0.000225 0.000697 113.055460
0.892027 1528471033.199139 0.000163 0.000226 0.000700 113.393493
0.900401 1528471033.207512 0.000163 0.000223 0.000694 113.570850
0.912109 1528471033.219221 0.000161 0.000224 0.000702 113.488988
0.924466 1528471033.231578 0.000164 0.000224 0.000696 113.717585
0.938034 1528471033.245146 0.000162 0.000223 0.000704 113.934065
0.950772 1528471033.257884 0.000163 0.000223 0.000697 113.898419
0.963189 1528471033.270301 0.000162 0.000222 0.000703 113.617842
0.975818 1528471033.282930 0.000165 0.000222 0.000701 113.971481
0.987807 1528471033.294918 0.000167 0.000222 0.000702 114.130273
0.999828 1528471033.306940 0.000166 0.000222 0.000697 113.863185
1.011995 1528471033.319107 0.000167 0.000221 0.000697 114.115836
1.024466 1528471033.331578 0.000167 0.000219 0.000700 113.840044
1.037083 1528471033.344195 0.000167 0.000221 0.000699 113.993468
1.049505 1528471033.356617 0.000169 0.000219 0.000697 114.121264
1.061954 1528471033.369066 0.000168 0.000219 0.000698 114.036957
1.074563 1528471033.381674 0.000170 0.000218 0.000710 114.183493
1.086944 1528471033.394056 0.000169 0.000218 0.000698 114.399242
1.099587 1528471033.406698 0.000168 0.000219 0.000699 114.154885
1.112212 1528471033.419324 0.000172 0.000220 0.000700 114.495921
1.124443 1528471033.431555 0.000171 0.000220 0.000701 114.284017
1.136957 1528471033.444069 0.000174 0.000220 0.000700 114.418773
1.149373 1528471033.456485 0.000171 0.000219 0.000706 114.319160
1.162109 1528471033.469221 0.000171 0.000218 0.000703 114.493975
1.175505 1528471033.482616 0.000172 0.000219 0.000694 114.321270
1.187998 1528471033.495110 0.000173 0.000220 0.000694 114.369773
1.199854 1528471033.506966 0.000174 0.000220 0.000695 114.688309
1.212241 1528471033.519353 0.000173 0.000220 0.000684 114.231729
1.224790 1528471033.531902 0.000175 0.000218 0.000697 114.628863
1.237192 1528471033.544303 0.000176 0.000217 0.000688 114.715702
1.249616 1528471033.556727 0.000175 0.000217 0.000681 114.451884
1.262120 1528471033.569232 0.000174 0.000217 0.000689 114.696734
1.275311 1528471033.582423 0.000178 0.000215 0.000693 115.182231
1.288067 1528471033.595179 0.000177 0.000216 0.000691 115.158363
1.300548 1528471033.607660 0.000176 0.000218 0.000686 115.031080
1.312405 1528471033.619517 0.000175 0.000217 0.000699 115.126986
1.324530 1528471033.631641 0.000178 0.000216 0.000696 115.314999
1.337016 1528471033.644128 0.000175 0.000216 0.000689 115.054004
1.349780 1528471033.656891 0.000175 0.000216 0.000695 114.924600
1.362120 1528471033.669231 0.000176 0.000217 0.000691 115.225649
1.374838 1528471033.681949 0.000176 0.000217 0.000698 115.157017
1.387142 1528471033.694254 0.000177 0.000216 0.000708 115.018757
1.399464 1528471033.706576 0.000177 0.000216 0.000707 115.207741
1.412023 1528471033.719135 0.000176 0.000219 0.000696 114.777458
1.425085 1528471033.732196 0.000176 0.000216 0.000694 114.482970
1.438244 1528471033.745356 0.000177 0.000218 0.000712 115.012867
1.451025 1528471033.758137 0.000177 0.000216 0.000712 114.902129
1.463021 1528471033.770133 0.000178 0.000217 0.000695 114.796361
1.474734 1528471033.781846 0.000176 0.000217 0.000698 114.573747
1.487284 1528471033.794395 0.000176 0.000218 0.000718 114.502524
1.499519 1528471033.806631 0.000179 0.000216 0.000711 114.750925
1.512182 1528471033.819294 0.000180 0.000216 0.000715 114.991363
1.524537 1528471033.831649 0.000177 0.000218 0.000710 114.542120
1.537135 1528471033.844247 0.000177 0.000219 0.000706 114.417809
1.549543 1528471033.856655 0.000178 0.000217 0.000720 114.817988
1.562142 1528471033.869254 0.000178 0.000218 0.000720 114.731381
1.574703 1528471033.881815 0.000178 0.000216 0.000715 114.821796
1.587007 1528471033.894118 0.000177 0.000219 0.000713 114.587325
1.599787 1528471033.906898 0.000176 0.000218 0.000719 114.411562
1.612182 1528471033.919293 0.000178 0.000217 0.000721 115.048771
1.624664 1528471033.931775 0.000179 0.000219 0.000741 115.274173
1.637182 1528471033.944293 0.000178 0.000217 0.000708 114.703964
1.650164 1528471033.957276 0.000179 0.000219 0.000712 114.544576
1.663154 1528471033.970266 0.000178 0.000218 0.000724 114.763068
1.675757 1528471033.982869 0.000178 0.000217 0.000711 114.610594
1.687933 1528471033.995045 0.000178 0.000218 0.000716 114.751545
1.699657 1528471034.006768 0.000180 0.000216 0.000721 115.106044
1.712146 1528471034.019258 0.000180 0.000217 0.000725 115.174762
1.724622 1528471034.031734 0.000179 0.000216 0.000718 115.072790
1.737149 1528471034.044261 0.000178 0.000216 0.000722 115.139625
1.749800 1528471034.056912 0.000178 0.000218 0.000730 115.512318
1.762216 1528471034.069328 0.000180 0.000216 0.000721 115.215688
1.774827 1528471034.081939 0.000178 0.000217 0.000718 115.067270
1.787434 1528471034.094545 0.000176 0.000218 0.000738 115.346049
1.799519 1528471034.106631 0.000180 0.000217 0.000717 115.345522
1.811943 1528471034.119055 0.000180 0.000216 0.000726 115.461230
1.824655 1528471034.131767 0.000177 0.000218 0.000724 115.163194
1.836993 1528471034.144105 0.000182 0.000215 0.000720 115.707846
1.849470 1528471034.156582 0.000181 0.000215 0.000724 115.464124
1.861756 1528471034.168867 0.000179 0.000217 0.000717 115.278955
1.875022 1528471034.182134 0.000181 0.000216 0.000725 115.582703
1.887421 1528471034.194533 0.000178 0.000217 0.000721 115.401725
1.899360 1528471034.206471 0.000180 0.000217 0.000716 115.345454
1.912900 1528471034.220011 0.000180 0.000218 0.000710 115.432322
1.925802 1528471034.232914 0.000181 0.000216 0.000717 115.679614
1.938322 1528471034.245434 0.000181 0.000216 0.000708 115.669439
1.949551 1528471034.256663 0.000180 0.000216 0.000716 115.713046
1.963293 1528471034.270405 0.000181 0.000218 0.000712 115.820617
1.975590 1528471034.282702 0.000179 0.000216 0.000718 115.445769
1.987250 1528471034.294362 0.000179 0.000216 0.000711 115.523950
1.999633 1528471034.306745 0.000178 0.000217 0.000715 115.781255
2.012092 1528471034.319204 0.000182 0.000216 0.000720 116.262479
2.024565 1528471034.331677 0.000180 0.000215 0.000710 115.742541
2.037001 1528471034.344113 0.000178 0.000219 0.000721 115.677530
2.049752 1528471034.356864 0.000181 0.000217 0.000718 115.698271
2.062412 1528471034.369524 0.000182 0.000217 0.000717 115.905964
2.075195 1528471034.382307 0.000180 0.000218 0.000718 115.849160
2.087875 1528471034.394986 0.000181 0.000217 0.000713 115.792515
2.099990 1528471034.407102 0.000179 0.000216 0.000722 115.879065
2.113029 1528471034.420141 0.000181 0.000216 0.000721 116.156082
2.125178 1528471034.432290 0.000180 0.000215 0.000727 116.198587
2.137658 1528471034.444770 0.000181 0.000217 0.000729 116.351107
2.150223 1528471034.457335 0.000178 0.000214 0.000726 115.904766
2.162679 1528471034.469791 0.000184 0.000215 0.000722 116.441833
2.175590 1528471034.482702 0.000181 0.000215 0.000736 116.499981
2.188555 1528471034.495667 0.000183 0.000215 0.000738 116.610559
2.200742 1528471034.507854 0.000181 0.000216 0.000725 116.641189
2.213069 1528471034.520181 0.000181 0.000217 0.000733 116.915787
2.224740 1528471034.531851 0.000182 0.000215 0.000734 117.042865
2.237228 1528471034.544339 0.000182 0.000216 0.000737 117.119441
2.249733 1528471034.556845 0.000182 0.000217 0.000724 117.051976
2.262442 1528471034.569554 0.000181 0.000217 0.000732 117.254880
2.274941 1528471034.582053 0.000182 0.000217 0.000727 117.465940
2.287608 1528471034.594719 0.000184 0.000216 0.000711 117.510157
2.300421 1528471034.607533 0.000185 0.000218 0.000712 117.322021
2.312757 1528471034.619869 0.000184 0.000215 0.000711 116.762194
2.325441 1528471034.632553 0.000187 0.000216 0.000704 116.944868
2.337476 1528471034.644588 0.000186 0.000218 0.000704 116.883232
2.350156 1528471034.657268 0.000185 0.000219 0.000698 116.543937
2.362573 1528471034.669685 0.000186 0.000216 0.000691 116.553877
2.375403 1528471034.682515 0.000186 0.000217 0.000695 116.693443
2.387906 1528471034.695018 0.000187 0.000216 0.000690 116.723947
2.400092 1528471034.707203 0.000186 0.000216 0.000692 116.479017
2.413277 1528471034.720389 0.000186 0.000215 0.000684 116.649368
2.425304 1528471034.732415 0.000189 0.000216 0.000678 117.041793
2.438023 1528471034.745135 0.000189 0.000215 0.000682 116.880775
2.450153 1528471034.757264 0.000188 0.000214 0.000688 116.839488
2.462346 1528471034.769458 0.000188 0.000215 0.000694 116.625385
2.475106 1528471034.782217 0.000188 0.000215 0.000682 116.583941
2.487824 1528471034.794935 0.000187 0.000215 0.000686 116.432772
2.499946 1528471034.807058 0.000186 0.000216 0.000686 116.312050
2.512591 1528471034.819702 0.000185 0.000214 0.000690 116.431824
2.524827 1528471034.831939 0.000187 0.000214 0.000685 116.549908
2.537246 1528471034.844358 0.000186 0.000215 0.000708 116.678150
2.550015 1528471034.857127 0.000187 0.000215 0.000703 116.608006
2.562348 1528471034.869459 0.000187 0.000215 0.000708 116.931127
2.576174 1528471034.883286 0.000187 0.000214 0.000700 116.981285
2.588373 1528471034.895485 0.000189 0.000214 0.000708 117.404122
2.600131 1528471034.907242 0.000189 0.000212 0.000714 117.368768
2.612512 1528471034.919623 0.000188 0.000214 0.000709 117.118143
2.624603 1528471034.931714 0.000187 0.000214 0.000712 117.067326
2.637126 1528471034.944238 0.000187 0.000214 0.000712 117.387917
2.649816 1528471034.956928 0.000187 0.000215 0.000711 117.194723
2.662654 1528471034.969766 0.000187 0.000216 0.000716 117.333832
2.674709 1528471034.981821 0.000188 0.000215 0.000713 117.420330
2.688051 1528471034.995162 0.000186 0.000214 0.000714 117.053928
2.700971 1528471035.008083 0.000190 0.000214 0.000717 117.225814
2.713196 1528471035.020307 0.000189 0.000214 0.000714 117.189278
2.725782 1528471035.032894 0.000189 0.000215 0.000720 117.572962
2.738008 1528471035.045119 0.000187 0.000214 0.000714 116.897694
2.750108 1528471035.057219 0.000188 0.000214 0.000713 116.843337
2.762835 1528471035.069947 0.000188 0.000216 0.000714 117.002196
2.775675 1528471035.082787 0.000189 0.000218 0.000712 117.221449
2.788090 1528471035.095201 0.000188 0.000217 0.000717 117.130547
2.800869 1528471035.107981 0.000189 0.000215 0.000703 116.962269
2.813806 1528471035.120918 0.000188 0.000215 0.000704 116.695983
2.825224 1528471035.132336 0.000188 0.000216 0.000712 116.961702
2.838203 1528471035.145315 0.000188 0.000214 0.000708 116.606998
2.850230 1528471035.157342 0.000187 0.000215 0.000710 116.382067
2.862648 1528471035.169760 0.000186 0.000216 0.000701 116.753044
2.875721 1528471035.182833 0.000186 0.000215 0.000693 116.562798
2.887862 1528471035.194974 0.000187 0.000216 0.000692 116.468572
2.900708 1528471035.207820 0.000188 0.000214 0.000690 116.343640
2.912893 1528471035.220004 0.000188 0.000216 0.000688 116.372540
2.925304 1528471035.232416 0.000186 0.000216 0.000689 116.410730
2.937929 1528471035.245040 0.000186 0.000213 0.000681 116.081056
2.949925 1528471035.257036 0.000187 0.000213 0.000678 115.808801
2.962542 1528471035.269653 0.000188 0.000213 0.000677 116.186018
2.976192 1528471035.283303 0.000189 0.000213 0.000680 116.329478
2.988278 1528471035.295389 0.000189 0.000214 0.000675 116.354990
3.000977 1528471035.308089 0.000188 0.000216 0.000689 116.687749
3.013347 1528471035.320459 0.000187 0.000215 0.000719 117.105807
3.025809 1528471035.332921 0.000189 0.000214 0.000708 116.910779
3.038459 1528471035.345571 0.000188 0.000215 0.000711 116.958381
3.051362 1528471035.358474 0.000189 0.000216 0.000706 117.076571
3.062384 1528471035.369495 0.000190 0.000216 0.000697 117.046672
3.074982 1528471035.382093 0.000187 0.000219 0.000703 116.920927
3.087003 1528471035.394114 0.000190 0.000216 0.000705 117.290408
3.099648 1528471035.406760 0.000191 0.000218 0.000695 117.123736
3.112388 1528471035.419500 0.000189 0.000221 0.000700 117.476557
3.124654 1528471035.431766 0.000191 0.000218 0.000704 117.402329
3.137105 1528471035.444216 0.000189 0.000220 0.000705 117.173936
3.149441 1528471035.456553 0.000187 0.000221 0.000698 117.027096
3.163244 1528471035.470356 0.000190 0.000220 0.000682 117.156619
3.174653 1528471035.481764 0.000191 0.000221 0.000690 117.031324
3.187156 1528471035.494268 0.000189 0.000220 0.000694 116.820084
3.199683 1528471035.506794 0.000189 0.000221 0.000687 116.898606
3.212327 1528471035.519439 0.000190 0.000220 0.000684 116.638757
3.224783 1528471035.531895 0.000190 0.000219 0.000683 116.566475
3.237442 1528471035.544554 0.000189 0.000221 0.000687 116.524852
3.249767 1528471035.556879 0.000189 0.000223 0.000685 116.396721
3.262305 1528471035.569417 0.000189 0.000219 0.000686 116.045085
3.275476 1528471035.582588 0.000188 0.000220 0.000685 115.811516
3.287128 1528471035.594240 0.000187 0.000221 0.000681 115.517943
3.300042 1528471035.607154 0.000187 0.000220 0.000677 115.046802
3.312002 1528471035.619114 0.000188 0.000218 0.000683 115.614671
3.325002 1528471035.632114 0.000187 0.000221 0.000693 115.453546
3.337257 1528471035.644369 0.000188 0.000222 0.000681 115.289669
3.349470 1528471035.656582 0.000187 0.000220 0.000688 115.282956
3.362079 1528471035.669191 0.000185 0.000220 0.000682 115.745352
3.374909 1528471035.682021 0.000186 0.000220 0.000688 116.022740
3.387866 1528471035.694978 0.000186 0.000221 0.000697 116.190436
3.399780 1528471035.706891 0.000186 0.000219 0.000718 116.116974
3.412560 1528471035.719671 0.000186 0.000221 0.000703 116.344158
3.424763 1528471035.731875 0.000186 0.000220 0.000707 116.562065
3.437096 1528471035.744208 0.000187 0.000220 0.000710 116.556115
3.449945 1528471035.757056 0.000186 0.000220 0.000711 116.463812
3.463470 1528471035.770581 0.000185 0.000221 0.000712 116.114728
3.476156 1528471035.783267 0.000185 0.000222 0.000718 116.040583
3.488773 1528471035.795885 0.000186 0.000221 0.000714 116.049576
3.500951 1528471035.808063 0.000187 0.000222 0.000707 115.834715
3.512482 1528471035.819593 0.000188 0.000221 0.000703 115.724807
3.525494 1528471035.832606 0.000187 0.000223 0.000692 115.375936
3.537931 1528471035.845043 0.000188 0.000220 0.000694 115.349866
3.550421 1528471035.857533 0.000188 0.000221 0.000684 115.071560
3.563200 1528471035.870312 0.000187 0.000223 0.000687 115.127161
3.576285 1528471035.883397 0.000189 0.000220 0.000685 115.156757
3.588517 1528471035.895629 0.000190 0.000221 0.000686 115.159142
3.600487 1528471035.907599 0.000188 0.000222 0.000687 115.220272
3.613834 1528471035.920946 0.000191 0.000222 0.000688 115.318106
3.624688 1528471035.931800 0.000189 0.000222 0.000691 114.987864
3.638706 1528471035.945817 0.000189 0.000222 0.000690 114.707930
3.651422 1528471035.958533 0.000189 0.000223 0.000689 114.813458
3.663935 1528471035.971046 0.000189 0.000225 0.000694 114.837658
3.675994 1528471035.983106 0.000189 0.000224 0.000686 114.637359
3.688190 1528471035.995302 0.000188 0.000223 0.000690 114.722217
3.699883 1528471036.006994 0.000189 0.000223 0.000690 114.453887
3.712369 1528471036.019481 0.000188 0.000225 0.000690 114.717761
3.726534 1528471036.033646 0.000188 0.000223 0.000684 114.543334
3.737459 1528471036.044571 0.000189 0.000223 0.000689 114.621496
3.749815 1528471036.056927 0.000188 0.000222 0.000689 114.475934
3.762320 1528471036.069432 0.000188 0.000222 0.000693 114.409438
3.775083 1528471036.082195 0.000188 0.000222 0.000697 114.516324
3.788274 1528471036.095385 0.000186 0.000222 0.000689 114.740595
3.800454 1528471036.107566 0.000186 0.000221 0.000697 114.733837
3.812895 1528471036.120007 0.000185 0.000220 0.000694 114.702713
3.825642 1528471036.132754 0.000188 0.000222 0.000706 115.375436
3.838388 1528471036.145500 0.000184 0.000222 0.000715 115.024542
3.850899 1528471036.158010 0.000185 0.000222 0.000702 115.012828
3.863087 1528471036.170199 0.000184 0.000221 0.000715 115.256151
3.875685 1528471036.182797 0.000185 0.000223 0.000720 115.367016
3.888026 1528471036.195138 0.000186 0.000222 0.000707 115.206535
3.900742 1528471036.207854 0.000185 0.000223 0.000705 115.437052
3.913054 1528471036.220166 0.000186 0.000221 0.000727 115.926689
3.925888 1528471036.233000 0.000188 0.000223 0.000707 115.718237
3.938232 1528471036.245344 0.000185 0.000221 0.000711 115.621817
3.950420 1528471036.257532 0.000188 0.000225 0.000701 115.879799
3.962904 1528471036.270016 0.000188 0.000222 0.000704 116.059136
3.976337 1528471036.283449 0.000188 0.000223 0.000705 116.057217
3.988531 1528471036.295643 0.000190 0.000222 0.000699 116.076197
4.001526 1528471036.308638 0.000189 0.000223 0.000701 115.837782
4.013352 1528471036.320464 0.000189 0.000222 0.000688 115.700022
4.025477 1528471036.332588 0.000190 0.000224 0.000689 115.881611
4.037446 1528471036.344558 0.000190 0.000225 0.000688 115.700854
4.049927 1528471036.357038 0.000190 0.000224 0.000692 115.765262
4.063964 1528471036.371076 0.000191 0.000225 0.000680 115.599629
4.075706 1528471036.382817 0.000191 0.000225 0.000677 115.722485
4.087575 1528471036.394687 0.000189 0.000225 0.000679 115.674738
4.100172 1528471036.407284 0.000191 0.000224 0.000680 115.454495
4.112712 1528471036.419824 0.000192 0.000225 0.000680 114.968949
4.125158 1528471036.432270 0.000190 0.000226 0.000677 114.693071
4.137527 1528471036.444638 0.000190 0.000225 0.000668 114.514308
4.150062 1528471036.457174 0.000190 0.000225 0.000660 114.354497
4.163771 1528471036.470883 0.000190 0.000224 0.000657 113.938517
4.176181 1528471036.483292 0.000187 0.000225 0.000648 113.514624
4.187953 1528471036.495065 0.000188 0.000225 0.000645 113.160845
4.200785 1528471036.507896 0.000191 0.000227 0.000633 112.686261
4.213483 1528471036.520595 0.000188 0.000227 0.000634 112.268420
4.225860 1528471036.532972 0.000188 0.000233 0.000625 111.344399
4.238298 1528471036.545410 0.000187 0.000234 0.000621 111.060798
4.250751 1528471036.557863 0.000188 0.000236 0.000615 110.628134
4.263203 1528471036.570315 0.000189 0.000238 0.000609 110.148641
4.275497 1528471036.582609 0.000182 0.000241 0.000607 109.316419
4.288198 1528471036.595310 0.000182 0.000245 0.000601 108.858308
4.300746 1528471036.607857 0.000185 0.000244 0.000600 108.471232
4.313379 1528471036.620490 0.000183 0.000248 0.000602 107.984408
4.326220 1528471036.633331 0.000179 0.000250 0.000602 107.462702
4.338738 1528471036.645850 0.000184 0.000250 0.000596 106.737215
4.351086 1528471036.658198 0.000179 0.000253 0.000596 105.863840
4.363480 1528471036.670592 0.000176 0.000254 0.000596 105.196423
4.375430 1528471036.682542 0.000174 0.000256 0.000594 104.750803
4.388214 1528471036.695326 0.000175 0.000255 0.000591 104.772966
4.400550 1528471036.707662 0.000178 0.000256 0.000587 104.293101
4.412867 1528471036.719979 0.000177 0.000255 0.000591 104.387955
4.425284 1528471036.732395 0.000175 0.000256 0.000598 104.797337
4.437729 1528471036.744841 0.000173 0.000258 0.000594 104.448723
4.450330 1528471036.757441 0.000174 0.000258 0.000599 104.522744
4.462889 1528471036.770001 0.000172 0.000259 0.000603 104.390306
4.475076 1528471036.782187 0.000172 0.000259 0.000600 104.149189
4.488069 1528471036.795181 0.000171 0.000260 0.000604 104.465058
4.500636 1528471036.807748 0.000163 0.000262 0.000609 103.811330
4.513160 1528471036.820272 0.000161 0.000263 0.000608 103.989868
4.525295 1528471036.832407 0.000171 0.000258 0.000613 105.473895
4.538206 1528471036.845318 0.000172 0.000257 0.000612 105.870231
4.550236 1528471036.857348 0.000167 0.000260 0.000618 105.433613
4.562743 1528471036.869855 0.000177 0.000256 0.000612 106.632909
4.575987 1528471036.883099 0.000171 0.000255 0.000624 107.308011
4.588787 1528471036.895898 0.000175 0.000254 0.000619 107.415214
4.600518 1528471036.907630 0.000173 0.000252 0.000620 107.652243
4.612829 1528471036.919940 0.000171 0.000255 0.000615 107.726631
4.625303 1528471036.932415 0.000174 0.000253 0.000614 107.851976
4.638251 1528471036.945363 0.000173 0.000252 0.000617 107.720303
4.651013 1528471036.958125 0.000164 0.000256 0.000622 107.369636
4.663785 1528471036.970896 0.000165 0.000255 0.000622 107.238930
4.675981 1528471036.983093 0.000168 0.000254 0.000615 107.150822
4.688573 1528471036.995685 0.000164 0.000257 0.000620 106.914692
4.700495 1528471037.007606 0.000164 0.000256 0.000621 106.566189
4.712867 1528471037.019979 0.000164 0.000254 0.000618 106.380323
4.725168 1528471037.032279 0.000165 0.000255 0.000620 106.193624
4.737391 1528471037.044503 0.000162 0.000255 0.000616 105.786216
4.749698 1528471037.056810 0.000162 0.000255 0.000619 105.585105
4.762985 1528471037.070096 0.000166 0.000254 0.000609 105.141811
4.776450 1528471037.083561 0.000160 0.000254 0.000610 104.707279
4.788499 1528471037.095611 0.000160 0.000254 0.000609 104.363380
4.800772 1528471037.107884 0.000160 0.000252 0.000614 104.092513
4.812869 1528471037.119980 0.000162 0.000254 0.000611 103.485105
4.825246 1528471037.132358 0.000157 0.000254 0.000614 103.012089
4.838064 1528471037.145176 0.000157 0.000255 0.000614 102.408255
4.850389 1528471037.157501 0.000156 0.000254 0.000612 101.704365
4.862683 1528471037.169795 0.000153 0.000256 0.000613 101.102331
4.875312 1528471037.182424 0.000153 0.000258 0.000607 100.315424
4.887927 1528471037.195039 0.000151 0.000257 0.000607 99.592237
4.900506 1528471037.207618 0.000149 0.000258 0.000606 99.007599
4.913870 1528471037.220982 0.000148 0.000258 0.000601 98.365201
4.926047 1528471037.233159 0.000146 0.000258 0.000604 97.865289
4.938597 1528471037.245709 0.000145 0.000256 0.000596 97.419335
4.951066 1528471037.258178 0.000145 0.000256 0.000597 96.990218
4.963789 1528471037.270901 0.000144 0.000257 0.000602 96.897380
4.975842 1528471037.282953 0.000144 0.000253 0.000595 96.514230
4.987937 1528471037.295049 0.000146 0.000253 0.000587 96.023020
5.001004 1528471037.308115 0.000142 0.000253 0.000605 96.072710
5.012979 1528471037.320091 0.000143 0.000251 0.000586 95.622649
5.025212 1528471037.332324 0.000144 0.000252 0.000591 95.599465
5.039012 1528471037.346124 0.000143 0.000249 0.000588 95.238745
5.051207 1528471037.358319 0.000144 0.000252 0.000587 95.250981
5.063108 1528471037.370219 0.000144 0.000250 0.000594 95.132848
5.075648 1528471037.382760 0.000145 0.000249 0.000583 94.857095
5.087931 1528471037.395042 0.000140 0.000252 0.000592 94.828597
5.100501 1528471037.407613 0.000145 0.000251 0.000583 94.684401
5.113032 1528471037.420144 0.000138 0.000252 0.000581 94.457688
5.125446 1528471037.432557 0.000141 0.000252 0.000580 94.176210
5.137957 1528471037.445068 0.000142 0.000252 0.000580 94.353848
5.150483 1528471037.457594 0.000143 0.000250 0.000584 94.702925
5.162912 1528471037.470024 0.000146 0.000252 0.000592 94.737387
5.175272 1528471037.482384 0.000149 0.000255 0.000601 94.762252
5.188294 1528471037.495405 0.000151 0.000256 0.000590 94.882622
5.200492 1528471037.507604 0.000147 0.000259 0.000596 95.573026
5.212957 1528471037.520069 0.000142 0.000257 0.000601 95.548665
5.225295 1528471037.532407 0.000137 0.000253 0.000608 95.327444
5.238544 1528471037.545656 0.000134 0.000246 0.000627 95.060165
5.250337 1528471037.557448 0.000133 0.000238 0.000657 94.798926
5.263071 1528471037.570183 0.000129 0.000222 0.000674 94.133978
5.275513 1528471037.582624 0.000125 0.000214 0.000693 93.881743
5.287983 1528471037.595095 0.000124 0.000204 0.000695 93.612829
5.300442 1528471037.607554 0.000123 0.000199 0.000711 93.269160
5.313035 1528471037.620147 0.000124 0.000194 0.000718 92.790157
5.325252 1528471037.632364 0.000124 0.000190 0.000726 92.118077
5.338203 1528471037.645315 0.000125 0.000186 0.000744 91.405253
5.350653 1528471037.657765 0.000123 0.000180 0.000755 90.766459
5.363074 1528471037.670186 0.000121 0.000176 0.000758 90.212282
5.375938 1528471037.683050 0.000122 0.000175 0.000770 89.943642
5.388444 1528471037.695556 0.000122 0.000173 0.000778 89.649661
5.400628 1528471037.707739 0.000122 0.000170 0.000772 89.319218
5.413190 1528471037.720301 0.000123 0.000167 0.000761 88.846733
5.425490 1528471037.732602 0.000122 0.000168 0.000768 88.708761
5.438036 1528471037.745148 0.000122 0.000166 0.000774 88.284788
5.450741 1528471037.757853 0.000119 0.000166 0.000776 88.217727
5.463361 1528471037.770473 0.000119 0.000164 0.000768 87.759108
5.475556 1528471037.782668 0.000119 0.000162 0.000769 87.570878
5.488163 1528471037.795275 0.000117 0.000162 0.000768 87.095676
5.500971 1528471037.808083 0.000119 0.000161 0.000773 86.879596
5.513397 1528471037.820508 0.000118 0.000161 0.000786 86.752487
5.525743 1528471037.832855 0.000120 0.000158 0.000775 86.463282
5.538229 1528471037.845340 0.000115 0.000160 0.000783 86.305177
5.550482 1528471037.857594 0.000117 0.000159 0.000779 86.103959
5.562924 1528471037.870035 0.000118 0.000158 0.000778 86.089549
5.575438 1528471037.882550 0.000117 0.000159 0.000781 85.917813
5.588131 1528471037.895243 0.000117 0.000159 0.000785 85.873879
5.600793 1528471037.907904 0.000118 0.000158 0.000783 85.749853
5.613204 1528471037.920316 0.000115 0.000159 0.000790 85.534533
5.625401 1528471037.932513 0.000117 0.000155 0.000788 85.445392
5.638200 1528471037.945312 0.000124 0.000151 0.000790 85.467554
5.650808 1528471037.957920 0.000118 0.000147 0.000802 85.026413
5.662880 1528471037.969992 0.000120 0.000142 0.000818 84.391757
5.675812 1528471037.982924 0.000123 0.000140 0.000815 83.595591
5.688327 1528471037.995439 0.000124 0.000142 0.000810 82.849534
5.700805 1528471038.007917 0.000124 0.000146 0.000813 82.276924
5.713114 1528471038.020226 0.000124 0.000149 0.000813 81.615650
5.725249 1528471038.032360 0.000123 0.000150 0.000803 80.925268
5.738116 1528471038.045228 0.000123 0.000150 0.000810 80.336164
5.750618 1528471038.057730 0.000121 0.000151 0.000800 79.698000
5.762981 1528471038.070092 0.000120 0.000152 0.000811 79.007314
5.775715 1528471038.082827 0.000118 0.000153 0.000812 78.386365
5.787983 1528471038.095095 0.000118 0.000155 0.000807 77.712786
5.800451 1528471038.107563 0.000112 0.000161 0.000811 77.246116
5.813038 1528471038.120149 0.000117 0.000161 0.000799 76.812424
5.825224 1528471038.132336 0.000119 0.000167 0.000790 76.479670
5.838453 1528471038.145564 0.000118 0.000166 0.000788 76.234955
5.851215 1528471038.158327 0.000116 0.000167 0.000791 76.089054
5.863684 1528471038.170795 0.000118 0.000173 0.000777 75.958820
5.875310 1528471038.182422 0.000117 0.000170 0.000783 76.012929
5.888078 1528471038.195189 0.000117 0.000174 0.000778 75.854805
5.900415 1528471038.207527 0.000117 0.000173 0.000779 75.552047
5.912881 1528471038.219993 0.000117 0.000172 0.000780 75.403623
5.925510 1528471038.232622 0.000116 0.000175 0.000776 75.087467
5.937882 1528471038.244994 0.000117 0.000172 0.000780 74.838611
5.950282 1528471038.257394 0.000117 0.000178 0.000777 74.529275
5.963034 1528471038.270145 0.000115 0.000178 0.000789 74.309551
5.975929 1528471038.283041 0.000117 0.000176 0.000779 73.909025
5.989021 1528471038.296132 0.000116 0.000179 0.000776 73.698852
6.000879 1528471038.307991 0.000115 0.000175 0.000788 73.401143
6.013512 1528471038.320624 0.000116 0.000174 0.000778 73.265129
6.025965 1528471038.333077 0.000114 0.000182 0.000768 73.178946
6.038613 1528471038.345725 0.000114 0.000175 0.000775 73.183443
6.050457 1528471038.357568 0.000115 0.000177 0.000773 73.135573
6.063212 1528471038.370324 0.000115 0.000172 0.000779 73.329926
6.075962 1528471038.383074 0.000116 0.000176 0.000777 73.131331
6.088589 1528471038.395701 0.000115 0.000177 0.000773 73.160301
6.101034 1528471038.408146 0.000116 0.000172 0.000783 72.859633
6.114616 1528471038.421728 0.000116 0.000174 0.000775 72.662570
6.126307 1528471038.433418 0.000115 0.000182 0.000771 72.644244
6.138833 1528471038.445945 0.000115 0.000174 0.000780 72.498081
6.151106 1528471038.458218 0.000115 0.000176 0.000779 72.478946
6.163962 1528471038.471074 0.000115 0.000172 0.000783 72.310434
6.175873 1528471038.482985 0.000114 0.000176 0.000784 72.301947
6.188296 1528471038.495408 0.000115 0.000170 0.000787 72.245504
6.201197 1528471038.508309 0.000114 0.000178 0.000781 71.943895
6.213883 1528471038.520994 0.000116 0.000171 0.000784 72.039824
6.227172 1528471038.534284 0.000115 0.000169 0.000789 72.000387
6.238972 1528471038.546084 0.000117 0.000170 0.000785 71.878085
6.252019 1528471038.559131 0.000116 0.000170 0.000790 71.928456
6.264586 1528471038.571698 0.000116 0.000168 0.000788 71.846258
6.276048 1528471038.583160 0.000115 0.000177 0.000790 71.667578
6.288621 1528471038.595733 0.000115 0.000175 0.000785 71.692140
6.301124 1528471038.608235 0.000115 0.000174 0.000791 71.684381
6.314222 1528471038.621333 0.000112 0.000176 0.000798 71.790587
6.326028 1528471038.633140 0.000116 0.000172 0.000782 71.652008
6.338073 1528471038.645185 0.000116 0.000170 0.000782 71.720416
6.350161 1528471038.657272 0.000116 0.000170 0.000785 71.592103
6.363059 1528471038.670171 0.000116 0.000170 0.000787 71.581495
6.375535 1528471038.682647 0.000117 0.000167 0.000785 71.631619
6.389230 1528471038.696341 0.000116 0.000174 0.000787 71.506425
6.401695 1528471038.708807 0.000116 0.000177 0.000783 71.515177
6.413271 1528471038.720383 0.000116 0.000176 0.000783 71.225911
6.425416 1528471038.732528 0.000118 0.000165 0.000793 70.824375
6.439641 1528471038.746753 0.000117 0.000175 0.000777 70.185278
6.451901 1528471038.759013 0.000121 0.000181 0.000762 69.613260
6.464110 1528471038.771222 0.000125 0.000176 0.000758 69.419836
6.476253 1528471038.783365 0.000132 0.000176 0.000758 69.140628
6.488238 1528471038.795350 0.000138 0.000174 0.000761 68.799480
6.500699 1528471038.807811 0.000144 0.000175 0.000737 68.131741
6.513218 1528471038.820329 0.000149 0.000161 0.000728 67.640431
6.525820 1528471038.832932 0.000151 0.000158 0.000739 67.043018
6.538652 1528471038.845764 0.000151 0.000154 0.000732 65.989398
6.550728 1528471038.857839 0.000142 0.000157 0.000725 65.684587
6.563327 1528471038.870438 0.000136 0.000156 0.000729 65.302076
6.575894 1528471038.883005 0.000135 0.000157 0.000750 64.967429
6.588114 1528471038.895226 0.000135 0.000156 0.000740 64.643153
6.601272 1528471038.908384 0.000136 0.000155 0.000732 64.609900
6.614025 1528471038.921137 0.000134 0.000156 0.000727 64.264224
6.626318 1528471038.933430 0.000136 0.000155 0.000733 64.203516
6.638635 1528471038.945746 0.000138 0.000152 0.000727 64.172665
6.650468 1528471038.957579 0.000136 0.000153 0.000733 63.911933
6.662948 1528471038.970060 0.000138 0.000153 0.000730 63.658341
6.675310 1528471038.982422 0.000138 0.000152 0.000747 63.714809
6.687658 1528471038.994770 0.000139 0.000153 0.000721 63.192316
6.700291 1528471039.007403 0.000139 0.000152 0.000727 63.018689
6.713121 1528471039.020233 0.000136 0.000150 0.000728 62.902115
6.725799 1528471039.032910 0.000137 0.000150 0.000728 62.687030
6.738322 1528471039.045434 0.000139 0.000149 0.000735 62.309557
6.750498 1528471039.057610 0.000139 0.000150 0.000734 62.463945
6.763144 1528471039.070256 0.000139 0.000149 0.000741 62.382628
6.776472 1528471039.083583 0.000138 0.000147 0.000755 61.819160
6.789330 1528471039.096442 0.000133 0.000148 0.000766 61.393240
6.801301 1528471039.108412 0.000130 0.000145 0.000761 61.557621
6.813906 1528471039.121017 0.000125 0.000144 0.000789 61.084758
6.826599 1528471039.133711 0.000121 0.000144 0.000816 61.122871
6.839248 1528471039.146360 0.000122 0.000147 0.000812 61.017675
6.850786 1528471039.157897 0.000122 0.000143 0.000822 60.615887
6.862914 1528471039.170026 0.000121 0.000145 0.000838 60.458428
6.876733 1528471039.183844 0.000122 0.000145 0.000817 59.965270
6.889471 1528471039.196583 0.000119 0.000150 0.000836 59.992085
6.902087 1528471039.209199 0.000120 0.000146 0.000827 59.584031
6.914443 1528471039.221555 0.000121 0.000153 0.000813 59.046642
6.926918 1528471039.234030 0.000123 0.000146 0.000827 58.549580
6.938433 1528471039.245545 0.000121 0.000148 0.000835 58.455498
6.950554 1528471039.257665 0.000124 0.000152 0.000827 57.820186
6.963219 1528471039.270331 0.000123 0.000148 0.000819 58.026083
6.976616 1528471039.283728 0.000122 0.000147 0.000818 57.968322
6.989021 1528471039.296133 0.000122 0.000148 0.000830 57.892450
7.001749 1528471039.308861 0.000122 0.000153 0.000819 58.143353
7.013289 1528471039.320400 0.000121 0.000146 0.000820 58.186260
7.025123 1528471039.332234 0.000123 0.000148 0.000819 58.282752
7.037971 1528471039.345083 0.000124 0.000148 0.000814 58.097487
7.051430 1528471039.358542 0.000124 0.000154 0.000811 58.033540
7.064017 1528471039.371129 0.000122 0.000157 0.000811 58.040021
7.076606 1528471039.383718 0.000123 0.000150 0.000815 57.954731
7.088548 1528471039.395659 0.000124 0.000148 0.000820 57.909607
7.100343 1528471039.407455 0.000122 0.000155 0.000808 57.714196
7.112870 1528471039.419982 0.000124 0.000147 0.000813 57.832523
7.125309 1528471039.432421 0.000122 0.000147 0.000815 57.784349
7.138174 1528471039.445285 0.000122 0.000152 0.000813 57.893921
7.150472 1528471039.457583 0.000123 0.000149 0.000809 57.632637
7.163868 1528471039.470980 0.000124 0.000147 0.000817 57.634534
7.176165 1528471039.483277 0.000124 0.000151 0.000805 57.627811
7.189075 1528471039.496187 0.000124 0.000153 0.000798 57.411094
7.201571 1528471039.508683 0.000124 0.000149 0.000797 57.753580
7.213145 1528471039.520257 0.000124 0.000148 0.000809 57.395079
7.225338 1528471039.532449 0.000124 0.000152 0.000801 57.592684
7.239601 1528471039.546712 0.000124 0.000151 0.000807 57.850510
7.251827 1528471039.558938 0.000124 0.000157 0.000800 57.756639
7.263873 1528471039.570985 0.000124 0.000159 0.000801 57.545208
7.276257 1528471039.583369 0.000126 0.000154 0.000801 57.550647
7.288052 1528471039.595164 0.000125 0.000153 0.000808 57.623241
7.300688 1528471039.607799 0.000126 0.000152 0.000805 57.576390
7.314340 1528471039.621452 0.000126 0.000162 0.000801 57.435115
7.326652 1528471039.633763 0.000126 0.000155 0.000806 57.124512
7.339188 1528471039.646299 0.000125 0.000151 0.000806 57.471753
7.350958 1528471039.658069 0.000128 0.000149 0.000809 57.119858
7.363206 1528471039.670318 0.000127 0.000157 0.000803 57.044393
7.376431 1528471039.683543 0.000125 0.000153 0.000826 57.253446
7.389178 1528471039.696289 0.000126 0.000156 0.000807 57.145666
7.401299 1528471039.708411 0.000128 0.000152 0.000803 56.836495
7.414417 1528471039.721529 0.000128 0.000158 0.000806 56.952738
7.426683 1528471039.733795 0.000127 0.000156 0.000803 57.069723
7.439317 1528471039.746429 0.000127 0.000154 0.000806 57.035864
7.451275 1528471039.758386 0.000129 0.000152 0.000806 56.983121
7.463871 1528471039.770982 0.000128 0.000152 0.000805 57.185042
7.476272 1528471039.783384 0.000127 0.000159 0.000799 57.224922
7.488544 1528471039.795656 0.000128 0.000152 0.000804 57.110584
7.500525 1528471039.807636 0.000127 0.000156 0.000807 57.088471
7.513762 1528471039.820873 0.000128 0.000152 0.000800 57.045835
7.525910 1528471039.833022 0.000127 0.000159 0.000800 56.999196
7.539049 1528471039.846161 0.000128 0.000155 0.000800 56.946498
7.551318 1528471039.858430 0.000128 0.000157 0.000794 56.946725
7.564116 1528471039.871227 0.000128 0.000151 0.000801 56.911008
7.577309 1528471039.884420 0.000126 0.000154 0.000804 56.531477
7.589220 1528471039.896331 0.000127 0.000160 0.000798 56.473736
7.601321 1528471039.908433 0.000131 0.000158 0.000788 56.442972
7.613356 1528471039.920467 0.000133 0.000160 0.000774 56.548895
7.625469 1528471039.932580 0.000135 0.000156 0.000774 56.588954
7.637944 1528471039.945056 0.000137 0.000152 0.000777 56.381035
7.650559 1528471039.957671 0.000137 0.000159 0.000759 56.063515
7.663125 1528471039.970237 0.000138 0.000159 0.000761 56.045686
7.676509 1528471039.983621 0.000138 0.000155 0.000777 55.990885
7.688768 1528471039.995880 0.000139 0.000154 0.000770 56.029718
7.701251 1528471040.008363 0.000138 0.000154 0.000773 56.085890
7.714661 1528471040.021773 0.000137 0.000154 0.000780 56.490844
7.726381 1528471040.033493 0.000138 0.000156 0.000767 56.386841
7.738445 1528471040.045557 0.000139 0.000158 0.000769 56.122399
7.750995 1528471040.058107 0.000139 0.000156 0.000766 56.142546
7.763431 1528471040.070543 0.000137 0.000155 0.000773 56.354747
7.775543 1528471040.082654 0.000139 0.000157 0.000771 56.191815
7.788645 1528471040.095756 0.000137 0.000156 0.000774 56.209275
7.800714 1528471040.107826 0.000140 0.000155 0.000769 55.814845
7.814268 1528471040.121380 0.000137 0.000156 0.000773 55.936575
7.827013 1528471040.134125 0.000138 0.000157 0.000775 55.868466
7.839421 1528471040.146533 0.000138 0.000153 0.000789 55.690251
7.851645 1528471040.158757 0.000138 0.000155 0.000781 55.556797
7.864180 1528471040.171292 0.000137 0.000152 0.000788 55.480743
7.876760 1528471040.183872 0.000134 0.000149 0.000795 56.299032
7.889001 1528471040.196113 0.000132 0.000152 0.000790 57.216246
7.901004 1528471040.208116 0.000127 0.000154 0.000823 57.972967
7.913080 1528471040.220191 0.000130 0.000160 0.000795 57.702918
7.925322 1528471040.232434 0.000130 0.000156 0.000799 57.388586
7.939005 1528471040.246117 0.000128 0.000157 0.000794 57.257999
7.950474 1528471040.257585 0.000125 0.000153 0.000787 57.435298
7.963069 1528471040.270180 0.000124 0.000146 0.000805 57.342375
7.975456 1528471040.282568 0.000123 0.000147 0.000805 57.795194
7.987576 1528471040.294687 0.000121 0.000150 0.000800 57.986951
8.000701 1528471040.307813 0.000119 0.000154 0.000816 57.846480
8.012998 1528471040.320110 0.000118 0.000154 0.000837 57.320002
8.025272 1528471040.332384 0.000115 0.000160 0.000854 56.680345
8.038109 1528471040.345221 0.000116 0.000160 0.000851 56.064605
8.052086 1528471040.359197 0.000114 0.000153 0.000849 55.903209
8.064122 1528471040.371233 0.000115 0.000157 0.000851 55.827212
8.076906 1528471040.384017 0.000115 0.000155 0.000859 55.508782
8.089058 1528471040.396170 0.000116 0.000157 0.000863 55.212674
8.101559 1528471040.408671 0.000115 0.000156 0.000865 54.721518
8.114294 1528471040.421406 0.000114 0.000154 0.000876 54.102046
8.126617 1528471040.433729 0.000114 0.000155 0.000865 54.198186
8.138081 1528471040.445193 0.000112 0.000153 0.000876 54.584268
8.150544 1528471040.457656 0.000112 0.000153 0.000893 54.504741
8.164590 1528471040.471702 0.000114 0.000152 0.000880 54.390032
8.175582 1528471040.482694 0.000115 0.000156 0.000857 53.794908
8.188081 1528471040.495192 0.000112 0.000153 0.000875 53.311640
8.200628 1528471040.507739 0.000112 0.000152 0.000870 53.545333
8.213315 1528471040.520427 0.000112 0.000151 0.000886 53.778241
8.225799 1528471040.532911 0.000113 0.000152 0.000891 53.675103
8.238297 1528471040.545409 0.000113 0.000153 0.000866 53.352897
8.250793 1528471040.557905 0.000111 0.000151 0.000873 52.865651
8.263404 1528471040.570516 0.000112 0.000152 0.000877 52.922864
8.277382 1528471040.584494 0.000110 0.000154 0.000875 53.478468
8.288182 1528471040.595294 0.000112 0.000153 0.000881 53.286090
8.300743 1528471040.607855 0.000110 0.000156 0.000880 53.337775
8.313376 1528471040.620488 0.000107 0.000159 0.000869 52.928194
8.326211 1528471040.633323 0.000105 0.000160 0.000878 52.992759
8.338377 1528471040.645489 0.000105 0.000163 0.000903 53.232865
8.351628 1528471040.658740 0.000104 0.000165 0.000893 52.913123
8.364370 1528471040.671482 0.000104 0.000165 0.000884 52.365543
8.376490 1528471040.683602 0.000104 0.000166 0.000867 51.657097
8.389628 1528471040.696740 0.000103 0.000161 0.000868 51.860618
8.401821 1528471040.708933 0.000103 0.000162 0.000885 52.096922
8.413832 1528471040.720944 0.000104 0.000159 0.000866 51.513768
8.426092 1528471040.733204 0.000105 0.000157 0.000866 51.012563
8.438181 1528471040.745293 0.000103 0.000155 0.000859 50.537281
8.450804 1528471040.757915 0.000101 0.000153 0.000876 51.067134
8.463663 1528471040.770775 0.000102 0.000155 0.000890 51.324752
8.476760 1528471040.783871 0.000103 0.000156 0.000870 51.073169
8.489296 1528471040.796408 0.000102 0.000154 0.000860 50.792204
8.501648 1528471040.808760 0.000103 0.000154 0.000866 50.610914
8.514038 1528471040.821150 0.000101 0.000154 0.000878 51.231750
8.526662 1528471040.833773 0.000100 0.000140 0.000912 51.492947
8.538918 1528471040.846030 0.000103 0.000150 0.000869 51.188297
8.550962 1528471040.858073 0.000100 0.000140 0.000879 50.780492
8.563179 1528471040.870291 0.000100 0.000141 0.000872 50.211597
8.575551 1528471040.882663 0.000103 0.000154 0.000893 50.822606
8.588186 1528471040.895298 0.000102 0.000150 0.000913 51.321240
8.600697 1528471040.907808 0.000100 0.000139 0.000889 51.062455
8.613133 1528471040.920245 0.000100 0.000140 0.000876 50.811008
8.625822 1528471040.932934 0.000099 0.000141 0.000878 50.392149
8.639485 1528471040.946596 0.000099 0.000141 0.000923 51.201746
8.652231 1528471040.959342 0.000101 0.000139 0.000921 51.370054
8.664338 1528471040.971450 0.000099 0.000140 0.000899 50.849469
8.676877 1528471040.983989 0.000101 0.000141 0.000893 50.157808
8.688609 1528471040.995721 0.000099 0.000141 0.000901 49.369752
8.700909 1528471041.008020 0.000100 0.000140 0.000965 49.741345
8.713245 1528471041.020357 0.000102 0.000139 0.000964 49.810078
8.725933 1528471041.033045 0.000102 0.000140 0.000902 49.241460
8.738431 1528471041.045543 0.000102 0.000140 0.000878 48.552247
8.751729 1528471041.058841 0.000100 0.000141 0.000879 48.615005
8.764287 1528471041.071399 0.000100 0.000140 0.000927 49.319188
8.776693 1528471041.083805 0.000101 0.000139 0.000937 49.477040
8.789611 1528471041.096722 0.000102 0.000140 0.000899 49.004113
8.801613 1528471041.108725 0.000102 0.000141 0.000875 48.670813
8.813281 1528471041.120392 0.000101 0.000141 0.000883 48.575850
8.825686 1528471041.132797 0.000101 0.000141 0.000932 49.525770
8.838249 1528471041.145361 0.000101 0.000140 0.000944 49.778436
8.850883 1528471041.157995 0.000102 0.000140 0.000904 49.211156
8.863742 1528471041.170854 0.000102 0.000141 0.000875 48.588893
8.875641 1528471041.182753 0.000101 0.000141 0.000880 48.646542
8.888506 1528471041.195618 0.000101 0.000140 0.000924 49.452502
8.900749 1528471041.207861 0.000102 0.000140 0.000951 49.808970
8.913418 1528471041.220529 0.000103 0.000140 0.000912 49.341501
8.926302 1528471041.233414 0.000102 0.000140 0.000875 48.645604
8.939221 1528471041.246333 0.000102 0.000141 0.000869 48.291692
8.951221 1528471041.258333 0.000100 0.000142 0.000886 48.563626
8.964125 1528471041.271236 0.000100 0.000141 0.000946 49.271641
8.976648 1528471041.283759 0.000103 0.000140 0.000954 49.507307
8.989092 1528471041.296203 0.000102 0.000140 0.000898 49.209072
9.001534 1528471041.308645 0.000102 0.000141 0.000881 48.639925
9.014067 1528471041.321179 0.000103 0.000141 0.000870 48.207839
9.026577 1528471041.333688 0.000103 0.000142 0.000867 48.031233
9.039303 1528471041.346415 0.000103 0.000142 0.000884 48.504135
9.051844 1528471041.358956 0.000105 0.000141 0.000903 48.995217
9.064220 1528471041.371332 0.000109 0.000139 0.000914 48.653859
9.076521 1528471041.383633 0.000114 0.000140 0.000889 48.069362
9.088584 1528471041.395696 0.000116 0.000141 0.000866 47.530684
9.100736 1528471041.407848 0.000119 0.000143 0.000847 46.416791
9.113175 1528471041.420287 0.000118 0.000139 0.000825 45.734620
9.126048 1528471041.433160 0.000117 0.000138 0.000804 45.546810
9.138419 1528471041.445531 0.000118 0.000139 0.000795 45.253910
9.151113 1528471041.458224 0.000117 0.000139 0.000799 45.320817
9.163119 1528471041.470231 0.000117 0.000137 0.000792 45.254736
9.175549 1528471041.482661 0.000117 0.000137 0.000788 44.990092
9.188041 1528471041.495153 0.000116 0.000139 0.000789 44.788226
9.200577 1528471041.507689 0.000115 0.000136 0.000789 44.775190
9.213109 1528471041.520220 0.000114 0.000138 0.000789 44.563018
9.225553 1528471041.532664 0.000115 0.000137 0.000784 44.228981
9.238081 1528471041.545193 0.000115 0.000138 0.000779 43.897563
9.250354 1528471041.557466 0.000113 0.000136 0.000777 43.901242
9.263007 1528471041.570119 0.000113 0.000137 0.000776 43.815294
9.275575 1528471041.582686 0.000114 0.000136 0.000772 43.617972
9.288192 1528471041.595303 0.000114 0.000135 0.000769 43.763838
9.300583 1528471041.607694 0.000113 0.000134 0.000769 43.646362
9.313006 1528471041.620117 0.000113 0.000135 0.000769 43.758193
9.325605 1528471041.632717 0.000113 0.000136 0.000772 43.599381
9.338244 1528471041.645356 0.000116 0.000135 0.000758 43.797109
9.350539 1528471041.657651 0.000117 0.000132 0.000762 42.687720
9.363036 1528471041.670148 0.000113 0.000127 0.000798 41.604441
9.375660 1528471041.682771 0.000109 0.000129 0.000814 41.496443
9.388155 1528471041.695267 0.000108 0.000129 0.000820 41.831541
9.400231 1528471041.707343 0.000107 0.000130 0.000837 42.304389
9.412812 1528471041.719924 0.000107 0.000130 0.000843 42.611237
9.425343 1528471041.732455 0.000107 0.000130 0.000848 42.545641
9.438311 1528471041.745423 0.000108 0.000129 0.000842 42.582479
9.450638 1528471041.757750 0.000108 0.000130 0.000836 42.492956
9.463066 1528471041.770178 0.000108 0.000130 0.000835 42.489427
9.476184 1528471041.783296 0.000107 0.000130 0.000836 42.391010
9.488108 1528471041.795220 0.000109 0.000129 0.000835 42.374997
9.500766 1528471041.807877 0.000108 0.000129 0.000829 42.434170
9.513072 1528471041.820184 0.000108 0.000129 0.000830 42.263390
9.525536 1528471041.832648 0.000107 0.000130 0.000831 42.167970
9.537989 1528471041.845100 0.000108 0.000130 0.000829 42.054889
9.550455 1528471041.857567 0.000108 0.000130 0.000823 42.075398
9.563234 1528471041.870345 0.000108 0.000130 0.000826 42.049056
9.576699 1528471041.883811 0.000108 0.000129 0.000829 42.173641
9.589262 1528471041.896374 0.000108 0.000129 0.000829 42.206736
9.601685 1528471041.908796 0.000109 0.000130 0.000827 42.081675
9.614202 1528471041.921313 0.000109 0.000130 0.000822 42.086804
9.625926 1528471041.933038 0.000108 0.000130 0.000825 42.169378
9.638685 1528471041.945797 0.000108 0.000130 0.000826 42.162883
9.651009 1528471041.958121 0.000109 0.000130 0.000818 42.132286
9.663632 1528471041.970743 0.000109 0.000130 0.000823 42.123829
9.675835 1528471041.982947 0.000108 0.000131 0.000817 42.183655
9.688367 1528471041.995479 0.000108 0.000130 0.000829 42.209386
9.700759 1528471042.007871 0.000109 0.000130 0.000818 42.220118
9.713630 1528471042.020742 0.000109 0.000130 0.000825 42.205417
9.726228 1528471042.033339 0.000109 0.000131 0.000821 42.184870
9.738198 1528471042.045310 0.000109 0.000131 0.000819 42.165012
9.751270 1528471042.058381 0.000108 0.000132 0.000808 42.621395
9.763577 1528471042.070689 0.000108 0.000131 0.000823 42.795565
9.776139 1528471042.083250 0.000109 0.000130 0.000829 42.360990
9.788670 1528471042.095781 0.000109 0.000130 0.000825 42.218538
9.801449 1528471042.108561 0.000109 0.000132 0.000824 42.153932
9.813879 1528471042.120991 0.000109 0.000132 0.000828 42.261121
9.826747 1528471042.133859 0.000108 0.000133 0.000830 42.342264
9.838709 1528471042.145821 0.000108 0.000133 0.000833 42.515811
9.851213 1528471042.158324 0.000108 0.000132 0.000834 42.534298
9.863740 1528471042.170852 0.000108 0.000133 0.000839 42.539687
9.876241 1528471042.183352 0.000108 0.000133 0.000837 42.673634
9.888513 1528471042.195625 0.000109 0.000132 0.000836 42.678066
9.900941 1528471042.208053 0.000109 0.000133 0.000829 42.564318
9.913991 1528471042.221103 0.000109 0.000133 0.000830 42.643351
9.926390 1528471042.233501 0.000109 0.000132 0.000831 42.551628
9.938917 1528471042.246029 0.000109 0.000133 0.000829 42.650499
9.951086 1528471042.258198 0.000110 0.000134 0.000823 42.546492
9.963694 1528471042.270806 0.000109 0.000133 0.000828 42.608116
9.976448 1528471042.283560 0.000109 0.000133 0.000824 42.560997
9.988847 1528471042.295959 0.000110 0.000134 0.000824 42.533238
10.000868 1528471042.307980 0.000109 0.000134 0.000826 42.559815
10.014088 1528471042.321199 0.000109 0.000133 0.000820 42.531797
10.026340 1528471042.333452 0.000110 0.000134 0.000819 42.479602
10.039180 1528471042.346292 0.000110 0.000134 0.000820 42.506479
10.051603 1528471042.358715 0.000110 0.000134 0.000819 42.488363
10.063922 1528471042.371034 0.000110 0.000134 0.000819 42.433431
10.077129 1528471042.384241 0.000110 0.000133 0.000821 42.531112
10.089487 1528471042.396599 0.000109 0.000134 0.000821 42.569431
10.101198 1528471042.408310 0.000110 0.000135 0.000816 42.533118
10.113250 1528471042.420362 0.000111 0.000134 0.000817 42.368528
10.126065 1528471042.433176 0.000112 0.000134 0.000812 42.449994
10.139850 1528471042.446962 0.000111 0.000135 0.000815 42.455646
10.152008 1528471042.459120 0.000111 0.000135 0.000815 42.430041
10.164809 1528471042.471921 0.000111 0.000134 0.000810 42.340311
10.176999 1528471042.484111 0.000112 0.000135 0.000812 42.373488
10.188488 1528471042.495600 0.000111 0.000136 0.000810 42.478611
10.201041 1528471042.508153 0.000112 0.000135 0.000810 42.391321
10.213331 1528471042.520443 0.000112 0.000136 0.000809 42.441663
10.225836 1528471042.532948 0.000112 0.000136 0.000810 42.431661
10.238322 1528471042.545433 0.000112 0.000136 0.000810 42.402460
10.251059 1528471042.558171 0.000112 0.000137 0.000810 42.511121
10.263915 1528471042.571027 0.000113 0.000136 0.000806 42.441565
10.276171 1528471042.583283 0.000113 0.000137 0.000808 42.410818
10.288608 1528471042.595719 0.000113 0.000136 0.000805 42.514118
10.300959 1528471042.608071 0.000113 0.000137 0.000809 42.479931
10.313492 1528471042.620604 0.000114 0.000138 0.000805 42.553485
10.325998 1528471042.633110 0.000114 0.000137 0.000801 42.559512
10.338611 1528471042.645723 0.000114 0.000137 0.000812 42.585064
10.351863 1528471042.658975 0.000114 0.000137 0.000802 42.547036
10.364475 1528471042.671587 0.000115 0.000138 0.000801 42.472213
10.377236 1528471042.684347 0.000114 0.000138 0.000805 42.471585
10.389542 1528471042.696653 0.000114 0.000137 0.000813 42.579696
10.401762 1528471042.708873 0.000114 0.000138 0.000806 42.606452
10.414657 1528471042.721769 0.000115 0.000138 0.000808 42.588263
10.426077 1528471042.733189 0.000114 0.000138 0.000805 42.809887
10.438361 1528471042.745472 0.000114 0.000138 0.000804 42.688683
10.450918 1528471042.758030 0.000114 0.000138 0.000803 42.771962
10.463419 1528471042.770531 0.000115 0.000138 0.000805 42.546590
10.475873 1528471042.782985 0.000115 0.000137 0.000806 42.499369
10.488635 1528471042.795747 0.000114 0.000138 0.000806 42.537763
10.501045 1528471042.808157 0.000115 0.000138 0.000803 42.372822
10.513549 1528471042.820661 0.000114 0.000138 0.000805 42.431147
10.526496 1528471042.833608 0.000113 0.000137 0.000808 42.560807
10.538393 1528471042.845505 0.000114 0.000138 0.000802 42.608561
10.551253 1528471042.858365 0.000114 0.000138 0.000804 42.582811
10.563772 1528471042.870884 0.000114 0.000138 0.000806 42.404255
10.576062 1528471042.883174 0.000114 0.000138 0.000802 42.527711
10.588770 1528471042.895882 0.000114 0.000137 0.000803 42.587118
10.601285 1528471042.908397 0.000114 0.000139 0.000803 42.400973
10.614184 1528471042.921296 0.000114 0.000138 0.000799 42.509338
10.626407 1528471042.933519 0.000114 0.000139 0.000803 42.430940
10.638770 1528471042.945882 0.000114 0.000138 0.000799 42.470666
10.651490 1528471042.958602 0.000114 0.000138 0.000804 42.439967
10.663826 1528471042.970938 0.000114 0.000138 0.000804 42.375049
10.677075 1528471042.984186 0.000114 0.000138 0.000802 42.404510
10.689568 1528471042.996680 0.000114 0.000138 0.000802 42.305059
10.702415 1528471043.009526 0.000115 0.000139 0.000802 42.318681
10.714457 1528471043.021569 0.000114 0.000138 0.000803 42.397987
10.727447 1528471043.034559 0.000115 0.000138 0.000798 42.413241
10.738895 1528471043.046007 0.000114 0.000139 0.000802 42.408452
10.750945 1528471043.058056 0.000114 0.000138 0.000799 42.294765
10.763458 1528471043.070569 0.000115 0.000138 0.000800 42.318186
10.776301 1528471043.083413 0.000114 0.000138 0.000803 42.394463
10.788750 1528471043.095862 0.000114 0.000138 0.000797 42.409540
10.801134 1528471043.108246 0.000115 0.000139 0.000798 42.279587
10.813381 1528471043.120493 0.000115 0.000139 0.000798 42.436739
10.826306 1528471043.133418 0.000114 0.000138 0.000804 42.452997
10.840028 1528471043.147140 0.000114 0.000140 0.000805 42.590244
10.851903 1528471043.159015 0.000113 0.000140 0.000813 42.902532
10.864680 1528471043.171792 0.000114 0.000140 0.000829 42.848147
10.877314 1528471043.184426 0.000117 0.000141 0.000821 42.682612
10.889501 1528471043.196613 0.000118 0.000139 0.000824 42.403662
10.901242 1528471043.208354 0.000120 0.000140 0.000820 42.061452
10.914222 1528471043.221334 0.000121 0.000140 0.000807 41.633559
10.926277 1528471043.233388 0.000120 0.000140 0.000805 41.536635
10.938738 1528471043.245849 0.000121 0.000140 0.000800 41.410345
10.950977 1528471043.258088 0.000120 0.000140 0.000805 41.440174
10.963571 1528471043.270683 0.000120 0.000140 0.000810 41.549348
10.975776 1528471043.282888 0.000120 0.000140 0.000805 41.524706
10.988675 1528471043.295787 0.000120 0.000141 0.000801 41.651241
11.002027 1528471043.309139 0.000122 0.000142 0.000801 41.392993
11.014772 1528471043.321884 0.000120 0.000142 0.000805 41.577028
11.026377 1528471043.333489 0.000119 0.000141 0.000805 41.689235
11.038556 1528471043.345667 0.000119 0.000141 0.000804 41.646290
11.051131 1528471043.358243 0.000120 0.000142 0.000802 41.549154
11.063800 1528471043.370912 0.000120 0.000142 0.000802 41.439872
11.077009 1528471043.384121 0.000122 0.000142 0.000804 41.274918
11.089582 1528471043.396693 0.000123 0.000142 0.000797 41.111787
11.102063 1528471043.409174 0.000120 0.000141 0.000798 41.539622
11.114956 1528471043.422068 0.000120 0.000142 0.000796 41.567510
11.128273 1528471043.435385 0.000120 0.000142 0.000796 41.559496
11.139738 1528471043.446850 0.000121 0.000141 0.000799 41.199892
11.151291 1528471043.458403 0.000120 0.000142 0.000801 41.472231
11.164110 1528471043.471221 0.000121 0.000140 0.000804 41.303823
11.176385 1528471043.483497 0.000120 0.000141 0.000805 41.263805
11.188586 1528471043.495697 0.000120 0.000141 0.000804 41.361333
11.202108 1528471043.509219 0.000120 0.000142 0.000801 41.351177
11.214309 1528471043.521420 0.000119 0.000141 0.000797 41.534254
11.226249 1528471043.533360 0.000120 0.000141 0.000807 41.306120
11.239018 1528471043.546130 0.000119 0.000141 0.000805 41.530009
11.251053 1528471043.558165 0.000119 0.000141 0.000803 41.491977
11.264206 1528471043.571318 0.000119 0.000142 0.000804 41.532754
11.276242 1528471043.583354 0.000119 0.000142 0.000804 41.677229
11.288687 1528471043.595798 0.000123 0.000141 0.000781 41.854424
11.301234 1528471043.608346 0.000127 0.000141 0.000769 41.361465
11.313835 1528471043.620947 0.000127 0.000140 0.000772 41.341595
11.326429 1528471043.633540 0.000125 0.000140 0.000779 41.515013
11.338894 1528471043.646006 0.000126 0.000141 0.000783 41.475133
11.351329 1528471043.658441 0.000128 0.000142 0.000786 41.448713
11.363889 1528471043.671000 0.000126 0.000141 0.000786 41.902992
11.376609 1528471043.683721 0.000126 0.000140 0.000789 41.973802
11.389416 1528471043.696527 0.000126 0.000141 0.000782 42.017230
11.402383 1528471043.709495 0.000126 0.000141 0.000783 41.796101
11.414088 1528471043.721200 0.000126 0.000142 0.000781 41.734797
11.426303 1528471043.733415 0.000125 0.000141 0.000776 41.800635
11.438969 1528471043.746081 0.000127 0.000142 0.000775 41.729592
11.451364 1528471043.758476 0.000125 0.000140 0.000779 41.944293
11.463796 1528471043.770907 0.000127 0.000142 0.000780 41.841472
11.476106 1528471043.783218 0.000126 0.000141 0.000776 42.039121
11.489031 1528471043.796142 0.000127 0.000142 0.000778 41.797777
11.501574 1528471043.808685 0.000127 0.000141 0.000776 41.951676
11.514097 1528471043.821209 0.000125 0.000141 0.000777 41.900507
11.526382 1528471043.833493 0.000125 0.000141 0.000775 41.786688
11.539154 1528471043.846266 0.000127 0.000141 0.000779 41.625195
11.551560 1528471043.858672 0.000125 0.000141 0.000777 41.483523
11.563975 1528471043.871087 0.000127 0.000142 0.000774 41.432441
11.576879 1528471043.883991 0.000127 0.000142 0.000773 41.545967
11.589374 1528471043.896486 0.000125 0.000141 0.000770 41.628124
11.601867 1528471043.908979 0.000126 0.000141 0.000779 41.271863
11.614087 1528471043.921199 0.000124 0.000141 0.000776 41.453532
11.626226 1528471043.933337 0.000124 0.000141 0.000779 41.459347
11.638642 1528471043.945754 0.000127 0.000141 0.000773 41.231414
11.651368 1528471043.958480 0.000125 0.000141 0.000774 41.390279
11.663921 1528471043.971032 0.000127 0.000141 0.000771 41.256902
11.676396 1528471043.983508 0.000125 0.000141 0.000772 41.263585
11.688868 1528471043.995979 0.000126 0.000141 0.000772 41.087360
11.701249 1528471044.008361 0.000127 0.000142 0.000765 40.904236
11.713808 1528471044.020920 0.000127 0.000141 0.000767 40.931397
11.726218 1528471044.033329 0.000125 0.000141 0.000765 41.138541
11.738838 1528471044.045950 0.000126 0.000141 0.000765 40.999265
11.751123 1528471044.058235 0.000126 0.000141 0.000763 41.135085
11.763867 1528471044.070979 0.000128 0.000142 0.000765 40.813841
11.776155 1528471044.083267 0.000125 0.000141 0.000766 41.267787
11.789145 1528471044.096257 0.000126 0.000142 0.000764 40.987740
11.801148 1528471044.108260 0.000127 0.000142 0.000761 41.066414
11.813886 1528471044.120998 0.000127 0.000142 0.000762 41.021993
11.826315 1528471044.133427 0.000127 0.000142 0.000762 40.962019
11.838974 1528471044.146086 0.000129 0.000143 0.000759 40.786481
11.851226 1528471044.158338 0.000129 0.000143 0.000764 40.689828
11.864065 1528471044.171177 0.000129 0.000143 0.000759 40.815070
11.876418 1528471044.183530 0.000129 0.000142 0.000763 40.846254
11.888980 1528471044.196092 0.000128 0.000143 0.000761 41.012688
11.901424 1528471044.208536 0.000130 0.000143 0.000761 40.886118
11.913928 1528471044.221040 0.000131 0.000144 0.000766 40.789794
11.926645 1528471044.233757 0.000131 0.000144 0.000766 40.931060
11.939122 1528471044.246234 0.000129 0.000152 0.000775 41.596432
11.951724 1528471044.258835 0.000126 0.000157 0.000785 43.211216
11.964426 1528471044.271538 0.000128 0.000162 0.000786 44.543306
11.976448 1528471044.283560 0.000127 0.000168 0.000802 46.225180
11.989080 1528471044.296191 0.000131 0.000175 0.000823 47.452841
12.002565 1528471044.309677 0.000134 0.000180 0.000808 48.413584
12.014991 1528471044.322103 0.000136 0.000179 0.000769 48.901631
12.027541 1528471044.334653 0.000137 0.000180 0.000774 49.577845
12.039441 1528471044.346553 0.000139 0.000180 0.000768 50.024757
12.051338 1528471044.358450 0.000141 0.000182 0.000781 49.972323
12.064057 1528471044.371168 0.000140 0.000181 0.000775 49.907755
12.076066 1528471044.383178 0.000140 0.000185 0.000772 49.573190
12.090026 1528471044.397138 0.000136 0.000184 0.000768 48.889085
12.102257 1528471044.409369 0.000136 0.000185 0.000752 48.433707
12.114593 1528471044.421704 0.000134 0.000182 0.000741 48.044447
12.127407 1528471044.434519 0.000133 0.000179 0.000759 47.818948
12.139632 1528471044.446743 0.000133 0.000179 0.000754 48.334828
12.152184 1528471044.459296 0.000131 0.000178 0.000753 48.528822
12.165272 1528471044.472384 0.000132 0.000178 0.000756 48.651417
12.177786 1528471044.484897 0.000130 0.000176 0.000752 48.897962
12.189649 1528471044.496760 0.000130 0.000177 0.000754 48.893341
12.202149 1528471044.509260 0.000131 0.000176 0.000739 48.995284
12.214528 1528471044.521640 0.000129 0.000173 0.000745 48.989999
12.226364 1528471044.533476 0.000128 0.000173 0.000744 49.015829
