-5.377182 1528384626.853413 0.000110 0.000133 0.000698 39.533078
-5.363927 1528384626.866668 0.000110 0.000134 0.000696 39.449737
-5.353197 1528384626.877398 0.000110 0.000133 0.000695 39.466897
-5.341116 1528384626.889479 0.000110 0.000132 0.000692 39.351924
-5.328794 1528384626.901801 0.000109 0.000134 0.000696 39.428853
-5.316363 1528384626.914232 0.000110 0.000133 0.000697 39.382572
-5.303837 1528384626.926758 0.000109 0.000133 0.000695 39.353170
-5.291069 1528384626.939527 0.000109 0.000132 0.000695 39.336626
-5.278651 1528384626.951944 0.000109 0.000133 0.000697 39.399956
-5.265737 1528384626.964858 0.000109 0.000133 0.000697 39.463439
-5.253320 1528384626.977275 0.000109 0.000133 0.000696 39.405049
-5.240812 1528384626.989783 0.000109 0.000133 0.000695 39.269535
-5.228376 1528384627.002219 0.000109 0.000133 0.000698 39.375560
-5.215372 1528384627.015223 0.000109 0.000133 0.000696 39.348770
-5.202662 1528384627.027933 0.000109 0.000133 0.000695 39.325934
-5.190715 1528384627.039880 0.000109 0.000133 0.000698 39.371053
-5.177783 1528384627.052812 0.000109 0.000133 0.000701 39.406779
-5.164856 1528384627.065739 0.000109 0.000133 0.000697 39.352327
-5.152638 1528384627.077957 0.000109 0.000133 0.000693 39.353934
-5.139819 1528384627.090776 0.000109 0.000133 0.000695 39.181731
-5.127302 1528384627.103293 0.000109 0.000133 0.000695 39.335583
-5.115097 1528384627.115498 0.000110 0.000134 0.000697 39.328988
-5.102689 1528384627.127906 0.000109 0.000134 0.000694 39.357023
-5.089939 1528384627.140656 0.000109 0.000134 0.000698 39.298146
-5.077653 1528384627.152942 0.000109 0.000133 0.000694 39.350656
-5.064361 1528384627.166234 0.000110 0.000134 0.000693 39.305297
-5.052791 1528384627.177804 0.000110 0.000134 0.000695 39.316631
-5.040755 1528384627.189840 0.000109 0.000134 0.000697 39.483028
-5.028199 1528384627.202396 0.000110 0.000134 0.000694 39.314839
-5.015836 1528384627.214759 0.000110 0.000134 0.000692 39.251563
-5.003602 1528384627.226993 0.000110 0.000134 0.000694 39.370866
-4.990855 1528384627.239740 0.000110 0.000134 0.000694 39.440304
-4.978006 1528384627.252589 0.000110 0.000134 0.000694 39.460946
-4.966179 1528384627.264416 0.000109 0.000135 0.000694 39.477954
-4.953285 1528384627.277310 0.000110 0.000133 0.000697 39.415559
-4.940706 1528384627.289889 0.000110 0.000134 0.000694 39.448335
-4.928495 1528384627.302100 0.000110 0.000135 0.000694 39.397457
-4.916185 1528384627.314410 0.000109 0.000135 0.000697 39.356524
-4.903368 1528384627.327227 0.000110 0.000134 0.000698 39.371626
-4.890749 1528384627.339846 0.000110 0.000135 0.000692 39.334701
-4.878294 1528384627.352301 0.000110 0.000134 0.000694 39.305850
-4.865157 1528384627.365438 0.000110 0.000134 0.000695 39.395056
-4.852569 1528384627.378026 0.000110 0.000135 0.000694 39.369077
-4.840139 1528384627.390456 0.000110 0.000135 0.000696 39.396009
-4.827780 1528384627.402815 0.000111 0.000135 0.000690 39.379320
-4.815229 1528384627.415366 0.000110 0.000135 0.000695 39.416907
-4.803169 1528384627.427427 0.000110 0.000134 0.000694 39.289640
-4.790843 1528384627.439752 0.000111 0.000134 0.000697 39.381550
-4.777601 1528384627.452994 0.000111 0.000135 0.000692 39.330925
-4.764926 1528384627.465669 0.000111 0.000134 0.000696 39.356140
-4.751894 1528384627.478702 0.000110 0.000134 0.000694 39.303464
-4.739476 1528384627.491119 0.000111 0.000134 0.000698 39.390926
-4.728002 1528384627.502593 0.000112 0.000135 0.000691 39.243896
-4.715916 1528384627.514679 0.000113 0.000135 0.000684 39.028651
-4.702968 1528384627.527627 0.000115 0.000132 0.000681 38.917449
-4.690124 1528384627.540471 0.000115 0.000133 0.000677 38.902176
-4.678258 1528384627.552337 0.000114 0.000135 0.000680 38.861731
-4.665906 1528384627.564689 0.000114 0.000135 0.000689 38.866366
-4.653062 1528384627.577533 0.000114 0.000135 0.000690 38.755892
-4.639423 1528384627.591172 0.000114 0.000135 0.000690 38.759200
-4.628152 1528384627.602443 0.000114 0.000136 0.000688 38.666437
-4.615564 1528384627.615031 0.000114 0.000135 0.000692 38.646366
-4.602891 1528384627.627704 0.000113 0.000135 0.000694 38.531435
-4.590351 1528384627.640244 0.000114 0.000135 0.000693 38.529343
-4.577874 1528384627.652721 0.000114 0.000135 0.000693 38.417372
-4.565088 1528384627.665507 0.000113 0.000135 0.000692 38.429865
-4.552528 1528384627.678067 0.000113 0.000135 0.000691 38.340736
-4.539425 1528384627.691170 0.000113 0.000136 0.000695 38.222542
-4.528006 1528384627.702589 0.000113 0.000135 0.000693 38.183221
-4.516357 1528384627.714238 0.000113 0.000135 0.000695 38.140837
-4.503764 1528384627.726831 0.000112 0.000135 0.000696 38.187760
-4.490712 1528384627.739883 0.000112 0.000135 0.000693 38.176658
-4.478592 1528384627.752003 0.000113 0.000136 0.000695 38.177971
-4.465340 1528384627.765255 0.000112 0.000135 0.000695 38.166635
-4.452784 1528384627.777811 0.000113 0.000136 0.000691 38.103656
-4.440087 1528384627.790509 0.000113 0.000135 0.000695 38.196040
-4.427775 1528384627.802820 0.000113 0.000135 0.000691 38.221516
-4.415042 1528384627.815553 0.000113 0.000135 0.000689 38.016971
-4.402411 1528384627.828184 0.000113 0.000136 0.000689 38.117817
-4.389820 1528384627.840775 0.000112 0.000136 0.000693 38.133020
-4.378298 1528384627.852298 0.000113 0.000136 0.000692 38.108564
-4.365892 1528384627.864703 0.000113 0.000135 0.000691 38.068191
-4.353273 1528384627.877322 0.000112 0.000135 0.000690 38.099319
-4.339932 1528384627.890663 0.000113 0.000136 0.000689 38.056871
-4.327445 1528384627.903151 0.000113 0.000135 0.000687 38.017572
-4.314927 1528384627.915668 0.000112 0.000135 0.000695 38.060729
-4.302297 1528384627.928298 0.000112 0.000135 0.000693 38.089464
-4.290385 1528384627.940210 0.000113 0.000135 0.000691 37.906807
-4.278024 1528384627.952571 0.000113 0.000136 0.000694 38.097400
-4.265096 1528384627.965499 0.000113 0.000135 0.000692 38.071909
-4.253086 1528384627.977509 0.000113 0.000136 0.000691 38.103072
-4.240666 1528384627.989929 0.000112 0.000136 0.000697 38.124920
-4.228005 1528384628.002590 0.000111 0.000136 0.000705 38.343174
-4.215341 1528384628.015254 0.000109 0.000137 0.000707 39.009683
-4.202247 1528384628.028348 0.000109 0.000137 0.000712 39.228473
-4.189979 1528384628.040616 0.000110 0.000135 0.000714 39.052618
-4.177119 1528384628.053476 0.000110 0.000135 0.000704 38.859120
-4.164607 1528384628.065988 0.000110 0.000135 0.000715 38.973769
-4.152279 1528384628.078316 0.000111 0.000134 0.000706 38.962656
-4.139998 1528384628.090597 0.000110 0.000134 0.000714 38.973231
-4.127457 1528384628.103138 0.000110 0.000135 0.000713 38.959142
-4.115351 1528384628.115244 0.000110 0.000135 0.000706 38.885604
-4.102021 1528384628.128575 0.000111 0.000135 0.000698 38.842522
-4.090410 1528384628.140185 0.000110 0.000135 0.000707 38.729220
-4.078542 1528384628.152053 0.000110 0.000135 0.000703 38.736563
-4.065750 1528384628.164845 0.000109 0.000136 0.000705 38.720859
-4.053020 1528384628.177575 0.000109 0.000134 0.000703 38.744303
-4.040713 1528384628.189882 0.000109 0.000135 0.000708 38.606423
-4.028095 1528384628.202500 0.000109 0.000135 0.000707 38.593876
-4.015437 1528384628.215158 0.000109 0.000135 0.000705 38.712859
-4.003151 1528384628.227444 0.000108 0.000135 0.000703 38.628862
-3.990619 1528384628.239976 0.000108 0.000135 0.000708 38.561713
-3.978283 1528384628.252312 0.000108 0.000136 0.000706 38.641442
-3.965647 1528384628.264948 0.000110 0.000135 0.000700 38.052786
-3.953307 1528384628.277288 0.000112 0.000133 0.000699 37.505801
-3.940735 1528384628.289860 0.000110 0.000133 0.000711 37.307766
-3.928097 1528384628.302499 0.000109 0.000132 0.000720 37.379779
-3.915472 1528384628.315123 0.000109 0.000132 0.000723 37.434988
-3.901916 1528384628.328680 0.000109 0.000132 0.000732 37.598875
-3.890143 1528384628.340452 0.000108 0.000132 0.000726 37.591239
-3.877597 1528384628.352998 0.000109 0.000131 0.000723 37.469008
-3.864610 1528384628.365985 0.000108 0.000132 0.000730 37.507893
-3.853028 1528384628.377568 0.000109 0.000131 0.000730 37.637107
-3.840510 1528384628.390085 0.000109 0.000132 0.000728 37.599878
-3.827806 1528384628.402790 0.000109 0.000131 0.000730 37.670813
-3.814267 1528384628.416328 0.000109 0.000132 0.000731 37.575877
-3.802173 1528384628.428422 0.000109 0.000131 0.000729 37.640736
-3.789926 1528384628.440669 0.000109 0.000131 0.000728 37.544116
-3.777122 1528384628.453473 0.000109 0.000131 0.000728 37.572075
-3.765442 1528384628.465153 0.000110 0.000131 0.000724 37.580317
-3.752883 1528384628.477712 0.000109 0.000132 0.000724 37.627804
-3.740627 1528384628.489968 0.000109 0.000131 0.000728 37.580050
-3.728307 1528384628.502288 0.000110 0.000131 0.000727 37.430342
-3.715669 1528384628.514926 0.000110 0.000131 0.000726 37.548428
-3.703247 1528384628.527348 0.000110 0.000132 0.000725 37.525279
-3.690832 1528384628.539763 0.000109 0.000131 0.000730 37.612739
-3.677192 1528384628.553403 0.000110 0.000131 0.000725 37.472634
-3.664442 1528384628.566153 0.000110 0.000132 0.000726 37.508550
-3.651530 1528384628.579065 0.000110 0.000132 0.000725 37.531004
-3.639426 1528384628.591169 0.000110 0.000131 0.000721 37.489392
-3.627655 1528384628.602940 0.000110 0.000131 0.000728 37.483745
-3.615925 1528384628.614670 0.000110 0.000132 0.000724 37.642907
-3.603292 1528384628.627303 0.000109 0.000132 0.000724 37.564264
-3.589777 1528384628.640818 0.000110 0.000131 0.000725 37.458450
-3.577185 1528384628.653410 0.000110 0.000132 0.000732 37.582740
-3.564513 1528384628.666082 0.000110 0.000132 0.000728 37.507514
-3.552280 1528384628.678315 0.000110 0.000131 0.000729 37.666991
-3.539634 1528384628.690961 0.000111 0.000131 0.000724 37.570801
-3.527344 1528384628.703251 0.000113 0.000131 0.000710 37.317320
-3.514641 1528384628.715955 0.000113 0.000132 0.000701 37.316358
-3.498720 1528384628.731875 0.000112 0.000133 0.000701 37.745363
-3.489907 1528384628.740688 0.000111 0.000133 0.000700 38.075325
-3.478098 1528384628.752497 0.000112 0.000133 0.000697 38.364885
-3.465593 1528384628.765002 0.000112 0.000133 0.000706 38.485401
-3.453151 1528384628.777444 0.000112 0.000134 0.000704 38.627542
-3.440940 1528384628.789655 0.000113 0.000134 0.000700 38.759024
-3.428201 1528384628.802394 0.000112 0.000134 0.000702 38.800690
-3.414629 1528384628.815966 0.000112 0.000133 0.000706 38.672755
-3.402180 1528384628.828415 0.000113 0.000134 0.000703 38.807671
-3.389962 1528384628.840633 0.000112 0.000133 0.000707 38.731433
-3.378376 1528384628.852220 0.000112 0.000134 0.000705 38.695202
-3.365635 1528384628.864960 0.000113 0.000134 0.000705 38.693807
-3.353270 1528384628.877326 0.000113 0.000132 0.000707 38.540410
-3.340356 1528384628.890239 0.000112 0.000133 0.000700 38.547039
-3.327748 1528384628.902847 0.000112 0.000133 0.000704 38.459254
-3.315207 1528384628.915388 0.000112 0.000134 0.000704 38.517000
-3.302682 1528384628.927913 0.000112 0.000133 0.000711 38.429921
-3.289880 1528384628.940715 0.000112 0.000133 0.000702 38.225642
-3.277583 1528384628.953012 0.000111 0.000133 0.000707 38.375040
-3.265323 1528384628.965272 0.000111 0.000133 0.000704 38.223223
-3.252676 1528384628.977919 0.000111 0.000134 0.000706 38.276934
-3.240275 1528384628.990320 0.000111 0.000133 0.000704 38.144025
-3.227776 1528384629.002820 0.000111 0.000133 0.000709 38.237307
-3.215055 1528384629.015540 0.000111 0.000133 0.000706 38.186900
-3.202706 1528384629.027889 0.000112 0.000133 0.000702 38.241557
-3.190206 1528384629.040389 0.000111 0.000132 0.000709 38.254590
-3.177994 1528384629.052601 0.000111 0.000133 0.000704 38.191946
-3.165449 1528384629.065146 0.000111 0.000132 0.000705 38.082512
-3.152832 1528384629.077763 0.000111 0.000132 0.000704 38.031542
-3.140229 1528384629.090366 0.000110 0.000132 0.000705 37.990636
-3.126759 1528384629.103836 0.000112 0.000133 0.000701 38.119142
-3.114167 1528384629.116428 0.000111 0.000132 0.000706 38.097821
-3.102070 1528384629.128525 0.000112 0.000133 0.000702 38.162189
-3.090040 1528384629.140555 0.000111 0.000133 0.000706 38.031767
-3.077358 1528384629.153238 0.000111 0.000132 0.000705 38.010833
-3.065078 1528384629.165517 0.000112 0.000133 0.000699 38.016635
-3.053004 1528384629.177591 0.000111 0.000133 0.000702 38.061346
-3.040848 1528384629.189747 0.000111 0.000133 0.000706 38.079087
-3.028217 1528384629.202379 0.000111 0.000133 0.000703 37.988226
-3.015511 1528384629.215085 0.000112 0.000133 0.000702 38.133164
-3.003153 1528384629.227443 0.000112 0.000133 0.000705 37.945605
-2.990492 1528384629.240103 0.000111 0.000134 0.000704 38.044648
-2.978117 1528384629.252478 0.000111 0.000133 0.000704 38.039809
-2.965463 1528384629.265132 0.000111 0.000133 0.000704 38.017886
-2.952908 1528384629.277688 0.000112 0.000134 0.000703 37.997177
-2.939724 1528384629.290871 0.000112 0.000133 0.000701 37.943015
-2.927554 1528384629.303041 0.000112 0.000133 0.000703 37.899167
-2.914743 1528384629.315852 0.000112 0.000134 0.000699 38.010664
-2.902936 1528384629.327659 0.000112 0.000134 0.000700 38.050622
-2.890427 1528384629.340168 0.000113 0.000134 0.000698 37.852049
-2.878371 1528384629.352224 0.000112 0.000134 0.000700 38.028475
-2.865810 1528384629.364785 0.000112 0.000135 0.000700 38.061056
-2.853105 1528384629.377490 0.000112 0.000133 0.000704 37.947891
-2.840548 1528384629.390048 0.000112 0.000134 0.000702 37.858545
-2.828048 1528384629.402547 0.000113 0.000134 0.000698 37.959203
-2.815807 1528384629.414788 0.000113 0.000134 0.000700 38.104109
-2.803436 1528384629.427159 0.000112 0.000134 0.000702 37.880674
-2.790618 1528384629.439977 0.000113 0.000134 0.000700 37.956414
-2.777103 1528384629.453492 0.000113 0.000134 0.000700 38.099708
-2.764753 1528384629.465842 0.000113 0.000135 0.000700 38.073723
-2.752271 1528384629.478324 0.000112 0.000134 0.000699 37.862377
-2.740732 1528384629.489863 0.000113 0.000134 0.000698 37.805104
-2.728584 1528384629.502011 0.000113 0.000134 0.000701 37.931396
-2.715955 1528384629.514641 0.000113 0.000134 0.000697 37.722191
-2.702842 1528384629.527753 0.000113 0.000134 0.000705 37.699745
-2.690974 1528384629.539621 0.000113 0.000136 0.000704 38.077334
-2.678331 1528384629.552264 0.000112 0.000136 0.000703 38.445708
-2.665883 1528384629.564712 0.000113 0.000137 0.000697 38.423540
-2.653466 1528384629.577129 0.000114 0.000137 0.000698 38.139116
-2.639819 1528384629.590776 0.000114 0.000137 0.000699 37.990191
-2.627507 1528384629.603088 0.000114 0.000138 0.000693 37.832482
-2.615075 1528384629.615520 0.000114 0.000138 0.000689 37.817952
-2.602880 1528384629.627715 0.000114 0.000138 0.000691 37.828526
-2.589987 1528384629.640608 0.000115 0.000139 0.000680 37.645221
-2.578133 1528384629.652462 0.000115 0.000138 0.000683 37.630975
-2.565470 1528384629.665125 0.000114 0.000137 0.000692 37.686973
-2.552900 1528384629.677695 0.000114 0.000137 0.000693 37.769830
-2.540404 1528384629.690192 0.000114 0.000137 0.000687 37.773617
-2.527988 1528384629.702607 0.000114 0.000137 0.000693 37.874744
-2.515181 1528384629.715414 0.000114 0.000138 0.000690 37.707052
-2.502446 1528384629.728149 0.000114 0.000137 0.000691 37.861179
-2.489835 1528384629.740760 0.000114 0.000137 0.000685 37.702690
-2.477070 1528384629.753525 0.000114 0.000137 0.000689 37.749613
-2.464900 1528384629.765695 0.000114 0.000137 0.000689 37.850813
-2.451675 1528384629.778920 0.000114 0.000136 0.000692 37.779405
-2.439648 1528384629.790947 0.000114 0.000137 0.000689 37.698912
-2.427349 1528384629.803246 0.000114 0.000136 0.000691 37.768797
-2.414665 1528384629.815930 0.000114 0.000137 0.000690 37.620820
-2.402173 1528384629.828422 0.000114 0.000137 0.000690 37.693124
-2.389509 1528384629.841086 0.000114 0.000137 0.000684 37.704951
-2.376823 1528384629.853772 0.000114 0.000137 0.000692 37.631954
-2.364110 1528384629.866485 0.000114 0.000138 0.000687 37.660598
-2.351762 1528384629.878833 0.000114 0.000137 0.000684 37.613904
-2.339037 1528384629.891558 0.000114 0.000137 0.000686 37.688288
-2.327041 1528384629.903554 0.000114 0.000138 0.000685 37.543350
-2.315223 1528384629.915372 0.000114 0.000137 0.000687 37.616675
-2.303133 1528384629.927462 0.000114 0.000138 0.000686 37.656336
-2.290700 1528384629.939895 0.000114 0.000138 0.000689 37.547006
-2.277218 1528384629.953377 0.000114 0.000138 0.000687 37.505265
-2.264285 1528384629.966310 0.000114 0.000138 0.000687 37.516417
-2.252037 1528384629.978558 0.000113 0.000137 0.000686 37.575653
-2.239793 1528384629.990803 0.000114 0.000137 0.000687 37.640748
-2.227887 1528384630.002708 0.000115 0.000138 0.000687 37.296361
-2.215559 1528384630.015036 0.000118 0.000137 0.000671 36.389547
-2.203071 1528384630.027524 0.000117 0.000137 0.000671 36.503383
-2.190782 1528384630.039814 0.000115 0.000136 0.000677 36.785365
-2.178320 1528384630.052275 0.000113 0.000137 0.000684 37.095998
-2.165114 1528384630.065481 0.000113 0.000135 0.000693 37.425517
-2.152740 1528384630.077855 0.000112 0.000135 0.000695 37.687462
-2.140262 1528384630.090333 0.000112 0.000136 0.000697 37.629181
-2.127425 1528384630.103170 0.000112 0.000134 0.000699 37.710929
-2.115222 1528384630.115373 0.000112 0.000135 0.000698 37.608287
-2.102584 1528384630.128011 0.000112 0.000135 0.000695 37.540343
-2.089923 1528384630.140672 0.000112 0.000136 0.000691 37.651211
-2.077535 1528384630.153060 0.000112 0.000135 0.000692 37.522702
-2.064925 1528384630.165670 0.000112 0.000136 0.000690 37.499610
-2.052795 1528384630.177800 0.000112 0.000135 0.000695 37.544470
-2.040266 1528384630.190330 0.000112 0.000136 0.000692 37.593573
-2.027664 1528384630.202931 0.000112 0.000135 0.000696 37.445145
-2.015290 1528384630.215305 0.000113 0.000135 0.000697 37.560918
-2.002783 1528384630.227813 0.000112 0.000136 0.000694 37.481081
-1.990522 1528384630.240073 0.000112 0.000135 0.000695 37.436833
-1.977721 1528384630.252874 0.000112 0.000135 0.000692 37.333288
-1.965313 1528384630.265282 0.000112 0.000135 0.000693 37.444436
-1.952721 1528384630.277874 0.000113 0.000135 0.000693 37.511222
-1.940217 1528384630.290378 0.000113 0.000136 0.000693 37.281016
-1.927746 1528384630.302849 0.000112 0.000135 0.000690 37.338433
-1.915106 1528384630.315489 0.000112 0.000135 0.000690 37.324514
-1.902606 1528384630.327989 0.000112 0.000135 0.000689 37.233698
-1.890290 1528384630.340306 0.000112 0.000136 0.000694 37.309260
-1.877657 1528384630.352938 0.000112 0.000135 0.000695 37.287194
-1.865236 1528384630.365359 0.000112 0.000136 0.000693 37.277596
-1.852632 1528384630.377963 0.000112 0.000136 0.000688 37.225838
-1.840095 1528384630.390500 0.000112 0.000136 0.000691 37.186305
-1.827762 1528384630.402833 0.000111 0.000136 0.000697 37.206025
-1.815354 1528384630.415241 0.000112 0.000136 0.000692 37.396919
-1.802345 1528384630.428251 0.000112 0.000135 0.000696 37.250496
-1.789935 1528384630.440660 0.000112 0.000135 0.000697 37.108992
-1.777562 1528384630.453033 0.000113 0.000135 0.000692 37.177681
-1.765228 1528384630.465367 0.000112 0.000135 0.000695 37.263769
-1.752725 1528384630.477870 0.000112 0.000136 0.000690 37.137279
-1.740081 1528384630.490515 0.000113 0.000135 0.000695 37.271609
-1.727012 1528384630.503583 0.000112 0.000136 0.000696 37.281667
-1.714603 1528384630.515992 0.000112 0.000136 0.000699 37.302348
-1.702097 1528384630.528498 0.000112 0.000135 0.000693 37.105773
-1.690245 1528384630.540350 0.000113 0.000136 0.000691 37.117781
-1.677883 1528384630.552712 0.000112 0.000136 0.000694 37.099255
-1.665318 1528384630.565277 0.000113 0.000136 0.000693 37.217662
-1.652873 1528384630.577722 0.000113 0.000136 0.000692 37.038249
-1.640303 1528384630.590292 0.000113 0.000136 0.000691 37.161012
-1.627915 1528384630.602680 0.000113 0.000136 0.000693 37.113742
-1.614463 1528384630.616132 0.000113 0.000136 0.000692 37.116165
-1.602003 1528384630.628592 0.000113 0.000136 0.000690 37.175385
-1.589288 1528384630.641307 0.000113 0.000136 0.000694 37.178657
-1.577557 1528384630.653038 0.000113 0.000136 0.000688 36.942932
-1.565531 1528384630.665065 0.000113 0.000136 0.000695 37.027439
-1.553103 1528384630.677492 0.000113 0.000136 0.000689 37.031028
-1.540688 1528384630.689907 0.000113 0.000136 0.000693 36.984158
-1.527910 1528384630.702685 0.000113 0.000137 0.000695 36.977256
-1.515289 1528384630.715307 0.000113 0.000137 0.000692 36.897211
-1.502228 1528384630.728367 0.000113 0.000137 0.000694 36.947277
-1.489762 1528384630.740833 0.000113 0.000137 0.000693 36.968524
-1.476976 1528384630.753619 0.000113 0.000137 0.000692 36.872384
-1.464676 1528384630.765919 0.000113 0.000137 0.000690 36.886135
-1.448048 1528384630.782547 0.000112 0.000139 0.000696 37.114061
-1.439205 1528384630.791390 0.000112 0.000140 0.000695 37.204259
-1.427464 1528384630.803131 0.000112 0.000138 0.000705 37.379245
-1.415895 1528384630.814700 0.000112 0.000136 0.000721 37.319937
-1.403125 1528384630.827470 0.000113 0.000136 0.000719 37.101572
-1.390295 1528384630.840300 0.000112 0.000135 0.000720 37.073511
-1.377962 1528384630.852633 0.000112 0.000135 0.000724 37.128633
-1.365594 1528384630.865001 0.000112 0.000135 0.000725 37.195044
-1.353056 1528384630.877539 0.000113 0.000136 0.000722 37.244827
-1.340427 1528384630.890168 0.000112 0.000136 0.000724 37.170260
-1.326844 1528384630.903752 0.000112 0.000136 0.000722 37.104312
-1.314467 1528384630.916128 0.000113 0.000135 0.000721 37.073423
-1.302155 1528384630.928440 0.000113 0.000136 0.000720 37.048166
-1.289379 1528384630.941216 0.000112 0.000136 0.000723 37.128289
-1.277972 1528384630.952624 0.000112 0.000135 0.000724 37.118975
-1.265872 1528384630.964723 0.000112 0.000136 0.000719 37.105112
-1.253142 1528384630.977453 0.000112 0.000135 0.000724 37.156541
-1.239578 1528384630.991017 0.000112 0.000135 0.000723 37.130550
-1.227107 1528384631.003488 0.000112 0.000135 0.000723 37.069859
-1.214653 1528384631.015942 0.000113 0.000136 0.000722 37.216029
-1.202110 1528384631.028485 0.000112 0.000135 0.000720 37.039772
-1.189358 1528384631.041237 0.000112 0.000135 0.000727 37.007070
-1.177525 1528384631.053070 0.000113 0.000135 0.000718 37.111327
-1.165067 1528384631.065528 0.000114 0.000133 0.000706 36.812111
-1.152556 1528384631.078039 0.000114 0.000134 0.000707 36.563759
-1.139370 1528384631.091225 0.000114 0.000134 0.000717 36.374116
-1.126726 1528384631.103869 0.000112 0.000134 0.000728 36.575425
-1.114914 1528384631.115681 0.000112 0.000134 0.000721 36.574572
-1.102647 1528384631.127948 0.000113 0.000135 0.000722 36.747755
-1.090399 1528384631.140196 0.000113 0.000134 0.000727 36.628042
-1.077933 1528384631.152662 0.000113 0.000134 0.000720 36.697397
-1.065171 1528384631.165424 0.000113 0.000133 0.000725 36.730027
-1.052689 1528384631.177907 0.000113 0.000133 0.000724 36.599018
-1.040268 1528384631.190327 0.000113 0.000134 0.000718 36.516941
-1.028000 1528384631.202595 0.000113 0.000134 0.000723 36.547762
-1.015195 1528384631.215400 0.000113 0.000133 0.000718 36.498979
-1.002841 1528384631.227754 0.000113 0.000134 0.000721 36.574551
-0.990149 1528384631.240446 0.000113 0.000134 0.000724 36.642894
-0.977648 1528384631.252947 0.000112 0.000132 0.000724 36.575667
-0.965451 1528384631.265144 0.000113 0.000134 0.000720 36.553070
-0.952820 1528384631.277775 0.000113 0.000133 0.000721 36.498484
-0.939101 1528384631.291494 0.000113 0.000133 0.000722 36.485824
-0.926620 1528384631.303975 0.000113 0.000133 0.000723 36.591678
-0.914117 1528384631.316478 0.000113 0.000133 0.000721 36.518547
-0.902273 1528384631.328322 0.000111 0.000135 0.000712 36.676941
-0.890306 1528384631.340289 0.000109 0.000135 0.000725 37.017125
-0.877739 1528384631.352856 0.000109 0.000135 0.000728 37.398456
-0.865225 1528384631.365371 0.000108 0.000134 0.000730 37.168520
-0.852779 1528384631.377816 0.000109 0.000132 0.000730 37.168537
-0.840403 1528384631.390192 0.000109 0.000132 0.000732 37.275136
-0.827620 1528384631.402975 0.000109 0.000132 0.000729 37.152521
-0.814081 1528384631.416514 0.000109 0.000132 0.000731 37.222894
-0.801884 1528384631.428711 0.000109 0.000132 0.000729 37.214393
-0.789153 1528384631.441442 0.000109 0.000132 0.000729 37.293526
-0.777568 1528384631.453027 0.000108 0.000132 0.000730 37.170452
-0.765284 1528384631.465311 0.000108 0.000133 0.000728 37.280163
-0.752875 1528384631.477720 0.000109 0.000131 0.000731 37.191911
-0.740474 1528384631.490121 0.000110 0.000131 0.000727 37.216812
-0.728014 1528384631.502581 0.000108 0.000132 0.000731 37.196665
-0.715312 1528384631.515284 0.000108 0.000131 0.000732 37.121414
-0.702905 1528384631.527690 0.000107 0.000132 0.000731 37.078408
-0.689453 1528384631.541142 0.000108 0.000132 0.000732 37.260283
-0.676944 1528384631.553651 0.000108 0.000131 0.000731 36.981233
-0.664741 1528384631.565854 0.000108 0.000131 0.000733 37.112871
-0.652358 1528384631.578238 0.000108 0.000130 0.000732 37.057393
-0.639592 1528384631.591003 0.000108 0.000130 0.000735 37.005700
-0.627305 1528384631.603290 0.000108 0.000132 0.000731 37.099932
-0.614749 1528384631.615846 0.000108 0.000133 0.000726 37.030434
-0.602179 1528384631.628417 0.000107 0.000131 0.000732 37.022818
-0.589567 1528384631.641028 0.000107 0.000132 0.000728 36.890267
-0.577163 1528384631.653433 0.000107 0.000132 0.000732 37.096726
-0.564975 1528384631.665621 0.000108 0.000132 0.000726 36.951680
-0.552433 1528384631.678162 0.000107 0.000131 0.000733 37.039437
-0.539450 1528384631.691145 0.000107 0.000132 0.000732 36.942492
-0.527347 1528384631.703249 0.000108 0.000131 0.000728 36.855400
-0.515131 1528384631.715465 0.000111 0.000131 0.000715 36.462640
-0.502164 1528384631.728431 0.000109 0.000131 0.000716 36.516804
-0.490055 1528384631.740540 0.000108 0.000130 0.000719 36.834141
-0.476745 1528384631.753850 0.000108 0.000131 0.000723 37.047446
-0.464474 1528384631.766121 0.000108 0.000131 0.000724 37.151054
-0.452689 1528384631.777906 0.000108 0.000131 0.000727 37.359717
-0.440175 1528384631.790420 0.000108 0.000132 0.000728 37.391174
-0.426782 1528384631.803813 0.000107 0.000132 0.000729 37.461104
-0.415354 1528384631.815241 0.000107 0.000132 0.000731 37.410881
-0.402719 1528384631.827876 0.000108 0.000131 0.000729 37.543631
-0.390359 1528384631.840236 0.000108 0.000131 0.000733 37.363328
-0.377576 1528384631.853019 0.000108 0.000131 0.000728 37.212895
-0.363862 1528384631.866733 0.000108 0.000131 0.000730 37.478362
-0.351883 1528384631.878712 0.000108 0.000131 0.000727 37.302682
-0.338923 1528384631.891672 0.000108 0.000131 0.000726 37.327021
-0.326998 1528384631.903597 0.000109 0.000132 0.000721 37.260442
-0.314128 1528384631.916467 0.000109 0.000131 0.000722 37.276761
-0.303094 1528384631.927501 0.000109 0.000131 0.000728 37.317095
-0.290538 1528384631.940057 0.000109 0.000131 0.000722 37.210112
-0.277780 1528384631.952815 0.000108 0.000131 0.000729 37.278852
-0.264237 1528384631.966358 0.000108 0.000130 0.000728 37.239226
-0.251596 1528384631.978999 0.000109 0.000131 0.000723 37.207195
-0.239515 1528384631.991080 0.000109 0.000131 0.000725 37.184169
-0.227149 1528384632.003447 0.000109 0.000130 0.000723 37.106203
-0.215056 1528384632.015539 0.000109 0.000132 0.000724 37.202742
-0.201300 1528384632.029295 0.000109 0.000130 0.000721 37.123447
-0.190217 1528384632.040378 0.000109 0.000131 0.000723 37.162095
-0.177347 1528384632.053248 0.000109 0.000131 0.000724 37.186896
-0.164628 1528384632.065967 0.000109 0.000132 0.000720 37.144264
-0.152079 1528384632.078516 0.000109 0.000131 0.000725 37.205424
-0.139701 1528384632.090894 0.000107 0.000132 0.000728 37.354612
-0.127448 1528384632.103148 0.000107 0.000132 0.000730 37.949389
-0.114757 1528384632.115838 0.000108 0.000131 0.000732 37.975588
-0.102442 1528384632.128153 0.000108 0.000132 0.000727 37.934289
-0.089941 1528384632.140654 0.000109 0.000131 0.000724 37.954109
-0.077251 1528384632.153344 0.000109 0.000131 0.000722 37.822319
-0.064920 1528384632.165675 0.000109 0.000130 0.000724 37.916187
-0.051809 1528384632.178786 0.000108 0.000131 0.000720 37.930735
-0.039337 1528384632.191258 0.000108 0.000132 0.000722 37.939612
-0.027616 1528384632.202980 0.000107 0.000131 0.000727 38.018459
-0.015496 1528384632.215099 0.000108 0.000130 0.000731 37.991351
-0.001673 1528384632.228922 0.000107 0.000131 0.000721 37.903711
0.010823 1528384632.241418 0.000108 0.000131 0.000723 37.997196
0.023038 1528384632.253633 0.000108 0.000130 0.000721 37.853464
0.035933 1528384632.266529 0.000108 0.000130 0.000724 37.806453
0.048270 1528384632.278865 0.000107 0.000130 0.000725 37.884262
0.060911 1528384632.291506 0.000107 0.000131 0.000720 37.822969
0.072503 1528384632.303098 0.000107 0.000131 0.000726 37.855655
0.084970 1528384632.315565 0.000107 0.000131 0.000729 37.946097
0.097377 1528384632.327972 0.000107 0.000131 0.000730 37.897681
0.109921 1528384632.340516 0.000107 0.000131 0.000725 37.734462
0.123219 1528384632.353814 0.000107 0.000132 0.000727 37.790678
0.135767 1528384632.366363 0.000107 0.000131 0.000719 37.695509
0.148255 1528384632.378850 0.000108 0.000130 0.000718 37.797042
0.160789 1528384632.391385 0.000107 0.000131 0.000720 37.693183
0.173185 1528384632.403780 0.000107 0.000132 0.000720 37.652169
0.185076 1528384632.415671 0.000106 0.000131 0.000721 37.769031
0.197152 1528384632.427747 0.000107 0.000131 0.000723 37.738528
0.209645 1528384632.440240 0.000108 0.000131 0.000723 37.792271
0.222187 1528384632.452782 0.000107 0.000132 0.000720 37.587181
0.234805 1528384632.465400 0.000107 0.000131 0.000724 37.710089
0.246846 1528384632.477441 0.000107 0.000131 0.000721 37.672928
0.259665 1528384632.490260 0.000107 0.000131 0.000726 37.678623
0.272084 1528384632.502680 0.000106 0.000130 0.000726 37.674177
0.284875 1528384632.515471 0.000107 0.000130 0.000721 37.549038
0.297719 1528384632.528315 0.000107 0.000130 0.000721 37.699352
0.310175 1528384632.540770 0.000107 0.000130 0.000724 37.629631
0.322514 1528384632.553109 0.000107 0.000130 0.000726 37.699598
0.335108 1528384632.565703 0.000108 0.000133 0.000709 38.414828
0.347453 1528384632.578048 0.000109 0.000141 0.000695 40.847058
0.359420 1528384632.590015 0.000110 0.000145 0.000713 44.648287
0.371924 1528384632.602519 0.000116 0.000150 0.000714 47.972965
0.384768 1528384632.615364 0.000122 0.000161 0.000721 50.820966
0.396868 1528384632.627464 0.000126 0.000173 0.000720 53.145931
0.409532 1528384632.640127 0.000131 0.000185 0.000732 55.950271
0.422097 1528384632.652692 0.000132 0.000196 0.000755 58.804167
0.434573 1528384632.665168 0.000135 0.000204 0.000744 61.321886
0.448416 1528384632.679011 0.000135 0.000213 0.000748 64.162530
0.460610 1528384632.691206 0.000134 0.000216 0.000763 66.979315
0.472953 1528384632.703548 0.000133 0.000216 0.000814 70.576053
0.485233 1528384632.715828 0.000138 0.000229 0.000825 74.013574
0.498213 1528384632.728808 0.000140 0.000244 0.000797 78.490311
0.510688 1528384632.741283 0.000139 0.000243 0.000765 82.763544
0.523043 1528384632.753638 0.000136 0.000232 0.000756 87.028382
0.535732 1528384632.766327 0.000140 0.000231 0.000737 90.521605
0.548093 1528384632.778688 0.000140 0.000229 0.000713 93.018874
0.560522 1528384632.791117 0.000142 0.000232 0.000730 94.727283
0.572600 1528384632.803195 0.000145 0.000234 0.000721 96.379158
0.584764 1528384632.815360 0.000149 0.000228 0.000716 98.041012
0.600037 1528384632.830632 0.000153 0.000223 0.000697 99.280831
0.609826 1528384632.840421 0.000157 0.000220 0.000691 100.396226
0.622579 1528384632.853174 0.000159 0.000218 0.000689 101.085719
0.634958 1528384632.865553 0.000159 0.000215 0.000686 101.925446
0.647439 1528384632.878034 0.000160 0.000215 0.000695 102.960889
0.660119 1528384632.890714 0.000163 0.000209 0.000694 103.667478
0.672413 1528384632.903008 0.000165 0.000210 0.000691 104.703029
0.684976 1528384632.915571 0.000166 0.000210 0.000687 105.719237
0.697608 1528384632.928203 0.000168 0.000209 0.000682 106.886684
0.711048 1528384632.941643 0.000170 0.000210 0.000680 107.710324
0.723070 1528384632.953665 0.000169 0.000213 0.000687 108.561981
0.735674 1528384632.966269 0.000170 0.000212 0.000671 109.529870
0.748496 1528384632.979091 0.000171 0.000213 0.000666 110.129991
0.760238 1528384632.990833 0.000171 0.000210 0.000675 110.685765
0.772379 1528384633.002975 0.000172 0.000212 0.000679 111.271935
0.785731 1528384633.016326 0.000172 0.000211 0.000676 111.340944
0.798304 1528384633.028899 0.000174 0.000210 0.000669 112.014008
0.810182 1528384633.040777 0.000175 0.000211 0.000671 112.661781
0.823037 1528384633.053632 0.000176 0.000210 0.000661 113.174555
0.835369 1528384633.065964 0.000177 0.000209 0.000669 113.578992
0.847634 1528384633.078229 0.000177 0.000210 0.000661 114.384767
0.860173 1528384633.090768 0.000175 0.000209 0.000660 114.380136
0.872874 1528384633.103469 0.000175 0.000208 0.000675 114.701913
0.885005 1528384633.115600 0.000177 0.000208 0.000673 115.181828
0.897667 1528384633.128263 0.000175 0.000210 0.000672 115.339061
0.910274 1528384633.140869 0.000177 0.000210 0.000671 115.601212
0.922777 1528384633.153372 0.000177 0.000209 0.000671 115.838107
0.935870 1528384633.166465 0.000179 0.000207 0.000669 116.007952
0.947846 1528384633.178442 0.000178 0.000208 0.000678 116.097701
0.960173 1528384633.190768 0.000180 0.000208 0.000672 116.457381
0.973163 1528384633.203758 0.000179 0.000208 0.000675 116.598580
0.986003 1528384633.216598 0.000179 0.000208 0.000678 116.317121
0.998405 1528384633.229000 0.000180 0.000210 0.000677 116.963713
1.010711 1528384633.241306 0.000180 0.000207 0.000673 117.183117
1.023361 1528384633.253957 0.000183 0.000208 0.000670 117.275219
1.036162 1528384633.266757 0.000182 0.000208 0.000670 117.292201
1.048609 1528384633.279204 0.000181 0.000208 0.000669 117.389630
1.060295 1528384633.290890 0.000183 0.000207 0.000668 117.432114
1.072813 1528384633.303408 0.000183 0.000208 0.000665 117.473417
1.085421 1528384633.316016 0.000181 0.000208 0.000672 117.767431
1.097617 1528384633.328212 0.000182 0.000209 0.000664 117.631495
1.110217 1528384633.340812 0.000182 0.000209 0.000660 117.455177
1.122943 1528384633.353538 0.000181 0.000210 0.000677 117.353564
1.135887 1528384633.366482 0.000179 0.000211 0.000678 117.556284
1.148561 1528384633.379157 0.000179 0.000212 0.000680 117.362745
1.160794 1528384633.391389 0.000180 0.000212 0.000692 117.486019
1.173632 1528384633.404227 0.000180 0.000212 0.000677 117.519630
1.186105 1528384633.416700 0.000179 0.000213 0.000680 117.550898
1.197928 1528384633.428523 0.000179 0.000213 0.000680 117.683619
1.211023 1528384633.441618 0.000180 0.000214 0.000683 117.749931
1.222829 1528384633.453424 0.000180 0.000215 0.000685 118.185589
1.235205 1528384633.465800 0.000180 0.000215 0.000688 118.051608
1.247454 1528384633.478049 0.000181 0.000214 0.000680 118.242800
1.260077 1528384633.490673 0.000180 0.000215 0.000681 118.191696
1.273156 1528384633.503751 0.000180 0.000215 0.000675 118.333549
1.286050 1528384633.516645 0.000180 0.000216 0.000679 118.211754
1.297644 1528384633.528239 0.000180 0.000216 0.000684 118.499790
1.309825 1528384633.540420 0.000179 0.000215 0.000685 118.228278
1.322623 1528384633.553218 0.000178 0.000216 0.000683 118.220585
1.335753 1528384633.566348 0.000178 0.000216 0.000679 118.116612
1.348638 1528384633.579233 0.000178 0.000217 0.000679 118.182303
1.360303 1528384633.590898 0.000178 0.000217 0.000683 118.138351
1.373224 1528384633.603819 0.000178 0.000215 0.000690 117.986571
1.385190 1528384633.615785 0.000177 0.000216 0.000687 117.916801
1.397840 1528384633.628435 0.000177 0.000218 0.000686 117.927064
1.410868 1528384633.641463 0.000178 0.000217 0.000681 117.959141
1.423079 1528384633.653675 0.000177 0.000217 0.000684 118.017549
1.435436 1528384633.666032 0.000177 0.000217 0.000685 118.063304
1.447716 1528384633.678311 0.000177 0.000216 0.000687 117.840070
1.460265 1528384633.690860 0.000177 0.000217 0.000686 117.865195
1.472702 1528384633.703297 0.000176 0.000218 0.000701 117.637898
1.485545 1528384633.716140 0.000177 0.000217 0.000698 117.616530
1.498708 1528384633.729304 0.000177 0.000216 0.000703 117.560536
1.511109 1528384633.741704 0.000176 0.000217 0.000699 117.426330
1.523922 1528384633.754518 0.000175 0.000216 0.000706 117.498064
1.535606 1528384633.766201 0.000176 0.000217 0.000705 117.941049
1.547649 1528384633.778244 0.000176 0.000217 0.000700 117.885671
1.561040 1528384633.791636 0.000177 0.000217 0.000708 117.424503
1.574384 1528384633.804979 0.000175 0.000216 0.000706 117.383698
1.585866 1528384633.816461 0.000176 0.000218 0.000707 117.496627
1.597647 1528384633.828242 0.000174 0.000218 0.000708 117.499871
1.609856 1528384633.840451 0.000175 0.000218 0.000717 117.716238
1.622611 1528384633.853206 0.000174 0.000218 0.000709 117.621412
1.634771 1528384633.865366 0.000176 0.000218 0.000708 117.757741
1.647194 1528384633.877789 0.000175 0.000217 0.000713 117.513833
1.659559 1528384633.890155 0.000176 0.000218 0.000706 117.468143
1.672120 1528384633.902715 0.000176 0.000218 0.000711 117.717367
1.684740 1528384633.915335 0.000176 0.000218 0.000712 117.747733
1.697146 1528384633.927742 0.000175 0.000219 0.000709 117.752286
1.709612 1528384633.940207 0.000176 0.000218 0.000715 117.911816
1.722416 1528384633.953012 0.000174 0.000219 0.000719 117.423738
1.735351 1528384633.965946 0.000175 0.000219 0.000708 117.421609
1.747461 1528384633.978056 0.000176 0.000218 0.000710 117.298152
1.760289 1528384633.990884 0.000175 0.000218 0.000707 117.310314
1.772883 1528384634.003478 0.000176 0.000219 0.000719 117.334083
1.786087 1528384634.016682 0.000175 0.000218 0.000712 117.400438
1.798629 1528384634.029224 0.000174 0.000219 0.000726 117.526550
1.811138 1528384634.041733 0.000175 0.000219 0.000726 117.485844
1.823541 1528384634.054136 0.000173 0.000219 0.000720 117.014125
1.836273 1528384634.066868 0.000175 0.000218 0.000715 117.006509
1.848846 1528384634.079441 0.000175 0.000218 0.000714 117.131387
1.861168 1528384634.091763 0.000177 0.000218 0.000718 117.151893
1.873647 1528384634.104242 0.000175 0.000218 0.000721 117.044719
1.886163 1528384634.116758 0.000174 0.000218 0.000720 116.933401
1.898488 1528384634.129083 0.000174 0.000218 0.000724 116.866919
1.911571 1528384634.142166 0.000172 0.000218 0.000727 116.492658
1.923773 1528384634.154368 0.000174 0.000216 0.000724 116.374757
1.935993 1528384634.166588 0.000174 0.000218 0.000720 116.303927
1.947677 1528384634.178272 0.000172 0.000216 0.000728 115.927905
1.960652 1528384634.191247 0.000175 0.000216 0.000717 116.022797
1.972616 1528384634.203212 0.000173 0.000216 0.000732 116.160913
1.985810 1528384634.216405 0.000173 0.000215 0.000739 116.525750
1.998457 1528384634.229053 0.000171 0.000213 0.000739 116.528397
2.011035 1528384634.241631 0.000173 0.000213 0.000732 116.551730
2.022855 1528384634.253450 0.000173 0.000214 0.000716 116.661982
2.035502 1528384634.266098 0.000172 0.000214 0.000728 116.651727
2.047678 1528384634.278273 0.000174 0.000214 0.000720 116.902543
2.060374 1528384634.290969 0.000172 0.000215 0.000714 116.512385
2.073281 1528384634.303876 0.000173 0.000216 0.000705 116.905600
2.085852 1528384634.316447 0.000174 0.000216 0.000714 116.950058
2.097965 1528384634.328561 0.000176 0.000216 0.000711 116.749304
2.111424 1528384634.342019 0.000174 0.000217 0.000713 116.348036
2.123859 1528384634.354454 0.000176 0.000215 0.000717 116.383948
2.136568 1528384634.367163 0.000174 0.000216 0.000714 116.377589
2.148223 1528384634.378819 0.000174 0.000215 0.000711 116.409118
2.160825 1528384634.391421 0.000173 0.000216 0.000714 116.371006
2.173474 1528384634.404069 0.000174 0.000217 0.000716 116.660198
2.186279 1528384634.416874 0.000175 0.000217 0.000721 116.597469
2.198637 1528384634.429233 0.000175 0.000216 0.000713 116.562663
2.210341 1528384634.440937 0.000177 0.000217 0.000715 116.674438
2.222692 1528384634.453287 0.000175 0.000218 0.000720 116.683895
2.236435 1528384634.467031 0.000175 0.000218 0.000710 116.438897
2.248881 1528384634.479476 0.000176 0.000217 0.000704 116.395293
2.260345 1528384634.490941 0.000175 0.000219 0.000716 116.458972
2.272853 1528384634.503448 0.000176 0.000219 0.000714 116.507417
2.284902 1528384634.515497 0.000177 0.000219 0.000704 116.427695
2.299296 1528384634.529891 0.000177 0.000219 0.000706 116.541521
2.311807 1528384634.542403 0.000179 0.000219 0.000700 116.702504
2.323558 1528384634.554153 0.000177 0.000218 0.000716 116.711341
2.336179 1528384634.566774 0.000178 0.000219 0.000708 116.640053
2.348910 1528384634.579505 0.000178 0.000219 0.000699 116.641839
2.361319 1528384634.591914 0.000178 0.000220 0.000705 116.472164
2.373787 1528384634.604382 0.000179 0.000220 0.000709 116.587612
2.385110 1528384634.615705 0.000178 0.000219 0.000706 116.565869
2.397590 1528384634.628185 0.000179 0.000221 0.000708 116.743628
2.409984 1528384634.640579 0.000178 0.000220 0.000704 116.527627
2.422585 1528384634.653180 0.000176 0.000220 0.000709 116.587562
2.435467 1528384634.666062 0.000178 0.000221 0.000711 116.775285
2.447793 1528384634.678388 0.000179 0.000220 0.000707 117.070162
2.459992 1528384634.690587 0.000178 0.000220 0.000720 116.955079
2.473213 1528384634.703808 0.000178 0.000219 0.000714 116.734830
2.486185 1528384634.716780 0.000178 0.000220 0.000714 116.846759
2.498347 1528384634.728942 0.000178 0.000219 0.000709 116.928207
2.510357 1528384634.740952 0.000178 0.000219 0.000723 116.580863
2.522758 1528384634.753354 0.000178 0.000218 0.000710 116.546591
2.535028 1528384634.765623 0.000176 0.000217 0.000721 116.681351
2.547592 1528384634.778187 0.000175 0.000217 0.000719 116.775643
2.561203 1528384634.791799 0.000177 0.000218 0.000717 116.737515
2.573205 1528384634.803800 0.000176 0.000218 0.000711 116.446197
2.585135 1528384634.815731 0.000176 0.000217 0.000715 116.509953
2.598683 1528384634.829278 0.000174 0.000217 0.000727 116.560349
2.611241 1528384634.841836 0.000175 0.000218 0.000717 116.612981
2.623816 1528384634.854411 0.000177 0.000217 0.000713 116.737329
2.636586 1528384634.867181 0.000175 0.000217 0.000710 116.423363
2.648904 1528384634.879499 0.000174 0.000216 0.000715 116.363051
2.661611 1528384634.892206 0.000177 0.000216 0.000716 116.305541
2.673288 1528384634.903883 0.000175 0.000217 0.000714 116.210915
2.685694 1528384634.916289 0.000175 0.000216 0.000717 116.122986
2.697775 1528384634.928370 0.000174 0.000217 0.000724 116.264069
2.710060 1528384634.940655 0.000176 0.000216 0.000717 116.344527
2.723981 1528384634.954576 0.000175 0.000217 0.000710 116.253903
2.736513 1528384634.967108 0.000176 0.000218 0.000708 115.933146
2.747907 1528384634.978502 0.000176 0.000218 0.000710 115.782226
2.760114 1528384634.990709 0.000175 0.000218 0.000712 115.664058
2.772408 1528384635.003003 0.000175 0.000219 0.000710 115.793780
2.784915 1528384635.015510 0.000176 0.000218 0.000710 115.611318
2.797293 1528384635.027888 0.000176 0.000218 0.000707 115.632333
2.811303 1528384635.041898 0.000177 0.000219 0.000702 115.585395
2.823924 1528384635.054519 0.000176 0.000219 0.000701 115.419702
2.836657 1528384635.067252 0.000177 0.000219 0.000699 115.644677
2.848329 1528384635.078924 0.000177 0.000219 0.000704 115.899213
2.860054 1528384635.090649 0.000179 0.000219 0.000711 116.221895
2.872333 1528384635.102928 0.000178 0.000220 0.000696 116.213520
2.885683 1528384635.116278 0.000177 0.000220 0.000703 116.549981
2.898226 1528384635.128822 0.000177 0.000219 0.000719 117.115851
2.910093 1528384635.140688 0.000179 0.000220 0.000710 117.004627
2.923018 1528384635.153613 0.000179 0.000219 0.000708 116.608603
2.934629 1528384635.165225 0.000178 0.000219 0.000705 116.569593
2.947593 1528384635.178188 0.000178 0.000220 0.000714 116.859653
2.960001 1528384635.190596 0.000179 0.000219 0.000713 116.874723
2.972450 1528384635.203045 0.000179 0.000218 0.000710 116.698512
2.985020 1528384635.215615 0.000178 0.000217 0.000713 116.546005
2.997286 1528384635.227881 0.000176 0.000218 0.000716 116.319359
3.010809 1528384635.241404 0.000178 0.000216 0.000716 116.176698
3.023606 1528384635.254201 0.000178 0.000215 0.000719 116.211323
3.035788 1528384635.266383 0.000176 0.000215 0.000717 116.158377
3.047803 1528384635.278398 0.000177 0.000215 0.000715 116.109983
3.060258 1528384635.290854 0.000178 0.000215 0.000718 116.307168
3.072338 1528384635.302933 0.000176 0.000215 0.000719 116.283180
3.084959 1528384635.315554 0.000177 0.000214 0.000722 116.514703
3.097356 1528384635.327951 0.000178 0.000215 0.000715 116.273019
3.110038 1528384635.340633 0.000178 0.000213 0.000718 116.373997
3.122359 1528384635.352954 0.000176 0.000214 0.000711 115.846129
3.134899 1528384635.365494 0.000177 0.000213 0.000710 115.807150
3.147248 1528384635.377843 0.000177 0.000213 0.000713 115.849415
3.159945 1528384635.390540 0.000179 0.000213 0.000712 115.766982
3.172517 1528384635.403112 0.000180 0.000212 0.000719 115.956469
3.185155 1528384635.415750 0.000181 0.000211 0.000725 116.113207
3.197470 1528384635.428065 0.000182 0.000212 0.000722 115.892849
3.209862 1528384635.440457 0.000182 0.000211 0.000713 115.595897
3.222469 1528384635.453064 0.000182 0.000210 0.000713 115.222373
3.235104 1528384635.465699 0.000182 0.000212 0.000706 114.931543
3.247747 1528384635.478342 0.000180 0.000212 0.000713 114.646543
3.261031 1528384635.491626 0.000180 0.000212 0.000711 114.421976
3.273764 1528384635.504359 0.000181 0.000212 0.000712 114.117287
3.286074 1528384635.516669 0.000181 0.000214 0.000711 113.814443
3.298616 1528384635.529211 0.000182 0.000214 0.000690 113.668546
3.311310 1528384635.541905 0.000184 0.000214 0.000676 113.558904
3.323232 1528384635.553827 0.000183 0.000214 0.000670 113.706645
3.336084 1528384635.566679 0.000184 0.000215 0.000661 113.321299
3.348487 1528384635.579082 0.000185 0.000216 0.000662 113.306029
3.360787 1528384635.591382 0.000184 0.000217 0.000658 113.527314
3.373245 1528384635.603840 0.000185 0.000217 0.000660 113.428759
3.385675 1528384635.616270 0.000185 0.000217 0.000666 113.800221
3.398135 1528384635.628731 0.000184 0.000219 0.000664 113.479764
3.411191 1528384635.641786 0.000184 0.000221 0.000660 113.198515
3.422925 1528384635.653520 0.000184 0.000219 0.000666 113.674574
3.435318 1528384635.665913 0.000184 0.000218 0.000675 113.593868
3.447680 1528384635.678275 0.000183 0.000216 0.000668 113.680836
3.460045 1528384635.690640 0.000183 0.000217 0.000674 113.511286
3.472834 1528384635.703429 0.000183 0.000214 0.000675 113.437263
3.485082 1528384635.715677 0.000181 0.000216 0.000677 113.093470
3.497990 1528384635.728585 0.000180 0.000215 0.000682 112.906290
3.511191 1528384635.741786 0.000181 0.000214 0.000681 112.736891
3.523602 1528384635.754197 0.000179 0.000214 0.000682 112.325253
3.536225 1528384635.766820 0.000179 0.000213 0.000682 111.954267
3.548246 1528384635.778841 0.000179 0.000212 0.000677 111.708342
3.560723 1528384635.791318 0.000176 0.000213 0.000683 111.231678
3.573009 1528384635.803604 0.000175 0.000213 0.000685 110.923996
3.585277 1528384635.815872 0.000175 0.000211 0.000681 110.909634
3.598670 1528384635.829265 0.000175 0.000211 0.000684 110.949627
3.611416 1528384635.842011 0.000176 0.000211 0.000686 110.891458
3.623281 1528384635.853877 0.000173 0.000211 0.000690 110.816453
3.635393 1528384635.865988 0.000176 0.000208 0.000689 111.027908
3.648366 1528384635.878961 0.000174 0.000210 0.000695 110.729991
3.660421 1528384635.891016 0.000172 0.000209 0.000695 110.660902
3.673809 1528384635.904404 0.000171 0.000210 0.000696 110.240927
3.686139 1528384635.916734 0.000171 0.000210 0.000696 109.881532
3.698594 1528384635.929189 0.000169 0.000211 0.000694 109.489663
3.711507 1528384635.942102 0.000168 0.000211 0.000695 109.137367
3.723321 1528384635.953917 0.000168 0.000212 0.000697 108.853526
3.735702 1528384635.966297 0.000167 0.000210 0.000690 108.485296
3.748170 1528384635.978765 0.000168 0.000211 0.000694 108.172433
3.760373 1528384635.990968 0.000165 0.000212 0.000696 107.527168
3.772963 1528384636.003558 0.000165 0.000211 0.000685 107.158565
3.785859 1528384636.016454 0.000166 0.000215 0.000691 106.789338
3.798167 1528384636.028763 0.000167 0.000218 0.000676 105.917117
3.810792 1528384636.041388 0.000169 0.000224 0.000666 105.419284
3.823292 1528384636.053887 0.000171 0.000231 0.000674 104.557322
3.835559 1528384636.066154 0.000171 0.000240 0.000688 103.690167
3.848078 1528384636.078673 0.000174 0.000243 0.000677 103.028618
3.860782 1528384636.091377 0.000174 0.000252 0.000674 101.996009
3.873371 1528384636.103966 0.000176 0.000260 0.000661 100.199490
3.885589 1528384636.116184 0.000174 0.000264 0.000654 98.770157
3.897988 1528384636.128583 0.000173 0.000268 0.000650 97.260211
3.910612 1528384636.141207 0.000164 0.000273 0.000660 95.983759
3.923325 1528384636.153920 0.000161 0.000273 0.000658 95.075733
3.935737 1528384636.166332 0.000159 0.000276 0.000656 93.999557
3.948272 1528384636.178868 0.000154 0.000281 0.000676 93.133581
3.960898 1528384636.191493 0.000150 0.000281 0.000674 92.104038
3.973910 1528384636.204505 0.000150 0.000277 0.000673 91.098355
3.986612 1528384636.217207 0.000147 0.000275 0.000677 89.944802
3.999497 1528384636.230093 0.000146 0.000274 0.000666 88.904329
4.010662 1528384636.241257 0.000145 0.000271 0.000657 87.872442
4.023098 1528384636.253694 0.000144 0.000270 0.000658 87.139285
4.035254 1528384636.265849 0.000144 0.000266 0.000649 86.294282
4.048835 1528384636.279430 0.000143 0.000266 0.000642 85.620077
4.061086 1528384636.291682 0.000141 0.000265 0.000660 85.420462
4.073707 1528384636.304302 0.000139 0.000264 0.000648 84.860153
4.085742 1528384636.316337 0.000141 0.000259 0.000632 84.278561
4.097791 1528384636.328386 0.000140 0.000260 0.000637 84.198736
4.110345 1528384636.340940 0.000140 0.000258 0.000639 84.065106
4.123264 1528384636.353859 0.000138 0.000259 0.000629 83.727524
4.135312 1528384636.365907 0.000138 0.000258 0.000637 83.721305
4.149342 1528384636.379937 0.000139 0.000255 0.000646 83.459782
4.161622 1528384636.392217 0.000137 0.000257 0.000638 83.164778
4.173584 1528384636.404180 0.000136 0.000256 0.000639 82.811024
4.185078 1528384636.415673 0.000135 0.000254 0.000641 82.449436
4.197646 1528384636.428241 0.000134 0.000251 0.000634 81.786451
4.210437 1528384636.441032 0.000133 0.000251 0.000640 81.381043
4.223047 1528384636.453642 0.000132 0.000251 0.000648 81.224094
4.235329 1528384636.465925 0.000133 0.000252 0.000650 80.992078
4.247838 1528384636.478433 0.000133 0.000251 0.000638 80.495806
4.260257 1528384636.490852 0.000132 0.000249 0.000630 80.197551
4.272765 1528384636.503360 0.000132 0.000250 0.000634 80.141020
4.285267 1528384636.515862 0.000132 0.000251 0.000633 79.973317
4.297544 1528384636.528140 0.000131 0.000252 0.000629 79.795881
4.310192 1528384636.540787 0.000132 0.000253 0.000636 79.870054
4.322988 1528384636.553583 0.000130 0.000253 0.000627 79.599699
4.335508 1528384636.566103 0.000130 0.000254 0.000632 79.674773
4.348259 1528384636.578855 0.000132 0.000252 0.000628 79.385992
4.360911 1528384636.591506 0.000131 0.000254 0.000631 79.370363
4.373538 1528384636.604133 0.000132 0.000252 0.000626 79.125590
4.385970 1528384636.616565 0.000131 0.000252 0.000626 79.049991
4.398845 1528384636.629440 0.000132 0.000249 0.000623 78.893967
4.411339 1528384636.641934 0.000131 0.000252 0.000623 78.930139
4.423860 1528384636.654455 0.000131 0.000250 0.000622 78.693087
4.435581 1528384636.666177 0.000131 0.000251 0.000623 78.634665
4.447938 1528384636.678533 0.000130 0.000253 0.000621 78.586784
4.461893 1528384636.692488 0.000131 0.000251 0.000622 78.563779
4.473777 1528384636.704372 0.000130 0.000252 0.000627 78.631179
4.486778 1528384636.717373 0.000129 0.000254 0.000630 78.665447
4.499148 1528384636.729743 0.000129 0.000254 0.000624 78.457106
4.511525 1528384636.742120 0.000130 0.000252 0.000622 78.171962
4.524175 1528384636.754770 0.000131 0.000250 0.000614 77.961016
4.536201 1528384636.766796 0.000131 0.000251 0.000615 77.844005
4.548682 1528384636.779277 0.000130 0.000251 0.000615 77.734829
4.561331 1528384636.791926 0.000130 0.000251 0.000621 77.540897
4.573823 1528384636.804419 0.000130 0.000251 0.000624 77.456355
4.585719 1528384636.816314 0.000131 0.000249 0.000617 77.273455
4.598040 1528384636.828635 0.000129 0.000251 0.000627 77.320687
4.610649 1528384636.841244 0.000130 0.000249 0.000634 77.291900
4.623091 1528384636.853686 0.000130 0.000249 0.000632 77.174063
4.635530 1528384636.866125 0.000129 0.000248 0.000632 77.118110
4.648127 1528384636.878722 0.000130 0.000248 0.000635 77.097229
4.660867 1528384636.891462 0.000129 0.000247 0.000642 76.922301
4.673228 1528384636.903823 0.000131 0.000247 0.000634 76.756482
4.685954 1528384636.916549 0.000130 0.000247 0.000638 76.846849
4.698681 1528384636.929276 0.000130 0.000246 0.000645 76.750144
4.711108 1528384636.941703 0.000129 0.000247 0.000650 76.722984
4.723202 1528384636.953797 0.000129 0.000248 0.000647 76.739099
4.735637 1528384636.966232 0.000129 0.000247 0.000646 76.550320
4.748803 1528384636.979398 0.000129 0.000246 0.000650 76.600850
4.761616 1528384636.992211 0.000129 0.000245 0.000650 76.363263
4.773651 1528384637.004246 0.000128 0.000247 0.000659 76.462763
4.785944 1528384637.016539 0.000129 0.000245 0.000659 75.608031
4.798621 1528384637.029216 0.000131 0.000242 0.000657 74.725649
4.810925 1528384637.041520 0.000135 0.000242 0.000654 73.979684
4.823389 1528384637.053984 0.000139 0.000237 0.000653 73.057686
4.835637 1528384637.066232 0.000141 0.000231 0.000672 72.141438
4.848056 1528384637.078651 0.000140 0.000225 0.000688 71.342363
4.860559 1528384637.091154 0.000140 0.000222 0.000698 70.892142
4.873322 1528384637.103917 0.000140 0.000219 0.000698 70.536520
4.885816 1528384637.116411 0.000138 0.000217 0.000712 70.251410
4.898531 1528384637.129126 0.000138 0.000216 0.000714 70.114619
4.910781 1528384637.141376 0.000135 0.000216 0.000712 69.976287
4.923373 1528384637.153968 0.000136 0.000215 0.000715 69.816802
4.935901 1528384637.166496 0.000135 0.000214 0.000717 69.706860
4.948328 1528384637.178924 0.000134 0.000212 0.000725 69.628402
4.960832 1528384637.191427 0.000134 0.000211 0.000716 69.295013
4.973267 1528384637.203862 0.000133 0.000211 0.000728 69.285758
4.986679 1528384637.217274 0.000133 0.000208 0.000735 68.989067
4.999026 1528384637.229621 0.000132 0.000207 0.000736 68.791541
5.011578 1528384637.242173 0.000132 0.000206 0.000740 68.638302
5.023718 1528384637.254313 0.000131 0.000207 0.000735 68.587813
5.035712 1528384637.266307 0.000131 0.000206 0.000743 68.402372
5.049183 1528384637.279778 0.000131 0.000206 0.000748 68.428231
5.061546 1528384637.292141 0.000131 0.000205 0.000755 68.313955
5.073325 1528384637.303920 0.000131 0.000205 0.000740 68.153367
5.085487 1528384637.316082 0.000129 0.000204 0.000748 68.066381
5.099168 1528384637.329763 0.000130 0.000204 0.000747 67.923365
5.111834 1528384637.342429 0.000130 0.000204 0.000751 67.959289
5.123976 1528384637.354571 0.000130 0.000203 0.000749 67.771334
5.136280 1528384637.366875 0.000129 0.000202 0.000752 67.596256
5.149334 1528384637.379930 0.000128 0.000203 0.000758 67.466445
5.160906 1528384637.391501 0.000128 0.000202 0.000757 67.308573
5.172684 1528384637.403279 0.000128 0.000201 0.000760 67.263143
5.185398 1528384637.415993 0.000128 0.000201 0.000756 67.102842
5.197800 1528384637.428396 0.000128 0.000201 0.000756 66.951425
5.210379 1528384637.440974 0.000128 0.000201 0.000767 66.998451
5.222891 1528384637.453486 0.000128 0.000200 0.000761 66.844420
5.236166 1528384637.466761 0.000128 0.000199 0.000762 66.829104
5.249211 1528384637.479806 0.000128 0.000200 0.000765 66.786817
5.261909 1528384637.492504 0.000128 0.000201 0.000762 66.859872
5.274186 1528384637.504781 0.000128 0.000201 0.000768 66.840665
5.286524 1528384637.517119 0.000127 0.000200 0.000768 66.618457
5.299171 1528384637.529766 0.000128 0.000201 0.000776 66.648574
5.310891 1528384637.541486 0.000128 0.000201 0.000772 66.559342
5.322936 1528384637.553531 0.000128 0.000200 0.000771 66.445689
5.337207 1528384637.567802 0.000128 0.000199 0.000768 66.321932
5.349195 1528384637.579790 0.000128 0.000200 0.000777 66.282106
5.361168 1528384637.591763 0.000128 0.000200 0.000777 66.074045
5.373187 1528384637.603782 0.000128 0.000199 0.000782 65.909555
5.385505 1528384637.616101 0.000127 0.000199 0.000776 65.774856
5.398188 1528384637.628783 0.000127 0.000200 0.000798 65.694675
5.410417 1528384637.641012 0.000128 0.000198 0.000782 65.544179
5.422909 1528384637.653504 0.000127 0.000198 0.000782 65.320926
5.435694 1528384637.666289 0.000128 0.000197 0.000779 65.205211
5.448080 1528384637.678675 0.000127 0.000198 0.000784 65.083816
5.460750 1528384637.691345 0.000128 0.000199 0.000779 65.023625
5.473162 1528384637.703758 0.000127 0.000199 0.000780 64.807335
5.485820 1528384637.716415 0.000127 0.000200 0.000781 64.843504
5.498479 1528384637.729074 0.000128 0.000199 0.000776 64.737215
5.511175 1528384637.741770 0.000127 0.000200 0.000776 64.723448
5.523258 1528384637.753853 0.000127 0.000199 0.000772 64.625659
5.536937 1528384637.767532 0.000127 0.000199 0.000774 64.551666
5.549269 1528384637.779864 0.000128 0.000198 0.000776 64.549370
5.561414 1528384637.792009 0.000128 0.000198 0.000769 64.452216
5.574155 1528384637.804750 0.000127 0.000198 0.000773 64.489746
5.586780 1528384637.817375 0.000127 0.000197 0.000764 64.400783
5.599186 1528384637.829782 0.000127 0.000198 0.000771 64.377360
5.611680 1528384637.842275 0.000128 0.000198 0.000769 64.310484
5.624043 1528384637.854639 0.000127 0.000197 0.000769 64.368490
5.635924 1528384637.866519 0.000127 0.000198 0.000773 64.339942
5.648457 1528384637.879052 0.000127 0.000199 0.000769 64.389401
5.661346 1528384637.891941 0.000127 0.000199 0.000770 64.399762
5.672988 1528384637.903583 0.000128 0.000199 0.000767 64.460828
5.685485 1528384637.916080 0.000127 0.000198 0.000773 64.469565
5.698508 1528384637.929103 0.000128 0.000199 0.000774 64.445401
5.710704 1528384637.941299 0.000128 0.000199 0.000772 64.465575
5.723139 1528384637.953734 0.000128 0.000199 0.000778 64.411182
5.735541 1528384637.966136 0.000128 0.000198 0.000773 64.389196
5.749174 1528384637.979769 0.000128 0.000200 0.000778 64.510224
5.761681 1528384637.992276 0.000128 0.000199 0.000771 64.433378
5.774266 1528384638.004861 0.000127 0.000199 0.000780 64.421617
5.785817 1528384638.016412 0.000127 0.000198 0.000779 64.254570
5.798381 1528384638.028976 0.000126 0.000196 0.000773 64.156441
5.811076 1528384638.041671 0.000126 0.000195 0.000777 64.109508
5.823265 1528384638.053860 0.000125 0.000200 0.000801 65.072536
5.836066 1528384638.066661 0.000126 0.000202 0.000794 65.327843
5.848683 1528384638.079278 0.000125 0.000201 0.000793 65.146259
5.862086 1528384638.092681 0.000124 0.000201 0.000790 65.036417
5.873509 1528384638.104104 0.000124 0.000198 0.000793 64.754535
5.885998 1528384638.116593 0.000124 0.000197 0.000794 64.469573
5.898925 1528384638.129520 0.000124 0.000195 0.000794 64.238477
5.910891 1528384638.141486 0.000123 0.000195 0.000797 63.934502
5.923639 1528384638.154234 0.000124 0.000195 0.000796 63.816677
5.936080 1528384638.166675 0.000123 0.000194 0.000791 63.580197
5.948736 1528384638.179331 0.000123 0.000194 0.000786 63.220044
5.961484 1528384638.192079 0.000123 0.000194 0.000779 63.061628
5.974856 1528384638.205451 0.000122 0.000192 0.000779 62.731510
5.985968 1528384638.216563 0.000122 0.000192 0.000773 62.633071
5.998522 1528384638.229117 0.000122 0.000189 0.000772 62.426669
6.011159 1528384638.241754 0.000122 0.000191 0.000769 62.238693
6.023552 1528384638.254147 0.000122 0.000190 0.000764 62.077489
6.036395 1528384638.266990 0.000122 0.000191 0.000766 62.016439
6.048618 1528384638.279213 0.000122 0.000189 0.000770 62.040472
6.061092 1528384638.291687 0.000122 0.000191 0.000768 62.064362
6.073773 1528384638.304368 0.000122 0.000190 0.000770 62.054061
6.086479 1528384638.317075 0.000123 0.000191 0.000771 62.065513
6.099272 1528384638.329868 0.000123 0.000192 0.000770 62.084318
6.111913 1528384638.342508 0.000123 0.000190 0.000773 62.025433
6.124334 1528384638.354929 0.000122 0.000189 0.000771 62.021144
6.136294 1528384638.366889 0.000123 0.000191 0.000773 62.075186
6.149053 1528384638.379648 0.000123 0.000190 0.000776 61.951646
6.161714 1528384638.392309 0.000123 0.000190 0.000771 61.974964
6.173630 1528384638.404225 0.000122 0.000189 0.000773 61.973322
6.185834 1528384638.416429 0.000123 0.000189 0.000770 61.906085
6.197921 1528384638.428516 0.000122 0.000190 0.000772 62.019561
6.211008 1528384638.441603 0.000122 0.000188 0.000772 61.903188
6.222989 1528384638.453584 0.000123 0.000189 0.000773 61.852889
6.236028 1528384638.466623 0.000123 0.000191 0.000778 61.951639
6.248307 1528384638.478902 0.000123 0.000189 0.000776 61.968387
6.260628 1528384638.491224 0.000123 0.000191 0.000774 62.004733
6.273037 1528384638.503633 0.000123 0.000191 0.000773 61.951756
6.285878 1528384638.516473 0.000123 0.000191 0.000772 61.864779
6.298897 1528384638.529492 0.000124 0.000191 0.000778 61.920423
6.311774 1528384638.542369 0.000125 0.000191 0.000774 61.887613
6.323903 1528384638.554498 0.000124 0.000190 0.000773 61.775999
6.337057 1528384638.567652 0.000124 0.000192 0.000780 62.198117
6.349222 1528384638.579817 0.000124 0.000201 0.000802 63.422630
6.361059 1528384638.591655 0.000131 0.000216 0.000790 64.942239
6.373397 1528384638.603992 0.000136 0.000219 0.000767 65.010866
6.385841 1528384638.616436 0.000133 0.000210 0.000769 64.418098
6.398437 1528384638.629032 0.000131 0.000203 0.000791 64.661569
6.410834 1528384638.641429 0.000132 0.000205 0.000790 64.807619
6.423384 1528384638.653979 0.000133 0.000204 0.000778 64.724596
6.435820 1528384638.666415 0.000133 0.000203 0.000776 64.642883
6.448644 1528384638.679239 0.000133 0.000204 0.000774 64.622815
6.461014 1528384638.691609 0.000132 0.000202 0.000777 64.676547
6.473469 1528384638.704064 0.000132 0.000202 0.000778 64.534348
6.486935 1528384638.717530 0.000132 0.000201 0.000777 64.515857
6.499272 1528384638.729867 0.000131 0.000199 0.000773 64.173393
6.511945 1528384638.742540 0.000132 0.000200 0.000768 64.018714
6.524177 1528384638.754772 0.000131 0.000198 0.000770 63.825383
6.536639 1528384638.767234 0.000131 0.000196 0.000775 63.609088
6.548922 1528384638.779517 0.000131 0.000195 0.000781 63.550284
6.562016 1528384638.792611 0.000131 0.000195 0.000782 63.230159
6.574418 1528384638.805013 0.000130 0.000195 0.000788 63.051422
6.586817 1528384638.817412 0.000130 0.000195 0.000794 62.941032
6.599276 1528384638.829871 0.000132 0.000194 0.000789 62.707550
6.611065 1528384638.841660 0.000132 0.000195 0.000787 62.557146
6.623435 1528384638.854030 0.000130 0.000194 0.000793 62.579869
6.635914 1528384638.866509 0.000130 0.000193 0.000794 62.585830
6.648189 1528384638.878784 0.000130 0.000193 0.000793 62.582093
6.660614 1528384638.891209 0.000132 0.000193 0.000794 62.447189
6.673485 1528384638.904080 0.000132 0.000193 0.000791 62.328297
6.686222 1528384638.916817 0.000132 0.000193 0.000793 62.281624
6.698690 1528384638.929285 0.000134 0.000193 0.000787 62.081999
6.711135 1528384638.941730 0.000136 0.000191 0.000795 61.474034
6.723638 1528384638.954233 0.000135 0.000187 0.000804 60.885636
6.736217 1528384638.966812 0.000134 0.000186 0.000819 60.599327
6.748702 1528384638.979297 0.000134 0.000187 0.000820 60.307147
6.761336 1528384638.991931 0.000130 0.000185 0.000826 60.426113
6.776162 1528384639.006757 0.000130 0.000189 0.000815 60.869976
6.786021 1528384639.016616 0.000132 0.000193 0.000803 61.433954
6.798579 1528384639.029174 0.000134 0.000193 0.000811 61.704187
6.811615 1528384639.042210 0.000136 0.000191 0.000800 61.465409
6.823638 1528384639.054233 0.000135 0.000190 0.000813 61.129779
6.835898 1528384639.066494 0.000135 0.000192 0.000822 61.172991
6.848620 1528384639.079216 0.000135 0.000192 0.000816 61.139707
6.861057 1528384639.091652 0.000134 0.000192 0.000817 60.932808
6.873721 1528384639.104316 0.000132 0.000192 0.000791 61.213771
6.887097 1528384639.117692 0.000132 0.000192 0.000788 61.268628
6.898927 1528384639.129522 0.000133 0.000191 0.000797 61.225201
6.910891 1528384639.141486 0.000135 0.000188 0.000801 60.705684
6.923389 1528384639.153984 0.000135 0.000188 0.000815 60.270719
6.935765 1528384639.166360 0.000134 0.000186 0.000816 59.882670
6.948175 1528384639.178770 0.000132 0.000187 0.000807 59.589715
6.960831 1528384639.191426 0.000130 0.000184 0.000822 59.662101
6.973258 1528384639.203853 0.000131 0.000181 0.000834 59.534632
6.986001 1528384639.216596 0.000131 0.000179 0.000845 59.025191
6.998396 1528384639.228991 0.000133 0.000177 0.000836 57.995366
7.011035 1528384639.241631 0.000132 0.000177 0.000837 57.310815
7.023604 1528384639.254200 0.000131 0.000178 0.000826 57.232977
7.035887 1528384639.266482 0.000131 0.000175 0.000834 57.203832
7.048448 1528384639.279043 0.000132 0.000173 0.000830 56.660863
7.060812 1528384639.291407 0.000131 0.000172 0.000819 55.921162
7.073518 1528384639.304113 0.000127 0.000170 0.000814 55.120945
7.085820 1528384639.316415 0.000125 0.000168 0.000819 55.135739
7.098848 1528384639.329443 0.000125 0.000170 0.000825 55.359594
7.111215 1528384639.341810 0.000126 0.000168 0.000818 55.041970
7.123465 1528384639.354060 0.000125 0.000167 0.000800 54.381654
7.135990 1528384639.366585 0.000122 0.000166 0.000786 53.746171
7.148665 1528384639.379260 0.000119 0.000166 0.000790 53.801172
7.161261 1528384639.391856 0.000120 0.000166 0.000806 54.112371
7.173689 1528384639.404284 0.000121 0.000165 0.000785 53.559086
7.185999 1528384639.416594 0.000120 0.000164 0.000777 53.140586
7.198566 1528384639.429161 0.000118 0.000165 0.000759 52.470127
7.211258 1528384639.441853 0.000116 0.000164 0.000779 52.891463
7.223495 1528384639.454090 0.000118 0.000165 0.000789 53.398285
7.236017 1528384639.466612 0.000118 0.000164 0.000776 53.163537
7.248475 1528384639.479070 0.000118 0.000163 0.000762 52.627946
7.261029 1528384639.491624 0.000115 0.000163 0.000752 52.117497
7.273548 1528384639.504143 0.000115 0.000164 0.000774 52.737914
7.286233 1528384639.516828 0.000117 0.000163 0.000793 53.202092
7.298487 1528384639.529082 0.000117 0.000164 0.000764 52.391851
7.311654 1528384639.542249 0.000116 0.000163 0.000749 51.818956
7.324121 1528384639.554716 0.000113 0.000163 0.000739 51.020790
7.337255 1528384639.567850 0.000114 0.000162 0.000774 52.030515
7.348419 1528384639.579014 0.000116 0.000161 0.000778 51.922923
7.361362 1528384639.591957 0.000115 0.000162 0.000758 50.648514
7.373270 1528384639.603865 0.000113 0.000162 0.000746 49.551049
7.385615 1528384639.616210 0.000112 0.000161 0.000750 50.069967
7.398666 1528384639.629261 0.000113 0.000162 0.000763 50.799445
7.411169 1528384639.641764 0.000112 0.000162 0.000744 49.999744
7.423475 1528384639.654070 0.000111 0.000161 0.000727 49.006221
7.435912 1528384639.666507 0.000109 0.000160 0.000717 48.188013
7.448431 1528384639.679026 0.000110 0.000160 0.000743 49.161418
7.460727 1528384639.691322 0.000112 0.000160 0.000753 49.821580
7.473320 1528384639.703916 0.000111 0.000161 0.000735 48.991304
7.486024 1528384639.716619 0.000110 0.000158 0.000717 47.809010
7.499686 1528384639.730281 0.000108 0.000160 0.000707 47.276140
7.512050 1528384639.742645 0.000110 0.000160 0.000731 48.201534
7.524603 1528384639.755198 0.000111 0.000160 0.000738 48.522139
7.537004 1528384639.767599 0.000110 0.000161 0.000720 48.351214
7.550066 1528384639.780662 0.000109 0.000160 0.000706 47.603547
7.561087 1528384639.791682 0.000108 0.000159 0.000705 47.093719
7.573496 1528384639.804091 0.000108 0.000160 0.000728 48.110145
7.585685 1528384639.816280 0.000109 0.000159 0.000733 48.238894
7.598389 1528384639.828984 0.000108 0.000160 0.000716 47.727810
7.611230 1528384639.841825 0.000107 0.000160 0.000704 47.000445
7.623619 1528384639.854214 0.000107 0.000160 0.000711 47.330502
7.636157 1528384639.866752 0.000108 0.000160 0.000732 48.452928
7.648615 1528384639.879210 0.000109 0.000160 0.000724 48.267939
7.660870 1528384639.891465 0.000108 0.000160 0.000710 47.685558
7.673248 1528384639.903843 0.000106 0.000160 0.000698 47.086808
7.685692 1528384639.916287 0.000107 0.000160 0.000721 47.710093
7.698402 1528384639.928997 0.000108 0.000159 0.000735 48.378153
7.710738 1528384639.941334 0.000108 0.000159 0.000724 48.053225
7.723349 1528384639.953944 0.000109 0.000159 0.000709 47.488256
7.735590 1528384639.966186 0.000106 0.000160 0.000708 47.030351
7.748093 1528384639.978688 0.000107 0.000158 0.000731 48.189784
7.760621 1528384639.991216 0.000112 0.000156 0.000724 48.218487
7.773027 1528384640.003622 0.000113 0.000154 0.000712 47.567169
7.785359 1528384640.015954 0.000113 0.000153 0.000698 47.065593
7.798996 1528384640.029592 0.000111 0.000153 0.000697 47.063694
7.811823 1528384640.042418 0.000114 0.000153 0.000715 47.762212
7.823986 1528384640.054581 0.000114 0.000152 0.000714 47.386687
7.836947 1528384640.067542 0.000113 0.000152 0.000699 46.741569
7.849339 1528384640.079935 0.000111 0.000153 0.000688 46.116225
7.861825 1528384640.092420 0.000111 0.000152 0.000688 45.980639
7.874321 1528384640.104917 0.000111 0.000150 0.000707 46.347884
7.887158 1528384640.117753 0.000111 0.000151 0.000706 46.177824
7.898535 1528384640.129131 0.000111 0.000151 0.000695 45.678529
7.910733 1528384640.141328 0.000111 0.000152 0.000687 45.527260
7.923496 1528384640.154091 0.000110 0.000151 0.000689 45.763151
7.935998 1528384640.166594 0.000112 0.000151 0.000707 46.318225
7.948185 1528384640.178780 0.000111 0.000148 0.000707 45.979852
7.960860 1528384640.191455 0.000111 0.000149 0.000695 45.498401
7.973482 1528384640.204077 0.000111 0.000150 0.000683 45.198568
7.986478 1528384640.217073 0.000110 0.000152 0.000677 45.078885
7.998388 1528384640.228983 0.000111 0.000151 0.000700 45.540356
8.011610 1528384640.242205 0.000111 0.000149 0.000697 45.737108
8.024550 1528384640.255145 0.000111 0.000150 0.000688 45.311094
8.036710 1528384640.267305 0.000111 0.000152 0.000683 45.419397
8.049373 1528384640.279968 0.000112 0.000152 0.000684 45.681917
8.061817 1528384640.292412 0.000115 0.000151 0.000685 46.182212
8.074388 1528384640.304983 0.000116 0.000150 0.000698 47.117686
8.087133 1528384640.317728 0.000116 0.000149 0.000705 47.267559
8.099222 1528384640.329817 0.000115 0.000149 0.000703 46.740396
8.111461 1528384640.342057 0.000114 0.000150 0.000706 46.418380
8.123681 1528384640.354276 0.000114 0.000150 0.000703 46.356734
8.135753 1528384640.366348 0.000114 0.000150 0.000702 46.018036
8.148587 1528384640.379182 0.000112 0.000149 0.000692 45.660566
8.160734 1528384640.391329 0.000112 0.000150 0.000690 45.540865
8.174007 1528384640.404602 0.000113 0.000148 0.000696 45.600353
8.186008 1528384640.416603 0.000113 0.000147 0.000701 45.477834
8.198454 1528384640.429049 0.000114 0.000148 0.000695 45.163548
8.211437 1528384640.442032 0.000113 0.000148 0.000695 45.136029
8.223401 1528384640.453996 0.000113 0.000148 0.000696 45.255168
8.236884 1528384640.467479 0.000113 0.000149 0.000698 45.262105
8.249524 1528384640.480119 0.000114 0.000149 0.000691 45.257043
8.262466 1528384640.493061 0.000113 0.000149 0.000691 45.229487
8.274309 1528384640.504904 0.000110 0.000152 0.000690 45.663108
8.287318 1528384640.517913 0.000111 0.000151 0.000682 45.846078
8.298975 1528384640.529570 0.000110 0.000151 0.000684 45.834517
8.311004 1528384640.541599 0.000111 0.000153 0.000671 45.897333
8.323564 1528384640.554159 0.000111 0.000151 0.000682 45.820601
8.335951 1528384640.566546 0.000110 0.000151 0.000678 45.761045
8.348467 1528384640.579062 0.000110 0.000150 0.000679 45.798099
8.362020 1528384640.592616 0.000111 0.000151 0.000682 45.598553
8.374378 1528384640.604974 0.000110 0.000151 0.000677 45.673256
8.387276 1528384640.617871 0.000110 0.000151 0.000679 45.697942
8.398750 1528384640.629345 0.000110 0.000151 0.000681 45.602803
8.412103 1528384640.642698 0.000110 0.000150 0.000676 45.679002
8.423785 1528384640.654380 0.000110 0.000150 0.000679 45.828854
8.435946 1528384640.666541 0.000110 0.000151 0.000675 45.606265
8.448489 1528384640.679084 0.000110 0.000150 0.000676 45.656483
8.460926 1528384640.691521 0.000110 0.000150 0.000675 45.645985
8.474025 1528384640.704620 0.000110 0.000150 0.000677 45.464112
8.485675 1528384640.716270 0.000110 0.000151 0.000675 45.527324
8.498442 1528384640.729037 0.000110 0.000151 0.000674 45.485418
8.511259 1528384640.741854 0.000110 0.000152 0.000674 45.401022
8.523699 1528384640.754294 0.000110 0.000151 0.000673 45.463231
8.536091 1528384640.766686 0.000110 0.000150 0.000672 45.477021
8.548814 1528384640.779409 0.000110 0.000150 0.000673 45.463113
8.561273 1528384640.791868 0.000110 0.000150 0.000673 45.518230
8.573548 1528384640.804143 0.000110 0.000149 0.000675 45.514581
8.587066 1528384640.817661 0.000110 0.000150 0.000671 45.591105
8.598761 1528384640.829356 0.000111 0.000150 0.000670 45.431887
8.612228 1528384640.842824 0.000110 0.000151 0.000674 45.419481
8.624330 1528384640.854925 0.000110 0.000151 0.000673 45.344720
8.636857 1528384640.867452 0.000109 0.000149 0.000676 45.532578
8.649053 1528384640.879648 0.000110 0.000150 0.000673 45.364634
8.661803 1528384640.892398 0.000110 0.000150 0.000671 45.360739
8.674046 1528384640.904641 0.000109 0.000150 0.000673 45.278302
8.686838 1528384640.917433 0.000110 0.000150 0.000672 45.328141
8.699933 1528384640.930528 0.000110 0.000151 0.000671 45.238133
8.711744 1528384640.942339 0.000110 0.000151 0.000670 45.065815
8.724155 1528384640.954751 0.000110 0.000150 0.000671 45.314891
8.736269 1528384640.966864 0.000111 0.000151 0.000672 45.120834
8.749116 1528384640.979711 0.000110 0.000151 0.000670 45.151517
8.761703 1528384640.992298 0.000110 0.000151 0.000672 45.188388
8.773851 1528384641.004446 0.000111 0.000150 0.000669 45.096622
8.786662 1528384641.017257 0.000111 0.000150 0.000671 45.189016
8.798846 1528384641.029441 0.000110 0.000151 0.000672 45.123630
8.811543 1528384641.042139 0.000111 0.000151 0.000670 45.155190
8.823745 1528384641.054340 0.000110 0.000151 0.000672 45.141890
8.836262 1528384641.066857 0.000109 0.000151 0.000683 45.101049
8.848708 1528384641.079303 0.000109 0.000151 0.000691 44.820138
8.861633 1528384641.092228 0.000112 0.000152 0.000692 44.780768
8.874123 1528384641.104718 0.000114 0.000151 0.000691 44.559643
8.886347 1528384641.116942 0.000116 0.000153 0.000688 44.199139
8.899045 1528384641.129640 0.000116 0.000152 0.000687 44.004017
8.911466 1528384641.142061 0.000117 0.000153 0.000686 43.989789
8.923922 1528384641.154517 0.000116 0.000151 0.000690 43.701444
8.936483 1528384641.167078 0.000117 0.000152 0.000687 44.018637
8.948767 1528384641.179362 0.000118 0.000154 0.000689 43.823122
8.960987 1528384641.191582 0.000117 0.000153 0.000687 44.029989
8.973213 1528384641.203808 0.000118 0.000153 0.000687 43.884170
8.985878 1528384641.216473 0.000117 0.000153 0.000687 44.023624
8.998090 1528384641.228685 0.000118 0.000154 0.000683 44.017798
9.010937 1528384641.241532 0.000118 0.000153 0.000683 43.965886
9.023500 1528384641.254095 0.000118 0.000153 0.000683 43.869275
9.035976 1528384641.266571 0.000118 0.000152 0.000682 43.964663
9.048260 1528384641.278855 0.000117 0.000153 0.000684 44.029339
9.061066 1528384641.291662 0.000117 0.000153 0.000682 43.927495
9.073353 1528384641.303948 0.000118 0.000153 0.000681 43.981541
9.086003 1528384641.316598 0.000118 0.000152 0.000682 43.872719
9.098509 1528384641.329104 0.000117 0.000154 0.000685 43.882448
9.111042 1528384641.341637 0.000118 0.000154 0.000682 43.816596
9.123472 1528384641.354067 0.000118 0.000152 0.000682 43.885441
9.135904 1528384641.366499 0.000118 0.000154 0.000683 43.777253
9.148482 1528384641.379077 0.000118 0.000154 0.000679 43.870709
9.160925 1528384641.391520 0.000118 0.000154 0.000679 43.801819
9.173257 1528384641.403852 0.000117 0.000152 0.000681 43.789279
9.186002 1528384641.416597 0.000117 0.000152 0.000680 43.901619
9.198510 1528384641.429105 0.000117 0.000154 0.000679 43.756440
9.211038 1528384641.441633 0.000116 0.000153 0.000680 43.475250
9.223293 1528384641.453888 0.000117 0.000153 0.000681 43.538786
9.235927 1528384641.466522 0.000117 0.000152 0.000680 43.516370
9.248461 1528384641.479057 0.000116 0.000152 0.000676 43.485873
9.260640 1528384641.491235 0.000116 0.000151 0.000679 43.607374
9.273364 1528384641.503959 0.000116 0.000152 0.000682 43.530691
9.285817 1528384641.516412 0.000116 0.000151 0.000678 43.589568
9.298472 1528384641.529068 0.000116 0.000152 0.000681 43.507151
9.312371 1528384641.542966 0.000117 0.000153 0.000680 43.451250
9.324969 1528384641.555564 0.000116 0.000151 0.000687 43.291135
9.337142 1528384641.567737 0.000116 0.000151 0.000690 43.227076
9.349115 1528384641.579710 0.000116 0.000151 0.000697 43.150879
9.361391 1528384641.591986 0.000116 0.000150 0.000697 42.924203
9.373885 1528384641.604480 0.000117 0.000152 0.000696 42.801429
9.386429 1528384641.617024 0.000116 0.000151 0.000692 42.892187
9.398669 1528384641.629264 0.000116 0.000151 0.000690 42.915008
9.411277 1528384641.641872 0.000115 0.000151 0.000689 42.779888
9.423715 1528384641.654310 0.000116 0.000149 0.000690 42.791366
9.436349 1528384641.666944 0.000116 0.000151 0.000690 42.382997
9.448607 1528384641.679202 0.000116 0.000150 0.000688 42.668148
9.461250 1528384641.691845 0.000116 0.000150 0.000693 42.564371
9.473782 1528384641.704377 0.000115 0.000150 0.000690 42.617403
9.486382 1528384641.716977 0.000116 0.000149 0.000687 42.663209
9.499512 1528384641.730107 0.000116 0.000150 0.000689 42.651548
9.512295 1528384641.742891 0.000115 0.000150 0.000686 42.628028
9.525041 1528384641.755636 0.000116 0.000150 0.000680 42.464592
9.537232 1528384641.767827 0.000115 0.000149 0.000688 42.410336
9.549153 1528384641.779748 0.000114 0.000149 0.000689 42.281831
9.561800 1528384641.792396 0.000115 0.000149 0.000689 42.266586
9.573704 1528384641.804299 0.000115 0.000149 0.000689 42.383159
9.586074 1528384641.816669 0.000114 0.000149 0.000687 42.221586
9.598576 1528384641.829171 0.000115 0.000149 0.000684 42.275913
9.611338 1528384641.841933 0.000115 0.000149 0.000684 42.300413
9.623855 1528384641.854450 0.000114 0.000149 0.000687 42.062328
9.636300 1528384641.866895 0.000114 0.000149 0.000685 42.216566
9.649042 1528384641.879637 0.000114 0.000149 0.000684 42.104607
9.661318 1528384641.891913 0.000115 0.000148 0.000686 42.142242
9.673568 1528384641.904163 0.000115 0.000149 0.000684 42.093335
9.687588 1528384641.918183 0.000115 0.000149 0.000686 41.927955
9.699610 1528384641.930206 0.000115 0.000148 0.000685 42.172979
9.712055 1528384641.942650 0.000115 0.000149 0.000684 42.044838
9.724485 1528384641.955080 0.000114 0.000149 0.000685 42.009315
9.737557 1528384641.968152 0.000114 0.000149 0.000683 42.046679
9.749584 1528384641.980179 0.000115 0.000151 0.000675 41.985781
9.761701 1528384641.992296 0.000115 0.000155 0.000663 41.752105
9.773946 1528384642.004541 0.000117 0.000152 0.000657 41.376329
9.786704 1528384642.017299 0.000119 0.000151 0.000662 41.065262
9.799081 1528384642.029676 0.000119 0.000150 0.000665 40.823823
9.811575 1528384642.042170 0.000119 0.000149 0.000673 41.163110
9.824065 1528384642.054660 0.000119 0.000150 0.000673 41.170446
9.837152 1528384642.067747 0.000119 0.000148 0.000676 41.206669
9.849719 1528384642.080314 0.000119 0.000149 0.000677 41.216598
9.861388 1528384642.091984 0.000119 0.000149 0.000678 41.222200
9.873853 1528384642.104448 0.000119 0.000150 0.000673 40.936240
9.886590 1528384642.117185 0.000120 0.000149 0.000677 40.933506
9.898935 1528384642.129530 0.000119 0.000149 0.000671 41.007380
9.911374 1528384642.141969 0.000120 0.000150 0.000673 40.827801
9.923775 1528384642.154371 0.000119 0.000149 0.000673 40.778387
9.936339 1528384642.166934 0.000120 0.000150 0.000672 40.658351
9.948558 1528384642.179153 0.000119 0.000148 0.000675 40.518347
9.962007 1528384642.192602 0.000120 0.000150 0.000668 40.270266
9.974455 1528384642.205050 0.000119 0.000149 0.000667 40.207440
9.987300 1528384642.217895 0.000118 0.000148 0.000671 40.194111
9.998994 1528384642.229589 0.000119 0.000148 0.000668 40.242585
10.011511 1528384642.242106 0.000119 0.000149 0.000669 40.058226
10.024222 1528384642.254817 0.000120 0.000148 0.000667 40.242919
10.036559 1528384642.267154 0.000119 0.000149 0.000665 40.217516
10.048778 1528384642.279373 0.000119 0.000148 0.000668 40.213472
10.061772 1528384642.292367 0.000119 0.000149 0.000664 40.048407
10.073806 1528384642.304401 0.000119 0.000149 0.000669 40.064919
10.086433 1528384642.317029 0.000119 0.000149 0.000669 40.018591
10.099217 1528384642.329812 0.000119 0.000149 0.000668 40.302912
10.112312 1528384642.342907 0.000119 0.000148 0.000665 40.063575
10.124697 1528384642.355292 0.000119 0.000148 0.000666 40.174561
10.136961 1528384642.367557 0.000119 0.000149 0.000666 40.081347
10.149219 1528384642.379814 0.000119 0.000148 0.000667 40.096490
10.161178 1528384642.391773 0.000119 0.000148 0.000668 40.352289
10.173671 1528384642.404266 0.000120 0.000149 0.000663 40.128996
10.186165 1528384642.416760 0.000120 0.000148 0.000667 40.410685
10.198787 1528384642.429382 0.000120 0.000150 0.000666 40.286064
10.212176 1528384642.442771 0.000120 0.000148 0.000665 40.244590
10.225092 1528384642.455688 0.000120 0.000148 0.000666 40.192017
10.237206 1528384642.467801 0.000120 0.000149 0.000664 40.222373
10.249138 1528384642.479733 0.000120 0.000149 0.000665 39.988028
10.261648 1528384642.492243 0.000120 0.000150 0.000664 40.148374
10.274334 1528384642.504929 0.000120 0.000149 0.000666 40.212346
10.286598 1528384642.517193 0.000120 0.000149 0.000662 40.257444
10.299283 1528384642.529878 0.000120 0.000149 0.000662 40.180881
10.311528 1528384642.542123 0.000120 0.000150 0.000663 40.142146
10.324253 1528384642.554848 0.000121 0.000150 0.000663 40.093000
10.336838 1528384642.567433 0.000121 0.000149 0.000663 40.224071
10.349604 1528384642.580199 0.000121 0.000149 0.000662 40.123867
10.361896 1528384642.592491 0.000121 0.000150 0.000665 40.118026
10.374267 1528384642.604862 0.000121 0.000149 0.000661 40.198795
10.386948 1528384642.617543 0.000121 0.000149 0.000662 40.014508
10.399363 1528384642.629958 0.000121 0.000149 0.000663 40.035097
10.411590 1528384642.642185 0.000122 0.000149 0.000659 40.222792
10.423938 1528384642.654533 0.000126 0.000149 0.000649 40.461450
10.436717 1528384642.667312 0.000128 0.000149 0.000648 40.425843
10.449190 1528384642.679785 0.000127 0.000148 0.000657 40.805598
10.461663 1528384642.692259 0.000125 0.000148 0.000664 40.737453
10.474212 1528384642.704807 0.000125 0.000149 0.000670 41.087430
10.486792 1528384642.717387 0.000124 0.000149 0.000672 41.308129
10.499758 1528384642.730353 0.000124 0.000149 0.000672 41.425577
10.511916 1528384642.742511 0.000124 0.000149 0.000673 41.448463
10.524110 1528384642.754705 0.000124 0.000150 0.000670 41.336004
10.536342 1528384642.766937 0.000124 0.000150 0.000668 41.454419
10.548683 1528384642.779278 0.000125 0.000150 0.000665 41.358964
10.561969 1528384642.792564 0.000124 0.000151 0.000665 41.536279
10.574669 1528384642.805264 0.000125 0.000153 0.000660 41.350694
10.587363 1528384642.817958 0.000125 0.000151 0.000663 41.328912
10.600210 1528384642.830806 0.000124 0.000151 0.000663 41.265090
10.611578 1528384642.842174 0.000125 0.000150 0.000664 41.408073
10.623958 1528384642.854553 0.000125 0.000151 0.000663 41.198713
10.636180 1528384642.866775 0.000125 0.000153 0.000659 41.177979
10.648670 1528384642.879266 0.000125 0.000150 0.000664 41.196419
10.661232 1528384642.891827 0.000125 0.000150 0.000663 41.203114
10.673775 1528384642.904370 0.000124 0.000150 0.000662 41.333778
10.686561 1528384642.917156 0.000124 0.000150 0.000669 41.175831
10.698940 1528384642.929535 0.000125 0.000150 0.000662 41.129966
10.711382 1528384642.941977 0.000124 0.000150 0.000661 41.206442
10.724592 1528384642.955188 0.000124 0.000151 0.000663 41.125853
10.737135 1528384642.967730 0.000125 0.000151 0.000660 41.162403
10.749196 1528384642.979791 0.000124 0.000150 0.000658 41.269029
10.761581 1528384642.992176 0.000125 0.000151 0.000660 41.052267
10.773796 1528384643.004391 0.000125 0.000151 0.000663 40.978954
10.786288 1528384643.016883 0.000123 0.000150 0.000662 41.119941
10.799043 1528384643.029638 0.000125 0.000152 0.000659 41.149880
10.811257 1528384643.041852 0.000124 0.000150 0.000660 41.288397
10.824905 1528384643.055500 0.000124 0.000150 0.000668 40.947500
10.837221 1528384643.067816 0.000122 0.000150 0.000674 40.826880
10.849690 1528384643.080285 0.000116 0.000149 0.000684 41.419619
10.861520 1528384643.092115 0.000113 0.000151 0.000689 42.499419
10.873811 1528384643.104406 0.000109 0.000152 0.000689 43.860761
10.886506 1528384643.117101 0.000107 0.000153 0.000686 45.190569
10.899014 1528384643.129609 0.000105 0.000154 0.000691 46.185570
10.911613 1528384643.142208 0.000105 0.000155 0.000689 46.849800
10.924033 1528384643.154628 0.000105 0.000154 0.000697 47.412301
10.936603 1528384643.167198 0.000106 0.000155 0.000702 47.733647
10.949143 1528384643.179738 0.000105 0.000155 0.000697 47.686450
10.961724 1528384643.192319 0.000106 0.000156 0.000694 47.585841
10.973789 1528384643.204384 0.000106 0.000155 0.000692 47.532829
10.986282 1528384643.216877 0.000105 0.000155 0.000697 47.481881
10.999039 1528384643.229635 0.000105 0.000154 0.000699 47.595510
11.011731 1528384643.242326 0.000106 0.000155 0.000694 47.462745
11.023856 1528384643.254451 0.000106 0.000155 0.000695 47.350322
11.036415 1528384643.267010 0.000106 0.000155 0.000698 47.383604
11.049202 1528384643.279797 0.000106 0.000154 0.000699 47.446202
11.061489 1528384643.292084 0.000106 0.000155 0.000699 47.381466
11.073640 1528384643.304235 0.000105 0.000154 0.000698 47.507723
11.086429 1528384643.317024 0.000106 0.000154 0.000702 47.397541
11.099627 1528384643.330222 0.000106 0.000154 0.000695 47.541952
11.112151 1528384643.342746 0.000106 0.000154 0.000701 47.500994
11.124640 1528384643.355235 0.000106 0.000155 0.000698 47.436052
11.137198 1528384643.367793 0.000105 0.000154 0.000699 47.451799
11.149474 1528384643.380069 0.000107 0.000154 0.000698 47.355927
11.162083 1528384643.392678 0.000106 0.000155 0.000700 47.321744
11.174491 1528384643.405086 0.000107 0.000155 0.000701 47.202750
11.186984 1528384643.417579 0.000108 0.000154 0.000697 47.288091
11.199496 1528384643.430091 0.000110 0.000155 0.000684 47.384350
11.211872 1528384643.442467 0.000112 0.000155 0.000679 47.167893
11.223768 1528384643.454363 0.000114 0.000156 0.000672 46.427284
11.236240 1528384643.466835 0.000116 0.000153 0.000669 45.738478
11.249349 1528384643.479944 0.000117 0.000153 0.000665 44.997805
11.261911 1528384643.492507 0.000116 0.000153 0.000666 44.832085
11.274540 1528384643.505136 0.000116 0.000152 0.000666 44.776723
11.287198 1528384643.517793 0.000116 0.000152 0.000665 44.655051
11.299604 1528384643.530199 0.000116 0.000152 0.000667 44.644411
11.312281 1528384643.542876 0.000117 0.000152 0.000666 44.732903
11.325174 1528384643.555769 0.000117 0.000153 0.000665 44.774663
11.337525 1528384643.568120 0.000117 0.000153 0.000664 44.652758
11.349616 1528384643.580211 0.000117 0.000154 0.000661 44.668914
11.362193 1528384643.592788 0.000117 0.000153 0.000663 44.678610
11.374484 1528384643.605079 0.000117 0.000153 0.000662 44.584035
11.387563 1528384643.618159 0.000117 0.000152 0.000663 44.604547
11.399899 1528384643.630494 0.000116 0.000153 0.000663 44.344398
11.412151 1528384643.642746 0.000116 0.000152 0.000663 44.555739
11.424472 1528384643.655067 0.000116 0.000152 0.000666 44.457182
11.438184 1528384643.668779 0.000116 0.000151 0.000664 44.440354
11.450032 1528384643.680627 0.000116 0.000152 0.000666 44.516858
11.461622 1528384643.692217 0.000116 0.000153 0.000664 44.337613
11.473677 1528384643.704273 0.000117 0.000152 0.000660 44.221795
11.486456 1528384643.717051 0.000116 0.000151 0.000663 44.305134
11.498979 1528384643.729574 0.000116 0.000152 0.000659 44.251620
11.511538 1528384643.742133 0.000116 0.000151 0.000662 44.179256
11.524117 1528384643.754713 0.000116 0.000151 0.000661 44.251588
11.536373 1528384643.766968 0.000117 0.000152 0.000660 44.161736
11.549193 1528384643.779788 0.000116 0.000152 0.000664 44.140176
11.561215 1528384643.791810 0.000116 0.000152 0.000662 44.138918
11.573691 1528384643.804286 0.000116 0.000152 0.000661 44.037264
11.586218 1528384643.816813 0.000117 0.000151 0.000662 44.199424
11.598921 1528384643.829516 0.000116 0.000152 0.000657 44.065396
11.611554 1528384643.842149 0.000116 0.000152 0.000660 44.065474
11.624157 1528384643.854753 0.000116 0.000151 0.000664 44.073856
11.637952 1528384643.868547 0.000116 0.000152 0.000664 43.963219
11.650768 1528384643.881363 0.000118 0.000151 0.000649 44.097134
11.662187 1528384643.892782 0.000117 0.000152 0.000656 44.128527
11.674308 1528384643.904903 0.000115 0.000153 0.000671 44.363876
11.686568 1528384643.917163 0.000114 0.000152 0.000678 44.576117
11.699098 1528384643.929693 0.000115 0.000153 0.000679 44.118379
11.711539 1528384643.942134 0.000115 0.000152 0.000686 44.161086
11.724097 1528384643.954692 0.000115 0.000152 0.000695 44.354566
11.737166 1528384643.967761 0.000116 0.000152 0.000687 44.108251
11.749050 1528384643.979645 0.000116 0.000152 0.000684 44.158074
11.761728 1528384643.992323 0.000116 0.000152 0.000683 43.933043
11.774116 1528384644.004711 0.000116 0.000152 0.000684 44.165156
11.786542 1528384644.017138 0.000116 0.000151 0.000685 44.039629
11.800098 1528384644.030694 0.000115 0.000153 0.000680 43.954170
11.812895 1528384644.043490 0.000116 0.000152 0.000680 43.900967
11.825376 1528384644.055971 0.000116 0.000151 0.000687 43.982693
11.837609 1528384644.068204 0.000116 0.000151 0.000685 44.045652
11.849923 1528384644.080518 0.000116 0.000152 0.000681 43.895929
11.861754 1528384644.092349 0.000116 0.000151 0.000681 43.743595
11.874249 1528384644.104844 0.000116 0.000152 0.000682 43.767520
11.886834 1528384644.117429 0.000116 0.000152 0.000682 43.785203
11.899844 1528384644.130439 0.000116 0.000151 0.000682 43.805783
11.912831 1528384644.143426 0.000117 0.000152 0.000676 43.616569
11.924928 1528384644.155523 0.000116 0.000151 0.000680 43.625324
11.937347 1528384644.167943 0.000116 0.000152 0.000679 43.633938
11.949195 1528384644.179790 0.000116 0.000152 0.000685 43.919120
11.961097 1528384644.191693 0.000116 0.000152 0.000683 43.703070
11.973617 1528384644.204212 0.000116 0.000152 0.000691 43.817688
