-6.347131 1528195624.386654 0.000140 0.000145 0.000645 29.416770
-6.334289 1528195624.399496 0.000140 0.000146 0.000652 29.618714
-6.323031 1528195624.410754 0.000140 0.000147 0.000670 30.263534
-6.310428 1528195624.423357 0.000141 0.000146 0.000671 30.120505
-6.298059 1528195624.435726 0.000140 0.000146 0.000655 30.065632
-6.286334 1528195624.447451 0.000141 0.000145 0.000651 29.670194
-6.273737 1528195624.460048 0.000140 0.000146 0.000660 29.667176
-6.261156 1528195624.472629 0.000139 0.000144 0.000641 29.247569
-6.248809 1528195624.484976 0.000139 0.000143 0.000634 29.495993
-6.236768 1528195624.497017 0.000139 0.000145 0.000656 29.770512
-6.223882 1528195624.509902 0.000140 0.000144 0.000652 29.726783
-6.211669 1528195624.522116 0.000139 0.000145 0.000651 29.976469
-6.199225 1528195624.534560 0.000141 0.000144 0.000653 30.129612
-6.186155 1528195624.547630 0.000140 0.000145 0.000653 29.562630
-6.174204 1528195624.559581 0.000139 0.000144 0.000642 29.521886
-6.160737 1528195624.573048 0.000139 0.000145 0.000654 29.687490
-6.148094 1528195624.585690 0.000141 0.000145 0.000653 29.814595
-6.134772 1528195624.599013 0.000141 0.000145 0.000661 30.168853
-6.122977 1528195624.610807 0.000139 0.000146 0.000655 29.703320
-6.110580 1528195624.623205 0.000141 0.000145 0.000661 30.000542
-6.098787 1528195624.634998 0.000140 0.000146 0.000650 29.701760
-6.086708 1528195624.647077 0.000140 0.000145 0.000653 29.900822
-6.073891 1528195624.659894 0.000140 0.000145 0.000651 29.764994
-6.061564 1528195624.672220 0.000140 0.000146 0.000660 29.863218
-6.048337 1528195624.685448 0.000141 0.000146 0.000655 29.618172
-6.036607 1528195624.697177 0.000140 0.000145 0.000644 29.682503
-6.024128 1528195624.709656 0.000140 0.000146 0.000645 29.543648
-6.011575 1528195624.722210 0.000140 0.000146 0.000642 29.614200
-5.998915 1528195624.734869 0.000141 0.000146 0.000655 30.209949
-5.985349 1528195624.748436 0.000141 0.000146 0.000648 29.758021
-5.972789 1528195624.760996 0.000141 0.000146 0.000648 30.070119
-5.960329 1528195624.773456 0.000140 0.000146 0.000641 29.577579
-5.948828 1528195624.784956 0.000140 0.000146 0.000649 29.902456
-5.936257 1528195624.797527 0.000142 0.000145 0.000634 29.721423
-5.922898 1528195624.810886 0.000143 0.000147 0.000657 30.356318
-5.910751 1528195624.823034 0.000141 0.000147 0.000647 29.878959
-5.898749 1528195624.835036 0.000140 0.000147 0.000642 29.453427
-5.886439 1528195624.847346 0.000140 0.000148 0.000651 29.646930
-5.873062 1528195624.860723 0.000140 0.000147 0.000631 29.386778
-5.860179 1528195624.873605 0.000140 0.000148 0.000634 29.048895
-5.848414 1528195624.885371 0.000140 0.000148 0.000642 29.294480
-5.836429 1528195624.897355 0.000141 0.000148 0.000643 29.345543
-5.823992 1528195624.909793 0.000139 0.000148 0.000617 28.603248
-5.811295 1528195624.922490 0.000141 0.000149 0.000641 29.578669
-5.799084 1528195624.934700 0.000140 0.000149 0.000640 29.430289
-5.785989 1528195624.947795 0.000142 0.000150 0.000657 30.127825
-5.774113 1528195624.959672 0.000141 0.000150 0.000650 29.556963
-5.761238 1528195624.972547 0.000140 0.000152 0.000643 29.055104
-5.748354 1528195624.985430 0.000138 0.000153 0.000607 28.330013
-5.735695 1528195624.998090 0.000142 0.000156 0.000617 29.638748
-5.723363 1528195625.010421 0.000138 0.000155 0.000602 29.036969
-5.710254 1528195625.023531 0.000138 0.000155 0.000617 30.156748
-5.698690 1528195625.035094 0.000138 0.000155 0.000625 30.397744
-5.686390 1528195625.047395 0.000140 0.000155 0.000623 31.312185
-5.673896 1528195625.059889 0.000141 0.000155 0.000631 31.637560
-5.661376 1528195625.072409 0.000140 0.000155 0.000638 31.551923
-5.648961 1528195625.084824 0.000142 0.000154 0.000635 31.280234
-5.636276 1528195625.097508 0.000142 0.000155 0.000634 30.957676
-5.624315 1528195625.109469 0.000141 0.000156 0.000640 31.885106
-5.611376 1528195625.122408 0.000139 0.000156 0.000634 31.240169
-5.598817 1528195625.134968 0.000140 0.000156 0.000629 31.176111
-5.586336 1528195625.147449 0.000139 0.000158 0.000634 31.169251
-5.572988 1528195625.160796 0.000139 0.000155 0.000615 30.829405
-5.561272 1528195625.172513 0.000140 0.000158 0.000631 31.574573
-5.548703 1528195625.185082 0.000141 0.000157 0.000637 31.570286
-5.536004 1528195625.197781 0.000145 0.000156 0.000636 31.269037
-5.523090 1528195625.210695 0.000140 0.000155 0.000614 30.578211
-5.510991 1528195625.222794 0.000141 0.000157 0.000643 31.603138
-5.498786 1528195625.234998 0.000141 0.000157 0.000634 31.137249
-5.486219 1528195625.247566 0.000142 0.000157 0.000638 31.337514
-5.473988 1528195625.259797 0.000142 0.000158 0.000639 31.397391
-5.461193 1528195625.272592 0.000141 0.000159 0.000637 30.920317
-5.448677 1528195625.285108 0.000141 0.000158 0.000634 31.183863
-5.436224 1528195625.297560 0.000140 0.000159 0.000627 30.636157
-5.423431 1528195625.310354 0.000141 0.000159 0.000633 31.066223
-5.411409 1528195625.322376 0.000142 0.000162 0.000649 31.733534
-5.397922 1528195625.335863 0.000141 0.000164 0.000642 31.264175
-5.386000 1528195625.347785 0.000142 0.000165 0.000641 31.415002
-5.373420 1528195625.360365 0.000142 0.000164 0.000609 31.508114
-5.360274 1528195625.373510 0.000148 0.000166 0.000621 35.108509
-5.348264 1528195625.385521 0.000149 0.000163 0.000557 34.616514
-5.335761 1528195625.398024 0.000149 0.000166 0.000561 37.342115
-5.323120 1528195625.410665 0.000154 0.000175 0.000622 41.968134
-5.311301 1528195625.422483 0.000158 0.000180 0.000613 45.375462
-5.298620 1528195625.435164 0.000124 0.000170 0.000569 44.177874
-5.286089 1528195625.447696 0.000110 0.000165 0.000555 44.484832
-5.273107 1528195625.460678 0.000111 0.000166 0.000554 45.584529
-5.260380 1528195625.473405 0.000108 0.000165 0.000564 46.013142
-5.248255 1528195625.485530 0.000152 0.000178 0.000660 51.927742
-5.235770 1528195625.498014 0.000163 0.000184 0.000723 54.743345
-5.223213 1528195625.510572 0.000161 0.000182 0.000658 54.394621
-5.210455 1528195625.523329 0.000164 0.000186 0.000665 56.799508
-5.198273 1528195625.535512 0.000163 0.000193 0.000672 59.286883
-5.185614 1528195625.548171 0.000125 0.000163 0.000554 54.664374
-5.174017 1528195625.559767 0.000164 0.000193 0.000706 63.201689
-5.161017 1528195625.572768 0.000122 0.000161 0.000532 53.925066
-5.148354 1528195625.585431 0.000122 0.000159 0.000524 52.329101
-5.135987 1528195625.597797 0.000136 0.000159 0.000527 53.866775
-5.123492 1528195625.610293 0.000132 0.000154 0.000521 52.940173
-5.111374 1528195625.622410 0.000132 0.000152 0.000525 52.553271
-5.098193 1528195625.635591 0.000149 0.000178 0.000598 56.009312
-5.086115 1528195625.647670 0.000150 0.000179 0.000600 55.935120
-5.073916 1528195625.659869 0.000151 0.000184 0.000689 57.911314
-5.060767 1528195625.673017 0.000151 0.000176 0.000609 55.765534
-5.047889 1528195625.685895 0.000149 0.000179 0.000607 56.539328
-5.035361 1528195625.698424 0.000150 0.000184 0.000665 57.366979
-5.022752 1528195625.711033 0.000150 0.000188 0.000705 58.520373
-5.010397 1528195625.723387 0.000146 0.000177 0.000622 56.440274
-4.998463 1528195625.735321 0.000146 0.000174 0.000583 55.182336
-4.985724 1528195625.748060 0.000148 0.000185 0.000689 57.253426
-4.973271 1528195625.760514 0.000136 0.000148 0.000550 52.584613
-4.960968 1528195625.772816 0.000147 0.000173 0.000597 55.009552
-4.948344 1528195625.785441 0.000145 0.000166 0.000550 53.456455
-4.936091 1528195625.797694 0.000146 0.000182 0.000617 56.306990
-4.922973 1528195625.810812 0.000152 0.000166 0.000628 55.400685
-4.910825 1528195625.822960 0.000133 0.000155 0.000506 53.721397
-4.898461 1528195625.835324 0.000158 0.000197 0.000634 61.199936
-4.886129 1528195625.847656 0.000162 0.000194 0.000634 61.625101
-4.873358 1528195625.860427 0.000164 0.000186 0.000631 59.797454
-4.860629 1528195625.873155 0.000165 0.000181 0.000671 59.431790
-4.847977 1528195625.885808 0.000154 0.000181 0.000703 58.422974
-4.835720 1528195625.898065 0.000148 0.000177 0.000748 57.591166
-4.823488 1528195625.910296 0.000129 0.000174 0.000728 54.797009
-4.811010 1528195625.922775 0.000152 0.000185 0.000765 56.288827
-4.798429 1528195625.935356 0.000142 0.000183 0.000815 57.410771
-4.786106 1528195625.947679 0.000143 0.000188 0.000888 56.415090
-4.773296 1528195625.960489 0.000145 0.000184 0.000949 57.052138
-4.760702 1528195625.973083 0.000137 0.000209 0.000921 58.134552
-4.748265 1528195625.985520 0.000106 0.000318 0.000926 53.918403
-4.735946 1528195625.997839 0.000108 0.000578 0.000941 31.559755
-4.722879 1528195626.010906 0.000184 0.000607 0.000848 28.453127
-4.710009 1528195626.023776 0.000200 0.000613 0.001602 65.562533
-4.697263 1528195626.036522 0.000215 0.001288 0.001580 72.652710
-4.685929 1528195626.047856 0.000380 0.000485 0.001774 78.984333
-4.673904 1528195626.059881 0.000183 0.000347 0.001403 39.816858
-4.660945 1528195626.072839 0.000263 0.000350 0.001362 30.433093
-4.648723 1528195626.085062 0.000279 0.000622 0.001041 9.568778
-4.636134 1528195626.097651 0.000079 0.000796 0.001439 85.135689
-4.623366 1528195626.110419 0.000211 0.000450 0.001621 83.870976
-4.611372 1528195626.122412 0.000190 0.000278 0.001042 46.658200
-4.598320 1528195626.135465 0.000198 0.000325 0.000974 48.461159
-4.586264 1528195626.147521 0.000234 0.000490 0.001313 46.789099
-4.574098 1528195626.159687 0.000245 0.000495 0.001641 84.203065
-4.561527 1528195626.172257 0.000134 0.000316 0.001344 86.255838
-4.548622 1528195626.185163 0.000081 0.000230 0.001052 58.663274
-4.535028 1528195626.198757 0.000095 0.000152 0.001154 54.947180
-4.523023 1528195626.210762 0.000040 0.000497 0.001803 60.024657
-4.510065 1528195626.223719 0.000097 0.000447 0.001427 85.894583
-4.497710 1528195626.236075 0.000146 0.000371 0.001601 98.458849
-4.485187 1528195626.248598 0.000088 0.000206 0.000824 55.114313
-4.473283 1528195626.260502 0.000064 0.000198 0.000733 50.998381
-4.460795 1528195626.272990 0.000065 0.000117 0.000681 50.506548
-4.448476 1528195626.285309 0.000070 0.000340 0.001482 76.154765
-4.435248 1528195626.298537 0.000089 0.000400 0.001420 96.537568
-4.422917 1528195626.310868 0.000187 0.000279 0.001495 91.181123
-4.409459 1528195626.324326 0.000183 0.000299 0.000969 68.998519
-4.397603 1528195626.336182 0.000127 0.000252 0.000991 52.172684
-4.385320 1528195626.348465 0.000121 0.000222 0.001088 51.740445
-4.373186 1528195626.360598 0.000112 0.000296 0.001160 52.685188
-4.361104 1528195626.372680 0.000092 0.000646 0.001419 73.082498
-4.348579 1528195626.385205 0.000107 0.000610 0.001215 77.313547
-4.335112 1528195626.398673 0.000232 0.000530 0.001066 83.086751
-4.322823 1528195626.410962 0.000172 0.000587 0.000954 65.250570
-4.310227 1528195626.423558 0.000172 0.000414 0.000973 46.158745
-4.297806 1528195626.435979 0.000177 0.000410 0.000939 35.757089
-4.285408 1528195626.448377 0.000272 0.000370 0.000994 33.847045
-4.272969 1528195626.460816 0.000118 0.000915 0.001392 88.373444
-4.260361 1528195626.473424 0.000173 0.000854 0.001655 94.948034
-4.247467 1528195626.486318 0.000293 0.000916 0.001084 72.700342
-4.233957 1528195626.499828 0.000254 0.000463 0.000993 35.421611
-4.222687 1528195626.511097 0.000286 0.000734 0.001229 18.046913
-4.210665 1528195626.523120 0.000331 0.000560 0.001540 39.574321
-4.198359 1528195626.535425 0.000507 0.000783 0.000972 50.951828
-4.186106 1528195626.547679 0.000451 0.000687 0.001143 86.948473
-4.173088 1528195626.560697 0.000291 0.000651 0.001219 77.096807
-4.160887 1528195626.572898 0.000219 0.000554 0.001146 63.528767
-4.147523 1528195626.586261 0.000198 0.000515 0.000803 33.458327
-4.135915 1528195626.597869 0.000193 0.000393 0.000700 41.939412
-4.123328 1528195626.610457 0.000207 0.000324 0.000693 45.514464
-4.111221 1528195626.622563 0.000199 0.000282 0.001021 50.372964
-4.098908 1528195626.634876 0.000181 0.000265 0.000997 55.549096
-4.085623 1528195626.648162 0.000190 0.000282 0.000966 61.001328
-4.073905 1528195626.659879 0.000185 0.000274 0.000999 64.051589
-4.060307 1528195626.673477 0.000186 0.000278 0.001022 64.166765
-4.047587 1528195626.686198 0.000185 0.000257 0.001005 63.226534
-4.035850 1528195626.697935 0.000179 0.000250 0.000956 60.490206
-4.023618 1528195626.710166 0.000169 0.000234 0.000906 56.983649
-4.010287 1528195626.723498 0.000166 0.000249 0.000976 53.257863
-3.997828 1528195626.735957 0.000160 0.000237 0.001012 51.686985
-3.985244 1528195626.748541 0.000156 0.000214 0.000965 50.585244
-3.973204 1528195626.760581 0.000152 0.000215 0.000926 48.992201
-3.960679 1528195626.773106 0.000149 0.000226 0.000933 47.837334
-3.948577 1528195626.785208 0.000146 0.000223 0.000895 47.581690
-3.936181 1528195626.797604 0.000145 0.000213 0.000879 48.466070
-3.923577 1528195626.810208 0.000143 0.000212 0.000879 49.135752
-3.911170 1528195626.822615 0.000141 0.000233 0.000889 49.242876
-3.898714 1528195626.835071 0.000146 0.000245 0.000929 51.857470
-3.886077 1528195626.847708 0.000151 0.000245 0.000901 55.843951
-3.873105 1528195626.860679 0.000156 0.000253 0.000854 59.511402
-3.860855 1528195626.872930 0.000161 0.000261 0.000898 63.971250
-3.848451 1528195626.885334 0.000161 0.000298 0.000963 67.789006
-3.835314 1528195626.898471 0.000172 0.000310 0.000985 69.743046
-3.823515 1528195626.910270 0.000200 0.000325 0.000891 69.708203
-3.810325 1528195626.923459 0.000190 0.000285 0.000852 69.836908
-3.797446 1528195626.936338 0.000212 0.000254 0.000818 66.495473
-3.785360 1528195626.948424 0.000195 0.000207 0.000825 65.248226
-3.772422 1528195626.961362 0.000158 0.000197 0.000867 63.938717
-3.747791 1528195626.985994 0.000122 0.000164 0.000878 62.461688
-3.735082 1528195626.998703 0.000115 0.000167 0.000870 62.716338
-3.723289 1528195627.010495 0.000119 0.000169 0.000880 63.976200
-3.710971 1528195627.022814 0.000117 0.000173 0.000886 65.866218
-3.698570 1528195627.035215 0.000118 0.000178 0.000825 66.777641
-3.685211 1528195627.048574 0.000172 0.000203 0.000753 65.206408
-3.673968 1528195627.059816 0.000163 0.000196 0.000757 63.649449
-3.660889 1528195627.072896 0.000157 0.000190 0.000743 60.442648
-3.648605 1528195627.085180 0.000151 0.000189 0.000734 56.905594
-3.636249 1528195627.097536 0.000152 0.000198 0.000702 52.912074
-3.623664 1528195627.110121 0.000150 0.000174 0.000459 40.172226
-3.611550 1528195627.122235 0.000149 0.000162 0.000459 39.451867
-3.598882 1528195627.134903 0.000148 0.000162 0.000480 40.759890
-3.585854 1528195627.147931 0.000154 0.000180 0.000689 46.918087
-3.572682 1528195627.161102 0.000152 0.000177 0.000683 46.311000
-3.561149 1528195627.172636 0.000146 0.000161 0.000484 40.072719
-3.548565 1528195627.185219 0.000146 0.000157 0.000462 37.977365
-3.535672 1528195627.198112 0.000148 0.000164 0.000474 37.865438
-3.523724 1528195627.210061 0.000152 0.000175 0.000707 44.955838
-3.510731 1528195627.223054 0.000147 0.000157 0.000465 37.439902
-3.498265 1528195627.235520 0.000146 0.000154 0.000461 37.631981
-3.485183 1528195627.248602 0.000147 0.000159 0.000466 36.423053
-3.472735 1528195627.261050 0.000153 0.000174 0.000749 44.373492
-3.459459 1528195627.274326 0.000154 0.000168 0.000720 44.332576
-3.448360 1528195627.285425 0.000150 0.000158 0.000468 38.057938
-3.436185 1528195627.297599 0.000150 0.000160 0.000461 36.895466
-3.422804 1528195627.310980 0.000155 0.000174 0.000709 43.800613
-3.410896 1528195627.322889 0.000156 0.000169 0.000731 44.648160
-3.398396 1528195627.335388 0.000151 0.000158 0.000460 37.425151
-3.385452 1528195627.348332 0.000152 0.000158 0.000460 36.127397
-3.373781 1528195627.360004 0.000156 0.000170 0.000699 43.605634
-3.360897 1528195627.372888 0.000157 0.000173 0.000722 43.853760
-3.347035 1528195627.386750 0.000152 0.000153 0.000454 35.789416
-3.336145 1528195627.397639 0.000153 0.000155 0.000458 35.302644
-3.323413 1528195627.410371 0.000152 0.000155 0.000465 35.329079
-3.309965 1528195627.423820 0.000157 0.000169 0.000725 43.624551
-3.297691 1528195627.436094 0.000153 0.000156 0.000454 35.859351
-3.285432 1528195627.448352 0.000152 0.000154 0.000460 34.811372
-3.272840 1528195627.460944 0.000154 0.000156 0.000462 35.472850
-3.259996 1528195627.473789 0.000159 0.000166 0.000706 43.091472
-3.247689 1528195627.486096 0.000153 0.000156 0.000457 35.307940
-3.235497 1528195627.498287 0.000154 0.000158 0.000453 35.937795
-3.222753 1528195627.511032 0.000155 0.000160 0.000476 37.297084
-3.210080 1528195627.523705 0.000165 0.000168 0.000678 44.853306
-3.198539 1528195627.535245 0.000164 0.000168 0.000652 43.946670
-3.186151 1528195627.547634 0.000164 0.000168 0.000631 44.368416
-3.173293 1528195627.560492 0.000164 0.000171 0.000620 44.170784
-3.161121 1528195627.572664 0.000162 0.000172 0.000601 43.927131
-3.146779 1528195627.587006 0.000165 0.000176 0.000637 45.717681
-3.135387 1528195627.598397 0.000140 0.000159 0.000447 33.762253
-3.122672 1528195627.611113 0.000163 0.000172 0.000622 42.897568
-3.110417 1528195627.623368 0.000152 0.000158 0.000457 34.160435
-3.098732 1528195627.635053 0.000162 0.000170 0.000647 43.254454
-3.086295 1528195627.647490 0.000163 0.000167 0.000639 42.976929
-3.073229 1528195627.660556 0.000162 0.000165 0.000623 42.804150
-3.061369 1528195627.672415 0.000144 0.000159 0.000444 34.368113
-3.048819 1528195627.684966 0.000163 0.000167 0.000634 42.991354
-3.034340 1528195627.699444 0.000162 0.000168 0.000635 43.435631
-3.022061 1528195627.711723 0.000162 0.000164 0.000642 42.904008
-3.010147 1528195627.723638 0.000160 0.000163 0.000618 41.974268
-2.998249 1528195627.735535 0.000144 0.000156 0.000454 34.411906
-2.985992 1528195627.747792 0.000140 0.000156 0.000456 33.158496
-2.973682 1528195627.760103 0.000148 0.000155 0.000451 34.424721
-2.961007 1528195627.772778 0.000155 0.000166 0.000623 41.582760
-2.948850 1528195627.784934 0.000155 0.000171 0.000680 44.659384
-2.936423 1528195627.797362 0.000151 0.000167 0.000660 45.273633
-2.923827 1528195627.809958 0.000151 0.000170 0.000687 47.396595
-2.911445 1528195627.822340 0.000131 0.000150 0.000425 38.474468
-2.898743 1528195627.835041 0.000132 0.000152 0.000435 39.483993
-2.886424 1528195627.847361 0.000131 0.000150 0.000433 39.757244
-2.873994 1528195627.859791 0.000126 0.000148 0.000422 39.321916
-2.861151 1528195627.872633 0.000126 0.000149 0.000422 39.226416
-2.847951 1528195627.885834 0.000137 0.000154 0.000441 40.942849
-2.835251 1528195627.898534 0.000158 0.000186 0.000788 57.367908
-2.822462 1528195627.911323 0.000156 0.000187 0.000771 57.705813
-2.809849 1528195627.923935 0.000156 0.000188 0.000742 57.408489
-2.798365 1528195627.935420 0.000131 0.000149 0.000410 38.342479
-2.786015 1528195627.947769 0.000133 0.000150 0.000412 38.141668
-2.773585 1528195627.960199 0.000135 0.000150 0.000409 37.852115
-2.760843 1528195627.972942 0.000153 0.000187 0.000734 56.647083
-2.748465 1528195627.985320 0.000153 0.000186 0.000731 56.615985
-2.735604 1528195627.998181 0.000153 0.000183 0.000739 56.394959
-2.723228 1528195628.010557 0.000153 0.000183 0.000742 56.604536
-2.710528 1528195628.023256 0.000133 0.000150 0.000408 40.080115
-2.697978 1528195628.035806 0.000134 0.000151 0.000412 39.305378
-2.685465 1528195628.048320 0.000132 0.000150 0.000410 38.832471
-2.672908 1528195628.060877 0.000153 0.000177 0.000722 53.444347
-2.659845 1528195628.073940 0.000131 0.000150 0.000413 38.348464
-2.647511 1528195628.086274 0.000132 0.000151 0.000419 39.306797
-2.635427 1528195628.098358 0.000131 0.000150 0.000414 39.896356
-2.623062 1528195628.110723 0.000130 0.000149 0.000416 39.431901
-2.610846 1528195628.122939 0.000128 0.000151 0.000417 37.958878
-2.598611 1528195628.135174 0.000129 0.000153 0.000410 38.047529
-2.585907 1528195628.147878 0.000160 0.000190 0.000747 58.596425
-2.573141 1528195628.160644 0.000160 0.000197 0.000766 59.052935
-2.561037 1528195628.172748 0.000128 0.000155 0.000442 42.567244
-2.548286 1528195628.185498 0.000121 0.000156 0.000468 44.306675
-2.536003 1528195628.197781 0.000123 0.000159 0.000501 46.056831
-2.523183 1528195628.210602 0.000157 0.000182 0.000706 51.361093
-2.510411 1528195628.223374 0.000124 0.000158 0.000590 46.255667
-2.498308 1528195628.235476 0.000144 0.000164 0.000679 48.550603
-2.485635 1528195628.248150 0.000154 0.000173 0.000740 51.062322
-2.473363 1528195628.260422 0.000130 0.000176 0.000687 50.571905
-2.460830 1528195628.272954 0.000174 0.000192 0.000778 58.454521
-2.447862 1528195628.285923 0.000168 0.000203 0.000867 63.311121
-2.435647 1528195628.298137 0.000162 0.000218 0.000938 64.019495
-2.423405 1528195628.310379 0.000151 0.000196 0.000849 67.937675
-2.409914 1528195628.323870 0.000132 0.000289 0.000819 64.094773
-2.396286 1528195628.337498 0.000102 0.000480 0.000900 48.036353
-2.385049 1528195628.348736 0.000123 0.000567 0.000983 19.319445
-2.372852 1528195628.360933 0.000294 0.000617 0.001096 65.752168
-2.360906 1528195628.372879 0.000142 0.000913 0.001879 76.369266
-2.347854 1528195628.385931 0.000395 0.000560 0.001817 90.401470
-2.336087 1528195628.397697 0.000298 0.000355 0.001145 58.761968
-2.323433 1528195628.410352 0.000239 0.000406 0.001263 44.909445
-2.310785 1528195628.423000 0.000339 0.000650 0.001354 32.479116
-2.298361 1528195628.435423 0.000090 0.001108 0.001963 59.467881
-2.285910 1528195628.447875 0.000438 0.000626 0.001677 83.120466
-2.272701 1528195628.461083 0.000235 0.000272 0.001111 50.610337
-2.260675 1528195628.473109 0.000202 0.000428 0.000840 50.710063
-2.247483 1528195628.486302 0.000321 0.000614 0.001160 51.568668
-2.235523 1528195628.498262 0.000235 0.000565 0.001711 77.652653
-2.223049 1528195628.510736 0.000149 0.000459 0.001680 87.932698
-2.210822 1528195628.522963 0.000183 0.000267 0.000866 52.395186
-2.196753 1528195628.537032 0.000105 0.000182 0.001041 61.232106
-2.185290 1528195628.548495 0.000115 0.000306 0.001678 61.555979
-2.172424 1528195628.561361 0.000089 0.000238 0.001320 73.173842
-2.159769 1528195628.574016 0.000075 0.000272 0.002275 98.639141
-2.147402 1528195628.586383 0.000087 0.000171 0.000515 53.782628
-2.135548 1528195628.598237 0.000045 0.000124 0.000628 68.834290
-2.123414 1528195628.610370 0.000058 0.000160 0.000695 49.291167
-2.109168 1528195628.624617 0.000098 0.000114 0.002523 56.265844
-2.097164 1528195628.636621 0.000059 0.000153 0.001624 77.069933
-2.084700 1528195628.649085 0.000069 0.000097 0.001732 90.350391
-2.073361 1528195628.660424 0.000053 0.000106 0.000172 98.583870
-2.060717 1528195628.673068 0.000083 0.000116 0.000151 57.307758
-2.048197 1528195628.685588 0.000065 0.000078 0.000133 94.781489
-2.035713 1528195628.698072 0.000056 0.000067 0.000131 91.016033
-2.023081 1528195628.710703 0.000035 0.000068 0.000099 67.707406
-2.010428 1528195628.723356 0.000021 0.000062 0.000103 54.564386
-1.997496 1528195628.736288 0.000029 0.000094 0.001364 63.571832
-1.985289 1528195628.748495 0.000043 0.000136 0.001455 63.690930
-1.973541 1528195628.760244 0.000081 0.000485 0.000913 70.010263
-1.960976 1528195628.772809 0.000152 0.000935 0.001062 104.003545
-1.948496 1528195628.785289 0.000351 0.000510 0.001035 73.323192
-1.935581 1528195628.798204 0.000236 0.000437 0.001306 33.472457
-1.923327 1528195628.810457 0.000134 0.000303 0.001544 25.699607
-1.911247 1528195628.822538 0.000293 0.000620 0.001223 32.811984
-1.898491 1528195628.835294 0.000183 0.000986 0.001182 82.028705
-1.886119 1528195628.847666 0.000262 0.000899 0.001300 78.623590
-1.873532 1528195628.860253 0.000263 0.000568 0.001046 42.154984
-1.860333 1528195628.873452 0.000318 0.000663 0.000811 40.907703
-1.848553 1528195628.885231 0.000138 0.000533 0.000993 24.565384
-1.836163 1528195628.897622 0.000450 0.000526 0.000876 105.534820
-1.823678 1528195628.910107 0.000283 0.000541 0.001225 88.621424
-1.810698 1528195628.923087 0.000213 0.000708 0.001175 81.443196
-1.797928 1528195628.935857 0.000249 0.000637 0.000973 81.405219
-1.785271 1528195628.948514 0.000185 0.000507 0.000757 74.024044
-1.772456 1528195628.961328 0.000191 0.000496 0.000723 60.708306
-1.759546 1528195628.974239 0.000183 0.000292 0.000628 48.263978
-1.747030 1528195628.986755 0.000145 0.000220 0.000648 43.762608
-1.735588 1528195628.998197 0.000139 0.000196 0.000656 40.489602
-1.723114 1528195629.010671 0.000140 0.000171 0.000671 41.217303
-1.710946 1528195629.022838 0.000138 0.000157 0.000708 38.601733
-1.698102 1528195629.035683 0.000135 0.000146 0.000696 37.541811
-1.685263 1528195629.048522 0.000134 0.000141 0.000709 37.641332
-1.673188 1528195629.060597 0.000133 0.000142 0.000708 36.869359
-1.660896 1528195629.072889 0.000133 0.000145 0.000701 36.227234
-1.647871 1528195629.085913 0.000133 0.000145 0.000698 36.839251
-1.635403 1528195629.098382 0.000132 0.000134 0.000675 39.436298
-1.623013 1528195629.110772 0.000132 0.000134 0.000680 40.072929
-1.610969 1528195629.122816 0.000133 0.000136 0.000674 40.183689
-1.597796 1528195629.135988 0.000133 0.000156 0.000690 37.171079
-1.585921 1528195629.147864 0.000132 0.000150 0.000671 38.239785
-1.573228 1528195629.160556 0.000132 0.000147 0.000675 38.517635
-1.560194 1528195629.173591 0.000131 0.000146 0.000677 37.634428
-1.547767 1528195629.186018 0.000132 0.000149 0.000677 36.738179
-1.535083 1528195629.198701 0.000131 0.000147 0.000664 36.475942
-1.522422 1528195629.211363 0.000131 0.000146 0.000662 36.412142
-1.509631 1528195629.224154 0.000132 0.000142 0.000662 36.017335
-1.497423 1528195629.236362 0.000132 0.000144 0.000668 34.949862
-1.484905 1528195629.248880 0.000132 0.000144 0.000674 34.925859
-1.472000 1528195629.261785 0.000132 0.000143 0.000664 35.109191
-1.459815 1528195629.273970 0.000134 0.000142 0.000656 34.884879
-1.446867 1528195629.286917 0.000133 0.000147 0.000659 34.502208
-1.435349 1528195629.298436 0.000133 0.000149 0.000659 34.830254
-1.422395 1528195629.311389 0.000134 0.000148 0.000652 35.473002
-1.409712 1528195629.324072 0.000134 0.000148 0.000650 35.826778
-1.397821 1528195629.335964 0.000135 0.000152 0.000658 34.739354
-1.384797 1528195629.348988 0.000133 0.000150 0.000677 34.569014
-1.372632 1528195629.361153 0.000133 0.000145 0.000683 34.566209
-1.360277 1528195629.373507 0.000133 0.000145 0.000707 33.358486
-1.347062 1528195629.386723 0.000130 0.000149 0.000722 31.356730
-1.335086 1528195629.398698 0.000130 0.000150 0.000750 30.146138
-1.321070 1528195629.412715 0.000129 0.000147 0.000757 29.599734
-1.309844 1528195629.423940 0.000128 0.000144 0.000773 29.439234
-1.296873 1528195629.436912 0.000120 0.000140 0.000752 30.508149
-1.285476 1528195629.448308 0.000119 0.000137 0.000759 30.318323
-1.273118 1528195629.460666 0.000121 0.000135 0.000755 29.932990
-1.260428 1528195629.473357 0.000117 0.000133 0.000761 30.158506
-1.247231 1528195629.486554 0.000117 0.000132 0.000759 30.079824
-1.235457 1528195629.498328 0.000125 0.000132 0.000785 28.338513
-1.222462 1528195629.511322 0.000124 0.000131 0.000791 28.445211
-1.209821 1528195629.523964 0.000118 0.000128 0.000756 30.385639
-1.196735 1528195629.537049 0.000122 0.000128 0.000790 29.100689
-1.184291 1528195629.549493 0.000118 0.000126 0.000760 30.249002
-1.171916 1528195629.561869 0.000124 0.000127 0.000794 28.542750
-1.159681 1528195629.574104 0.000116 0.000125 0.000761 30.167909
-1.147869 1528195629.585916 0.000115 0.000124 0.000761 30.071727
-1.135672 1528195629.598113 0.000122 0.000124 0.000784 28.447325
-1.123261 1528195629.610523 0.000122 0.000124 0.000789 28.605645
-1.110634 1528195629.623151 0.000116 0.000123 0.000763 30.241044
-1.098159 1528195629.635626 0.000121 0.000125 0.000790 28.834073
-1.085212 1528195629.648573 0.000117 0.000123 0.000763 30.134104
-1.073036 1528195629.660749 0.000114 0.000123 0.000769 30.441048
-1.060863 1528195629.672922 0.000113 0.000123 0.000765 31.035413
-1.047480 1528195629.686305 0.000118 0.000125 0.000788 29.976696
-1.034863 1528195629.698922 0.000117 0.000126 0.000789 30.493525
-1.022483 1528195629.711301 0.000109 0.000124 0.000773 32.410007
-1.009690 1528195629.724095 0.000119 0.000127 0.000797 30.732733
-0.997220 1528195629.736565 0.000118 0.000127 0.000795 30.973228
-0.984773 1528195629.749011 0.000118 0.000126 0.000791 31.018352
-0.972115 1528195629.761669 0.000118 0.000126 0.000792 30.966216
-0.959341 1528195629.774444 0.000119 0.000126 0.000794 30.893913
-0.947107 1528195629.786678 0.000120 0.000127 0.000792 30.813294
-0.934628 1528195629.799156 0.000119 0.000126 0.000790 30.898784
-0.922313 1528195629.811471 0.000120 0.000127 0.000791 30.782528
-0.910396 1528195629.823388 0.000120 0.000127 0.000794 30.815250
-0.897697 1528195629.836087 0.000120 0.000127 0.000793 30.847082
-0.885540 1528195629.848245 0.000120 0.000127 0.000792 30.973589
-0.872794 1528195629.860991 0.000120 0.000127 0.000795 31.130705
-0.860406 1528195629.873379 0.000121 0.000127 0.000792 31.149274
-0.847608 1528195629.886177 0.000121 0.000127 0.000794 31.228780
-0.834656 1528195629.899129 0.000121 0.000126 0.000789 31.394788
-0.821866 1528195629.911918 0.000114 0.000124 0.000768 33.022147
-0.809395 1528195629.924390 0.000122 0.000126 0.000791 31.395382
-0.797332 1528195629.936453 0.000122 0.000127 0.000790 31.531141
-0.784935 1528195629.948850 0.000113 0.000125 0.000758 33.988125
-0.771351 1528195629.962434 0.000122 0.000127 0.000794 33.531180
-0.759402 1528195629.974383 0.000123 0.000127 0.000797 34.016502
-0.747012 1528195629.986773 0.000123 0.000125 0.000797 33.531205
-0.735123 1528195629.998662 0.000122 0.000129 0.000799 32.706710
-0.722879 1528195630.010906 0.000117 0.000123 0.000785 33.540097
-0.710694 1528195630.023090 0.000117 0.000123 0.000780 32.922617
-0.697566 1528195630.036219 0.000118 0.000123 0.000778 32.346703
-0.685145 1528195630.048640 0.000118 0.000122 0.000775 32.102928
-0.672459 1528195630.061326 0.000119 0.000128 0.000796 30.615715
-0.660199 1528195630.073586 0.000119 0.000127 0.000796 30.255913
-0.648311 1528195630.085474 0.000119 0.000127 0.000795 29.888136
-0.635615 1528195630.098170 0.000117 0.000121 0.000777 30.870561
-0.623417 1528195630.110368 0.000119 0.000127 0.000797 29.260705
-0.611086 1528195630.122699 0.000116 0.000120 0.000775 30.379198
-0.598455 1528195630.135330 0.000116 0.000120 0.000779 30.292324
-0.585967 1528195630.147818 0.000118 0.000126 0.000802 28.707285
-0.573605 1528195630.160180 0.000118 0.000125 0.000801 28.895936
-0.561093 1528195630.172692 0.000118 0.000125 0.000799 28.811267
-0.548098 1528195630.185687 0.000115 0.000119 0.000778 30.281763
-0.535601 1528195630.198184 0.000115 0.000120 0.000777 30.259538
-0.523123 1528195630.210661 0.000118 0.000125 0.000796 29.010755
-0.510572 1528195630.223212 0.000118 0.000126 0.000798 29.019575
-0.497831 1528195630.235954 0.000117 0.000125 0.000797 29.167990
-0.484437 1528195630.249347 0.000117 0.000127 0.000799 29.032875
-0.472385 1528195630.261399 0.000117 0.000126 0.000800 29.094869
-0.459598 1528195630.274187 0.000117 0.000126 0.000796 29.067602
-0.447674 1528195630.286111 0.000117 0.000127 0.000797 28.929828
-0.435038 1528195630.298747 0.000117 0.000125 0.000805 29.230377
-0.421940 1528195630.311844 0.000115 0.000130 0.000829 29.299265
-0.410291 1528195630.323494 0.000112 0.000130 0.000849 29.526354
-0.397588 1528195630.336197 0.000110 0.000134 0.000857 29.665450
-0.384562 1528195630.349222 0.000110 0.000134 0.000851 29.316109
-0.372253 1528195630.361531 0.000106 0.000128 0.000824 30.426747
-0.359954 1528195630.373831 0.000111 0.000131 0.000840 28.931439
-0.347702 1528195630.386082 0.000111 0.000131 0.000840 28.781702
-0.335538 1528195630.398246 0.000111 0.000130 0.000840 28.640228
-0.322362 1528195630.411423 0.000111 0.000130 0.000837 28.722327
-0.309954 1528195630.423831 0.000111 0.000131 0.000834 28.800420
-0.297245 1528195630.436540 0.000111 0.000130 0.000836 28.991343
-0.285395 1528195630.448389 0.000111 0.000131 0.000835 28.851922
-0.273052 1528195630.460733 0.000111 0.000131 0.000834 28.877841
-0.260468 1528195630.473317 0.000111 0.000130 0.000833 29.142424
-0.246919 1528195630.486865 0.000111 0.000129 0.000836 29.090457
-0.234607 1528195630.499177 0.000111 0.000130 0.000835 29.153590
-0.222019 1528195630.511766 0.000111 0.000132 0.000835 28.923362
-0.210192 1528195630.523593 0.000111 0.000132 0.000836 29.102855
-0.197184 1528195630.536601 0.000112 0.000131 0.000835 29.063696
-0.183812 1528195630.549972 0.000111 0.000131 0.000831 29.327681
-0.171949 1528195630.561836 0.000112 0.000132 0.000834 29.189210
-0.160078 1528195630.573706 0.000112 0.000133 0.000835 29.363859
-0.148142 1528195630.585643 0.000112 0.000132 0.000836 29.395756
-0.134712 1528195630.599073 0.000112 0.000132 0.000831 29.423305
-0.122272 1528195630.611513 0.000112 0.000132 0.000830 29.470940
-0.109662 1528195630.624122 0.000113 0.000133 0.000828 29.398288
-0.097362 1528195630.636423 0.000112 0.000132 0.000826 29.513013
-0.084778 1528195630.649007 0.000112 0.000133 0.000832 29.409212
-0.072093 1528195630.661691 0.000112 0.000133 0.000830 29.267949
-0.060485 1528195630.673300 0.000112 0.000133 0.000830 29.309457
-0.043009 1528195630.690776 0.000112 0.000133 0.000834 29.361291
-0.034263 1528195630.699522 0.000112 0.000132 0.000833 29.639225
-0.022166 1528195630.711619 0.000112 0.000133 0.000832 29.496538
-0.010298 1528195630.723487 0.000112 0.000133 0.000831 29.540904
0.002225 1528195630.736009 0.000112 0.000133 0.000828 29.537448
0.014721 1528195630.748506 0.000113 0.000133 0.000831 29.539931
0.027051 1528195630.760836 0.000113 0.000133 0.000832 29.476545
0.039886 1528195630.773670 0.000113 0.000132 0.000830 29.405470
0.052438 1528195630.786222 0.000113 0.000133 0.000831 29.386073
0.065713 1528195630.799498 0.000113 0.000133 0.000829 29.412207
0.077224 1528195630.811009 0.000113 0.000134 0.000830 29.238341
0.089868 1528195630.823652 0.000113 0.000133 0.000828 29.411898
0.103036 1528195630.836821 0.000113 0.000133 0.000827 29.367978
0.114590 1528195630.848374 0.000113 0.000132 0.000826 29.467255
0.127167 1528195630.860951 0.000113 0.000132 0.000826 29.418361
0.140522 1528195630.874306 0.000113 0.000133 0.000828 29.353494
0.152218 1528195630.886003 0.000113 0.000132 0.000828 29.390542
0.165488 1528195630.899272 0.000113 0.000132 0.000827 29.334223
0.177099 1528195630.910884 0.000113 0.000131 0.000825 29.473530
0.189609 1528195630.923393 0.000113 0.000132 0.000824 29.366349
0.202816 1528195630.936601 0.000113 0.000131 0.000825 29.289057
0.215220 1528195630.949005 0.000113 0.000131 0.000827 29.374248
0.227818 1528195630.961602 0.000112 0.000131 0.000828 29.419400
0.239784 1528195630.973569 0.000112 0.000130 0.000822 29.484415
0.251935 1528195630.985719 0.000113 0.000133 0.000816 28.867240
0.264421 1528195630.998205 0.000113 0.000131 0.000818 28.667966
0.276834 1528195631.010619 0.000112 0.000130 0.000822 29.318978
0.289539 1528195631.023324 0.000112 0.000131 0.000825 29.811460
0.302864 1528195631.036649 0.000111 0.000130 0.000833 30.414790
0.315726 1528195631.049510 0.000112 0.000130 0.000834 30.368588
0.327975 1528195631.061759 0.000112 0.000130 0.000832 30.249058
0.339689 1528195631.073474 0.000111 0.000129 0.000831 30.434004
0.352046 1528195631.085830 0.000111 0.000130 0.000830 30.160572
0.364347 1528195631.098132 0.000111 0.000130 0.000830 30.111026
0.377986 1528195631.111771 0.000111 0.000130 0.000834 30.245115
0.390852 1528195631.124637 0.000111 0.000130 0.000832 30.235075
0.402611 1528195631.136396 0.000110 0.000129 0.000830 30.302628
0.415262 1528195631.149047 0.000111 0.000130 0.000829 30.253816
0.427813 1528195631.161597 0.000111 0.000130 0.000832 30.177518
0.440810 1528195631.174595 0.000110 0.000129 0.000832 30.137400
0.452579 1528195631.186364 0.000111 0.000129 0.000827 30.052946
0.464451 1528195631.198236 0.000111 0.000129 0.000833 30.432477
0.477376 1528195631.211160 0.000111 0.000131 0.000833 30.978288
0.489475 1528195631.223260 0.000113 0.000136 0.000833 31.831235
0.501806 1528195631.235591 0.000118 0.000145 0.000831 32.802266
0.515038 1528195631.248823 0.000123 0.000148 0.000816 35.042969
0.527776 1528195631.261561 0.000129 0.000157 0.000805 37.453423
0.539720 1528195631.273505 0.000129 0.000160 0.000800 40.612937
0.552125 1528195631.285909 0.000131 0.000163 0.000788 43.297749
0.565300 1528195631.299085 0.000138 0.000170 0.000805 47.686836
0.577116 1528195631.310901 0.000143 0.000179 0.000821 52.687258
0.589568 1528195631.323353 0.000153 0.000194 0.000848 57.752605
0.603564 1528195631.337349 0.000159 0.000216 0.000864 61.978265
0.615643 1528195631.349428 0.000162 0.000221 0.000828 65.372701
0.628188 1528195631.361972 0.000168 0.000215 0.000815 69.252744
0.640665 1528195631.374449 0.000176 0.000208 0.000808 72.308435
0.651653 1528195631.385437 0.000186 0.000207 0.000801 74.792628
0.664190 1528195631.397975 0.000190 0.000208 0.000774 76.577246
0.676457 1528195631.410242 0.000201 0.000208 0.000767 79.785228
0.689252 1528195631.423037 0.000203 0.000215 0.000756 83.716872
0.701808 1528195631.435593 0.000202 0.000225 0.000733 87.068444
0.714378 1528195631.448163 0.000210 0.000229 0.000724 90.392582
0.726583 1528195631.460368 0.000209 0.000227 0.000731 92.737921
0.739658 1528195631.473442 0.000210 0.000226 0.000733 94.515699
0.752422 1528195631.486207 0.000211 0.000221 0.000725 95.961631
0.764596 1528195631.498380 0.000213 0.000219 0.000727 97.642068
0.776887 1528195631.510672 0.000214 0.000218 0.000723 97.859372
0.789821 1528195631.523606 0.000212 0.000221 0.000720 98.149667
0.801906 1528195631.535691 0.000211 0.000222 0.000716 98.920525
0.815220 1528195631.549005 0.000210 0.000221 0.000715 99.548039
0.827264 1528195631.561049 0.000210 0.000219 0.000722 99.915809
0.840050 1528195631.573835 0.000208 0.000220 0.000724 100.548922
0.852890 1528195631.586675 0.000205 0.000221 0.000713 101.440657
0.865442 1528195631.599227 0.000205 0.000218 0.000721 101.811969
0.877636 1528195631.611421 0.000203 0.000222 0.000716 102.276386
0.890145 1528195631.623930 0.000201 0.000220 0.000713 102.820371
0.902181 1528195631.635965 0.000200 0.000219 0.000722 103.447605
0.914924 1528195631.648709 0.000199 0.000219 0.000702 103.505218
0.928011 1528195631.661796 0.000199 0.000222 0.000711 104.214603
0.940444 1528195631.674229 0.000198 0.000220 0.000703 103.993084
0.952886 1528195631.686671 0.000197 0.000222 0.000697 104.378628
0.965066 1528195631.698851 0.000196 0.000220 0.000698 104.164653
0.978914 1528195631.712698 0.000196 0.000220 0.000693 104.607891
0.990658 1528195631.724442 0.000196 0.000220 0.000697 104.969098
1.002584 1528195631.736369 0.000195 0.000218 0.000691 104.972793
1.014728 1528195631.748513 0.000194 0.000218 0.000693 105.241328
1.027444 1528195631.761229 0.000192 0.000220 0.000697 105.319800
1.039920 1528195631.773704 0.000192 0.000220 0.000692 105.368755
1.052395 1528195631.786180 0.000191 0.000223 0.000692 105.240895
1.064883 1528195631.798668 0.000191 0.000222 0.000701 105.687163
1.077999 1528195631.811783 0.000189 0.000219 0.000704 105.828152
1.091057 1528195631.824842 0.000190 0.000222 0.000708 106.602013
1.102998 1528195631.836782 0.000187 0.000221 0.000689 106.516786
1.114760 1528195631.848545 0.000188 0.000220 0.000698 106.500365
1.127358 1528195631.861143 0.000187 0.000220 0.000704 106.287274
1.141074 1528195631.874859 0.000187 0.000220 0.000701 106.572808
1.152705 1528195631.886489 0.000187 0.000221 0.000704 106.775130
1.165749 1528195631.899534 0.000186 0.000221 0.000700 107.098409
1.178054 1528195631.911838 0.000186 0.000219 0.000701 107.247930
1.191191 1528195631.924975 0.000187 0.000223 0.000695 107.490272
1.203318 1528195631.937103 0.000186 0.000221 0.000707 107.257455
1.214643 1528195631.948428 0.000185 0.000221 0.000712 107.657916
1.227344 1528195631.961128 0.000187 0.000222 0.000705 107.875987
1.240623 1528195631.974408 0.000186 0.000222 0.000691 107.615874
1.252992 1528195631.986777 0.000186 0.000225 0.000697 107.757877
1.264740 1528195631.998524 0.000187 0.000225 0.000701 108.031299
1.277233 1528195632.011017 0.000187 0.000229 0.000708 108.502794
1.289723 1528195632.023508 0.000186 0.000228 0.000718 108.879409
1.301889 1528195632.035674 0.000188 0.000229 0.000715 108.824801
1.314138 1528195632.047923 0.000185 0.000228 0.000713 108.802929
1.327110 1528195632.060895 0.000184 0.000226 0.000700 108.914283
1.339679 1528195632.073464 0.000183 0.000227 0.000700 109.044736
1.352793 1528195632.086578 0.000182 0.000228 0.000709 109.310690
1.364968 1528195632.098752 0.000185 0.000232 0.000720 109.656222
1.377687 1528195632.111472 0.000183 0.000228 0.000717 109.341228
1.390605 1528195632.124389 0.000182 0.000227 0.000716 109.110575
1.403544 1528195632.137329 0.000181 0.000230 0.000714 109.522391
1.415671 1528195632.149455 0.000181 0.000235 0.000736 110.208242
1.427203 1528195632.160988 0.000181 0.000232 0.000717 109.801366
1.439677 1528195632.173462 0.000183 0.000236 0.000721 109.896029
1.452505 1528195632.186289 0.000181 0.000233 0.000716 109.551298
1.464346 1528195632.198131 0.000181 0.000238 0.000716 109.806030
1.477127 1528195632.210912 0.000178 0.000230 0.000709 109.578983
1.489708 1528195632.223493 0.000179 0.000231 0.000706 109.467594
1.502735 1528195632.236519 0.000181 0.000240 0.000737 110.097246
1.514509 1528195632.248294 0.000179 0.000236 0.000721 109.743471
1.527582 1528195632.261367 0.000179 0.000232 0.000727 109.611115
1.540090 1528195632.273875 0.000178 0.000237 0.000722 109.853249
1.552865 1528195632.286649 0.000176 0.000235 0.000719 109.686214
1.564905 1528195632.298689 0.000175 0.000236 0.000723 109.896729
1.578099 1528195632.311884 0.000177 0.000235 0.000736 110.145933
1.590339 1528195632.324123 0.000175 0.000234 0.000730 109.815622
1.602874 1528195632.336659 0.000174 0.000233 0.000715 110.109549
1.615382 1528195632.349167 0.000176 0.000239 0.000717 110.479108
1.627661 1528195632.361446 0.000175 0.000237 0.000700 110.973404
1.641124 1528195632.374908 0.000175 0.000235 0.000701 110.389786
1.652655 1528195632.386439 0.000174 0.000237 0.000691 110.880642
1.665095 1528195632.398880 0.000175 0.000240 0.000708 110.857850
1.690199 1528195632.423984 0.000176 0.000243 0.000703 110.698674
1.702727 1528195632.436512 0.000177 0.000241 0.000696 110.757409
1.714927 1528195632.448711 0.000178 0.000241 0.000691 110.852067
1.727818 1528195632.461602 0.000177 0.000238 0.000683 110.559764
1.740198 1528195632.473983 0.000177 0.000240 0.000684 111.388614
1.754056 1528195632.487841 0.000179 0.000244 0.000687 111.628662
1.765653 1528195632.499438 0.000178 0.000241 0.000688 112.133136
1.777309 1528195632.511094 0.000178 0.000242 0.000697 112.471652
1.789788 1528195632.523573 0.000178 0.000238 0.000681 112.226819
1.802701 1528195632.536486 0.000180 0.000241 0.000695 112.597858
1.814592 1528195632.548376 0.000177 0.000241 0.000677 112.281307
1.827156 1528195632.560941 0.000178 0.000239 0.000678 112.330659
1.840113 1528195632.573898 0.000178 0.000244 0.000700 113.321952
1.851813 1528195632.585597 0.000177 0.000243 0.000698 113.187243
1.864557 1528195632.598341 0.000180 0.000247 0.000693 112.963175
1.876755 1528195632.610540 0.000177 0.000245 0.000701 113.254118
1.889307 1528195632.623092 0.000177 0.000246 0.000698 113.316364
1.902070 1528195632.635855 0.000177 0.000249 0.000700 113.873935
1.914583 1528195632.648368 0.000176 0.000241 0.000691 113.177601
1.927374 1528195632.661159 0.000176 0.000242 0.000681 113.391383
1.939645 1528195632.673430 0.000175 0.000238 0.000671 112.756462
1.951863 1528195632.685648 0.000175 0.000246 0.000690 114.308326
1.964229 1528195632.698014 0.000171 0.000243 0.000681 113.646257
1.976971 1528195632.710756 0.000173 0.000249 0.000696 113.517023
1.989247 1528195632.723032 0.000172 0.000246 0.000688 113.907158
2.006149 1528195632.739933 0.000171 0.000244 0.000677 113.316079
2.014847 1528195632.748631 0.000170 0.000242 0.000674 113.488564
2.027447 1528195632.761232 0.000168 0.000246 0.000682 113.650653
2.040307 1528195632.774091 0.000168 0.000248 0.000685 113.501890
2.052733 1528195632.786518 0.000166 0.000244 0.000675 113.598248
2.065286 1528195632.799071 0.000164 0.000249 0.000690 113.576577
2.077667 1528195632.811451 0.000166 0.000254 0.000695 114.006030
2.090782 1528195632.824566 0.000162 0.000245 0.000658 112.853998
2.103067 1528195632.836852 0.000163 0.000249 0.000666 113.033530
2.115236 1528195632.849021 0.000162 0.000250 0.000674 113.163571
2.128237 1528195632.862021 0.000162 0.000242 0.000651 112.520805
2.140636 1528195632.874421 0.000161 0.000250 0.000659 112.658647
2.153064 1528195632.886848 0.000160 0.000250 0.000659 112.844637
2.165503 1528195632.899288 0.000160 0.000250 0.000663 112.537388
2.177820 1528195632.911605 0.000159 0.000255 0.000671 112.847154
2.190117 1528195632.923902 0.000159 0.000254 0.000664 112.151571
2.202521 1528195632.936306 0.000160 0.000250 0.000661 111.225425
2.215525 1528195632.949310 0.000161 0.000253 0.000663 111.043119
2.227799 1528195632.961584 0.000158 0.000251 0.000666 110.987347
2.241580 1528195632.975365 0.000158 0.000250 0.000666 110.531664
2.253468 1528195632.987252 0.000160 0.000245 0.000649 109.742898
2.265743 1528195632.999528 0.000157 0.000252 0.000660 109.607047
2.278103 1528195633.011888 0.000159 0.000249 0.000649 109.123823
2.290018 1528195633.023803 0.000158 0.000249 0.000656 108.527602
2.302536 1528195633.036320 0.000158 0.000256 0.000676 108.410023
2.314878 1528195633.048663 0.000162 0.000250 0.000675 107.025927
2.327454 1528195633.061238 0.000162 0.000241 0.000674 104.851908
2.341669 1528195633.075454 0.000163 0.000246 0.000661 102.621214
2.353189 1528195633.086974 0.000165 0.000244 0.000650 100.134539
2.365341 1528195633.099126 0.000166 0.000243 0.000662 97.817756
2.377896 1528195633.111680 0.000165 0.000238 0.000656 96.265883
2.390688 1528195633.124473 0.000166 0.000236 0.000666 94.971371
2.402855 1528195633.136640 0.000161 0.000237 0.000671 94.043841
2.415330 1528195633.149115 0.000161 0.000233 0.000666 92.237907
2.427782 1528195633.161566 0.000159 0.000231 0.000669 91.349715
2.440386 1528195633.174170 0.000157 0.000231 0.000662 90.350244
2.453487 1528195633.187272 0.000157 0.000232 0.000671 89.858489
2.465834 1528195633.199618 0.000156 0.000229 0.000677 89.311838
2.515986 1528195633.249771 0.000154 0.000227 0.000681 89.174296
2.527728 1528195633.261513 0.000156 0.000226 0.000668 88.657439
2.539592 1528195633.273377 0.000157 0.000227 0.000669 88.298403
2.552096 1528195633.285880 0.000157 0.000229 0.000675 88.540528
2.564966 1528195633.298751 0.000156 0.000225 0.000670 88.901882
2.577183 1528195633.310968 0.000155 0.000224 0.000681 89.108734
2.589505 1528195633.323289 0.000154 0.000224 0.000680 88.924350
2.614879 1528195633.348664 0.000156 0.000224 0.000690 89.063753
2.640659 1528195633.374444 0.000157 0.000220 0.000693 88.927050
2.652529 1528195633.386314 0.000156 0.000222 0.000702 88.745970
2.665930 1528195633.399714 0.000158 0.000220 0.000701 88.772656
2.677465 1528195633.411249 0.000159 0.000219 0.000706 89.019293
2.690157 1528195633.423942 0.000157 0.000224 0.000706 89.010101
2.702658 1528195633.436442 0.000158 0.000222 0.000701 88.949319
2.714936 1528195633.448721 0.000158 0.000222 0.000697 89.004928
2.727747 1528195633.461532 0.000159 0.000219 0.000702 88.811161
2.740184 1528195633.473969 0.000158 0.000222 0.000698 88.887054
2.752451 1528195633.486236 0.000159 0.000222 0.000694 88.636961
2.765418 1528195633.499203 0.000158 0.000221 0.000702 88.702132
2.826908 1528195633.560693 0.000162 0.000221 0.000698 88.948990
2.840724 1528195633.574509 0.000163 0.000220 0.000702 88.419847
2.853111 1528195633.586895 0.000159 0.000221 0.000691 88.572341
2.877368 1528195633.611153 0.000163 0.000219 0.000701 87.850646
2.890198 1528195633.623983 0.000162 0.000220 0.000695 87.216873
2.902352 1528195633.636137 0.000164 0.000219 0.000700 86.583224
2.915612 1528195633.649397 0.000167 0.000217 0.000698 85.847309
2.927413 1528195633.661198 0.000167 0.000216 0.000703 84.829427
2.940587 1528195633.674371 0.000166 0.000218 0.000693 82.659169
2.953470 1528195633.687255 0.000169 0.000218 0.000691 81.272206
2.965971 1528195633.699756 0.000170 0.000217 0.000700 80.180009
2.978437 1528195633.712222 0.000172 0.000213 0.000688 77.924677
2.991096 1528195633.724881 0.000170 0.000211 0.000686 76.421297
3.002871 1528195633.736656 0.000167 0.000209 0.000683 75.270308
3.015158 1528195633.748943 0.000166 0.000210 0.000686 74.481644
3.028790 1528195633.762575 0.000165 0.000207 0.000690 73.798294
3.040718 1528195633.774503 0.000164 0.000205 0.000703 73.349395
3.052908 1528195633.786693 0.000162 0.000205 0.000704 73.197045
3.077723 1528195633.811508 0.000160 0.000201 0.000709 72.048384
3.090301 1528195633.824086 0.000158 0.000204 0.000699 71.503503
3.102985 1528195633.836770 0.000157 0.000201 0.000704 70.885041
3.114618 1528195633.848403 0.000156 0.000200 0.000706 70.444547
3.128371 1528195633.862155 0.000154 0.000199 0.000704 69.795306
3.140983 1528195633.874768 0.000152 0.000199 0.000711 69.626049
3.152406 1528195633.886190 0.000150 0.000200 0.000709 69.292110
3.164733 1528195633.898518 0.000151 0.000195 0.000718 68.765377
3.177225 1528195633.911010 0.000148 0.000197 0.000716 68.804725
3.189718 1528195633.923503 0.000148 0.000196 0.000718 68.338668
3.201928 1528195633.935713 0.000147 0.000194 0.000724 68.109251
3.214419 1528195633.948203 0.000146 0.000195 0.000727 67.513304
3.227240 1528195633.961025 0.000145 0.000193 0.000726 67.437538
3.239673 1528195633.973458 0.000146 0.000192 0.000737 67.400793
3.253386 1528195633.987171 0.000143 0.000190 0.000740 67.252467
3.264653 1528195633.998438 0.000144 0.000192 0.000737 66.868316
3.277385 1528195634.011169 0.000144 0.000190 0.000744 66.722028
3.289702 1528195634.023487 0.000143 0.000192 0.000740 66.467000
3.302123 1528195634.035908 0.000142 0.000191 0.000738 66.452839
3.315651 1528195634.049435 0.000143 0.000189 0.000739 66.365750
3.339780 1528195634.073565 0.000143 0.000190 0.000744 66.106773
3.352547 1528195634.086332 0.000142 0.000190 0.000748 65.751688
3.365831 1528195634.099616 0.000140 0.000192 0.000745 65.385275
3.377056 1528195634.110841 0.000140 0.000189 0.000763 65.733141
3.389442 1528195634.123227 0.000141 0.000185 0.000768 65.592997
3.402364 1528195634.136148 0.000141 0.000185 0.000771 65.641269
3.414583 1528195634.148368 0.000142 0.000182 0.000776 65.136684
3.427212 1528195634.160997 0.000141 0.000184 0.000778 64.972161
3.439509 1528195634.173294 0.000141 0.000180 0.000787 64.966551
3.452362 1528195634.186147 0.000141 0.000181 0.000793 64.628473
3.467044 1528195634.200829 0.000140 0.000180 0.000797 64.455016
3.478452 1528195634.212237 0.000139 0.000180 0.000794 64.361037
3.502393 1528195634.236177 0.000139 0.000181 0.000794 63.895812
3.514483 1528195634.248268 0.000139 0.000179 0.000793 63.700606
3.527247 1528195634.261032 0.000139 0.000177 0.000805 63.432850
3.539521 1528195634.273305 0.000138 0.000176 0.000803 63.220649
3.553169 1528195634.286954 0.000139 0.000175 0.000804 63.402118
3.565798 1528195634.299583 0.000139 0.000172 0.000805 63.160075
3.578094 1528195634.311878 0.000138 0.000175 0.000804 62.985597
3.591635 1528195634.325420 0.000138 0.000177 0.000805 63.061717
3.602520 1528195634.336304 0.000137 0.000177 0.000802 63.038043
3.615240 1528195634.349025 0.000137 0.000178 0.000807 63.020853
3.627791 1528195634.361576 0.000137 0.000177 0.000807 63.038503
3.640381 1528195634.374166 0.000136 0.000173 0.000809 63.026897
3.652942 1528195634.386727 0.000137 0.000174 0.000801 62.864699
3.665846 1528195634.399631 0.000136 0.000176 0.000802 62.739823
3.679843 1528195634.413627 0.000136 0.000174 0.000809 62.784674
3.691980 1528195634.425765 0.000136 0.000172 0.000809 62.782993
3.703632 1528195634.437416 0.000136 0.000174 0.000806 62.813697
3.716371 1528195634.450155 0.000135 0.000173 0.000811 62.721262
3.728546 1528195634.462331 0.000136 0.000175 0.000809 62.652492
3.739827 1528195634.473612 0.000136 0.000170 0.000811 62.656907
3.752818 1528195634.486603 0.000135 0.000170 0.000808 62.623818
3.766005 1528195634.499789 0.000136 0.000169 0.000814 62.567327
3.779853 1528195634.513638 0.000136 0.000168 0.000813 62.559886
3.790646 1528195634.524431 0.000137 0.000171 0.000811 62.514072
3.804344 1528195634.538129 0.000136 0.000173 0.000810 62.298326
3.827558 1528195634.561343 0.000137 0.000168 0.000812 62.426137
3.842011 1528195634.575796 0.000137 0.000169 0.000816 62.277385
3.853080 1528195634.586864 0.000138 0.000169 0.000813 62.364047
3.865876 1528195634.599661 0.000138 0.000164 0.000840 62.593512
3.877839 1528195634.611624 0.000139 0.000166 0.000851 62.805688
3.889733 1528195634.623518 0.000143 0.000166 0.000856 63.188192
3.902752 1528195634.636537 0.000143 0.000168 0.000860 63.520125
3.914833 1528195634.648617 0.000144 0.000167 0.000861 63.643432
3.927367 1528195634.661152 0.000146 0.000169 0.000857 63.332413
3.940996 1528195634.674781 0.000145 0.000168 0.000857 63.007306
3.953385 1528195634.687170 0.000143 0.000169 0.000864 62.688232
3.965700 1528195634.699485 0.000144 0.000168 0.000872 62.564717
3.978213 1528195634.711998 0.000143 0.000168 0.000872 62.350134
3.990583 1528195634.724368 0.000144 0.000166 0.000875 62.323448
4.003952 1528195634.737737 0.000144 0.000168 0.000871 62.126844
4.015679 1528195634.749464 0.000144 0.000168 0.000872 62.130368
4.028361 1528195634.762146 0.000144 0.000167 0.000873 62.096884
4.040775 1528195634.774559 0.000144 0.000166 0.000877 62.042926
4.054160 1528195634.787945 0.000145 0.000168 0.000870 61.988813
4.065144 1528195634.798929 0.000145 0.000167 0.000876 62.031198
4.078607 1528195634.812392 0.000144 0.000167 0.000876 61.821806
4.091009 1528195634.824793 0.000144 0.000166 0.000880 61.956723
4.103565 1528195634.837350 0.000144 0.000165 0.000885 61.685619
4.116046 1528195634.849830 0.000144 0.000164 0.000888 61.737577
4.128506 1528195634.862291 0.000144 0.000165 0.000885 61.643798
4.140503 1528195634.874288 0.000145 0.000168 0.000879 61.583421
4.152525 1528195634.886309 0.000144 0.000165 0.000884 61.618717
4.165312 1528195634.899097 0.000145 0.000166 0.000879 61.676098
4.177699 1528195634.911484 0.000145 0.000165 0.000880 61.730154
4.191081 1528195634.924866 0.000146 0.000166 0.000878 62.021605
4.203236 1528195634.937021 0.000147 0.000165 0.000878 62.593919
4.215892 1528195634.949677 0.000147 0.000166 0.000884 63.005754
4.228379 1528195634.962164 0.000148 0.000168 0.000885 63.625808
4.240503 1528195634.974288 0.000149 0.000169 0.000878 64.497620
4.252919 1528195634.986704 0.000152 0.000172 0.000876 65.055120
4.265740 1528195634.999524 0.000153 0.000173 0.000870 64.944447
4.277658 1528195635.011442 0.000155 0.000171 0.000871 64.789318
4.290405 1528195635.024190 0.000151 0.000167 0.000876 64.053490
4.302689 1528195635.036473 0.000155 0.000169 0.000875 63.940550
4.315415 1528195635.049199 0.000154 0.000171 0.000891 63.619117
4.328016 1528195635.061800 0.000152 0.000171 0.000891 63.610985
4.339977 1528195635.073761 0.000152 0.000171 0.000899 63.756541
4.353050 1528195635.086835 0.000152 0.000172 0.000902 64.165991
4.365201 1528195635.098985 0.000154 0.000175 0.000896 63.883855
4.378133 1528195635.111918 0.000152 0.000172 0.000900 63.890428
4.390065 1528195635.123850 0.000152 0.000174 0.000902 64.091277
4.402997 1528195635.136782 0.000152 0.000174 0.000893 64.352773
4.415142 1528195635.148926 0.000150 0.000172 0.000909 63.927584
4.428375 1528195635.162160 0.000150 0.000172 0.000915 63.674810
4.440676 1528195635.174460 0.000153 0.000171 0.000918 63.799697
4.453234 1528195635.187019 0.000155 0.000169 0.000922 64.110065
4.465837 1528195635.199622 0.000158 0.000169 0.000935 64.445854
4.478433 1528195635.212217 0.000159 0.000166 0.000950 64.607137
4.491470 1528195635.225255 0.000160 0.000174 0.000945 65.341938
4.503644 1528195635.237428 0.000161 0.000182 0.000954 65.736651
4.516067 1528195635.249852 0.000161 0.000185 0.000938 64.767730
4.527890 1528195635.261675 0.000161 0.000196 0.000919 63.009677
4.540009 1528195635.273793 0.000164 0.000199 0.000873 60.636544
4.553199 1528195635.286983 0.000165 0.000201 0.000853 58.517282
4.565339 1528195635.299124 0.000168 0.000197 0.000851 56.713929
4.577962 1528195635.311747 0.000183 0.000196 0.000833 55.517571
4.590314 1528195635.324098 0.000195 0.000243 0.000808 58.309329
4.602781 1528195635.336565 0.000204 0.000321 0.000806 54.459262
4.615228 1528195635.349013 0.000198 0.000445 0.000831 48.137270
4.627874 1528195635.361659 0.000213 0.000551 0.001124 31.904595
4.640427 1528195635.374212 0.000287 0.000924 0.000971 59.421642
4.653075 1528195635.386859 0.000244 0.001241 0.001880 72.029326
4.665277 1528195635.399062 0.000417 0.000485 0.001636 85.943451
4.677986 1528195635.411771 0.000257 0.000377 0.001109 44.034165
4.690815 1528195635.424600 0.000274 0.000504 0.000920 41.195907
4.702547 1528195635.436331 0.000302 0.000570 0.001048 26.468456
4.715516 1528195635.449300 0.000170 0.000899 0.001406 80.711085
4.728312 1528195635.462096 0.000240 0.000986 0.001321 85.782239
4.740136 1528195635.473921 0.000409 0.000544 0.001237 47.807664
4.753566 1528195635.487351 0.000222 0.000321 0.001144 29.363103
4.765174 1528195635.498959 0.000348 0.000403 0.001339 35.054670
4.777691 1528195635.511476 0.000267 0.000708 0.001265 39.862323
4.790660 1528195635.524445 0.000158 0.000539 0.001940 91.352848
4.803179 1528195635.536964 0.000211 0.000402 0.000826 108.009715
4.815630 1528195635.549414 0.000094 0.000262 0.000775 119.144473
4.827856 1528195635.561641 0.000159 0.000266 0.001237 57.264796
4.840058 1528195635.573843 0.000098 0.000279 0.002217 66.538248
4.852856 1528195635.586641 0.000125 0.000270 0.002336 88.024717
4.865554 1528195635.599339 0.000116 0.000194 0.001752 90.107334
4.878075 1528195635.611859 0.000089 0.000173 0.000839 118.429498
4.890907 1528195635.624691 0.000101 0.000195 0.001395 53.016056
4.903294 1528195635.637079 0.000073 0.000274 0.001816 46.811513
4.915627 1528195635.649412 0.000074 0.000411 0.001775 65.811265
4.928024 1528195635.661809 0.000106 0.000396 0.001375 88.663637
4.940343 1528195635.674128 0.000199 0.000331 0.001393 87.232699
4.952914 1528195635.686699 0.000116 0.000278 0.001120 59.859861
4.965499 1528195635.699283 0.000053 0.000218 0.001121 59.884092
4.978493 1528195635.712278 0.000079 0.000201 0.001139 61.108687
4.991192 1528195635.724977 0.000097 0.000207 0.001126 61.103827
5.002990 1528195635.736774 0.000133 0.000659 0.000791 68.402067
5.015422 1528195635.749207 0.000141 0.000685 0.001182 106.941244
5.027838 1528195635.761623 0.000389 0.000690 0.001106 98.216528
5.040365 1528195635.774149 0.000172 0.000468 0.001003 64.142199
5.053317 1528195635.787102 0.000217 0.000514 0.001023 48.659986
5.065933 1528195635.799717 0.000171 0.000658 0.001192 22.756138
5.078786 1528195635.812571 0.000325 0.000660 0.001232 50.080828
5.091289 1528195635.825074 0.000284 0.000937 0.001271 95.248913
5.104245 1528195635.838030 0.000315 0.001110 0.001476 77.164866
5.115608 1528195635.849393 0.000391 0.000707 0.001036 103.241475
5.128073 1528195635.861858 0.000185 0.000578 0.000701 118.268727
5.140274 1528195635.874058 0.000202 0.000549 0.000611 57.582052
5.153998 1528195635.887782 0.000290 0.000429 0.000587 56.607688
5.166316 1528195635.900100 0.000246 0.000314 0.000589 54.125295
5.179499 1528195635.913284 0.000169 0.000254 0.000599 44.399481
5.190490 1528195635.924275 0.000158 0.000205 0.000667 41.528642
5.202691 1528195635.936476 0.000163 0.000188 0.000715 43.145612
5.215656 1528195635.949440 0.000168 0.000193 0.000718 44.103366
5.228046 1528195635.961831 0.000164 0.000189 0.000748 45.255895
5.240673 1528195635.974457 0.000157 0.000182 0.000723 43.932011
5.253247 1528195635.987031 0.000161 0.000185 0.000738 43.195295
5.265154 1528195635.998939 0.000166 0.000181 0.000746 43.534088
5.277859 1528195636.011644 0.000162 0.000179 0.000772 44.479230
5.290579 1528195636.024364 0.000159 0.000172 0.000741 43.738183
5.302902 1528195636.036686 0.000162 0.000181 0.000733 42.091274
5.315180 1528195636.048964 0.000167 0.000181 0.000741 42.668797
5.328088 1528195636.061873 0.000164 0.000174 0.000726 42.800740
5.340351 1528195636.074136 0.000162 0.000170 0.000727 43.099752
5.353206 1528195636.086991 0.000164 0.000182 0.000725 41.824384
5.365095 1528195636.098880 0.000170 0.000182 0.000745 41.211103
5.377970 1528195636.111754 0.000166 0.000181 0.000737 42.826262
5.390322 1528195636.124106 0.000162 0.000171 0.000732 42.879347
5.402849 1528195636.136633 0.000160 0.000178 0.000753 42.724815
5.415799 1528195636.149584 0.000161 0.000187 0.000763 43.552843
5.428032 1528195636.161817 0.000155 0.000192 0.000751 45.970006
5.440161 1528195636.173946 0.000150 0.000193 0.000741 47.891622
5.452784 1528195636.186568 0.000151 0.000203 0.000749 49.132307
5.466215 1528195636.200000 0.000151 0.000228 0.000827 50.888616
5.477968 1528195636.211753 0.000148 0.000234 0.000830 51.935376
5.490983 1528195636.224768 0.000148 0.000229 0.000822 52.572974
5.503698 1528195636.237483 0.000144 0.000227 0.000833 53.657806
5.516216 1528195636.250000 0.000147 0.000241 0.000878 54.389154
5.528239 1528195636.262023 0.000148 0.000247 0.000895 56.450000
5.540711 1528195636.274496 0.000154 0.000240 0.000826 58.814247
5.553668 1528195636.287452 0.000177 0.000242 0.000881 61.437346
5.565794 1528195636.299579 0.000193 0.000258 0.000930 64.668192
5.578467 1528195636.312252 0.000188 0.000268 0.001092 69.953132
5.591683 1528195636.325467 0.000194 0.000287 0.001110 69.619604
5.603455 1528195636.337239 0.000207 0.000287 0.001083 65.870185
5.616281 1528195636.350066 0.000198 0.000267 0.000927 61.164653
5.628751 1528195636.362536 0.000168 0.000248 0.000965 57.533388
5.640794 1528195636.374579 0.000151 0.000207 0.001099 56.622743
5.653215 1528195636.386999 0.000115 0.000177 0.001136 57.760699
5.666066 1528195636.399851 0.000101 0.000192 0.001158 59.999659
5.678623 1528195636.412408 0.000101 0.000183 0.001110 62.906970
5.691367 1528195636.425152 0.000097 0.000175 0.001120 63.695300
5.703592 1528195636.437376 0.000098 0.000175 0.001039 62.075916
5.716016 1528195636.449801 0.000101 0.000175 0.000963 59.099634
5.728273 1528195636.462057 0.000104 0.000175 0.000976 56.128108
5.741148 1528195636.474932 0.000108 0.000174 0.000867 53.882486
5.753781 1528195636.487566 0.000111 0.000171 0.000831 51.780748
5.765515 1528195636.499299 0.000110 0.000170 0.000814 50.848575
5.777634 1528195636.511419 0.000156 0.000216 0.000778 45.507210
5.790572 1528195636.524357 0.000108 0.000168 0.000797 50.251972
5.803438 1528195636.537223 0.000108 0.000167 0.000729 50.789127
5.815856 1528195636.549641 0.000106 0.000167 0.000771 52.059034
5.827980 1528195636.561764 0.000104 0.000168 0.000801 53.154519
5.840356 1528195636.574140 0.000105 0.000167 0.000802 53.868978
5.852772 1528195636.586557 0.000106 0.000167 0.000762 54.427272
5.866605 1528195636.600390 0.000106 0.000167 0.000765 54.315875
5.878135 1528195636.611919 0.000106 0.000168 0.000769 54.534374
5.891569 1528195636.625354 0.000105 0.000168 0.000778 54.332867
5.904412 1528195636.638196 0.000106 0.000168 0.000742 54.316495
5.916230 1528195636.650015 0.000107 0.000168 0.000741 53.930019
5.928707 1528195636.662492 0.000107 0.000170 0.000750 53.933209
5.941167 1528195636.674951 0.000107 0.000169 0.000767 53.689896
5.953805 1528195636.687590 0.000109 0.000169 0.000734 53.429481
5.965700 1528195636.699485 0.000113 0.000170 0.000767 51.895030
5.979125 1528195636.712909 0.000113 0.000169 0.000757 51.342466
5.990436 1528195636.724221 0.000164 0.000203 0.000765 46.310869
6.002821 1528195636.736606 0.000121 0.000177 0.000633 50.084145
6.016664 1528195636.750449 0.000127 0.000179 0.000679 49.836244
6.028968 1528195636.762753 0.000130 0.000179 0.000740 48.931509
6.042323 1528195636.776108 0.000159 0.000206 0.000723 41.623530
6.053846 1528195636.787631 0.000158 0.000205 0.000657 37.512409
6.065540 1528195636.799325 0.000134 0.000182 0.000506 41.082302
6.077881 1528195636.811665 0.000132 0.000178 0.000507 39.295584
6.090322 1528195636.824107 0.000153 0.000183 0.000585 31.550925
6.102808 1528195636.836592 0.000157 0.000183 0.000615 30.384350
6.115293 1528195636.849077 0.000152 0.000168 0.000565 31.663765
6.129257 1528195636.863041 0.000131 0.000173 0.000438 37.056378
6.141211 1528195636.874996 0.000154 0.000174 0.000550 31.602902
6.153901 1528195636.887686 0.000159 0.000179 0.000592 31.587979
6.167238 1528195636.901023 0.000160 0.000175 0.000572 31.707959
6.178915 1528195636.912699 0.000157 0.000174 0.000569 31.349868
6.190985 1528195636.924770 0.000156 0.000175 0.000538 31.630254
6.203552 1528195636.937337 0.000161 0.000175 0.000569 31.825805
6.215710 1528195636.949495 0.000160 0.000178 0.000569 30.959895
6.227806 1528195636.961590 0.000158 0.000171 0.000550 32.540465
6.240778 1528195636.974563 0.000155 0.000171 0.000531 30.916805
6.253943 1528195636.987728 0.000159 0.000175 0.000569 30.976897
6.265745 1528195636.999530 0.000160 0.000171 0.000544 31.664887
6.277719 1528195637.011503 0.000156 0.000167 0.000520 31.177663
6.290516 1528195637.024300 0.000158 0.000168 0.000534 31.372273
6.304490 1528195637.038275 0.000157 0.000173 0.000540 30.359378
6.316770 1528195637.050555 0.000162 0.000170 0.000561 31.636931
6.329255 1528195637.063039 0.000155 0.000166 0.000529 30.212623
6.341340 1528195637.075125 0.000155 0.000167 0.000545 30.230253
6.353851 1528195637.087636 0.000153 0.000169 0.000525 29.028860
6.366168 1528195637.099952 0.000156 0.000169 0.000594 29.876277
6.378128 1528195637.111913 0.000150 0.000164 0.000615 31.011058
6.390462 1528195637.124246 0.000142 0.000162 0.000585 30.637806
6.405031 1528195637.138816 0.000146 0.000164 0.000635 32.068179
6.416605 1528195637.150390 0.000147 0.000163 0.000615 32.054118
6.429050 1528195637.162835 0.000146 0.000161 0.000612 31.940008
6.441572 1528195637.175357 0.000146 0.000159 0.000599 31.508644
6.454731 1528195637.188515 0.000142 0.000159 0.000582 30.814138
6.466687 1528195637.200472 0.000142 0.000155 0.000527 31.042607
6.478931 1528195637.212715 0.000125 0.000157 0.000376 35.942499
6.490808 1528195637.224593 0.000126 0.000158 0.000390 37.192575
6.502748 1528195637.236532 0.000125 0.000159 0.000377 36.587644
6.515686 1528195637.249470 0.000126 0.000162 0.000385 37.485167
6.527968 1528195637.261753 0.000125 0.000160 0.000389 38.157482
6.542389 1528195637.276174 0.000125 0.000159 0.000388 38.430215
6.554346 1528195637.288131 0.000126 0.000162 0.000378 38.391859
6.565677 1528195637.299462 0.000126 0.000162 0.000393 39.167760
6.578006 1528195637.311791 0.000126 0.000162 0.000374 38.608308
6.590465 1528195637.324250 0.000126 0.000161 0.000378 38.834592
6.602818 1528195637.336603 0.000124 0.000162 0.000383 38.584424
6.617317 1528195637.351102 0.000126 0.000163 0.000393 39.103971
6.629071 1528195637.362855 0.000126 0.000162 0.000371 38.246112
6.640655 1528195637.374439 0.000126 0.000162 0.000373 38.068768
6.652807 1528195637.386591 0.000126 0.000163 0.000387 38.355813
6.666699 1528195637.400484 0.000127 0.000162 0.000377 37.952763
6.679051 1528195637.412836 0.000127 0.000161 0.000387 37.952574
6.690741 1528195637.424526 0.000127 0.000162 0.000386 37.555864
6.702683 1528195637.436468 0.000128 0.000161 0.000373 36.764366
6.715212 1528195637.448997 0.000132 0.000162 0.000378 37.834102
6.727534 1528195637.461318 0.000133 0.000159 0.000367 37.356713
6.741077 1528195637.474862 0.000150 0.000156 0.000559 33.358296
6.753603 1528195637.487388 0.000151 0.000161 0.000610 36.545786
6.767200 1528195637.500984 0.000151 0.000163 0.000626 39.725541
6.778734 1528195637.512518 0.000152 0.000177 0.000602 43.017096
6.791245 1528195637.525029 0.000151 0.000184 0.000652 46.834043
6.804008 1528195637.537793 0.000150 0.000191 0.000673 50.124416
6.816386 1528195637.550170 0.000149 0.000201 0.000714 52.419962
6.828611 1528195637.562395 0.000147 0.000200 0.000747 54.735235
6.841016 1528195637.574801 0.000147 0.000213 0.000755 56.749200
6.853982 1528195637.587767 0.000145 0.000223 0.000790 59.548330
6.866373 1528195637.600158 0.000145 0.000237 0.000811 62.254202
6.878786 1528195637.612571 0.000143 0.000251 0.000849 64.459655
6.891114 1528195637.624899 0.000142 0.000270 0.001001 68.943108
6.903467 1528195637.637251 0.000137 0.000283 0.000986 72.693049
6.916942 1528195637.650727 0.000132 0.000280 0.000963 75.004822
6.928262 1528195637.662047 0.000136 0.000280 0.000943 75.739317
6.941131 1528195637.674916 0.000138 0.000284 0.000960 75.537639
6.953883 1528195637.687668 0.000138 0.000286 0.000963 75.578914
6.965714 1528195637.699499 0.000147 0.000285 0.000939 76.795588
6.978201 1528195637.711986 0.000155 0.000289 0.000982 81.817915
6.990851 1528195637.724635 0.000153 0.000339 0.001088 89.635990
7.003236 1528195637.737021 0.000155 0.000341 0.001135 95.118747
7.015955 1528195637.749740 0.000170 0.000320 0.001077 95.588365
7.028032 1528195637.761817 0.000177 0.000298 0.000992 91.436045
7.041105 1528195637.774890 0.000191 0.000295 0.000997 87.052135
7.053051 1528195637.786835 0.000206 0.000277 0.000945 80.548593
7.066012 1528195637.799797 0.000229 0.000365 0.000790 72.445829
7.078894 1528195637.812679 0.000162 0.000609 0.000961 18.118107
7.090495 1528195637.824280 0.000236 0.000515 0.001090 28.724967
7.103367 1528195637.837152 0.000190 0.000858 0.002287 77.121245
7.116250 1528195637.850034 0.000299 0.001082 0.001425 98.511252
7.128599 1528195637.862384 0.000305 0.000467 0.000998 77.860980
7.140851 1528195637.874636 0.000214 0.000356 0.001014 39.452644
7.153388 1528195637.887172 0.000340 0.000462 0.001203 14.344648
7.165934 1528195637.899719 0.000110 0.000681 0.001626 61.819099
7.178669 1528195637.912454 0.000203 0.000415 0.000670 37.467089
7.190461 1528195637.924246 0.000107 0.000232 0.000573 50.697145
7.203097 1528195637.936882 0.000091 0.000341 0.001728 115.592447
7.216164 1528195637.949948 0.000044 0.000122 0.001626 90.526544
7.228896 1528195637.962681 0.000001 0.000012 0.000080 115.288040
7.479093 1528195638.212877 0.000057 0.000225 0.000532 88.557849
7.491319 1528195638.225103 0.000277 0.000400 0.000693 73.404388
7.504148 1528195638.237933 0.000107 0.000384 0.000756 117.418990
7.516498 1528195638.250283 0.000117 0.000273 0.001009 123.262880
7.528921 1528195638.262706 0.000215 0.000361 0.001104 132.908908
7.541152 1528195638.274936 0.000096 0.000794 0.001362 124.911380
7.553149 1528195638.286933 0.000268 0.001101 0.001500 98.569406
7.565985 1528195638.299770 0.000383 0.000609 0.000906 122.020769
7.578284 1528195638.312068 0.000352 0.000752 0.000919 169.081002
7.590857 1528195638.324642 0.000213 0.000535 0.001240 152.808006
7.603382 1528195638.337167 0.000546 0.000727 0.001527 53.744910
7.615298 1528195638.349082 0.000526 0.000672 0.001377 78.706857
7.628294 1528195638.362078 0.000349 0.000620 0.001497 93.835865
7.640640 1528195638.374425 0.000266 0.000609 0.001616 94.144835
7.653452 1528195638.387237 0.000259 0.000659 0.000933 96.153287
7.665655 1528195638.399440 0.000256 0.000314 0.000811 124.674697
7.678019 1528195638.411803 0.000165 0.000231 0.000882 128.110544
7.691218 1528195638.425002 0.000146 0.000180 0.001004 127.965853
7.702966 1528195638.436751 0.000151 0.000183 0.001013 126.226585
7.716025 1528195638.449810 0.000131 0.000158 0.000960 126.298948
7.728151 1528195638.461935 0.000141 0.000171 0.000935 127.488711
7.741011 1528195638.474796 0.000130 0.000155 0.000922 128.793915
7.753025 1528195638.486810 0.000131 0.000152 0.000873 131.586165
7.766037 1528195638.499822 0.000135 0.000153 0.000823 133.445702
7.778722 1528195638.512507 0.000134 0.000149 0.000803 134.156147
7.793036 1528195638.526821 0.000136 0.000146 0.000723 135.642747
7.804084 1528195638.537869 0.000134 0.000143 0.000728 136.079517
7.816664 1528195638.550449 0.000143 0.000166 0.000742 137.352651
7.828954 1528195638.562739 0.000135 0.000150 0.000712 135.359294
7.840831 1528195638.574615 0.000137 0.000153 0.000706 136.044113
7.854014 1528195638.587799 0.000134 0.000146 0.000713 136.081632
7.865788 1528195638.599573 0.000150 0.000169 0.000732 137.682332
7.878068 1528195638.611852 0.000133 0.000145 0.000692 136.118469
7.890976 1528195638.624761 0.000142 0.000155 0.000694 137.184561
7.902940 1528195638.636724 0.000132 0.000148 0.000696 136.696422
7.916285 1528195638.650070 0.000150 0.000158 0.000706 138.277708
7.928353 1528195638.662138 0.000135 0.000150 0.000693 137.021899
7.941591 1528195638.675376 0.000138 0.000158 0.000689 137.159735
7.953483 1528195638.687268 0.000135 0.000154 0.000687 136.860070
7.966991 1528195638.700776 0.000141 0.000159 0.000706 137.762918
7.978831 1528195638.712616 0.000136 0.000164 0.000698 137.510075
7.991397 1528195638.725181 0.000135 0.000162 0.000698 136.826938
8.003917 1528195638.737702 0.000135 0.000164 0.000698 136.898818
8.015437 1528195638.749222 0.000135 0.000160 0.000710 136.994900
8.028482 1528195638.762267 0.000135 0.000161 0.000710 137.034514
8.040486 1528195638.774271 0.000134 0.000161 0.000706 136.359462
8.052797 1528195638.786582 0.000135 0.000158 0.000708 136.324816
8.065411 1528195638.799196 0.000135 0.000151 0.000721 135.849294
8.078029 1528195638.811813 0.000135 0.000153 0.000753 135.301627
8.090305 1528195638.824089 0.000132 0.000146 0.000760 132.606511
8.102993 1528195638.836778 0.000131 0.000147 0.000766 129.654398
8.115240 1528195638.849025 0.000127 0.000147 0.000798 126.686216
8.127821 1528195638.861606 0.000130 0.000152 0.000827 125.067680
8.140686 1528195638.874470 0.000129 0.000159 0.000851 123.456704
8.152947 1528195638.886732 0.000127 0.000150 0.000881 122.622117
8.165613 1528195638.899397 0.000123 0.000147 0.000920 123.767503
8.178135 1528195638.911920 0.000090 0.000144 0.000908 122.173595
8.190503 1528195638.924288 0.000095 0.000146 0.000880 122.925286
8.203533 1528195638.937317 0.000099 0.000148 0.000866 123.558915
8.216879 1528195638.950664 0.000133 0.000155 0.000849 126.171153
8.229106 1528195638.962890 0.000135 0.000174 0.000845 126.890611
8.241462 1528195638.975247 0.000130 0.000179 0.000839 127.770563
8.254351 1528195638.988135 0.000114 0.000155 0.000773 126.854318
8.267124 1528195639.000909 0.000121 0.000159 0.000805 126.535820
8.278844 1528195639.012629 0.000118 0.000150 0.000856 124.096161
8.291058 1528195639.024843 0.000115 0.000145 0.000898 121.379451
8.303199 1528195639.036983 0.000113 0.000144 0.000880 119.658059
8.315864 1528195639.049649 0.000117 0.000149 0.000768 119.881148
8.327991 1528195639.061776 0.000125 0.000154 0.000742 121.884700
8.342175 1528195639.075960 0.000123 0.000149 0.000722 123.556770
8.353739 1528195639.087524 0.000121 0.000145 0.000770 124.552231
8.365900 1528195639.099685 0.000134 0.000158 0.000728 127.150301
8.379351 1528195639.113136 0.000126 0.000150 0.000742 126.367318
8.390468 1528195639.124253 0.000126 0.000149 0.000752 126.302986
8.403714 1528195639.137499 0.000125 0.000146 0.000698 127.664085
8.415807 1528195639.149592 0.000127 0.000147 0.000752 128.137434
8.428465 1528195639.162250 0.000124 0.000145 0.000743 129.228756
8.441297 1528195639.175082 0.000123 0.000141 0.000767 130.645852
8.453291 1528195639.187075 0.000123 0.000137 0.000787 131.892739
8.465751 1528195639.199536 0.000122 0.000137 0.000775 133.151869
8.478507 1528195639.212291 0.000121 0.000138 0.000748 133.948806
8.492453 1528195639.226238 0.000122 0.000137 0.000742 134.635629
8.504524 1528195639.238308 0.000124 0.000135 0.000776 135.138754
8.517410 1528195639.251194 0.000121 0.000135 0.000731 135.604909
8.529487 1528195639.263272 0.000121 0.000136 0.000725 135.964065
8.541006 1528195639.274791 0.000122 0.000138 0.000722 136.202034
8.553545 1528195639.287329 0.000122 0.000137 0.000724 136.324756
8.566093 1528195639.299878 0.000122 0.000137 0.000722 136.056607
8.578501 1528195639.312285 0.000123 0.000139 0.000717 136.042190
8.590560 1528195639.324345 0.000124 0.000139 0.000715 136.074607
8.605022 1528195639.338806 0.000124 0.000137 0.000719 136.071335
8.615940 1528195639.349724 0.000123 0.000137 0.000719 136.011564
8.628286 1528195639.362071 0.000124 0.000138 0.000712 136.129412
8.640912 1528195639.374696 0.000124 0.000137 0.000711 136.424934
8.653342 1528195639.387127 0.000124 0.000136 0.000714 136.718062
8.665881 1528195639.399666 0.000124 0.000135 0.000715 136.797285
8.678363 1528195639.412148 0.000125 0.000134 0.000715 136.848445
8.690582 1528195639.424367 0.000124 0.000136 0.000713 136.896280
8.705472 1528195639.439256 0.000124 0.000136 0.000712 137.060709
8.717023 1528195639.450808 0.000125 0.000136 0.000718 136.870700
8.728935 1528195639.462720 0.000125 0.000135 0.000714 136.390895
8.741158 1528195639.474943 0.000125 0.000141 0.000715 136.417309
8.753946 1528195639.487731 0.000124 0.000145 0.000715 137.224942
8.765910 1528195639.499695 0.000123 0.000145 0.000716 137.998571
8.778546 1528195639.512331 0.000123 0.000146 0.000713 138.614961
8.790687 1528195639.524471 0.000121 0.000146 0.000712 138.941668
8.803841 1528195639.537625 0.000122 0.000144 0.000713 139.222660
8.816532 1528195639.550317 0.000121 0.000144 0.000711 139.496158
8.829262 1528195639.563047 0.000121 0.000143 0.000707 139.838767
8.842165 1528195639.575949 0.000120 0.000141 0.000713 140.022360
8.854217 1528195639.588001 0.000121 0.000142 0.000715 140.494756
8.866072 1528195639.599857 0.000120 0.000140 0.000714 140.512223
8.877858 1528195639.611643 0.000120 0.000140 0.000711 140.591202
8.890876 1528195639.624661 0.000121 0.000140 0.000714 140.759756
8.903707 1528195639.637492 0.000121 0.000140 0.000712 140.968431
8.915921 1528195639.649706 0.000121 0.000139 0.000714 141.182215
8.928455 1528195639.662240 0.000120 0.000138 0.000715 141.210371
8.941216 1528195639.675000 0.000121 0.000137 0.000717 141.132578
8.953949 1528195639.687734 0.000121 0.000137 0.000718 141.187384
8.966444 1528195639.700229 0.000121 0.000138 0.000718 141.255746
8.979487 1528195639.713271 0.000121 0.000139 0.000721 141.288759
8.991851 1528195639.725636 0.000121 0.000138 0.000720 141.254829
9.003852 1528195639.737637 0.000122 0.000138 0.000719 141.310283
9.016176 1528195639.749961 0.000122 0.000139 0.000720 141.346240
9.028616 1528195639.762401 0.000121 0.000137 0.000724 141.202204
9.041033 1528195639.774818 0.000122 0.000139 0.000721 141.287170
9.053927 1528195639.787712 0.000122 0.000140 0.000722 141.310266
9.066749 1528195639.800533 0.000123 0.000139 0.000722 141.252767
9.079239 1528195639.813024 0.000126 0.000136 0.000725 140.403177
9.090816 1528195639.824601 0.000127 0.000135 0.000728 139.190222
9.103356 1528195639.837141 0.000129 0.000133 0.000715 137.001876
9.116092 1528195639.849877 0.000131 0.000133 0.000703 134.638647
9.128370 1528195639.862155 0.000133 0.000135 0.000702 131.969268
9.141166 1528195639.874950 0.000132 0.000134 0.000698 129.978762
9.153165 1528195639.886949 0.000134 0.000134 0.000701 128.224522
9.166456 1528195639.900241 0.000133 0.000137 0.000711 126.802486
9.179116 1528195639.912901 0.000131 0.000138 0.000724 125.652035
9.191805 1528195639.925590 0.000129 0.000141 0.000737 124.772683
9.204171 1528195639.937956 0.000127 0.000141 0.000747 124.070986
9.216278 1528195639.950063 0.000126 0.000143 0.000751 123.573215
9.228077 1528195639.961861 0.000125 0.000142 0.000760 123.216097
9.240601 1528195639.974386 0.000125 0.000140 0.000756 123.100728
9.253321 1528195639.987106 0.000123 0.000139 0.000752 123.012591
9.265460 1528195639.999244 0.000124 0.000138 0.000751 123.071307
9.277981 1528195640.011766 0.000124 0.000136 0.000749 123.150031
9.291842 1528195640.025627 0.000125 0.000135 0.000748 123.142908
9.303682 1528195640.037467 0.000125 0.000137 0.000750 122.893167
9.315630 1528195640.049415 0.000125 0.000137 0.000749 122.705602
9.328043 1528195640.061827 0.000125 0.000135 0.000748 122.841143
9.340637 1528195640.074422 0.000125 0.000135 0.000746 122.941135
9.353088 1528195640.086873 0.000125 0.000136 0.000742 122.897153
9.365735 1528195640.099519 0.000126 0.000135 0.000739 123.243115
9.377991 1528195640.111776 0.000126 0.000135 0.000741 123.238682
9.390536 1528195640.124321 0.000125 0.000134 0.000742 123.466792
9.402934 1528195640.136718 0.000125 0.000133 0.000738 123.775569
9.415484 1528195640.149269 0.000125 0.000135 0.000741 123.903116
9.427896 1528195640.161681 0.000125 0.000134 0.000740 124.118558
9.441463 1528195640.175248 0.000126 0.000135 0.000737 124.313957
9.453265 1528195640.187050 0.000126 0.000136 0.000736 124.499415
9.465665 1528195640.199449 0.000126 0.000136 0.000742 124.630185
9.477877 1528195640.211662 0.000127 0.000138 0.000745 125.247148
9.490561 1528195640.224345 0.000126 0.000137 0.000756 126.029542
9.503248 1528195640.237033 0.000126 0.000137 0.000760 127.169268
9.515459 1528195640.249244 0.000126 0.000136 0.000767 127.899470
9.528077 1528195640.261861 0.000124 0.000132 0.000778 128.409772
9.540420 1528195640.274205 0.000124 0.000131 0.000774 128.457707
9.553089 1528195640.286874 0.000124 0.000129 0.000775 128.666173
9.565467 1528195640.299252 0.000124 0.000129 0.000773 128.584186
9.578271 1528195640.312056 0.000123 0.000129 0.000780 128.570830
9.590502 1528195640.324286 0.000124 0.000129 0.000776 128.319930
9.603158 1528195640.336942 0.000122 0.000129 0.000778 128.426040
9.615924 1528195640.349708 0.000124 0.000129 0.000773 128.309065
9.628248 1528195640.362032 0.000123 0.000129 0.000779 128.337518
9.640220 1528195640.374004 0.000124 0.000129 0.000775 128.248316
9.653338 1528195640.387123 0.000123 0.000128 0.000775 128.227892
9.666808 1528195640.400593 0.000123 0.000128 0.000774 128.305891
9.679422 1528195640.413206 0.000123 0.000128 0.000775 128.352560
9.692289 1528195640.426074 0.000124 0.000128 0.000770 128.196988
9.705447 1528195640.439232 0.000123 0.000127 0.000777 128.386154
9.717280 1528195640.451065 0.000123 0.000127 0.000771 128.235497
9.730001 1528195640.463786 0.000123 0.000127 0.000773 128.314324
9.740945 1528195640.474730 0.000123 0.000127 0.000770 128.309368
9.753983 1528195640.487767 0.000123 0.000126 0.000772 128.318999
9.766150 1528195640.499934 0.000122 0.000127 0.000769 128.163734
9.778072 1528195640.511857 0.000122 0.000126 0.000777 128.279938
9.791572 1528195640.525357 0.000123 0.000127 0.000771 128.042287
9.804727 1528195640.538511 0.000120 0.000125 0.000774 127.871401
9.816284 1528195640.550069 0.000121 0.000126 0.000772 127.992384
9.828531 1528195640.562315 0.000121 0.000126 0.000774 127.728276
9.840765 1528195640.574549 0.000120 0.000125 0.000781 128.063034
9.853225 1528195640.587010 0.000119 0.000125 0.000776 128.041195
9.865836 1528195640.599620 0.000120 0.000125 0.000778 128.278883
9.878483 1528195640.612267 0.000118 0.000125 0.000779 128.106596
9.891412 1528195640.625197 0.000118 0.000125 0.000780 128.272273
9.904468 1528195640.638252 0.000119 0.000125 0.000781 128.194029
9.917089 1528195640.650873 0.000119 0.000125 0.000784 128.156394
9.930084 1528195640.663868 0.000121 0.000125 0.000776 127.691532
9.940862 1528195640.674647 0.000123 0.000125 0.000773 128.037012
9.953455 1528195640.687240 0.000124 0.000125 0.000773 128.246148
9.965759 1528195640.699544 0.000123 0.000125 0.000773 128.428015
9.978187 1528195640.711971 0.000123 0.000125 0.000770 128.464466
9.990849 1528195640.724633 0.000122 0.000125 0.000771 128.580054
10.003203 1528195640.736988 0.000121 0.000124 0.000776 128.716467
10.015731 1528195640.749516 0.000121 0.000125 0.000770 128.798441
10.028474 1528195640.762259 0.000120 0.000125 0.000768 129.015694
10.041591 1528195640.775376 0.000120 0.000124 0.000770 129.315322
10.054391 1528195640.788176 0.000120 0.000124 0.000774 129.546941
10.067488 1528195640.801273 0.000119 0.000124 0.000770 129.409048
10.078631 1528195640.812416 0.000119 0.000124 0.000771 129.408834
10.091180 1528195640.824965 0.000117 0.000125 0.000770 129.442059
10.103493 1528195640.837277 0.000118 0.000124 0.000773 129.683457
10.115681 1528195640.849465 0.000118 0.000124 0.000772 129.717472
10.128325 1528195640.862109 0.000119 0.000125 0.000770 129.658894
10.140853 1528195640.874638 0.000118 0.000125 0.000773 129.736283
10.153139 1528195640.886924 0.000118 0.000124 0.000771 129.837010
10.167076 1528195640.900860 0.000118 0.000125 0.000774 129.835237
10.180015 1528195640.913800 0.000117 0.000125 0.000770 129.750903
10.195715 1528195640.929499 0.000117 0.000124 0.000770 129.835586
10.203625 1528195640.937409 0.000117 0.000125 0.000770 129.757653
10.217073 1528195640.950857 0.000117 0.000125 0.000770 129.803918
10.229625 1528195640.963410 0.000117 0.000124 0.000772 129.990698
10.240963 1528195640.974747 0.000118 0.000124 0.000773 129.905183
10.253411 1528195640.987195 0.000118 0.000125 0.000772 129.824952
10.266434 1528195641.000219 0.000118 0.000124 0.000771 129.757021
10.278552 1528195641.012337 0.000118 0.000124 0.000772 129.708258
10.291254 1528195641.025039 0.000119 0.000124 0.000770 129.830595
10.304020 1528195641.037805 0.000119 0.000124 0.000771 129.778030
10.316067 1528195641.049851 0.000119 0.000124 0.000770 129.718153
10.328686 1528195641.062470 0.000118 0.000125 0.000768 129.725961
10.341213 1528195641.074998 0.000119 0.000125 0.000770 129.779408
10.355514 1528195641.089299 0.000119 0.000124 0.000768 129.608801
10.366857 1528195641.100642 0.000119 0.000125 0.000768 129.535528
10.379392 1528195641.113176 0.000119 0.000124 0.000771 129.509001
10.391759 1528195641.125544 0.000121 0.000124 0.000772 129.576390
10.403349 1528195641.137134 0.000120 0.000124 0.000772 129.361911
10.416339 1528195641.150124 0.000121 0.000125 0.000770 129.553661
10.428689 1528195641.162474 0.000120 0.000125 0.000768 129.382815
10.441495 1528195641.175280 0.000121 0.000124 0.000772 129.370785
10.454612 1528195641.188396 0.000121 0.000125 0.000770 129.305082
10.467012 1528195641.200797 0.000121 0.000124 0.000773 129.237428
10.479325 1528195641.213109 0.000122 0.000125 0.000771 129.097546
10.491498 1528195641.225282 0.000123 0.000125 0.000773 129.332990
10.503775 1528195641.237560 0.000123 0.000125 0.000777 129.325581
10.515846 1528195641.249630 0.000123 0.000125 0.000775 128.964353
10.528695 1528195641.262480 0.000126 0.000126 0.000773 128.403332
10.541169 1528195641.274954 0.000125 0.000129 0.000764 127.527914
10.553614 1528195641.287399 0.000126 0.000135 0.000756 126.842503
10.566153 1528195641.299937 0.000127 0.000141 0.000749 125.007630
10.578768 1528195641.312553 0.000128 0.000142 0.000751 124.008260
10.590972 1528195641.324757 0.000128 0.000148 0.000760 122.918246
10.604310 1528195641.338094 0.000129 0.000148 0.000761 122.146353
10.616680 1528195641.350465 0.000129 0.000148 0.000811 121.353649
10.629517 1528195641.363302 0.000130 0.000150 0.000762 121.897873
10.641163 1528195641.374948 0.000129 0.000151 0.000811 121.161884
10.653094 1528195641.386879 0.000128 0.000153 0.000761 121.813548
10.666058 1528195641.399843 0.000129 0.000153 0.000764 121.800879
10.678448 1528195641.412233 0.000128 0.000153 0.000820 121.255424
10.690879 1528195641.424663 0.000130 0.000152 0.000762 121.840602
10.705068 1528195641.438853 0.000129 0.000151 0.000750 121.927422
10.717171 1528195641.450955 0.000130 0.000153 0.000745 122.117700
10.729396 1528195641.463181 0.000130 0.000150 0.000758 121.976831
10.742000 1528195641.475784 0.000130 0.000149 0.000767 121.360850
10.753811 1528195641.487596 0.000130 0.000148 0.000774 120.521982
10.767519 1528195641.501303 0.000129 0.000147 0.000862 118.818706
10.779109 1528195641.512894 0.000127 0.000148 0.000874 117.536881
10.792192 1528195641.525977 0.000127 0.000150 0.000868 116.757131
10.804744 1528195641.538529 0.000126 0.000150 0.000869 116.128007
10.816369 1528195641.550154 0.000126 0.000150 0.000868 115.572474
10.829209 1528195641.562994 0.000125 0.000152 0.000859 115.348583
10.841930 1528195641.575714 0.000125 0.000150 0.000854 115.169755
10.854544 1528195641.588329 0.000125 0.000150 0.000850 114.801490
10.866616 1528195641.600400 0.000124 0.000151 0.000859 114.459281
10.879609 1528195641.613394 0.000125 0.000151 0.000857 114.268974
10.891849 1528195641.625633 0.000125 0.000152 0.000865 113.986805
10.903693 1528195641.637478 0.000125 0.000153 0.000861 113.868822
10.916101 1528195641.649885 0.000126 0.000154 0.000859 113.749930
10.929425 1528195641.663210 0.000126 0.000156 0.000868 113.354914
10.941709 1528195641.675494 0.000128 0.000158 0.000873 112.840855
10.954230 1528195641.688015 0.000128 0.000161 0.000864 112.465299
10.967554 1528195641.701339 0.000130 0.000159 0.000884 111.531614
10.979456 1528195641.713241 0.000132 0.000156 0.000889 110.566523
10.992192 1528195641.725977 0.000136 0.000151 0.000915 109.033569
11.005068 1528195641.738853 0.000137 0.000147 0.000962 107.438995
11.017223 1528195641.751007 0.000133 0.000152 0.000974 105.583702
11.028913 1528195641.762697 0.000127 0.000157 0.000950 104.321012
11.041337 1528195641.775122 0.000124 0.000164 0.000948 104.023890
11.053880 1528195641.787665 0.000120 0.000169 0.000944 105.528559
11.066944 1528195641.800729 0.000116 0.000173 0.000971 108.165134
11.079033 1528195641.812818 0.000114 0.000174 0.000991 110.895817
11.091215 1528195641.825000 0.000111 0.000169 0.000996 113.425579
11.103644 1528195641.837429 0.000107 0.000157 0.000934 114.716891
11.116164 1528195641.849949 0.000104 0.000159 0.000932 114.827592
11.128634 1528195641.862419 0.000100 0.000157 0.000972 115.319604
11.141830 1528195641.875615 0.000096 0.000166 0.000968 114.061656
11.153777 1528195641.887561 0.000110 0.000185 0.001012 111.187713
11.166215 1528195641.900000 0.000102 0.000196 0.000946 111.092714
11.178812 1528195641.912596 0.000094 0.000214 0.000914 111.214479
11.191437 1528195641.925221 0.000142 0.000218 0.000878 111.335153
11.203883 1528195641.937668 0.000137 0.000213 0.000817 113.808784
11.216219 1528195641.950003 0.000137 0.000207 0.000755 113.722859
11.229189 1528195641.962974 0.000144 0.000195 0.000717 115.307373
11.241689 1528195641.975474 0.000144 0.000195 0.000462 118.835053
11.254349 1528195641.988133 0.000147 0.000194 0.000464 119.912934
11.266613 1528195642.000397 0.000149 0.000185 0.000444 121.961916
11.279720 1528195642.013505 0.000140 0.000187 0.000448 121.014568
11.291754 1528195642.025538 0.000141 0.000185 0.000418 120.449868
11.304228 1528195642.038013 0.000142 0.000188 0.000419 118.897267
11.316444 1528195642.050229 0.000150 0.000189 0.000409 118.678687
11.328426 1528195642.062211 0.000145 0.000194 0.000424 115.949591
11.341530 1528195642.075315 0.000156 0.000197 0.000431 116.249490
11.353624 1528195642.087409 0.000155 0.000200 0.000435 115.065595
11.366332 1528195642.100117 0.000150 0.000197 0.000427 116.075374
11.380185 1528195642.113970 0.000152 0.000193 0.000404 119.423143
11.392213 1528195642.125998 0.000155 0.000195 0.000429 120.974247
11.404605 1528195642.138390 0.000147 0.000187 0.000408 125.227136
11.417201 1528195642.150986 0.000148 0.000183 0.000439 125.941981
11.428902 1528195642.162687 0.000154 0.000184 0.000471 125.908075
11.441164 1528195642.174949 0.000159 0.000187 0.000585 124.043945
11.453955 1528195642.187740 0.000160 0.000179 0.000539 126.450732
11.466500 1528195642.200285 0.000154 0.000176 0.000582 126.279677
11.478763 1528195642.212548 0.000149 0.000170 0.000596 126.726532
11.491850 1528195642.225635 0.000149 0.000171 0.000612 126.897727
11.504948 1528195642.238733 0.000149 0.000168 0.000606 127.129411
11.518209 1528195642.251994 0.000145 0.000170 0.000628 127.048423
11.529727 1528195642.263512 0.000144 0.000170 0.000612 127.672550
11.543217 1528195642.277002 0.000145 0.000170 0.000617 127.645759
11.554097 1528195642.287882 0.000146 0.000170 0.000622 127.554720
11.565908 1528195642.299693 0.000144 0.000168 0.000618 127.820072
11.579730 1528195642.313515 0.000145 0.000169 0.000615 127.892190
11.592280 1528195642.326065 0.000144 0.000169 0.000623 127.756760
11.605156 1528195642.338941 0.000145 0.000169 0.000616 128.081054
11.617099 1528195642.350884 0.000146 0.000171 0.000623 128.045306
11.630468 1528195642.364253 0.000145 0.000171 0.000616 127.988643
11.642994 1528195642.376779 0.000143 0.000168 0.000621 127.979738
11.654609 1528195642.388394 0.000144 0.000171 0.000632 127.859495
11.667314 1528195642.401098 0.000141 0.000168 0.000599 128.737054
11.679239 1528195642.413023 0.000142 0.000167 0.000597 128.673261
11.691680 1528195642.425464 0.000143 0.000168 0.000596 128.723272
11.703876 1528195642.437661 0.000142 0.000164 0.000616 126.423662
11.715694 1528195642.449479 0.000139 0.000160 0.000614 124.584423
11.728493 1528195642.462278 0.000135 0.000156 0.000630 122.742834
11.740894 1528195642.474679 0.000137 0.000155 0.000635 121.756093
11.753465 1528195642.487250 0.000137 0.000154 0.000669 119.992966
11.765747 1528195642.499532 0.000136 0.000156 0.000685 118.388418
