-4.218861 1528454828.422751 0.000137 0.000155 0.000883 59.793013
-4.206370 1528454828.435242 0.000135 0.000152 0.000891 58.144600
-4.193778 1528454828.447834 0.000134 0.000150 0.000855 56.067432
-4.181216 1528454828.460397 0.000132 0.000148 0.000815 54.625811
-4.168996 1528454828.472616 0.000132 0.000148 0.000787 53.227423
-4.155800 1528454828.485812 0.000130 0.000146 0.000777 52.125066
-4.143951 1528454828.497661 0.000128 0.000146 0.000773 51.444305
-4.130334 1528454828.511278 0.000127 0.000146 0.000771 50.940710
-4.118650 1528454828.522962 0.000125 0.000144 0.000780 50.552369
-4.106211 1528454828.535401 0.000125 0.000143 0.000785 49.722911
-4.093950 1528454828.547662 0.000123 0.000143 0.000781 49.373584
-4.081340 1528454828.560272 0.000122 0.000143 0.000770 48.772099
-4.068812 1528454828.572800 0.000119 0.000142 0.000786 48.751721
-4.055748 1528454828.585864 0.000120 0.000142 0.000798 48.520881
-4.043128 1528454828.598484 0.000119 0.000142 0.000803 48.350308
-4.030669 1528454828.610943 0.000118 0.000142 0.000796 48.178077
-4.018265 1528454828.623347 0.000118 0.000141 0.000808 48.212140
-4.004816 1528454828.636796 0.000119 0.000141 0.000799 47.774019
-3.992780 1528454828.648832 0.000119 0.000140 0.000792 47.767566
-3.980767 1528454828.660845 0.000118 0.000139 0.000792 47.535443
-3.968850 1528454828.672762 0.000120 0.000137 0.000694 46.915467
-3.956514 1528454828.685098 0.000125 0.000136 0.000684 46.226882
-3.943057 1528454828.698555 0.000126 0.000137 0.000673 46.846420
-3.930737 1528454828.710875 0.000127 0.000138 0.000666 47.183950
-3.917954 1528454828.723658 0.000127 0.000140 0.000661 47.182743
-3.905608 1528454828.736004 0.000128 0.000143 0.000646 47.223697
-3.893014 1528454828.748598 0.000129 0.000142 0.000661 47.309790
-3.881485 1528454828.760127 0.000129 0.000144 0.000662 46.822080
-3.869363 1528454828.772249 0.000129 0.000145 0.000653 45.758855
-3.856771 1528454828.784842 0.000129 0.000144 0.000637 44.844692
-3.844373 1528454828.797239 0.000130 0.000143 0.000645 44.702238
-3.831888 1528454828.809724 0.000130 0.000141 0.000637 44.045461
-3.819193 1528454828.822419 0.000129 0.000140 0.000636 43.001632
-3.806231 1528454828.835381 0.000129 0.000139 0.000659 43.348876
-3.793955 1528454828.847657 0.000130 0.000140 0.000628 42.813640
-3.781732 1528454828.859880 0.000130 0.000139 0.000645 43.140716
-3.769215 1528454828.872397 0.000129 0.000139 0.000646 43.020986
-3.756367 1528454828.885245 0.000130 0.000139 0.000621 42.673870
-3.744095 1528454828.897517 0.000129 0.000140 0.000618 42.645410
-3.731106 1528454828.910506 0.000128 0.000137 0.000618 42.445733
-3.718886 1528454828.922726 0.000127 0.000138 0.000604 42.202859
-3.706433 1528454828.935179 0.000127 0.000138 0.000613 42.369709
-3.693992 1528454828.947620 0.000126 0.000138 0.000608 41.947977
-3.681617 1528454828.959995 0.000125 0.000138 0.000603 42.200247
-3.668858 1528454828.972754 0.000125 0.000136 0.000612 42.061894
-3.656470 1528454828.985142 0.000124 0.000136 0.000609 42.186366
-3.643704 1528454828.997908 0.000124 0.000135 0.000607 41.627345
-3.630947 1528454829.010665 0.000123 0.000134 0.000617 41.777405
-3.618665 1528454829.022947 0.000122 0.000134 0.000603 41.221296
-3.605558 1528454829.036054 0.000122 0.000133 0.000604 41.326462
-3.593785 1528454829.047827 0.000121 0.000132 0.000619 41.196591
-3.581465 1528454829.060147 0.000121 0.000132 0.000609 40.800184
-3.568629 1528454829.072983 0.000120 0.000132 0.000617 41.173071
-3.556232 1528454829.085380 0.000120 0.000132 0.000604 40.661976
-3.544065 1528454829.097547 0.000119 0.000131 0.000615 40.834392
-3.531293 1528454829.110319 0.000118 0.000131 0.000609 40.415575
-3.518819 1528454829.122793 0.000118 0.000131 0.000622 40.955399
-3.506294 1528454829.135318 0.000118 0.000131 0.000610 40.629460
-3.493601 1528454829.148011 0.000117 0.000131 0.000602 40.254254
-3.481426 1528454829.160187 0.000116 0.000132 0.000613 40.588862
-3.467978 1528454829.173634 0.000113 0.000135 0.000595 40.386859
-3.455376 1528454829.186236 0.000109 0.000138 0.000598 40.896393
-3.443151 1528454829.198461 0.000108 0.000132 0.000581 40.033203
-3.431189 1528454829.210423 0.000107 0.000134 0.000596 40.422042
-3.418905 1528454829.222707 0.000107 0.000136 0.000628 41.171542
-3.406301 1528454829.235311 0.000108 0.000131 0.000595 40.396048
-3.393711 1528454829.247901 0.000108 0.000131 0.000597 40.583450
-3.381810 1528454829.259802 0.000109 0.000132 0.000609 40.726002
-3.368337 1528454829.273275 0.000108 0.000130 0.000613 40.666022
-3.356092 1528454829.285520 0.000108 0.000130 0.000598 40.297577
-3.344094 1528454829.297518 0.000108 0.000130 0.000618 40.490800
-3.331346 1528454829.310266 0.000108 0.000129 0.000604 39.852433
-3.318829 1528454829.322783 0.000108 0.000129 0.000618 40.055489
-3.306305 1528454829.335307 0.000107 0.000131 0.000628 40.347869
-3.293779 1528454829.347833 0.000107 0.000131 0.000621 40.219332
-3.281123 1528454829.360489 0.000107 0.000129 0.000598 39.477006
-3.268908 1528454829.372704 0.000106 0.000131 0.000627 40.087522
-3.256094 1528454829.385518 0.000106 0.000129 0.000594 39.477339
-3.243361 1528454829.398252 0.000106 0.000129 0.000620 40.013160
-3.230312 1528454829.411300 0.000106 0.000129 0.000603 39.487901
-3.217830 1528454829.423782 0.000106 0.000128 0.000601 39.655166
-3.205934 1528454829.435678 0.000105 0.000129 0.000616 39.753202
-3.193224 1528454829.448388 0.000105 0.000129 0.000620 39.741322
-3.181766 1528454829.459846 0.000105 0.000129 0.000619 39.863719
-3.169146 1528454829.472466 0.000105 0.000128 0.000607 39.673084
-3.156305 1528454829.485307 0.000106 0.000127 0.000607 39.733349
-3.144108 1528454829.497504 0.000105 0.000128 0.000618 40.824563
-3.131260 1528454829.510352 0.000105 0.000127 0.000608 41.436685
-3.118555 1528454829.523057 0.000106 0.000128 0.000588 41.732938
-3.105447 1528454829.536165 0.000106 0.000132 0.000633 43.254775
-3.093116 1528454829.548496 0.000108 0.000132 0.000630 43.664165
-3.079974 1528454829.561638 0.000110 0.000130 0.000612 43.185217
-3.068218 1528454829.573394 0.000111 0.000130 0.000615 43.201975
-3.055473 1528454829.586139 0.000112 0.000130 0.000607 42.969651
-3.043562 1528454829.598050 0.000113 0.000131 0.000613 43.297879
-3.030962 1528454829.610650 0.000114 0.000130 0.000609 42.884159
-3.018796 1528454829.622816 0.000115 0.000134 0.000632 43.817654
-3.005771 1528454829.635841 0.000116 0.000134 0.000638 44.229963
-2.993416 1528454829.648196 0.000118 0.000135 0.000636 43.955334
-2.980841 1528454829.660771 0.000119 0.000135 0.000637 44.136975
-2.968596 1528454829.673016 0.000119 0.000134 0.000633 44.144667
-2.956058 1528454829.685554 0.000120 0.000135 0.000636 44.159885
-2.943574 1528454829.698038 0.000120 0.000135 0.000634 44.277867
-2.931074 1528454829.710538 0.000120 0.000135 0.000632 44.084563
-2.918621 1528454829.722991 0.000121 0.000132 0.000608 43.226579
-2.906181 1528454829.735431 0.000121 0.000135 0.000627 44.093053
-2.893565 1528454829.748047 0.000121 0.000136 0.000627 44.038448
-2.881388 1528454829.760224 0.000121 0.000136 0.000630 44.098536
-2.868681 1528454829.772931 0.000121 0.000135 0.000624 44.004837
-2.856133 1528454829.785479 0.000120 0.000136 0.000627 43.980633
-2.843449 1528454829.798163 0.000120 0.000136 0.000630 44.080827
-2.831244 1528454829.810368 0.000119 0.000136 0.000625 44.040952
-2.818712 1528454829.822900 0.000119 0.000136 0.000627 44.094619
-2.806223 1528454829.835389 0.000119 0.000135 0.000630 44.174523
-2.793682 1528454829.847930 0.000118 0.000135 0.000631 44.124618
-2.781233 1528454829.860379 0.000118 0.000135 0.000634 44.245472
-2.768699 1528454829.872913 0.000117 0.000135 0.000630 44.094929
-2.756226 1528454829.885386 0.000117 0.000134 0.000626 43.980687
-2.743612 1528454829.898000 0.000116 0.000132 0.000605 43.289917
-2.731020 1528454829.910592 0.000115 0.000133 0.000615 43.325044
-2.718852 1528454829.922760 0.000115 0.000134 0.000633 43.858725
-2.705802 1528454829.935810 0.000114 0.000132 0.000616 43.275629
-2.693421 1528454829.948191 0.000114 0.000133 0.000631 43.800255
-2.681121 1528454829.960491 0.000114 0.000133 0.000632 43.499196
-2.668503 1528454829.973109 0.000113 0.000132 0.000632 43.541295
-2.655694 1528454829.985918 0.000114 0.000132 0.000628 43.357660
-2.643114 1528454829.998498 0.000114 0.000132 0.000649 42.903570
-2.630148 1528454830.011464 0.000113 0.000133 0.000658 43.148138
-2.618119 1528454830.023493 0.000113 0.000133 0.000666 43.011242
-2.606214 1528454830.035398 0.000113 0.000132 0.000663 43.005018
-2.593531 1528454830.048081 0.000114 0.000133 0.000655 43.076438
-2.580751 1528454830.060861 0.000114 0.000132 0.000654 42.969897
-2.568316 1528454830.073296 0.000114 0.000132 0.000651 43.034110
-2.555071 1528454830.086541 0.000114 0.000132 0.000653 43.092922
-2.542791 1528454830.098821 0.000114 0.000132 0.000649 43.020817
-2.530252 1528454830.111360 0.000113 0.000131 0.000653 42.999154
-2.517606 1528454830.124007 0.000112 0.000131 0.000652 42.914227
-2.505148 1528454830.136464 0.000112 0.000131 0.000654 42.809959
-2.493191 1528454830.148421 0.000111 0.000131 0.000656 42.646745
-2.481044 1528454830.160568 0.000111 0.000131 0.000653 42.751675
-2.468854 1528454830.172758 0.000111 0.000131 0.000655 42.811600
-2.456097 1528454830.185515 0.000111 0.000131 0.000646 42.654820
-2.443871 1528454830.197742 0.000111 0.000130 0.000649 42.775708
-2.430598 1528454830.211014 0.000111 0.000131 0.000645 42.832594
-2.418763 1528454830.222849 0.000111 0.000131 0.000646 42.835612
-2.405277 1528454830.236335 0.000111 0.000131 0.000650 42.774531
-2.393195 1528454830.248417 0.000112 0.000131 0.000646 42.728636
-2.381102 1528454830.260510 0.000111 0.000131 0.000647 42.798056
-2.368618 1528454830.272994 0.000112 0.000130 0.000650 42.807982
-2.355984 1528454830.285628 0.000112 0.000131 0.000643 42.769805
-2.343718 1528454830.297894 0.000112 0.000131 0.000643 42.808638
-2.331138 1528454830.310474 0.000112 0.000131 0.000642 42.915924
-2.317520 1528454830.324092 0.000111 0.000130 0.000644 42.761490
-2.306187 1528454830.335425 0.000112 0.000130 0.000645 42.746520
-2.293600 1528454830.348012 0.000112 0.000130 0.000644 42.764862
-2.281266 1528454830.360346 0.000112 0.000131 0.000645 42.887328
-2.268408 1528454830.373204 0.000112 0.000130 0.000641 42.830725
-2.255923 1528454830.385689 0.000112 0.000130 0.000640 42.928807
-2.243687 1528454830.397925 0.000113 0.000131 0.000638 42.988022
-2.231227 1528454830.410385 0.000113 0.000131 0.000641 42.917134
-2.218622 1528454830.422990 0.000113 0.000131 0.000641 42.977757
-2.206038 1528454830.435574 0.000113 0.000131 0.000644 42.973285
-2.193048 1528454830.448564 0.000112 0.000131 0.000642 42.798918
-2.180302 1528454830.461310 0.000112 0.000131 0.000640 42.884229
-2.168004 1528454830.473608 0.000113 0.000130 0.000645 42.941953
-2.155177 1528454830.486435 0.000112 0.000131 0.000641 42.963133
-2.142962 1528454830.498650 0.000112 0.000131 0.000643 43.172974
-2.130496 1528454830.511116 0.000111 0.000131 0.000645 43.154870
-2.117973 1528454830.523639 0.000111 0.000131 0.000641 42.934750
-2.105654 1528454830.535958 0.000111 0.000130 0.000647 43.149343
-2.093877 1528454830.547735 0.000111 0.000131 0.000646 43.185323
-2.081551 1528454830.560061 0.000110 0.000130 0.000650 43.286900
-2.069156 1528454830.572456 0.000110 0.000131 0.000648 43.333647
-2.056144 1528454830.585469 0.000110 0.000130 0.000651 43.244405
-2.043877 1528454830.597735 0.000110 0.000130 0.000645 43.166924
-2.031505 1528454830.610107 0.000111 0.000130 0.000643 43.270024
-2.017315 1528454830.624297 0.000110 0.000130 0.000641 43.081731
-2.005259 1528454830.636353 0.000109 0.000130 0.000651 43.209579
-1.992280 1528454830.649332 0.000109 0.000130 0.000645 43.248296
-1.980438 1528454830.661174 0.000109 0.000130 0.000647 43.190909
-1.968937 1528454830.672675 0.000108 0.000130 0.000646 43.242602
-1.956332 1528454830.685280 0.000109 0.000131 0.000642 42.997277
-1.943964 1528454830.697649 0.000109 0.000130 0.000645 42.966299
-1.931106 1528454830.710506 0.000107 0.000130 0.000643 42.952241
-1.918855 1528454830.722757 0.000108 0.000130 0.000647 43.092225
-1.906057 1528454830.735555 0.000109 0.000130 0.000638 43.020940
-1.893839 1528454830.747773 0.000109 0.000130 0.000629 43.154328
-1.881179 1528454830.760433 0.000108 0.000128 0.000646 42.370365
-1.868469 1528454830.773144 0.000109 0.000127 0.000657 41.848594
-1.855883 1528454830.785729 0.000108 0.000128 0.000662 42.099666
-1.843195 1528454830.798417 0.000108 0.000127 0.000663 42.081126
-1.830851 1528454830.810761 0.000108 0.000127 0.000667 42.124266
-1.818162 1528454830.823450 0.000107 0.000127 0.000667 42.064542
-1.805958 1528454830.835654 0.000108 0.000127 0.000665 41.904900
-1.793269 1528454830.848343 0.000108 0.000126 0.000664 41.906198
-1.780998 1528454830.860614 0.000107 0.000126 0.000660 41.741201
-1.768145 1528454830.873467 0.000107 0.000126 0.000660 41.671259
-1.755388 1528454830.886224 0.000108 0.000126 0.000660 41.800184
-1.742491 1528454830.899122 0.000107 0.000127 0.000659 41.986666
-1.730538 1528454830.911074 0.000107 0.000127 0.000658 41.926088
-1.718577 1528454830.923035 0.000107 0.000127 0.000656 41.601419
-1.706007 1528454830.935605 0.000107 0.000127 0.000656 41.848945
-1.693407 1528454830.948205 0.000107 0.000127 0.000650 41.826883
-1.680707 1528454830.960905 0.000108 0.000127 0.000656 41.803714
-1.668047 1528454830.973565 0.000108 0.000126 0.000654 41.619388
-1.655355 1528454830.986257 0.000108 0.000126 0.000653 41.566709
-1.642879 1528454830.998733 0.000109 0.000127 0.000653 41.659038
-1.630268 1528454831.011344 0.000109 0.000127 0.000655 41.538600
-1.618088 1528454831.023524 0.000108 0.000126 0.000658 41.653503
-1.605906 1528454831.035706 0.000109 0.000127 0.000653 41.559392
-1.593325 1528454831.048287 0.000108 0.000127 0.000655 41.776046
-1.580880 1528454831.060732 0.000108 0.000127 0.000659 41.471481
-1.567952 1528454831.073660 0.000108 0.000126 0.000654 41.444510
-1.555701 1528454831.085911 0.000108 0.000127 0.000650 41.657020
-1.543351 1528454831.098261 0.000108 0.000127 0.000655 41.766018
-1.530721 1528454831.110891 0.000109 0.000127 0.000656 41.314675
-1.518095 1528454831.123517 0.000108 0.000127 0.000652 41.435243
-1.506023 1528454831.135589 0.000108 0.000127 0.000654 41.468806
-1.492980 1528454831.148632 0.000108 0.000126 0.000654 41.245672
-1.480685 1528454831.160927 0.000107 0.000127 0.000652 41.633010
-1.468325 1528454831.173287 0.000107 0.000126 0.000654 41.264249
-1.455952 1528454831.185660 0.000107 0.000126 0.000655 41.257624
-1.442558 1528454831.199054 0.000107 0.000126 0.000657 41.492541
-1.430318 1528454831.211294 0.000107 0.000127 0.000654 41.320294
-1.417938 1528454831.223675 0.000107 0.000126 0.000658 41.502263
-1.405300 1528454831.236312 0.000107 0.000127 0.000661 41.498426
-1.393191 1528454831.248421 0.000107 0.000126 0.000659 41.392413
-1.380255 1528454831.261358 0.000106 0.000127 0.000664 41.547342
-1.367926 1528454831.273686 0.000106 0.000126 0.000663 41.643471
-1.355006 1528454831.286606 0.000105 0.000126 0.000657 41.362970
-1.343233 1528454831.298379 0.000106 0.000127 0.000661 41.650183
-1.330726 1528454831.310886 0.000105 0.000127 0.000661 41.686178
-1.318435 1528454831.323177 0.000106 0.000126 0.000664 41.328792
-1.306139 1528454831.335473 0.000105 0.000126 0.000663 41.392695
-1.293992 1528454831.347620 0.000105 0.000126 0.000658 41.588431
-1.281443 1528454831.360169 0.000105 0.000127 0.000647 41.506619
-1.268827 1528454831.372785 0.000105 0.000127 0.000643 41.441566
-1.256313 1528454831.385299 0.000106 0.000125 0.000642 40.831371
-1.243987 1528454831.397625 0.000107 0.000125 0.000669 40.848164
-1.231261 1528454831.410351 0.000106 0.000126 0.000665 40.587733
-1.218851 1528454831.422761 0.000105 0.000126 0.000683 40.855262
-1.206277 1528454831.435335 0.000105 0.000126 0.000679 40.667086
-1.193830 1528454831.447782 0.000105 0.000127 0.000672 40.761400
-1.180245 1528454831.461367 0.000105 0.000126 0.000693 40.986187
-1.167701 1528454831.473911 0.000105 0.000127 0.000674 40.915530
-1.155405 1528454831.486207 0.000105 0.000126 0.000692 41.010107
-1.143638 1528454831.497974 0.000104 0.000125 0.000690 40.798745
-1.131417 1528454831.510195 0.000104 0.000125 0.000691 40.789384
-1.118559 1528454831.523053 0.000104 0.000124 0.000692 40.843444
-1.106365 1528454831.535247 0.000104 0.000125 0.000688 40.783816
-1.093762 1528454831.547850 0.000104 0.000123 0.000678 40.535954
-1.080882 1528454831.560730 0.000104 0.000123 0.000653 39.929778
-1.068580 1528454831.573032 0.000104 0.000124 0.000675 40.449153
-1.056311 1528454831.585301 0.000104 0.000124 0.000669 40.342752
-1.043444 1528454831.598168 0.000104 0.000123 0.000680 40.494483
-1.030858 1528454831.610754 0.000105 0.000125 0.000670 40.437470
-1.018163 1528454831.623449 0.000105 0.000125 0.000671 40.535504
-1.005228 1528454831.636384 0.000104 0.000125 0.000683 40.623379
-0.992944 1528454831.648668 0.000105 0.000122 0.000667 40.168058
-0.980712 1528454831.660900 0.000105 0.000124 0.000654 40.160267
-0.967713 1528454831.673899 0.000105 0.000123 0.000652 40.242651
-0.955333 1528454831.686279 0.000106 0.000123 0.000651 40.085772
-0.943120 1528454831.698492 0.000105 0.000124 0.000673 40.564294
-0.930458 1528454831.711154 0.000105 0.000124 0.000687 40.880827
-0.918051 1528454831.723561 0.000105 0.000124 0.000683 40.789683
-0.905599 1528454831.736013 0.000105 0.000124 0.000688 40.784026
-0.892530 1528454831.749082 0.000105 0.000125 0.000672 40.389519
-0.880495 1528454831.761117 0.000105 0.000124 0.000659 39.957978
-0.868737 1528454831.772875 0.000106 0.000123 0.000665 40.235781
-0.856040 1528454831.785572 0.000106 0.000123 0.000671 40.156208
-0.843686 1528454831.797926 0.000106 0.000123 0.000649 39.676811
-0.830945 1528454831.810667 0.000105 0.000124 0.000647 39.858552
-0.818319 1528454831.823293 0.000103 0.000124 0.000660 40.238910
-0.805774 1528454831.835838 0.000105 0.000124 0.000683 40.558776
-0.793324 1528454831.848288 0.000104 0.000123 0.000688 40.356871
-0.781058 1528454831.860554 0.000104 0.000125 0.000686 40.633541
-0.768525 1528454831.873087 0.000104 0.000124 0.000662 40.005800
-0.755224 1528454831.886389 0.000104 0.000125 0.000690 40.670039
-0.742470 1528454831.899142 0.000104 0.000123 0.000666 39.933653
-0.729613 1528454831.911999 0.000104 0.000123 0.000675 39.983429
-0.717759 1528454831.923853 0.000103 0.000123 0.000677 40.107055
-0.705693 1528454831.935920 0.000102 0.000122 0.000658 39.344620
-0.693798 1528454831.947814 0.000102 0.000123 0.000650 39.345778
-0.681164 1528454831.960448 0.000103 0.000124 0.000667 39.904072
-0.668382 1528454831.973230 0.000102 0.000123 0.000682 40.004188
-0.655881 1528454831.985731 0.000102 0.000122 0.000654 39.455861
-0.643432 1528454831.998180 0.000101 0.000123 0.000658 39.457035
-0.630881 1528454832.010731 0.000101 0.000123 0.000666 39.637392
-0.618229 1528454832.023383 0.000102 0.000122 0.000664 39.724463
-0.604516 1528454832.037096 0.000101 0.000123 0.000681 39.821058
-0.593280 1528454832.048332 0.000101 0.000122 0.000662 39.400730
-0.581157 1528454832.060455 0.000101 0.000123 0.000679 39.738829
-0.568390 1528454832.073222 0.000100 0.000122 0.000649 39.139526
-0.556073 1528454832.085539 0.000101 0.000121 0.000659 39.281598
-0.543487 1528454832.098125 0.000100 0.000120 0.000638 38.969076
-0.530890 1528454832.110722 0.000100 0.000123 0.000676 39.688272
-0.518716 1528454832.122896 0.000100 0.000123 0.000680 39.702605
-0.505814 1528454832.135798 0.000100 0.000120 0.000661 39.167582
-0.493171 1528454832.148441 0.000099 0.000123 0.000673 39.553807
-0.480775 1528454832.160837 0.000099 0.000123 0.000677 39.428194
-0.468291 1528454832.173321 0.000100 0.000122 0.000673 39.462309
-0.455720 1528454832.185892 0.000099 0.000121 0.000657 38.965472
-0.443241 1528454832.198371 0.000099 0.000122 0.000698 39.735838
-0.430794 1528454832.210818 0.000099 0.000122 0.000676 39.360978
-0.418333 1528454832.223279 0.000099 0.000123 0.000675 39.186103
-0.405770 1528454832.235842 0.000099 0.000122 0.000674 39.325747
-0.392882 1528454832.248730 0.000100 0.000122 0.000675 39.277792
-0.380044 1528454832.261568 0.000099 0.000122 0.000654 38.846328
-0.367359 1528454832.274253 0.000099 0.000121 0.000658 39.015115
-0.355109 1528454832.286503 0.000099 0.000121 0.000654 38.828708
-0.342662 1528454832.298950 0.000099 0.000120 0.000645 38.691264
-0.330299 1528454832.311313 0.000100 0.000119 0.000644 38.677487
-0.317762 1528454832.323850 0.000099 0.000121 0.000652 38.583721
-0.305693 1528454832.335919 0.000099 0.000120 0.000664 39.072354
-0.293128 1528454832.348484 0.000098 0.000121 0.000658 38.757648
-0.281016 1528454832.360596 0.000099 0.000121 0.000658 38.728075
-0.268431 1528454832.373181 0.000099 0.000121 0.000660 38.876534
-0.255965 1528454832.385647 0.000099 0.000121 0.000664 38.790003
-0.243497 1528454832.398115 0.000098 0.000121 0.000655 38.546715
-0.230685 1528454832.410928 0.000098 0.000121 0.000665 38.673562
-0.217446 1528454832.424166 0.000099 0.000121 0.000662 38.794337
-0.205185 1528454832.436427 0.000099 0.000121 0.000665 38.720841
-0.192943 1528454832.448669 0.000098 0.000120 0.000655 38.638008
-0.180707 1528454832.460905 0.000098 0.000121 0.000661 38.638637
-0.168652 1528454832.472960 0.000098 0.000121 0.000663 38.628411
-0.156078 1528454832.485534 0.000098 0.000121 0.000668 38.834509
-0.142110 1528454832.499502 0.000099 0.000120 0.000656 38.656756
-0.131047 1528454832.510565 0.000102 0.000119 0.000633 37.978387
-0.118721 1528454832.522891 0.000103 0.000120 0.000643 38.235013
-0.106190 1528454832.535422 0.000101 0.000121 0.000636 38.065696
-0.093493 1528454832.548119 0.000103 0.000119 0.000641 38.365203
-0.081092 1528454832.560520 0.000102 0.000119 0.000654 38.413030
-0.068226 1528454832.573386 0.000103 0.000118 0.000650 38.392700
-0.055111 1528454832.586501 0.000103 0.000118 0.000677 39.063549
-0.042538 1528454832.599074 0.000103 0.000117 0.000671 38.860933
-0.030278 1528454832.611334 0.000104 0.000118 0.000651 38.358158
-0.017846 1528454832.623766 0.000104 0.000118 0.000661 38.659220
-0.005975 1528454832.635637 0.000103 0.000119 0.000687 39.168622
0.006198 1528454832.647810 0.000103 0.000118 0.000652 38.289589
0.018716 1528454832.660328 0.000103 0.000119 0.000690 39.150740
0.031600 1528454832.673212 0.000103 0.000119 0.000667 38.544621
0.044105 1528454832.685717 0.000103 0.000119 0.000669 38.472119
0.056735 1528454832.698347 0.000103 0.000119 0.000667 38.479384
0.069982 1528454832.711594 0.000103 0.000117 0.000653 37.975131
0.082764 1528454832.724376 0.000103 0.000118 0.000691 38.972049
0.094822 1528454832.736434 0.000102 0.000117 0.000650 37.928278
0.106781 1528454832.748394 0.000103 0.000117 0.000679 38.496803
0.119279 1528454832.760891 0.000102 0.000118 0.000670 38.736373
0.131403 1528454832.773015 0.000102 0.000120 0.000684 39.585366
0.144979 1528454832.786591 0.000101 0.000120 0.000665 39.788499
0.157595 1528454832.799207 0.000102 0.000118 0.000684 40.674520
0.169140 1528454832.810752 0.000102 0.000115 0.000688 40.598457
0.181249 1528454832.822861 0.000102 0.000114 0.000688 40.609647
0.194013 1528454832.835625 0.000103 0.000113 0.000685 40.727505
0.206239 1528454832.847851 0.000103 0.000114 0.000686 40.777954
0.218654 1528454832.860266 0.000102 0.000114 0.000688 40.735892
0.231189 1528454832.872802 0.000102 0.000114 0.000684 40.706862
0.244061 1528454832.885674 0.000102 0.000114 0.000684 40.754696
0.257143 1528454832.898755 0.000102 0.000115 0.000684 40.817911
0.269624 1528454832.911236 0.000102 0.000114 0.000688 40.982618
0.282084 1528454832.923696 0.000102 0.000114 0.000679 40.757857
0.295076 1528454832.936688 0.000102 0.000114 0.000680 40.759669
0.307172 1528454832.948784 0.000102 0.000113 0.000679 40.704724
0.319601 1528454832.961213 0.000101 0.000113 0.000680 40.732790
0.332089 1528454832.973701 0.000102 0.000113 0.000684 40.851890
0.344747 1528454832.986359 0.000102 0.000113 0.000676 40.687468
0.357011 1528454832.998623 0.000102 0.000113 0.000673 40.699022
0.370203 1528454833.011816 0.000102 0.000113 0.000677 40.711109
0.382474 1528454833.024086 0.000101 0.000116 0.000669 40.660490
0.394784 1528454833.036397 0.000103 0.000121 0.000668 41.671313
0.407763 1528454833.049375 0.000111 0.000132 0.000652 44.747866
0.419742 1528454833.061354 0.000121 0.000138 0.000635 49.693058
0.431557 1528454833.073169 0.000125 0.000159 0.000688 54.523642
0.444440 1528454833.086052 0.000123 0.000164 0.000734 58.112035
0.456605 1528454833.098217 0.000127 0.000164 0.000752 62.017455
0.469269 1528454833.110881 0.000130 0.000182 0.000723 66.589053
0.481653 1528454833.123265 0.000128 0.000209 0.000695 71.069929
0.494221 1528454833.135833 0.000127 0.000224 0.000705 74.170588
0.507404 1528454833.149016 0.000126 0.000258 0.000666 78.589637
0.519141 1528454833.160753 0.000125 0.000272 0.000615 84.003260
0.531795 1528454833.173407 0.000128 0.000257 0.000613 90.018974
0.544696 1528454833.186308 0.000127 0.000260 0.000630 94.282041
0.556899 1528454833.198511 0.000129 0.000256 0.000648 98.468941
0.569737 1528454833.211349 0.000131 0.000253 0.000670 101.523372
0.582208 1528454833.223820 0.000130 0.000244 0.000687 103.934439
0.594652 1528454833.236264 0.000129 0.000239 0.000697 105.803459
0.606816 1528454833.248428 0.000130 0.000231 0.000712 107.884724
0.619239 1528454833.260851 0.000133 0.000224 0.000725 109.785254
0.631603 1528454833.273215 0.000135 0.000216 0.000725 111.478917
0.644038 1528454833.285650 0.000135 0.000212 0.000739 112.418437
0.656886 1528454833.298498 0.000134 0.000210 0.000746 113.019157
0.669330 1528454833.310942 0.000135 0.000207 0.000736 113.618155
0.682105 1528454833.323717 0.000138 0.000205 0.000745 114.231000
0.694253 1528454833.335865 0.000137 0.000202 0.000743 114.478701
0.706906 1528454833.348518 0.000140 0.000200 0.000742 115.244278
0.719272 1528454833.360884 0.000141 0.000199 0.000756 115.418796
0.731926 1528454833.373538 0.000141 0.000197 0.000762 116.321489
0.744356 1528454833.385968 0.000141 0.000196 0.000763 117.222457
0.756794 1528454833.398407 0.000143 0.000195 0.000776 117.795838
0.769240 1528454833.410852 0.000142 0.000195 0.000775 118.785604
0.781816 1528454833.423428 0.000142 0.000192 0.000779 119.086893
0.794205 1528454833.435817 0.000142 0.000191 0.000779 119.578232
0.807324 1528454833.448936 0.000144 0.000191 0.000806 119.852309
0.819934 1528454833.461546 0.000143 0.000191 0.000800 120.163266
0.832481 1528454833.474093 0.000143 0.000189 0.000804 120.599008
0.845207 1528454833.486820 0.000144 0.000189 0.000794 120.900667
0.857377 1528454833.498989 0.000146 0.000189 0.000792 121.192249
0.870061 1528454833.511673 0.000144 0.000189 0.000798 121.230499
0.882482 1528454833.524094 0.000146 0.000187 0.000808 121.660016
0.894709 1528454833.536321 0.000145 0.000186 0.000802 122.244056
0.907640 1528454833.549252 0.000147 0.000186 0.000800 122.638947
0.920087 1528454833.561699 0.000146 0.000185 0.000810 122.724743
0.932101 1528454833.573714 0.000144 0.000184 0.000825 123.177797
0.944513 1528454833.586125 0.000145 0.000184 0.000816 123.393560
0.956885 1528454833.598497 0.000148 0.000184 0.000810 123.589448
0.969108 1528454833.610720 0.000146 0.000183 0.000823 123.451131
0.981972 1528454833.623584 0.000145 0.000184 0.000825 123.757475
0.993875 1528454833.635487 0.000144 0.000184 0.000824 123.901808
1.007707 1528454833.649319 0.000144 0.000184 0.000832 123.920632
1.020132 1528454833.661744 0.000146 0.000185 0.000820 124.131762
1.032594 1528454833.674206 0.000142 0.000185 0.000824 123.889000
1.044776 1528454833.686388 0.000145 0.000184 0.000828 123.881460
1.057231 1528454833.698843 0.000147 0.000185 0.000820 124.033974
1.069119 1528454833.710731 0.000143 0.000185 0.000825 123.784055
1.081300 1528454833.722913 0.000144 0.000184 0.000830 123.983880
1.093903 1528454833.735515 0.000141 0.000185 0.000835 123.692572
1.106554 1528454833.748166 0.000144 0.000184 0.000824 124.236239
1.119031 1528454833.760643 0.000145 0.000185 0.000828 124.004142
1.131480 1528454833.773092 0.000144 0.000185 0.000830 123.701823
1.144314 1528454833.785926 0.000146 0.000185 0.000826 124.235932
1.157991 1528454833.799603 0.000147 0.000184 0.000826 123.889229
1.169853 1528454833.811465 0.000144 0.000184 0.000825 123.945455
1.181974 1528454833.823586 0.000142 0.000184 0.000836 123.972515
1.195287 1528454833.836899 0.000144 0.000185 0.000828 123.962010
1.207439 1528454833.849051 0.000146 0.000184 0.000818 123.985293
1.220442 1528454833.862054 0.000147 0.000184 0.000812 124.596824
1.232515 1528454833.874127 0.000148 0.000184 0.000812 124.486663
1.245112 1528454833.886724 0.000147 0.000185 0.000809 124.188218
1.257762 1528454833.899374 0.000147 0.000186 0.000814 124.507090
1.270382 1528454833.911994 0.000148 0.000185 0.000823 124.318986
1.282639 1528454833.924251 0.000147 0.000185 0.000823 124.325673
1.294315 1528454833.935927 0.000148 0.000185 0.000825 124.446318
1.306867 1528454833.948479 0.000148 0.000184 0.000817 124.528032
1.319191 1528454833.960803 0.000148 0.000185 0.000823 124.606187
1.331736 1528454833.973348 0.000148 0.000185 0.000820 124.678423
1.344889 1528454833.986501 0.000148 0.000185 0.000823 124.694133
1.356738 1528454833.998350 0.000148 0.000185 0.000825 124.765084
1.369258 1528454834.010870 0.000148 0.000185 0.000825 124.631367
1.381749 1528454834.023361 0.000149 0.000185 0.000829 124.856466
1.394188 1528454834.035800 0.000150 0.000186 0.000822 125.044461
1.406844 1528454834.048456 0.000148 0.000186 0.000820 124.746173
1.419290 1528454834.060902 0.000151 0.000186 0.000818 125.246588
1.431843 1528454834.073455 0.000151 0.000186 0.000828 125.433940
1.444175 1528454834.085787 0.000149 0.000186 0.000828 125.158783
1.457095 1528454834.098707 0.000149 0.000186 0.000819 125.084036
1.469163 1528454834.110775 0.000150 0.000186 0.000831 125.249340
1.481544 1528454834.123156 0.000152 0.000186 0.000821 125.182746
1.493986 1528454834.135598 0.000153 0.000187 0.000827 125.116882
1.506349 1528454834.147961 0.000152 0.000186 0.000832 125.190240
1.518863 1528454834.160475 0.000150 0.000186 0.000841 124.968397
1.531307 1528454834.172919 0.000151 0.000185 0.000838 125.332638
1.543852 1528454834.185464 0.000155 0.000185 0.000829 125.656957
1.557031 1528454834.198643 0.000151 0.000185 0.000827 125.259233
1.570126 1528454834.211738 0.000153 0.000185 0.000825 125.085553
1.582488 1528454834.224100 0.000155 0.000184 0.000830 125.424333
1.595107 1528454834.236719 0.000156 0.000184 0.000827 125.589469
1.607346 1528454834.248958 0.000151 0.000184 0.000832 124.985241
1.619972 1528454834.261584 0.000153 0.000183 0.000825 124.957452
1.632375 1528454834.273988 0.000153 0.000184 0.000837 124.824930
1.644500 1528454834.286112 0.000153 0.000184 0.000820 125.019741
1.656720 1528454834.298332 0.000155 0.000184 0.000817 125.012063
1.668869 1528454834.310481 0.000152 0.000184 0.000825 124.434406
1.681899 1528454834.323511 0.000153 0.000183 0.000814 124.203981
1.694021 1528454834.335633 0.000155 0.000184 0.000814 124.105212
1.706633 1528454834.348245 0.000155 0.000183 0.000808 123.862366
1.719168 1528454834.360780 0.000157 0.000184 0.000803 124.172037
1.731815 1528454834.373427 0.000155 0.000184 0.000806 124.038942
1.744026 1528454834.385638 0.000156 0.000184 0.000799 123.816466
1.756746 1528454834.398358 0.000156 0.000183 0.000798 123.881232
1.769565 1528454834.411177 0.000154 0.000183 0.000802 123.771766
1.781483 1528454834.423095 0.000153 0.000184 0.000795 123.960485
1.794179 1528454834.435791 0.000154 0.000184 0.000794 123.633220
1.806612 1528454834.448224 0.000158 0.000184 0.000786 124.016247
1.819099 1528454834.460711 0.000158 0.000184 0.000788 123.749227
1.831600 1528454834.473212 0.000157 0.000186 0.000794 123.884406
1.844472 1528454834.486084 0.000157 0.000187 0.000791 123.733841
1.857091 1528454834.498703 0.000157 0.000187 0.000792 123.919148
1.869595 1528454834.511207 0.000159 0.000187 0.000800 123.908140
1.881996 1528454834.523608 0.000156 0.000188 0.000798 124.270290
1.894393 1528454834.536005 0.000158 0.000189 0.000798 124.237488
1.906943 1528454834.548555 0.000159 0.000190 0.000808 124.223922
1.919733 1528454834.561345 0.000159 0.000189 0.000804 124.297923
1.932182 1528454834.573794 0.000159 0.000189 0.000809 124.347922
1.944393 1528454834.586005 0.000160 0.000189 0.000813 124.717183
1.957289 1528454834.598901 0.000161 0.000190 0.000816 124.468744
1.969287 1528454834.610899 0.000159 0.000191 0.000819 124.451431
1.982002 1528454834.623614 0.000161 0.000190 0.000820 124.724265
1.994284 1528454834.635896 0.000161 0.000189 0.000817 124.602250
2.007371 1528454834.648983 0.000162 0.000189 0.000819 124.937848
2.020367 1528454834.661979 0.000161 0.000189 0.000830 124.625497
2.032998 1528454834.674610 0.000164 0.000189 0.000814 124.569509
2.044969 1528454834.686581 0.000160 0.000188 0.000826 124.074084
2.056653 1528454834.698265 0.000161 0.000188 0.000827 124.171062
2.069148 1528454834.710760 0.000164 0.000188 0.000811 124.255412
2.081687 1528454834.723300 0.000162 0.000187 0.000829 123.881124
2.094187 1528454834.735799 0.000163 0.000187 0.000828 123.947251
2.106672 1528454834.748284 0.000163 0.000186 0.000831 123.810151
2.118910 1528454834.760522 0.000164 0.000187 0.000821 124.059878
2.132807 1528454834.774419 0.000163 0.000185 0.000827 123.817306
2.144166 1528454834.785778 0.000163 0.000187 0.000810 123.707541
2.156747 1528454834.798359 0.000162 0.000185 0.000817 123.353466
2.169813 1528454834.811425 0.000163 0.000183 0.000818 123.439384
2.182859 1528454834.824471 0.000162 0.000183 0.000815 123.283744
2.195682 1528454834.837294 0.000166 0.000183 0.000804 123.076366
2.207975 1528454834.849587 0.000166 0.000181 0.000808 122.900186
2.219909 1528454834.861521 0.000168 0.000182 0.000799 123.231232
2.232594 1528454834.874207 0.000169 0.000180 0.000798 123.050311
2.245934 1528454834.887546 0.000169 0.000181 0.000782 123.211485
2.257196 1528454834.898808 0.000170 0.000180 0.000773 123.442946
2.269713 1528454834.911325 0.000169 0.000180 0.000773 123.638137
2.282174 1528454834.923786 0.000172 0.000181 0.000765 123.825293
2.294771 1528454834.936383 0.000171 0.000180 0.000764 123.748070
2.307489 1528454834.949101 0.000173 0.000182 0.000755 123.911658
2.319680 1528454834.961292 0.000173 0.000181 0.000744 123.898143
2.332177 1528454834.973789 0.000172 0.000181 0.000743 123.838027
2.344740 1528454834.986352 0.000171 0.000184 0.000736 124.115909
2.356940 1528454834.998552 0.000172 0.000185 0.000710 123.843454
2.369593 1528454835.011205 0.000170 0.000180 0.000731 124.212580
2.382112 1528454835.023724 0.000171 0.000182 0.000732 124.325982
2.394552 1528454835.036165 0.000171 0.000181 0.000732 124.193747
2.406988 1528454835.048600 0.000171 0.000183 0.000751 124.697149
2.420045 1528454835.061657 0.000171 0.000182 0.000784 124.864975
2.432148 1528454835.073760 0.000170 0.000182 0.000815 124.706802
2.444606 1528454835.086218 0.000172 0.000182 0.000812 124.561244
2.457178 1528454835.098790 0.000171 0.000183 0.000815 124.621261
2.469630 1528454835.111243 0.000172 0.000183 0.000838 124.555647
2.482206 1528454835.123818 0.000171 0.000182 0.000819 124.786542
2.494696 1528454835.136308 0.000169 0.000181 0.000835 125.107699
2.507231 1528454835.148843 0.000169 0.000181 0.000832 125.182266
2.519797 1528454835.161409 0.000170 0.000181 0.000834 125.151019
2.532576 1528454835.174188 0.000172 0.000182 0.000825 125.541521
2.544888 1528454835.186500 0.000170 0.000181 0.000833 125.327755
2.557410 1528454835.199022 0.000172 0.000182 0.000828 125.391285
2.570058 1528454835.211670 0.000171 0.000182 0.000826 125.009110
2.582187 1528454835.223799 0.000169 0.000181 0.000830 124.732873
2.594857 1528454835.236470 0.000172 0.000182 0.000823 124.753306
2.607184 1528454835.248796 0.000172 0.000181 0.000818 124.816428
2.619694 1528454835.261306 0.000170 0.000181 0.000823 124.776076
2.632063 1528454835.273675 0.000172 0.000181 0.000810 124.521528
2.644643 1528454835.286255 0.000171 0.000182 0.000819 124.671105
2.657067 1528454835.298679 0.000173 0.000181 0.000823 124.618338
2.670132 1528454835.311744 0.000170 0.000181 0.000816 124.248069
2.682509 1528454835.324121 0.000171 0.000181 0.000817 124.431665
2.694614 1528454835.336226 0.000173 0.000180 0.000816 124.587339
2.707140 1528454835.348752 0.000173 0.000180 0.000806 124.411884
2.719332 1528454835.360944 0.000174 0.000181 0.000800 124.278104
2.731655 1528454835.373267 0.000174 0.000181 0.000789 124.224187
2.744217 1528454835.385829 0.000174 0.000182 0.000786 124.254009
2.756597 1528454835.398209 0.000175 0.000182 0.000780 124.161970
2.768978 1528454835.410590 0.000176 0.000181 0.000768 123.663972
2.781428 1528454835.423040 0.000174 0.000184 0.000754 123.614601
2.794081 1528454835.435693 0.000175 0.000185 0.000742 123.261154
2.806284 1528454835.447896 0.000176 0.000183 0.000732 122.880856
2.818956 1528454835.460568 0.000175 0.000186 0.000728 122.616853
2.831412 1528454835.473024 0.000176 0.000185 0.000720 122.396865
2.844120 1528454835.485732 0.000176 0.000186 0.000718 122.190779
2.856733 1528454835.498345 0.000177 0.000185 0.000714 121.777275
2.869493 1528454835.511105 0.000178 0.000182 0.000705 121.216180
2.881895 1528454835.523507 0.000177 0.000184 0.000707 120.951033
2.894193 1528454835.535805 0.000176 0.000183 0.000710 120.633141
2.906769 1528454835.548381 0.000175 0.000184 0.000710 120.493995
2.919662 1528454835.561274 0.000176 0.000184 0.000715 120.490837
2.931648 1528454835.573261 0.000176 0.000184 0.000716 120.314449
2.944725 1528454835.586337 0.000176 0.000181 0.000714 119.919393
2.957622 1528454835.599234 0.000176 0.000183 0.000709 119.882856
2.970335 1528454835.611947 0.000174 0.000176 0.000722 119.781767
2.982767 1528454835.624379 0.000174 0.000176 0.000723 119.934363
2.995407 1528454835.637019 0.000175 0.000180 0.000724 120.553921
3.007629 1528454835.649241 0.000175 0.000179 0.000724 121.118985
3.019712 1528454835.661324 0.000176 0.000179 0.000748 121.685079
3.032399 1528454835.674011 0.000176 0.000180 0.000758 121.803294
3.044877 1528454835.686489 0.000175 0.000182 0.000757 122.052273
3.057343 1528454835.698956 0.000176 0.000181 0.000758 122.809751
3.069669 1528454835.711282 0.000174 0.000183 0.000798 123.070349
3.082396 1528454835.724008 0.000173 0.000183 0.000799 123.071644
3.094702 1528454835.736315 0.000176 0.000183 0.000790 123.618737
3.107327 1528454835.748939 0.000175 0.000183 0.000809 123.713808
3.119867 1528454835.761479 0.000174 0.000183 0.000801 124.021286
3.132292 1528454835.773904 0.000172 0.000184 0.000801 123.809801
3.144707 1528454835.786319 0.000173 0.000184 0.000805 123.895563
3.157429 1528454835.799041 0.000176 0.000184 0.000790 123.989848
3.170274 1528454835.811886 0.000177 0.000186 0.000805 124.100658
3.182299 1528454835.823911 0.000178 0.000184 0.000797 124.069413
3.194640 1528454835.836252 0.000175 0.000185 0.000805 123.750014
3.207460 1528454835.849072 0.000176 0.000185 0.000797 123.426992
3.219739 1528454835.861351 0.000180 0.000185 0.000797 123.375974
3.232037 1528454835.873649 0.000179 0.000185 0.000796 123.319277
3.244551 1528454835.886163 0.000179 0.000184 0.000798 123.264813
3.257783 1528454835.899395 0.000179 0.000184 0.000798 122.989147
3.270182 1528454835.911794 0.000180 0.000185 0.000779 123.205860
3.282813 1528454835.924425 0.000179 0.000184 0.000793 123.676016
3.295238 1528454835.936850 0.000177 0.000184 0.000789 123.426689
3.307943 1528454835.949555 0.000178 0.000184 0.000786 123.152311
3.320169 1528454835.961781 0.000179 0.000181 0.000781 122.666776
3.332100 1528454835.973712 0.000178 0.000180 0.000788 122.608631
3.344715 1528454835.986327 0.000180 0.000182 0.000769 122.747369
3.356751 1528454835.998363 0.000179 0.000182 0.000761 122.539524
3.369836 1528454836.011448 0.000179 0.000181 0.000757 122.032788
3.382173 1528454836.023785 0.000178 0.000183 0.000750 122.226503
3.394588 1528454836.036200 0.000178 0.000182 0.000754 121.953753
3.408176 1528454836.049788 0.000177 0.000182 0.000754 121.705152
3.420366 1528454836.061978 0.000175 0.000180 0.000754 121.132433
3.432887 1528454836.074499 0.000176 0.000182 0.000746 121.052204
3.445205 1528454836.086817 0.000176 0.000182 0.000745 120.595956
3.456905 1528454836.098517 0.000175 0.000181 0.000747 120.151030
3.470692 1528454836.112304 0.000174 0.000181 0.000748 119.815826
3.483228 1528454836.124840 0.000174 0.000180 0.000745 119.170905
3.495260 1528454836.136872 0.000174 0.000179 0.000744 118.456341
3.507826 1528454836.149438 0.000173 0.000178 0.000753 118.034984
3.519715 1528454836.161327 0.000174 0.000178 0.000754 117.769983
3.531811 1528454836.173423 0.000174 0.000179 0.000745 117.070301
3.544744 1528454836.186356 0.000175 0.000180 0.000739 116.677837
3.556731 1528454836.198343 0.000174 0.000180 0.000727 116.182205
3.569216 1528454836.210828 0.000175 0.000181 0.000723 115.762868
3.582035 1528454836.223647 0.000176 0.000182 0.000714 115.387573
3.594497 1528454836.236109 0.000173 0.000181 0.000723 115.030433
3.607753 1528454836.249365 0.000174 0.000184 0.000709 114.400423
3.620135 1528454836.261747 0.000175 0.000183 0.000704 114.339111
3.632827 1528454836.274439 0.000175 0.000183 0.000706 114.117765
3.645247 1528454836.286859 0.000173 0.000186 0.000699 113.784703
3.657648 1528454836.299260 0.000175 0.000186 0.000693 113.906231
3.670286 1528454836.311898 0.000174 0.000185 0.000692 113.678748
3.682214 1528454836.323826 0.000175 0.000187 0.000681 113.479805
3.694945 1528454836.336557 0.000175 0.000187 0.000684 113.442573
3.707375 1528454836.348987 0.000171 0.000188 0.000685 113.382036
3.720139 1528454836.361751 0.000170 0.000192 0.000675 113.243564
3.732654 1528454836.374266 0.000170 0.000191 0.000678 113.382909
3.745310 1528454836.386922 0.000169 0.000194 0.000670 113.116309
3.758060 1528454836.399673 0.000165 0.000195 0.000680 113.237166
3.770027 1528454836.411639 0.000162 0.000195 0.000677 113.179077
3.782323 1528454836.423935 0.000160 0.000192 0.000701 113.651965
3.794841 1528454836.436453 0.000160 0.000191 0.000697 113.812680
3.807515 1528454836.449127 0.000163 0.000192 0.000689 113.764834
3.820036 1528454836.461648 0.000163 0.000192 0.000695 113.944764
3.833300 1528454836.474912 0.000161 0.000193 0.000694 113.725003
3.845304 1528454836.486916 0.000162 0.000191 0.000702 114.133952
3.857350 1528454836.498962 0.000162 0.000190 0.000703 114.075833
3.870097 1528454836.511709 0.000159 0.000190 0.000710 114.191113
3.882390 1528454836.524002 0.000157 0.000189 0.000712 114.297900
3.894891 1528454836.536503 0.000159 0.000189 0.000705 114.074110
3.907702 1528454836.549314 0.000158 0.000189 0.000704 113.954129
3.920467 1528454836.562079 0.000161 0.000188 0.000696 114.094650
3.932531 1528454836.574143 0.000161 0.000185 0.000704 114.355426
3.944896 1528454836.586509 0.000162 0.000185 0.000701 114.061825
3.957878 1528454836.599490 0.000163 0.000185 0.000702 114.021029
3.969609 1528454836.611222 0.000161 0.000184 0.000704 113.901883
3.981962 1528454836.623574 0.000163 0.000184 0.000703 113.795164
3.994164 1528454836.635777 0.000163 0.000184 0.000704 113.613179
4.006904 1528454836.648516 0.000161 0.000184 0.000712 113.521000
4.019598 1528454836.661211 0.000159 0.000185 0.000710 112.977347
4.031934 1528454836.673546 0.000158 0.000185 0.000703 112.606190
4.044410 1528454836.686023 0.000158 0.000185 0.000704 112.333806
4.056762 1528454836.698374 0.000155 0.000186 0.000710 111.984380
4.069324 1528454836.710936 0.000153 0.000187 0.000708 111.293070
4.082359 1528454836.723971 0.000155 0.000188 0.000707 111.078376
4.094666 1528454836.736278 0.000154 0.000188 0.000700 110.639165
4.107030 1528454836.748642 0.000152 0.000188 0.000712 110.099101
4.119352 1528454836.760964 0.000153 0.000189 0.000704 109.348777
4.131841 1528454836.773453 0.000153 0.000191 0.000693 108.596885
4.145476 1528454836.787088 0.000154 0.000192 0.000684 107.736902
4.156912 1528454836.798524 0.000149 0.000194 0.000679 106.626042
4.169171 1528454836.810783 0.000152 0.000195 0.000673 105.877651
4.181676 1528454836.823288 0.000152 0.000197 0.000655 104.705428
4.194326 1528454836.835938 0.000148 0.000199 0.000660 103.903923
4.207044 1528454836.848656 0.000151 0.000199 0.000651 103.382399
4.219557 1528454836.861169 0.000148 0.000200 0.000658 102.541397
4.231942 1528454836.873554 0.000146 0.000203 0.000657 101.942615
4.244053 1528454836.885665 0.000145 0.000202 0.000664 101.704009
4.256894 1528454836.898506 0.000145 0.000205 0.000650 101.067259
4.269407 1528454836.911019 0.000141 0.000206 0.000656 100.695029
4.281672 1528454836.923284 0.000141 0.000208 0.000653 100.297938
4.294385 1528454836.935997 0.000138 0.000209 0.000645 99.174893
4.307107 1528454836.948720 0.000138 0.000211 0.000634 98.343699
4.319617 1528454836.961229 0.000138 0.000211 0.000638 97.703738
4.331825 1528454836.973437 0.000141 0.000214 0.000630 97.018233
4.344447 1528454836.986059 0.000137 0.000218 0.000626 95.699576
4.356856 1528454836.998468 0.000138 0.000219 0.000617 94.521810
4.370329 1528454837.011941 0.000138 0.000222 0.000620 93.979332
4.383076 1528454837.024688 0.000137 0.000223 0.000626 93.723586
4.395676 1528454837.037288 0.000138 0.000222 0.000617 93.224589
4.407833 1528454837.049445 0.000133 0.000223 0.000617 92.987037
4.420154 1528454837.061766 0.000134 0.000223 0.000621 92.625109
4.432826 1528454837.074438 0.000131 0.000223 0.000622 92.574780
4.444978 1528454837.086590 0.000132 0.000223 0.000619 92.512844
4.458106 1528454837.099718 0.000131 0.000225 0.000614 92.097884
4.470449 1528454837.112061 0.000129 0.000223 0.000617 91.878715
4.482749 1528454837.124361 0.000128 0.000223 0.000612 91.615127
4.495035 1528454837.136647 0.000126 0.000225 0.000611 91.432757
4.507365 1528454837.148977 0.000124 0.000224 0.000612 91.056112
4.519928 1528454837.161540 0.000125 0.000225 0.000606 90.454231
4.532545 1528454837.174157 0.000124 0.000224 0.000611 90.207670
4.545080 1528454837.186692 0.000121 0.000225 0.000619 90.054200
4.557750 1528454837.199363 0.000120 0.000225 0.000609 89.766256
4.570189 1528454837.211801 0.000119 0.000224 0.000611 89.868914
4.582829 1528454837.224441 0.000118 0.000226 0.000612 89.468571
4.595475 1528454837.237087 0.000121 0.000224 0.000607 89.402554
4.608219 1528454837.249831 0.000118 0.000226 0.000613 89.654205
4.619868 1528454837.261480 0.000119 0.000225 0.000611 89.843013
4.632455 1528454837.274067 0.000120 0.000224 0.000609 90.061114
4.644494 1528454837.286106 0.000118 0.000223 0.000617 90.463270
4.656785 1528454837.298398 0.000118 0.000225 0.000628 91.002119
4.669558 1528454837.311170 0.000120 0.000224 0.000608 91.154685
4.682318 1528454837.323930 0.000119 0.000222 0.000619 91.459640
4.694890 1528454837.336502 0.000122 0.000221 0.000610 91.771241
4.707778 1528454837.349390 0.000122 0.000220 0.000620 92.058516
4.720118 1528454837.361730 0.000120 0.000221 0.000619 92.486173
4.732817 1528454837.374429 0.000124 0.000219 0.000615 92.747722
4.745535 1528454837.387147 0.000120 0.000221 0.000638 93.568328
4.758157 1528454837.399769 0.000123 0.000218 0.000627 93.526019
4.770400 1528454837.412012 0.000122 0.000218 0.000630 93.992298
4.783030 1528454837.424642 0.000126 0.000220 0.000621 93.701779
4.795027 1528454837.436639 0.000121 0.000218 0.000634 94.046747
4.807871 1528454837.449483 0.000122 0.000218 0.000630 93.603241
4.820000 1528454837.461612 0.000124 0.000217 0.000627 93.814266
4.832449 1528454837.474061 0.000124 0.000217 0.000622 93.969897
4.845053 1528454837.486665 0.000121 0.000218 0.000627 94.026457
4.858688 1528454837.500300 0.000123 0.000217 0.000630 94.410938
4.870189 1528454837.511801 0.000124 0.000217 0.000640 94.603419
4.882958 1528454837.524570 0.000126 0.000217 0.000635 95.330407
4.895159 1528454837.536772 0.000126 0.000220 0.000625 95.892301
4.907403 1528454837.549015 0.000125 0.000222 0.000631 96.480798
4.920089 1528454837.561701 0.000126 0.000224 0.000645 97.245972
4.932659 1528454837.574271 0.000126 0.000223 0.000651 97.761037
4.944948 1528454837.586560 0.000125 0.000223 0.000660 98.518715
4.957780 1528454837.599392 0.000126 0.000222 0.000660 98.665121
4.971509 1528454837.613121 0.000126 0.000222 0.000664 99.050031
4.982934 1528454837.624546 0.000128 0.000219 0.000657 99.030302
4.995204 1528454837.636816 0.000125 0.000220 0.000662 99.176694
5.007719 1528454837.649331 0.000126 0.000219 0.000669 99.386388
5.020060 1528454837.661672 0.000126 0.000218 0.000666 99.161771
5.032521 1528454837.674134 0.000123 0.000219 0.000670 99.182404
5.045377 1528454837.686990 0.000126 0.000219 0.000659 98.858470
5.057626 1528454837.699238 0.000124 0.000220 0.000667 98.855584
5.070152 1528454837.711764 0.000124 0.000221 0.000663 98.434621
5.082700 1528454837.724312 0.000125 0.000220 0.000668 98.207947
5.095148 1528454837.736760 0.000126 0.000218 0.000663 97.591714
5.107897 1528454837.749509 0.000126 0.000219 0.000650 96.831649
5.120254 1528454837.761866 0.000127 0.000216 0.000651 95.956153
5.132656 1528454837.774268 0.000129 0.000214 0.000649 95.411932
5.145265 1528454837.786877 0.000127 0.000212 0.000657 94.841624
5.157841 1528454837.799453 0.000124 0.000210 0.000662 93.990974
5.170033 1528454837.811645 0.000126 0.000206 0.000672 93.235565
5.182486 1528454837.824098 0.000124 0.000204 0.000659 92.561968
5.195103 1528454837.836715 0.000123 0.000201 0.000662 91.772262
5.207881 1528454837.849493 0.000122 0.000201 0.000660 90.893395
5.220318 1528454837.861930 0.000121 0.000200 0.000653 90.054255
5.232892 1528454837.874504 0.000120 0.000198 0.000653 89.249149
5.245270 1528454837.886882 0.000122 0.000199 0.000641 88.206714
5.257535 1528454837.899147 0.000120 0.000194 0.000647 87.516006
5.270362 1528454837.911974 0.000120 0.000195 0.000634 86.713254
5.282762 1528454837.924374 0.000119 0.000196 0.000640 86.049417
5.294986 1528454837.936599 0.000121 0.000192 0.000632 85.236268
5.307493 1528454837.949105 0.000119 0.000191 0.000634 84.382336
5.320246 1528454837.961858 0.000119 0.000189 0.000642 83.938729
5.332626 1528454837.974238 0.000119 0.000188 0.000641 83.339086
5.345639 1528454837.987251 0.000120 0.000183 0.000644 82.752150
5.359123 1528454838.000735 0.000120 0.000184 0.000651 82.397066
5.371110 1528454838.012722 0.000120 0.000183 0.000649 81.873649
5.383164 1528454838.024776 0.000120 0.000181 0.000652 81.386935
5.394912 1528454838.036524 0.000118 0.000183 0.000641 81.195552
5.408719 1528454838.050331 0.000120 0.000179 0.000652 80.570953
5.421172 1528454838.062784 0.000118 0.000184 0.000649 80.277168
5.433517 1528454838.075129 0.000119 0.000184 0.000632 79.862809
5.445964 1528454838.087576 0.000118 0.000187 0.000635 79.736195
5.458698 1528454838.100310 0.000118 0.000186 0.000630 79.673192
5.470783 1528454838.112395 0.000116 0.000188 0.000630 79.519701
5.482483 1528454838.124095 0.000118 0.000189 0.000626 79.462370
5.494724 1528454838.136336 0.000117 0.000189 0.000624 79.253238
5.507511 1528454838.149123 0.000118 0.000188 0.000620 79.038660
5.519739 1528454838.161351 0.000119 0.000185 0.000591 79.152426
5.532312 1528454838.173924 0.000120 0.000182 0.000589 78.916549
5.544663 1528454838.186275 0.000119 0.000185 0.000603 78.647006
5.557456 1528454838.199068 0.000118 0.000184 0.000600 78.700347
5.569855 1528454838.211467 0.000119 0.000182 0.000584 78.462504
5.582590 1528454838.224202 0.000119 0.000179 0.000572 78.336767
5.595018 1528454838.236630 0.000117 0.000180 0.000583 78.542699
5.608187 1528454838.249799 0.000118 0.000186 0.000598 78.515894
5.620773 1528454838.262385 0.000119 0.000181 0.000585 78.586774
5.633149 1528454838.274761 0.000119 0.000182 0.000582 78.596639
5.645398 1528454838.287010 0.000117 0.000186 0.000596 78.864147
5.657070 1528454838.298682 0.000118 0.000185 0.000591 78.786839
5.670112 1528454838.311724 0.000118 0.000184 0.000586 78.761481
5.682566 1528454838.324178 0.000118 0.000184 0.000580 78.975943
5.694696 1528454838.336308 0.000116 0.000186 0.000605 78.966711
5.707845 1528454838.349457 0.000117 0.000187 0.000598 78.972102
5.720456 1528454838.362068 0.000116 0.000188 0.000610 79.253230
5.732875 1528454838.374487 0.000115 0.000189 0.000611 79.301026
5.745810 1528454838.387422 0.000116 0.000185 0.000597 79.110695
5.758086 1528454838.399698 0.000115 0.000191 0.000624 79.066447
5.769700 1528454838.411312 0.000115 0.000188 0.000604 78.967700
5.782484 1528454838.424096 0.000117 0.000186 0.000589 78.733049
5.794709 1528454838.436321 0.000117 0.000185 0.000578 78.785193
5.807790 1528454838.449402 0.000118 0.000185 0.000583 78.601895
5.820145 1528454838.461757 0.000115 0.000198 0.000629 78.207354
5.832582 1528454838.474194 0.000115 0.000200 0.000636 78.132363
5.845153 1528454838.486765 0.000118 0.000184 0.000566 77.893956
5.857531 1528454838.499143 0.000115 0.000202 0.000635 77.640307
5.870779 1528454838.512391 0.000118 0.000199 0.000593 77.588700
5.882381 1528454838.523993 0.000117 0.000197 0.000586 77.412511
5.894793 1528454838.536405 0.000118 0.000196 0.000575 77.136399
5.907606 1528454838.549218 0.000119 0.000195 0.000565 76.673558
5.920294 1528454838.561906 0.000120 0.000179 0.000551 76.647961
5.932841 1528454838.574453 0.000118 0.000190 0.000577 76.485701
5.945107 1528454838.586719 0.000121 0.000194 0.000573 75.762447
5.957775 1528454838.599387 0.000122 0.000185 0.000560 75.990597
5.970145 1528454838.611758 0.000120 0.000200 0.000623 75.701046
5.982708 1528454838.624321 0.000123 0.000199 0.000592 75.456578
5.999749 1528454838.641361 0.000126 0.000195 0.000614 75.449467
6.007670 1528454838.649282 0.000129 0.000194 0.000614 74.967445
6.020259 1528454838.661871 0.000132 0.000185 0.000600 74.111305
6.032936 1528454838.674548 0.000132 0.000180 0.000565 73.065328
6.044899 1528454838.686511 0.000131 0.000182 0.000589 72.467061
6.057808 1528454838.699420 0.000131 0.000181 0.000574 71.427968
6.070200 1528454838.711812 0.000131 0.000173 0.000580 70.259496
6.082382 1528454838.723994 0.000129 0.000172 0.000591 69.758542
6.095134 1528454838.736746 0.000129 0.000170 0.000557 68.523484
6.107462 1528454838.749074 0.000129 0.000168 0.000544 67.792221
6.119828 1528454838.761441 0.000129 0.000167 0.000540 67.417096
6.132692 1528454838.774304 0.000127 0.000168 0.000556 67.014455
6.145540 1528454838.787153 0.000127 0.000165 0.000545 66.900580
6.157442 1528454838.799054 0.000127 0.000165 0.000549 66.453728
6.170047 1528454838.811659 0.000128 0.000162 0.000551 65.715166
6.182397 1528454838.824009 0.000126 0.000162 0.000562 65.885365
6.194921 1528454838.836533 0.000125 0.000163 0.000564 66.003304
6.207551 1528454838.849164 0.000125 0.000163 0.000583 65.743541
6.220115 1528454838.861727 0.000125 0.000162 0.000579 65.764242
6.232750 1528454838.874362 0.000124 0.000162 0.000580 65.581034
6.245536 1528454838.887148 0.000125 0.000159 0.000565 65.042576
6.257822 1528454838.899434 0.000124 0.000159 0.000588 64.964578
6.270199 1528454838.911811 0.000123 0.000160 0.000603 65.127647
6.282606 1528454838.924218 0.000123 0.000159 0.000596 64.519761
6.294933 1528454838.936545 0.000124 0.000156 0.000591 64.507521
6.307587 1528454838.949199 0.000122 0.000158 0.000609 64.350942
6.320179 1528454838.961792 0.000122 0.000161 0.000610 64.695211
6.332696 1528454838.974308 0.000120 0.000161 0.000626 64.482722
6.344985 1528454838.986597 0.000121 0.000158 0.000622 64.156180
6.357684 1528454838.999296 0.000121 0.000160 0.000620 64.487267
6.370176 1528454839.011788 0.000120 0.000161 0.000633 64.352513
6.382671 1528454839.024283 0.000120 0.000158 0.000621 64.025369
6.394944 1528454839.036556 0.000120 0.000159 0.000630 64.112055
6.407852 1528454839.049464 0.000119 0.000159 0.000634 64.224957
6.420115 1528454839.061727 0.000119 0.000159 0.000628 64.031348
6.432768 1528454839.074380 0.000119 0.000157 0.000626 63.865226
6.445246 1528454839.086858 0.000119 0.000159 0.000628 63.706068
6.457611 1528454839.099223 0.000119 0.000159 0.000632 63.813378
6.469996 1528454839.111608 0.000119 0.000158 0.000643 63.835780
6.482791 1528454839.124403 0.000118 0.000160 0.000631 63.693846
6.494850 1528454839.136462 0.000119 0.000156 0.000639 63.380296
6.507635 1528454839.149247 0.000118 0.000158 0.000640 63.518873
6.520573 1528454839.162185 0.000118 0.000156 0.000647 63.170169
6.532778 1528454839.174390 0.000117 0.000159 0.000652 63.439612
6.545242 1528454839.186854 0.000117 0.000157 0.000651 63.006360
6.557772 1528454839.199384 0.000117 0.000155 0.000660 62.879046
6.570086 1528454839.211698 0.000117 0.000156 0.000653 62.806332
6.582830 1528454839.224442 0.000117 0.000157 0.000661 62.754086
6.595135 1528454839.236747 0.000117 0.000154 0.000661 62.532118
6.607644 1528454839.249256 0.000117 0.000155 0.000661 62.452234
6.620018 1528454839.261631 0.000117 0.000155 0.000671 62.254140
6.633757 1528454839.275369 0.000116 0.000154 0.000673 62.054135
6.645982 1528454839.287594 0.000116 0.000155 0.000687 62.062665
6.659096 1528454839.300708 0.000116 0.000153 0.000690 61.683928
6.671026 1528454839.312638 0.000117 0.000153 0.000686 61.604923
6.682921 1528454839.324533 0.000116 0.000153 0.000698 61.643426
6.695914 1528454839.337526 0.000115 0.000154 0.000687 61.543937
6.707882 1528454839.349494 0.000116 0.000153 0.000693 61.450551
6.720678 1528454839.362290 0.000114 0.000155 0.000704 61.477679
6.733164 1528454839.374776 0.000115 0.000155 0.000703 61.280093
6.745498 1528454839.387110 0.000115 0.000154 0.000698 61.085744
6.758332 1528454839.399944 0.000115 0.000154 0.000700 61.124657
6.770736 1528454839.412349 0.000116 0.000154 0.000702 60.936056
6.783384 1528454839.424996 0.000116 0.000154 0.000707 60.932229
6.795814 1528454839.437426 0.000117 0.000154 0.000702 60.718320
6.808795 1528454839.450408 0.000117 0.000155 0.000699 60.795686
6.821061 1528454839.462673 0.000116 0.000156 0.000703 60.932733
6.832908 1528454839.474520 0.000116 0.000156 0.000704 60.881565
6.845715 1528454839.487327 0.000116 0.000156 0.000713 60.745945
6.858152 1528454839.499764 0.000117 0.000154 0.000696 60.585261
6.870548 1528454839.512160 0.000117 0.000153 0.000708 60.469101
6.882727 1528454839.524339 0.000117 0.000154 0.000702 60.434184
6.895074 1528454839.536686 0.000117 0.000154 0.000708 60.281757
6.908502 1528454839.550114 0.000116 0.000155 0.000714 60.418742
6.920334 1528454839.561946 0.000116 0.000154 0.000711 60.356416
6.932880 1528454839.574492 0.000118 0.000153 0.000703 60.051943
6.945695 1528454839.587307 0.000119 0.000153 0.000709 59.750621
6.957778 1528454839.599390 0.000121 0.000149 0.000715 58.941358
6.970443 1528454839.612056 0.000121 0.000151 0.000715 58.756732
6.982664 1528454839.624276 0.000121 0.000148 0.000728 58.566682
6.995200 1528454839.636812 0.000120 0.000151 0.000728 58.829885
7.007731 1528454839.649343 0.000121 0.000148 0.000722 58.415329
7.021348 1528454839.662960 0.000120 0.000149 0.000730 58.419305
7.032784 1528454839.674396 0.000120 0.000150 0.000713 58.468551
7.045316 1528454839.686928 0.000120 0.000150 0.000713 58.190290
7.057688 1528454839.699301 0.000119 0.000149 0.000724 58.425031
7.070354 1528454839.711967 0.000119 0.000150 0.000718 58.448470
7.082920 1528454839.724532 0.000119 0.000149 0.000727 58.501276
7.096499 1528454839.738111 0.000118 0.000149 0.000715 58.303839
7.109127 1528454839.750739 0.000117 0.000149 0.000721 58.225721
7.121600 1528454839.763212 0.000118 0.000149 0.000711 57.847025
7.134167 1528454839.775779 0.000118 0.000145 0.000726 57.791713
7.145345 1528454839.786957 0.000117 0.000147 0.000717 57.537929
7.157383 1528454839.798995 0.000116 0.000148 0.000725 57.645684
7.170084 1528454839.811696 0.000116 0.000146 0.000722 57.505168
7.183808 1528454839.825420 0.000117 0.000144 0.000732 57.487011
7.196396 1528454839.838008 0.000117 0.000147 0.000723 57.625143
7.209151 1528454839.850763 0.000116 0.000145 0.000728 57.595639
7.220886 1528454839.862498 0.000116 0.000147 0.000725 57.866983
7.232835 1528454839.874447 0.000117 0.000147 0.000725 57.855727
7.245223 1528454839.886835 0.000117 0.000145 0.000731 57.759758
7.257395 1528454839.899007 0.000117 0.000147 0.000725 57.673319
7.270140 1528454839.911752 0.000117 0.000146 0.000728 57.656007
7.282327 1528454839.923939 0.000116 0.000147 0.000724 57.612938
7.294775 1528454839.936387 0.000117 0.000146 0.000725 57.617451
7.307644 1528454839.949256 0.000116 0.000148 0.000720 57.672296
7.320174 1528454839.961786 0.000116 0.000145 0.000721 57.332013
7.332605 1528454839.974217 0.000115 0.000148 0.000733 57.663517
7.345224 1528454839.986836 0.000116 0.000146 0.000723 57.480612
7.357673 1528454839.999285 0.000115 0.000147 0.000726 57.587405
7.370177 1528454840.011789 0.000116 0.000144 0.000734 57.416083
7.382509 1528454840.024122 0.000116 0.000146 0.000726 57.087569
7.394843 1528454840.036455 0.000115 0.000145 0.000731 57.144869
7.407702 1528454840.049314 0.000115 0.000145 0.000723 57.212136
7.420026 1528454840.061638 0.000116 0.000144 0.000733 57.092856
7.432882 1528454840.074494 0.000116 0.000146 0.000724 56.968217
7.445155 1528454840.086767 0.000116 0.000144 0.000723 57.047573
7.457463 1528454840.099075 0.000116 0.000145 0.000729 56.966566
7.470318 1528454840.111930 0.000117 0.000145 0.000722 56.882171
7.482799 1528454840.124411 0.000117 0.000144 0.000725 56.878155
7.495110 1528454840.136722 0.000116 0.000148 0.000719 57.103504
7.508652 1528454840.150265 0.000117 0.000145 0.000725 56.910589
7.521242 1528454840.162854 0.000118 0.000149 0.000711 56.903776
7.533568 1528454840.175180 0.000118 0.000147 0.000719 56.881058
7.547022 1528454840.188634 0.000118 0.000148 0.000714 56.929060
7.558561 1528454840.200173 0.000119 0.000147 0.000712 56.731732
7.571084 1528454840.212696 0.000119 0.000148 0.000719 56.905983
7.583773 1528454840.225385 0.000120 0.000148 0.000720 56.817516
7.595893 1528454840.237505 0.000119 0.000150 0.000717 57.099450
7.608202 1528454840.249814 0.000120 0.000149 0.000722 56.806328
7.620272 1528454840.261884 0.000121 0.000150 0.000705 56.768672
7.632457 1528454840.274070 0.000121 0.000147 0.000716 56.735353
7.645004 1528454840.286616 0.000121 0.000151 0.000714 56.914150
7.658610 1528454840.300222 0.000121 0.000149 0.000716 56.552054
7.671401 1528454840.313013 0.000121 0.000149 0.000712 56.534728
7.683367 1528454840.324979 0.000121 0.000151 0.000710 56.566649
7.696228 1528454840.337840 0.000122 0.000151 0.000719 56.031662
7.708119 1528454840.349731 0.000122 0.000148 0.000732 55.736727
7.720345 1528454840.361957 0.000122 0.000150 0.000727 56.021516
7.732988 1528454840.374600 0.000123 0.000149 0.000742 56.185900
7.745114 1528454840.386726 0.000124 0.000148 0.000738 56.554801
7.758269 1528454840.399881 0.000125 0.000146 0.000736 56.635366
7.771112 1528454840.412724 0.000124 0.000148 0.000728 56.629178
7.782709 1528454840.424321 0.000124 0.000147 0.000732 56.509719
7.795128 1528454840.436740 0.000123 0.000146 0.000735 56.462483
7.809166 1528454840.450778 0.000124 0.000147 0.000730 56.213389
7.820902 1528454840.462514 0.000124 0.000146 0.000735 56.220500
7.833156 1528454840.474768 0.000123 0.000147 0.000731 56.273622
7.845205 1528454840.486817 0.000123 0.000147 0.000728 56.272741
7.858558 1528454840.500170 0.000122 0.000147 0.000732 56.135569
7.871183 1528454840.512795 0.000122 0.000146 0.000729 56.003987
7.882695 1528454840.524307 0.000122 0.000147 0.000727 56.139649
7.894980 1528454840.536592 0.000121 0.000146 0.000729 56.048728
7.907584 1528454840.549196 0.000121 0.000145 0.000728 56.024936
7.920359 1528454840.561971 0.000121 0.000146 0.000724 55.868533
7.932612 1528454840.574224 0.000121 0.000148 0.000725 56.057381
7.945002 1528454840.586614 0.000121 0.000147 0.000717 55.763271
7.957519 1528454840.599131 0.000121 0.000145 0.000720 55.666163
7.970204 1528454840.611816 0.000120 0.000147 0.000721 55.647900
7.982675 1528454840.624287 0.000120 0.000147 0.000715 55.680061
7.995510 1528454840.637122 0.000121 0.000148 0.000702 55.632063
8.008179 1528454840.649791 0.000120 0.000146 0.000717 55.441975
8.020594 1528454840.662206 0.000120 0.000145 0.000712 55.171175
8.032763 1528454840.674376 0.000120 0.000144 0.000729 55.532580
8.049820 1528454840.691432 0.000119 0.000145 0.000734 55.336281
8.059022 1528454840.700634 0.000119 0.000145 0.000735 55.340687
8.071377 1528454840.712989 0.000119 0.000145 0.000729 55.325360
8.083942 1528454840.725554 0.000119 0.000148 0.000720 55.211984
8.096222 1528454840.737834 0.000119 0.000147 0.000724 55.065706
8.108714 1528454840.750326 0.000119 0.000146 0.000726 55.124690
8.120577 1528454840.762189 0.000120 0.000147 0.000726 55.206021
8.132838 1528454840.774450 0.000120 0.000145 0.000723 55.377903
8.145094 1528454840.786706 0.000120 0.000148 0.000720 55.564009
8.157553 1528454840.799165 0.000120 0.000147 0.000721 55.354246
8.169859 1528454840.811471 0.000120 0.000149 0.000717 55.586897
8.183884 1528454840.825496 0.000120 0.000149 0.000715 55.514271
8.196572 1528454840.838184 0.000120 0.000148 0.000711 55.245061
8.208540 1528454840.850152 0.000120 0.000150 0.000717 55.369401
8.221615 1528454840.863227 0.000121 0.000150 0.000707 55.342443
8.233430 1528454840.875042 0.000122 0.000150 0.000706 55.344854
8.245589 1528454840.887201 0.000122 0.000151 0.000701 55.287393
8.258045 1528454840.899657 0.000122 0.000152 0.000698 55.125312
8.270318 1528454840.911930 0.000122 0.000152 0.000694 55.125969
8.282909 1528454840.924521 0.000123 0.000152 0.000692 55.203712
8.295162 1528454840.936774 0.000123 0.000152 0.000693 54.921855
8.308122 1528454840.949734 0.000123 0.000152 0.000694 55.042603
8.320644 1528454840.962256 0.000125 0.000151 0.000686 55.057416
8.333050 1528454840.974662 0.000124 0.000154 0.000691 55.269505
8.345512 1528454840.987124 0.000125 0.000154 0.000686 55.307743
8.358761 1528454841.000373 0.000125 0.000153 0.000686 55.140734
8.370952 1528454841.012564 0.000126 0.000152 0.000692 55.057643
8.384436 1528454841.026048 0.000126 0.000154 0.000686 55.330393
8.396292 1528454841.037904 0.000127 0.000154 0.000681 55.236559
8.408003 1528454841.049615 0.000127 0.000154 0.000685 55.345343
8.420475 1528454841.062087 0.000127 0.000154 0.000684 55.295984
8.433861 1528454841.075473 0.000127 0.000155 0.000682 55.310688
8.446653 1528454841.088265 0.000127 0.000153 0.000688 55.074910
8.458392 1528454841.100004 0.000127 0.000153 0.000686 55.097630
8.470840 1528454841.112452 0.000127 0.000153 0.000691 55.156596
8.483499 1528454841.125111 0.000127 0.000154 0.000686 55.278421
8.496124 1528454841.137736 0.000126 0.000153 0.000693 55.289924
8.507993 1528454841.149605 0.000126 0.000152 0.000693 55.030456
8.520360 1528454841.161972 0.000127 0.000154 0.000692 54.990570
8.532979 1528454841.174591 0.000127 0.000153 0.000691 55.001453
8.545383 1528454841.186995 0.000125 0.000154 0.000696 55.079023
8.557848 1528454841.199460 0.000125 0.000151 0.000701 54.930044
8.570304 1528454841.211916 0.000126 0.000152 0.000696 54.977411
8.583513 1528454841.225125 0.000126 0.000154 0.000696 55.415415
8.596374 1528454841.237986 0.000125 0.000155 0.000686 55.664447
8.609468 1528454841.251080 0.000128 0.000152 0.000682 55.250994
8.621154 1528454841.262766 0.000131 0.000148 0.000686 55.046167
8.632721 1528454841.274333 0.000132 0.000146 0.000683 54.832064
8.645461 1528454841.287073 0.000132 0.000144 0.000691 54.398052
8.657709 1528454841.299321 0.000133 0.000142 0.000692 54.087035
8.670211 1528454841.311823 0.000133 0.000143 0.000701 54.435182
8.682585 1528454841.324198 0.000133 0.000142 0.000688 54.133341
8.695265 1528454841.336877 0.000132 0.000143 0.000704 54.299165
8.708692 1528454841.350304 0.000131 0.000142 0.000702 54.189502
8.720992 1528454841.362604 0.000132 0.000143 0.000694 53.957205
8.733751 1528454841.375363 0.000131 0.000144 0.000695 53.948621
8.746171 1528454841.387783 0.000130 0.000142 0.000698 53.800827
8.758973 1528454841.400585 0.000130 0.000142 0.000697 53.644644
8.771568 1528454841.413180 0.000131 0.000142 0.000687 53.595036
8.782794 1528454841.424406 0.000131 0.000141 0.000692 53.496779
8.795510 1528454841.437122 0.000130 0.000143 0.000690 53.658535
8.808250 1528454841.449862 0.000129 0.000144 0.000684 53.363865
8.820528 1528454841.462140 0.000130 0.000141 0.000682 53.197736
8.832740 1528454841.474352 0.000129 0.000141 0.000690 53.335727
8.845805 1528454841.487417 0.000129 0.000141 0.000687 53.160150
8.857585 1528454841.499197 0.000129 0.000142 0.000686 53.271523
8.870051 1528454841.511663 0.000129 0.000143 0.000676 52.928167
8.882516 1528454841.524128 0.000128 0.000141 0.000676 52.648669
8.894932 1528454841.536544 0.000129 0.000142 0.000669 52.919722
8.907595 1528454841.549207 0.000130 0.000142 0.000663 52.300066
8.920022 1528454841.561635 0.000133 0.000139 0.000663 51.458748
8.932742 1528454841.574354 0.000134 0.000136 0.000668 50.613013
8.945147 1528454841.586759 0.000132 0.000136 0.000693 49.974415
8.958396 1528454841.600008 0.000131 0.000135 0.000684 49.086532
8.970170 1528454841.611782 0.000130 0.000137 0.000715 48.918705
8.982497 1528454841.624110 0.000128 0.000135 0.000697 48.120353
8.995784 1528454841.637396 0.000126 0.000136 0.000723 48.687576
9.009348 1528454841.650960 0.000124 0.000139 0.000701 48.770004
9.021328 1528454841.662940 0.000124 0.000141 0.000699 48.860989
9.033964 1528454841.675576 0.000130 0.000142 0.000682 48.077226
9.046548 1528454841.688160 0.000124 0.000144 0.000697 48.468102
9.058214 1528454841.699826 0.000125 0.000144 0.000647 47.826803
9.071329 1528454841.712941 0.000124 0.000143 0.000668 47.795538
9.082771 1528454841.724383 0.000126 0.000143 0.000657 47.040699
9.095396 1528454841.737008 0.000127 0.000144 0.000629 46.427734
9.108842 1528454841.750454 0.000128 0.000144 0.000619 45.996417
9.121293 1528454841.762905 0.000128 0.000144 0.000612 45.636226
9.133872 1528454841.775484 0.000127 0.000143 0.000634 45.657889
9.146343 1528454841.787956 0.000127 0.000143 0.000598 45.039947
9.158640 1528454841.800252 0.000127 0.000144 0.000597 45.002213
9.171132 1528454841.812744 0.000126 0.000143 0.000630 45.647595
9.184380 1528454841.825992 0.000126 0.000142 0.000637 45.532449
9.196087 1528454841.837699 0.000125 0.000140 0.000615 44.993238
9.208747 1528454841.850359 0.000123 0.000142 0.000623 45.300328
9.220812 1528454841.862424 0.000120 0.000143 0.000727 47.160292
9.233063 1528454841.874675 0.000121 0.000143 0.000768 47.853137
9.245405 1528454841.887017 0.000123 0.000141 0.000789 48.376137
9.258017 1528454841.899629 0.000123 0.000139 0.000778 48.706758
9.270182 1528454841.911794 0.000121 0.000140 0.000771 48.723370
9.283183 1528454841.924795 0.000119 0.000141 0.000767 48.949871
9.297092 1528454841.938704 0.000118 0.000142 0.000758 48.665960
9.308066 1528454841.949678 0.000118 0.000142 0.000791 49.275703
9.321990 1528454841.963602 0.000120 0.000142 0.000794 49.193739
9.334162 1528454841.975774 0.000123 0.000141 0.000787 48.940400
9.345969 1528454841.987581 0.000123 0.000142 0.000779 48.797540
9.358041 1528454841.999653 0.000120 0.000144 0.000753 48.713162
9.370674 1528454842.012286 0.000116 0.000147 0.000732 48.675499
9.382804 1528454842.024416 0.000114 0.000145 0.000745 48.510350
9.395817 1528454842.037429 0.000113 0.000144 0.000740 48.181927
9.407935 1528454842.049547 0.000111 0.000142 0.000769 48.372990
9.420696 1528454842.062308 0.000109 0.000143 0.000817 49.008300
9.432929 1528454842.074541 0.000110 0.000143 0.000810 48.912568
9.445544 1528454842.087156 0.000111 0.000140 0.000799 48.869148
9.457819 1528454842.099431 0.000112 0.000140 0.000803 48.799181
9.470545 1528454842.112157 0.000112 0.000140 0.000779 48.300321
9.483056 1528454842.124668 0.000110 0.000141 0.000760 47.976269
9.495966 1528454842.137578 0.000108 0.000142 0.000793 48.421414
9.508216 1528454842.149828 0.000109 0.000142 0.000765 47.854378
9.520246 1528454842.161858 0.000110 0.000141 0.000659 46.819684
9.533333 1528454842.174945 0.000109 0.000140 0.000698 46.948527
9.546040 1528454842.187652 0.000109 0.000142 0.000678 46.486496
9.557945 1528454842.199557 0.000108 0.000144 0.000667 46.617451
9.570526 1528454842.212138 0.000107 0.000142 0.000746 47.288106
9.583180 1528454842.224792 0.000109 0.000141 0.000680 46.648581
9.596339 1528454842.237951 0.000110 0.000142 0.000680 46.640239
9.609015 1528454842.250627 0.000110 0.000143 0.000652 46.275306
9.622211 1528454842.263823 0.000107 0.000144 0.000657 45.812309
9.634146 1528454842.275758 0.000107 0.000143 0.000665 45.940713
9.646711 1528454842.288323 0.000109 0.000142 0.000670 46.629776
9.658046 1528454842.299659 0.000110 0.000143 0.000679 46.919858
9.670251 1528454842.311863 0.000110 0.000143 0.000664 46.488629
9.682639 1528454842.324251 0.000109 0.000143 0.000657 46.456130
9.695283 1528454842.336895 0.000109 0.000141 0.000668 46.584634
9.707729 1528454842.349341 0.000111 0.000141 0.000679 46.846293
9.720456 1528454842.362068 0.000112 0.000141 0.000686 46.517944
9.732812 1528454842.374424 0.000108 0.000141 0.000690 45.826399
9.745436 1528454842.387048 0.000106 0.000141 0.000687 45.617640
9.757986 1528454842.399598 0.000107 0.000139 0.000698 45.658752
9.770613 1528454842.412225 0.000109 0.000140 0.000699 45.811997
9.783345 1528454842.424957 0.000109 0.000140 0.000688 45.432272
9.795859 1528454842.437471 0.000107 0.000140 0.000678 44.497424
9.807936 1528454842.449548 0.000105 0.000139 0.000691 44.512208
9.820657 1528454842.462270 0.000106 0.000137 0.000699 44.757931
9.833127 1528454842.474739 0.000106 0.000138 0.000696 44.562289
9.846014 1528454842.487626 0.000105 0.000138 0.000679 43.960878
9.858041 1528454842.499653 0.000102 0.000139 0.000679 43.259447
9.870640 1528454842.512252 0.000102 0.000137 0.000680 43.477576
9.883102 1528454842.524714 0.000103 0.000136 0.000690 44.076732
9.896157 1528454842.537769 0.000103 0.000137 0.000688 43.921661
9.908273 1528454842.549885 0.000102 0.000137 0.000671 43.207789
9.920865 1528454842.562477 0.000100 0.000137 0.000673 43.122581
9.933361 1528454842.574973 0.000100 0.000136 0.000685 43.549797
9.945705 1528454842.587317 0.000102 0.000137 0.000689 43.784598
9.958453 1528454842.600065 0.000102 0.000136 0.000681 43.631545
9.970488 1528454842.612100 0.000099 0.000137 0.000674 43.193798
9.982899 1528454842.624511 0.000099 0.000136 0.000681 43.425541
9.996379 1528454842.637991 0.000100 0.000135 0.000691 43.613156
10.009375 1528454842.650987 0.000101 0.000135 0.000689 43.677920
10.021725 1528454842.663337 0.000100 0.000135 0.000678 43.039442
10.034098 1528454842.675710 0.000099 0.000136 0.000663 42.363455
10.045593 1528454842.687205 0.000099 0.000134 0.000656 42.837552
10.057994 1528454842.699606 0.000103 0.000129 0.000659 42.983772
10.070465 1528454842.712077 0.000105 0.000129 0.000650 42.682244
10.082584 1528454842.724196 0.000104 0.000129 0.000640 41.915181
10.097410 1528454842.739022 0.000103 0.000129 0.000633 41.728161
10.107542 1528454842.749154 0.000103 0.000127 0.000640 41.965319
10.120239 1528454842.761851 0.000105 0.000128 0.000641 41.964794
10.132514 1528454842.774126 0.000105 0.000127 0.000643 41.594393
10.145337 1528454842.786949 0.000103 0.000128 0.000629 41.003439
10.157993 1528454842.799605 0.000102 0.000128 0.000620 41.215840
10.170077 1528454842.811689 0.000104 0.000127 0.000640 41.475768
10.182673 1528454842.824285 0.000105 0.000127 0.000642 41.451059
10.195297 1528454842.836909 0.000104 0.000127 0.000633 41.188691
10.207963 1528454842.849575 0.000103 0.000129 0.000616 40.823409
10.220410 1528454842.862022 0.000103 0.000128 0.000625 40.931348
10.232759 1528454842.874371 0.000105 0.000126 0.000635 41.131476
10.245188 1528454842.886801 0.000106 0.000127 0.000634 41.072516
10.257551 1528454842.899163 0.000105 0.000128 0.000623 40.423983
10.270158 1528454842.911770 0.000103 0.000129 0.000616 40.167803
10.282660 1528454842.924272 0.000104 0.000128 0.000627 40.896090
10.295359 1528454842.936971 0.000106 0.000127 0.000629 41.138754
10.307976 1528454842.949588 0.000107 0.000128 0.000623 41.072307
10.320268 1528454842.961880 0.000105 0.000130 0.000609 40.651719
10.332611 1528454842.974223 0.000104 0.000130 0.000609 40.939796
10.346481 1528454842.988093 0.000105 0.000128 0.000608 40.943258
10.358711 1528454843.000323 0.000107 0.000128 0.000622 41.451899
10.371568 1528454843.013180 0.000107 0.000128 0.000619 41.421293
10.383001 1528454843.024613 0.000105 0.000129 0.000608 40.744489
10.395355 1528454843.036968 0.000103 0.000130 0.000609 41.295019
10.407953 1528454843.049565 0.000103 0.000131 0.000616 41.404816
10.420169 1528454843.061781 0.000101 0.000129 0.000651 41.801758
10.432748 1528454843.074360 0.000100 0.000131 0.000658 41.651908
10.445111 1528454843.086723 0.000098 0.000131 0.000652 41.312306
10.457823 1528454843.099435 0.000098 0.000131 0.000649 41.138054
10.470234 1528454843.111846 0.000098 0.000130 0.000660 41.368115
10.483007 1528454843.124619 0.000100 0.000128 0.000660 42.024338
10.495526 1528454843.137138 0.000100 0.000130 0.000654 41.944332
10.507802 1528454843.149414 0.000099 0.000130 0.000646 41.902936
10.520509 1528454843.162121 0.000097 0.000132 0.000643 41.630123
10.533073 1528454843.174685 0.000098 0.000130 0.000655 41.947607
10.545705 1528454843.187317 0.000100 0.000129 0.000654 42.181430
10.558064 1528454843.199677 0.000101 0.000130 0.000643 42.037962
10.570379 1528454843.211991 0.000101 0.000130 0.000646 41.949413
10.583122 1528454843.224734 0.000100 0.000131 0.000641 41.954498
10.595385 1528454843.236997 0.000098 0.000133 0.000635 41.921002
10.608367 1528454843.249979 0.000098 0.000131 0.000649 42.243408
10.620462 1528454843.262074 0.000100 0.000130 0.000659 42.370642
10.634197 1528454843.275809 0.000100 0.000129 0.000653 42.122195
10.646275 1528454843.287887 0.000100 0.000130 0.000642 41.829558
10.659239 1528454843.300851 0.000100 0.000130 0.000647 41.945929
10.671361 1528454843.312973 0.000099 0.000130 0.000648 42.167436
10.683603 1528454843.325215 0.000099 0.000131 0.000640 42.045899
10.695890 1528454843.337502 0.000097 0.000132 0.000636 41.689582
10.707949 1528454843.349561 0.000097 0.000131 0.000636 41.973907
10.720997 1528454843.362609 0.000100 0.000129 0.000642 41.697649
10.733353 1528454843.374965 0.000100 0.000127 0.000641 41.648915
10.745778 1528454843.387390 0.000097 0.000128 0.000644 41.864045
10.758308 1528454843.399920 0.000095 0.000129 0.000644 42.641928
10.770384 1528454843.411996 0.000094 0.000129 0.000655 42.764669
10.782937 1528454843.424549 0.000094 0.000129 0.000658 42.999930
10.795798 1528454843.437410 0.000094 0.000129 0.000661 42.864542
10.808353 1528454843.449965 0.000094 0.000129 0.000657 42.724495
10.821057 1528454843.462669 0.000094 0.000129 0.000651 42.574355
10.833466 1528454843.475078 0.000094 0.000129 0.000647 42.656666
10.845959 1528454843.487571 0.000094 0.000129 0.000637 42.355056
10.858284 1528454843.499896 0.000093 0.000128 0.000650 42.426151
10.870940 1528454843.512552 0.000094 0.000129 0.000643 42.117930
10.883682 1528454843.525294 0.000093 0.000128 0.000647 41.995455
10.895616 1528454843.537228 0.000093 0.000128 0.000650 42.094591
10.908621 1528454843.550233 0.000093 0.000128 0.000641 41.986271
10.920887 1528454843.562499 0.000093 0.000127 0.000646 41.847985
10.933594 1528454843.575206 0.000093 0.000128 0.000645 41.678288
10.946011 1528454843.587623 0.000092 0.000127 0.000644 41.652459
10.958519 1528454843.600131 0.000093 0.000128 0.000645 41.340115
10.970849 1528454843.612461 0.000092 0.000128 0.000647 41.381062
10.983343 1528454843.624955 0.000093 0.000127 0.000646 41.239327
10.995903 1528454843.637515 0.000092 0.000127 0.000647 41.495736
11.008638 1528454843.650250 0.000092 0.000127 0.000643 41.312006
11.020855 1528454843.662467 0.000092 0.000127 0.000640 41.378863
11.033152 1528454843.674764 0.000092 0.000127 0.000642 41.348445
11.045895 1528454843.687507 0.000091 0.000127 0.000638 41.517937
11.058135 1528454843.699747 0.000092 0.000127 0.000645 40.992215
11.070837 1528454843.712449 0.000092 0.000127 0.000640 41.217380
11.083475 1528454843.725087 0.000092 0.000127 0.000639 41.006650
11.096149 1528454843.737761 0.000092 0.000128 0.000639 40.986303
11.108242 1528454843.749854 0.000092 0.000127 0.000640 41.065915
11.120693 1528454843.762305 0.000091 0.000127 0.000640 41.154296
11.133373 1528454843.774986 0.000091 0.000127 0.000641 41.212831
11.145716 1528454843.787328 0.000092 0.000127 0.000641 40.813244
11.158179 1528454843.799791 0.000092 0.000127 0.000641 40.843577
11.170966 1528454843.812578 0.000092 0.000127 0.000639 40.865805
11.183401 1528454843.825013 0.000092 0.000127 0.000638 40.899146
11.195993 1528454843.837605 0.000092 0.000127 0.000636 41.141779
11.208333 1528454843.849945 0.000092 0.000127 0.000637 40.900136
11.220924 1528454843.862536 0.000091 0.000127 0.000640 41.521843
11.233141 1528454843.874753 0.000091 0.000128 0.000655 41.429312
11.246125 1528454843.887737 0.000091 0.000128 0.000665 41.653697
11.258258 1528454843.899870 0.000093 0.000128 0.000656 41.012090
11.270803 1528454843.912415 0.000094 0.000127 0.000661 40.812182
11.283217 1528454843.924829 0.000095 0.000127 0.000659 40.152182
11.296076 1528454843.937688 0.000095 0.000126 0.000662 40.157618
11.308452 1528454843.950064 0.000096 0.000127 0.000646 39.913764
11.321303 1528454843.962915 0.000096 0.000126 0.000659 40.093978
11.333240 1528454843.974852 0.000096 0.000127 0.000651 39.914687
11.346013 1528454843.987625 0.000096 0.000127 0.000659 40.044699
11.358315 1528454843.999927 0.000095 0.000126 0.000659 40.138048
11.370655 1528454844.012267 0.000095 0.000126 0.000660 40.192905
11.383618 1528454844.025230 0.000095 0.000126 0.000648 40.123986
11.395885 1528454844.037497 0.000096 0.000127 0.000657 39.911469
11.408612 1528454844.050224 0.000095 0.000126 0.000660 40.092048
11.422309 1528454844.063921 0.000095 0.000127 0.000644 40.297052
11.434316 1528454844.075928 0.000094 0.000125 0.000660 40.462431
11.446893 1528454844.088505 0.000095 0.000126 0.000663 40.375350
11.458698 1528454844.100310 0.000095 0.000126 0.000666 39.926247
11.470589 1528454844.112201 0.000095 0.000126 0.000648 40.023812
11.483247 1528454844.124859 0.000095 0.000126 0.000661 40.048711
11.495655 1528454844.137267 0.000095 0.000126 0.000662 40.094363
11.508893 1528454844.150506 0.000095 0.000125 0.000666 40.196056
11.521662 1528454844.163274 0.000095 0.000125 0.000661 39.987808
11.533803 1528454844.175415 0.000095 0.000126 0.000661 40.018917
11.546482 1528454844.188094 0.000095 0.000126 0.000656 40.054899
11.558818 1528454844.200430 0.000095 0.000126 0.000661 39.870641
11.570539 1528454844.212152 0.000096 0.000126 0.000656 40.033958
11.583238 1528454844.224850 0.000095 0.000125 0.000657 40.129669
11.595559 1528454844.237171 0.000095 0.000125 0.000665 39.925125
11.608421 1528454844.250033 0.000095 0.000126 0.000658 39.886300
11.621028 1528454844.262640 0.000096 0.000126 0.000652 39.686869
11.633337 1528454844.274949 0.000096 0.000126 0.000658 39.712819
11.645344 1528454844.286956 0.000096 0.000126 0.000659 39.499895
11.657927 1528454844.299539 0.000096 0.000126 0.000661 39.792773
11.670740 1528454844.312352 0.000096 0.000126 0.000650 39.635330
11.683774 1528454844.325386 0.000096 0.000126 0.000663 39.532247
11.696414 1528454844.338026 0.000095 0.000126 0.000660 39.773759
11.708960 1528454844.350572 0.000096 0.000126 0.000660 39.884681
11.721183 1528454844.362795 0.000096 0.000126 0.000659 39.602067
11.733686 1528454844.375298 0.000096 0.000126 0.000661 39.641482
11.746060 1528454844.387672 0.000096 0.000125 0.000659 39.791066
11.758668 1528454844.400280 0.000097 0.000126 0.000652 39.681372
11.770978 1528454844.412591 0.000096 0.000125 0.000660 39.933947
11.783958 1528454844.425570 0.000097 0.000126 0.000660 39.563084
11.796357 1528454844.437969 0.000097 0.000125 0.000661 39.618485
11.808461 1528454844.450073 0.000096 0.000126 0.000657 39.722016
11.821237 1528454844.462849 0.000096 0.000126 0.000658 39.826027
11.833601 1528454844.475213 0.000096 0.000125 0.000662 39.472853
11.846553 1528454844.488165 0.000095 0.000125 0.000658 39.840314
11.859227 1528454844.500839 0.000096 0.000125 0.000659 39.684683
11.870725 1528454844.512337 0.000096 0.000125 0.000665 39.575068
11.883310 1528454844.524922 0.000097 0.000125 0.000657 39.501818
11.895841 1528454844.537453 0.000100 0.000125 0.000626 39.110576
11.909060 1528454844.550672 0.000102 0.000124 0.000624 38.900028
11.921750 1528454844.563362 0.000101 0.000124 0.000630 38.764848
11.934195 1528454844.575807 0.000100 0.000124 0.000628 38.915936
11.946676 1528454844.588288 0.000101 0.000124 0.000634 38.836857
11.959069 1528454844.600681 0.000102 0.000125 0.000629 38.540065
11.971700 1528454844.613312 0.000102 0.000125 0.000624 38.162250
11.984567 1528454844.626179 0.000101 0.000124 0.000634 38.148909
11.996363 1528454844.637975 0.000101 0.000125 0.000629 38.227126
12.008410 1528454844.650022 0.000101 0.000124 0.000631 38.213270
12.020805 1528454844.662417 0.000102 0.000125 0.000632 38.119698
12.033575 1528454844.675187 0.000102 0.000125 0.000627 38.209852
12.046045 1528454844.687657 0.000101 0.000125 0.000631 38.457371
12.058522 1528454844.700134 0.000101 0.000126 0.000630 38.484807
12.070938 1528454844.712550 0.000102 0.000125 0.000634 38.307307
12.083802 1528454844.725415 0.000102 0.000125 0.000636 38.105077
12.096294 1528454844.737906 0.000102 0.000125 0.000633 38.319758
12.108467 1528454844.750079 0.000102 0.000126 0.000628 38.256362
12.121585 1528454844.763197 0.000102 0.000126 0.000621 38.343299
12.133550 1528454844.775162 0.000102 0.000126 0.000628 38.271487
12.146165 1528454844.787777 0.000102 0.000126 0.000626 38.302532
12.158823 1528454844.800435 0.000102 0.000126 0.000627 38.138346
12.171214 1528454844.812826 0.000102 0.000126 0.000616 38.315782
12.183736 1528454844.825348 0.000102 0.000126 0.000625 38.331034
12.196013 1528454844.837625 0.000103 0.000126 0.000623 38.065168
12.208450 1528454844.850062 0.000103 0.000126 0.000619 38.158789
12.221272 1528454844.862884 0.000103 0.000126 0.000619 38.306367
12.233737 1528454844.875349 0.000103 0.000126 0.000615 38.198337
12.246927 1528454844.888540 0.000103 0.000127 0.000620 38.190204
12.259210 1528454844.900822 0.000103 0.000127 0.000615 37.974731
12.271133 1528454844.912745 0.000104 0.000127 0.000615 38.110348
12.283202 1528454844.924814 0.000104 0.000127 0.000617 38.009980
12.295949 1528454844.937561 0.000104 0.000126 0.000622 38.026718
12.308602 1528454844.950214 0.000104 0.000127 0.000609 37.921779
12.320858 1528454844.962471 0.000104 0.000127 0.000612 38.135500
12.333556 1528454844.975168 0.000105 0.000127 0.000620 38.061134
12.345689 1528454844.987301 0.000105 0.000127 0.000621 38.203622
12.358353 1528454844.999965 0.000105 0.000127 0.000614 37.969777
12.371632 1528454845.013244 0.000106 0.000127 0.000619 37.992017
12.383568 1528454845.025180 0.000106 0.000127 0.000614 37.971487
12.396036 1528454845.037648 0.000106 0.000127 0.000619 38.124993
12.408835 1528454845.050447 0.000106 0.000128 0.000617 38.029185
12.420602 1528454845.062214 0.000106 0.000128 0.000612 37.890963
12.434244 1528454845.075856 0.000106 0.000128 0.000615 38.269345
12.447187 1528454845.088799 0.000105 0.000128 0.000620 38.187499
12.459109 1528454845.100721 0.000106 0.000128 0.000617 37.852406
12.471429 1528454845.113041 0.000105 0.000128 0.000625 38.093859
12.484260 1528454845.125872 0.000106 0.000128 0.000608 37.982231
12.496184 1528454845.137796 0.000106 0.000128 0.000610 38.037813
12.508853 1528454845.150465 0.000107 0.000128 0.000610 37.602291
12.521901 1528454845.163513 0.000107 0.000127 0.000614 37.762571
12.534434 1528454845.176046 0.000104 0.000130 0.000610 37.815578
12.545588 1528454845.187200 0.000101 0.000129 0.000621 37.868416
12.558142 1528454845.199754 0.000101 0.000129 0.000632 38.473380
12.570878 1528454845.212490 0.000100 0.000130 0.000634 38.674906
12.583624 1528454845.225236 0.000100 0.000130 0.000633 38.883701
12.596650 1528454845.238262 0.000100 0.000130 0.000633 39.016244
12.608617 1528454845.250229 0.000099 0.000129 0.000639 38.831224
12.621601 1528454845.263213 0.000099 0.000129 0.000644 38.976286
12.633790 1528454845.275403 0.000099 0.000129 0.000637 38.783123
12.646030 1528454845.287642 0.000099 0.000129 0.000641 38.598734
12.658637 1528454845.300249 0.000099 0.000129 0.000634 38.782210
12.670947 1528454845.312559 0.000099 0.000128 0.000642 38.723060
12.683707 1528454845.325319 0.000100 0.000129 0.000625 38.695247
12.696172 1528454845.337784 0.000100 0.000128 0.000628 38.832623
12.709033 1528454845.350645 0.000099 0.000128 0.000640 38.788489
12.721104 1528454845.362716 0.000100 0.000128 0.000633 38.800760
12.733653 1528454845.375265 0.000099 0.000129 0.000636 38.994295
12.746684 1528454845.388296 0.000099 0.000128 0.000645 38.992661
12.759279 1528454845.400891 0.000099 0.000128 0.000638 38.816470
12.771558 1528454845.413170 0.000099 0.000129 0.000638 38.848437
12.784079 1528454845.425691 0.000099 0.000129 0.000639 38.799450
12.795897 1528454845.437509 0.000099 0.000129 0.000628 38.694327
12.808433 1528454845.450045 0.000098 0.000129 0.000644 38.682407
12.821832 1528454845.463444 0.000099 0.000129 0.000639 38.804232
12.833099 1528454845.474711 0.000099 0.000128 0.000639 38.448534
12.845736 1528454845.487348 0.000099 0.000128 0.000638 38.403493
12.858150 1528454845.499762 0.000099 0.000129 0.000640 38.537720
12.870657 1528454845.512269 0.000099 0.000129 0.000642 38.617742
12.883163 1528454845.524775 0.000098 0.000129 0.000650 39.254033
12.895630 1528454845.537242 0.000097 0.000129 0.000661 39.479037
12.908141 1528454845.549753 0.000098 0.000130 0.000661 39.352179
12.920864 1528454845.562476 0.000099 0.000130 0.000657 39.119313
12.934274 1528454845.575886 0.000101 0.000130 0.000651 38.932306
12.945801 1528454845.587413 0.000101 0.000130 0.000650 38.905507
12.958062 1528454845.599674 0.000101 0.000130 0.000653 38.907957
12.970645 1528454845.612257 0.000100 0.000130 0.000659 38.870201
12.984015 1528454845.625627 0.000100 0.000130 0.000651 38.806958
12.996593 1528454845.638205 0.000100 0.000130 0.000655 38.728550
13.009374 1528454845.650986 0.000100 0.000130 0.000657 38.769377
13.021642 1528454845.663254 0.000099 0.000130 0.000656 38.833063
13.033927 1528454845.675539 0.000100 0.000130 0.000656 38.813045
13.047410 1528454845.689022 0.000100 0.000130 0.000650 38.786408
13.058402 1528454845.700014 0.000100 0.000130 0.000651 38.641954
13.070950 1528454845.712562 0.000100 0.000130 0.000648 38.782389
13.083257 1528454845.724869 0.000100 0.000130 0.000651 38.784419
13.095896 1528454845.737508 0.000099 0.000129 0.000658 38.864601
13.109499 1528454845.751111 0.000099 0.000129 0.000661 38.766754
13.121745 1528454845.763357 0.000100 0.000130 0.000649 38.610463
13.134347 1528454845.775959 0.000099 0.000130 0.000657 38.818127
13.146884 1528454845.788496 0.000100 0.000130 0.000646 38.546886
13.160342 1528454845.801955 0.000100 0.000130 0.000654 38.722597
13.171269 1528454845.812881 0.000100 0.000129 0.000651 38.628613
13.183545 1528454845.825157 0.000100 0.000130 0.000651 38.641446
13.196239 1528454845.837851 0.000100 0.000129 0.000657 38.643767
13.208733 1528454845.850345 0.000100 0.000130 0.000646 38.359961
13.221347 1528454845.862959 0.000099 0.000129 0.000658 38.583371
13.233495 1528454845.875107 0.000100 0.000129 0.000654 38.510225
13.246220 1528454845.887832 0.000100 0.000130 0.000651 38.367776
13.258890 1528454845.900502 0.000100 0.000129 0.000660 38.530957
13.271029 1528454845.912641 0.000100 0.000129 0.000656 38.355608
13.283533 1528454845.925145 0.000100 0.000130 0.000652 38.252725
13.296463 1528454845.938075 0.000100 0.000129 0.000652 38.279097
13.309166 1528454845.950778 0.000101 0.000129 0.000657 38.299084
13.322010 1528454845.963622 0.000100 0.000130 0.000652 38.153792
13.334388 1528454845.976000 0.000100 0.000129 0.000658 38.285644
13.347325 1528454845.988937 0.000100 0.000129 0.000650 38.330150
13.359390 1528454846.001002 0.000100 0.000129 0.000660 38.301080
13.371407 1528454846.013019 0.000100 0.000129 0.000659 38.253756
13.383530 1528454846.025142 0.000100 0.000130 0.000661 38.073462
13.396125 1528454846.037737 0.000101 0.000129 0.000655 38.374090
13.409029 1528454846.050641 0.000101 0.000129 0.000660 38.176049
13.421412 1528454846.063025 0.000101 0.000129 0.000657 38.294827
