-3.938275 1529086627.801582 0.000109 0.000122 0.000620 36.216635
-3.926385 1529086627.813473 0.000109 0.000121 0.000619 35.841167
-3.914000 1529086627.825858 0.000109 0.000121 0.000617 35.591220
-3.901381 1529086627.838476 0.000109 0.000121 0.000624 35.796379
-3.888540 1529086627.851318 0.000109 0.000122 0.000625 35.815854
-3.876237 1529086627.863621 0.000110 0.000122 0.000623 36.087053
-3.863889 1529086627.875968 0.000110 0.000120 0.000614 35.381053
-3.851598 1529086627.888260 0.000111 0.000123 0.000615 35.981309
-3.839296 1529086627.900561 0.000112 0.000123 0.000605 35.859561
-3.826736 1529086627.913122 0.000111 0.000124 0.000609 35.600688
-3.814094 1529086627.925763 0.000112 0.000125 0.000610 36.243237
-3.801826 1529086627.938031 0.000111 0.000124 0.000602 35.555823
-3.789158 1529086627.950700 0.000111 0.000123 0.000621 35.634997
-3.776925 1529086627.962932 0.000112 0.000124 0.000607 36.000631
-3.764098 1529086627.975759 0.000111 0.000123 0.000624 35.813751
-3.751183 1529086627.988674 0.000111 0.000123 0.000619 36.158524
-3.738485 1529086628.001373 0.000110 0.000122 0.000614 35.313898
-3.725932 1529086628.013925 0.000111 0.000123 0.000610 35.755292
-3.713832 1529086628.026025 0.000111 0.000124 0.000620 35.720021
-3.701329 1529086628.038528 0.000111 0.000123 0.000619 35.601722
-3.688022 1529086628.051836 0.000110 0.000123 0.000617 35.706987
-3.676673 1529086628.063184 0.000110 0.000122 0.000630 35.397377
-3.664192 1529086628.075665 0.000110 0.000122 0.000611 35.602665
-3.651771 1529086628.088087 0.000111 0.000122 0.000615 35.464451
-3.639175 1529086628.100683 0.000110 0.000122 0.000617 35.230015
-3.626959 1529086628.112899 0.000110 0.000123 0.000619 35.863198
-3.614209 1529086628.125648 0.000110 0.000122 0.000617 35.568210
-3.601281 1529086628.138576 0.000110 0.000122 0.000641 36.096994
-3.588201 1529086628.151656 0.000110 0.000123 0.000623 35.904153
-3.576052 1529086628.163806 0.000110 0.000122 0.000621 35.597228
-3.563208 1529086628.176649 0.000110 0.000122 0.000628 35.698352
-3.551582 1529086628.188275 0.000110 0.000122 0.000627 35.880710
-3.539027 1529086628.200830 0.000110 0.000122 0.000623 35.747183
-3.526458 1529086628.213400 0.000111 0.000122 0.000622 35.674660
-3.513774 1529086628.226083 0.000110 0.000122 0.000622 35.496154
-3.501381 1529086628.238476 0.000111 0.000123 0.000610 35.792005
-3.488862 1529086628.250996 0.000111 0.000122 0.000623 35.596838
-3.475888 1529086628.263969 0.000111 0.000122 0.000611 35.398965
-3.463249 1529086628.276608 0.000111 0.000121 0.000620 35.514906
-3.450663 1529086628.289195 0.000110 0.000122 0.000613 35.330106
-3.438933 1529086628.300925 0.000110 0.000122 0.000635 35.727653
-3.426562 1529086628.313295 0.000110 0.000122 0.000632 35.597073
-3.413186 1529086628.326672 0.000111 0.000122 0.000646 35.881320
-3.400990 1529086628.338868 0.000112 0.000122 0.000622 35.027219
-3.388885 1529086628.350972 0.000113 0.000122 0.000634 35.074092
-3.376775 1529086628.363083 0.000113 0.000122 0.000645 35.021039
-3.364362 1529086628.375495 0.000113 0.000123 0.000621 34.703439
-3.351757 1529086628.388101 0.000111 0.000122 0.000628 34.112453
-3.339221 1529086628.400636 0.000112 0.000123 0.000627 34.457442
-3.326653 1529086628.413205 0.000113 0.000123 0.000622 34.372163
-3.313210 1529086628.426648 0.000113 0.000123 0.000605 34.139363
-3.299973 1529086628.439884 0.000111 0.000125 0.000488 31.587002
-3.288300 1529086628.451557 0.000113 0.000125 0.000623 35.303543
-3.275746 1529086628.464112 0.000113 0.000124 0.000624 35.153067
-3.263185 1529086628.476673 0.000114 0.000124 0.000620 35.146166
-3.251310 1529086628.488547 0.000113 0.000125 0.000623 35.231408
-3.238066 1529086628.501792 0.000115 0.000125 0.000625 35.590605
-3.225893 1529086628.513965 0.000115 0.000126 0.000633 36.499958
-3.213315 1529086628.526543 0.000116 0.000127 0.000638 36.971787
-3.200832 1529086628.539025 0.000117 0.000128 0.000631 37.291668
-3.187521 1529086628.552337 0.000118 0.000127 0.000633 37.349558
-3.176296 1529086628.563561 0.000121 0.000127 0.000600 38.449120
-3.163413 1529086628.576444 0.000120 0.000127 0.000590 39.678965
-3.151554 1529086628.588304 0.000116 0.000128 0.000590 41.220206
-3.138857 1529086628.601000 0.000113 0.000128 0.000591 42.587760
-3.125976 1529086628.613881 0.000110 0.000128 0.000596 43.407382
-3.113721 1529086628.626137 0.000109 0.000129 0.000594 43.497761
-3.101277 1529086628.638581 0.000110 0.000129 0.000597 43.779707
-3.088904 1529086628.650953 0.000112 0.000129 0.000583 43.288360
-3.076187 1529086628.663670 0.000112 0.000130 0.000591 43.182576
-3.063501 1529086628.676356 0.000112 0.000129 0.000587 42.788422
-3.051210 1529086628.688647 0.000112 0.000129 0.000581 42.226092
-3.038516 1529086628.701342 0.000112 0.000128 0.000589 41.954057
-3.026282 1529086628.713576 0.000112 0.000129 0.000584 42.034170
-3.013527 1529086628.726330 0.000112 0.000128 0.000590 42.241955
-3.000368 1529086628.739490 0.000112 0.000127 0.000599 42.372909
-2.987638 1529086628.752219 0.000111 0.000127 0.000590 41.793078
-2.975358 1529086628.764500 0.000111 0.000127 0.000595 42.316391
-2.963402 1529086628.776456 0.000111 0.000128 0.000584 42.017398
-2.950919 1529086628.788938 0.000111 0.000128 0.000588 42.352276
-2.938222 1529086628.801635 0.000111 0.000128 0.000594 42.156807
-2.926306 1529086628.813552 0.000111 0.000128 0.000591 42.568647
-2.914126 1529086628.825731 0.000110 0.000128 0.000588 42.137921
-2.901398 1529086628.838459 0.000110 0.000128 0.000584 42.365537
-2.889217 1529086628.850640 0.000110 0.000127 0.000592 42.314176
-2.876513 1529086628.863344 0.000110 0.000127 0.000585 42.486821
-2.864095 1529086628.875762 0.000110 0.000128 0.000585 42.465131
-2.851446 1529086628.888412 0.000109 0.000127 0.000602 42.940647
-2.839117 1529086628.900741 0.000110 0.000127 0.000589 42.284809
-2.825641 1529086628.914216 0.000110 0.000127 0.000580 42.263521
-2.813310 1529086628.926547 0.000110 0.000127 0.000589 42.270907
-2.800901 1529086628.938957 0.000110 0.000128 0.000585 42.288554
-2.788779 1529086628.951079 0.000110 0.000127 0.000586 42.316297
-2.774982 1529086628.964875 0.000110 0.000126 0.000598 42.159065
-2.763472 1529086628.976385 0.000110 0.000127 0.000580 42.094251
-2.751366 1529086628.988492 0.000110 0.000127 0.000584 42.224474
-2.739156 1529086629.000701 0.000110 0.000127 0.000588 42.312356
-2.726322 1529086629.013535 0.000110 0.000127 0.000587 41.943928
-2.714060 1529086629.025797 0.000109 0.000125 0.000619 42.680062
-2.701212 1529086629.038646 0.000109 0.000126 0.000582 42.078904
-2.688889 1529086629.050968 0.000110 0.000127 0.000583 42.429187
-2.676547 1529086629.063310 0.000109 0.000127 0.000589 42.682207
-2.664135 1529086629.075722 0.000107 0.000128 0.000582 43.129292
-2.650879 1529086629.088979 0.000107 0.000129 0.000590 43.520184
-2.638222 1529086629.101635 0.000106 0.000130 0.000576 43.871889
-2.625448 1529086629.114409 0.000106 0.000131 0.000592 44.750615
-2.613053 1529086629.126804 0.000107 0.000130 0.000585 44.611824
-2.600503 1529086629.139354 0.000107 0.000129 0.000601 44.382324
-2.588034 1529086629.151823 0.000108 0.000129 0.000599 44.392814
-2.575482 1529086629.164376 0.000108 0.000127 0.000604 44.140893
-2.563477 1529086629.176381 0.000108 0.000127 0.000607 44.408786
-2.551556 1529086629.188302 0.000107 0.000127 0.000621 44.717919
-2.538930 1529086629.200927 0.000108 0.000128 0.000600 44.679626
-2.526702 1529086629.213155 0.000108 0.000127 0.000602 44.712797
-2.513903 1529086629.225955 0.000108 0.000128 0.000602 44.572637
-2.501394 1529086629.238463 0.000108 0.000129 0.000593 44.478753
-2.488694 1529086629.251163 0.000107 0.000130 0.000614 44.382235
-2.476217 1529086629.263640 0.000106 0.000131 0.000611 43.891285
-2.464082 1529086629.275775 0.000106 0.000130 0.000624 43.684836
-2.451537 1529086629.288321 0.000106 0.000129 0.000633 43.327104
-2.438918 1529086629.300940 0.000106 0.000128 0.000631 43.170791
-2.426597 1529086629.313261 0.000105 0.000128 0.000645 43.120147
-2.414071 1529086629.325787 0.000105 0.000128 0.000651 43.146562
-2.401571 1529086629.338287 0.000105 0.000128 0.000642 42.688970
-2.389209 1529086629.350648 0.000104 0.000127 0.000656 42.689863
-2.375566 1529086629.364292 0.000105 0.000127 0.000650 42.748221
-2.363269 1529086629.376589 0.000105 0.000127 0.000632 42.404149
-2.350728 1529086629.389129 0.000105 0.000126 0.000637 42.470729
-2.338376 1529086629.401481 0.000105 0.000127 0.000646 42.660400
-2.325676 1529086629.414181 0.000106 0.000126 0.000641 42.619830
-2.313416 1529086629.426441 0.000105 0.000126 0.000643 42.532578
-2.300690 1529086629.439167 0.000105 0.000125 0.000632 42.179370
-2.288657 1529086629.451200 0.000105 0.000126 0.000636 42.241625
-2.276780 1529086629.463077 0.000105 0.000126 0.000646 42.323649
-2.264264 1529086629.475593 0.000105 0.000126 0.000630 42.154002
-2.251585 1529086629.488272 0.000105 0.000125 0.000638 42.228095
-2.239127 1529086629.500730 0.000105 0.000126 0.000623 41.924825
-2.226671 1529086629.513186 0.000105 0.000126 0.000655 42.439666
-2.213613 1529086629.526245 0.000105 0.000126 0.000631 42.102126
-2.201610 1529086629.538248 0.000105 0.000127 0.000641 42.287959
-2.189030 1529086629.550828 0.000106 0.000127 0.000615 41.940380
-2.176652 1529086629.563205 0.000105 0.000126 0.000640 42.233228
-2.164125 1529086629.575732 0.000105 0.000126 0.000630 42.047045
-2.151674 1529086629.588183 0.000105 0.000127 0.000626 42.100994
-2.139012 1529086629.600845 0.000106 0.000127 0.000633 42.150657
-2.126545 1529086629.613312 0.000105 0.000125 0.000621 41.815779
-2.113488 1529086629.626369 0.000106 0.000127 0.000622 42.078199
-2.100650 1529086629.639207 0.000105 0.000125 0.000635 42.080014
-2.087728 1529086629.652129 0.000105 0.000127 0.000654 42.610260
-2.075628 1529086629.664229 0.000106 0.000125 0.000629 42.032010
-2.063127 1529086629.676730 0.000105 0.000126 0.000631 41.933582
-2.047453 1529086629.692405 0.000106 0.000127 0.000630 41.875819
-2.037642 1529086629.702215 0.000105 0.000127 0.000637 41.953533
-2.025254 1529086629.714603 0.000105 0.000123 0.000645 41.264545
-2.013663 1529086629.726194 0.000105 0.000124 0.000670 41.444918
-2.001421 1529086629.738437 0.000104 0.000123 0.000663 40.990412
-1.988982 1529086629.750875 0.000103 0.000124 0.000656 41.191600
-1.976667 1529086629.763191 0.000104 0.000124 0.000653 41.113965
-1.964085 1529086629.775773 0.000105 0.000124 0.000644 41.156809
-1.951554 1529086629.788303 0.000104 0.000123 0.000654 41.053603
-1.939103 1529086629.800755 0.000104 0.000123 0.000635 40.694854
-1.926271 1529086629.813586 0.000104 0.000124 0.000657 41.324788
-1.913362 1529086629.826496 0.000104 0.000124 0.000681 41.946574
-1.901037 1529086629.838821 0.000104 0.000124 0.000640 41.355696
-1.888234 1529086629.851623 0.000104 0.000123 0.000647 41.315427
-1.876343 1529086629.863514 0.000104 0.000123 0.000650 41.320044
-1.863564 1529086629.876293 0.000104 0.000123 0.000647 41.387817
-1.849874 1529086629.889983 0.000104 0.000124 0.000646 41.514522
-1.838176 1529086629.901682 0.000103 0.000124 0.000648 41.497908
-1.825690 1529086629.914168 0.000104 0.000122 0.000635 41.292355
-1.813461 1529086629.926397 0.000104 0.000124 0.000641 41.284603
-1.801553 1529086629.938304 0.000104 0.000124 0.000646 41.474122
-1.788668 1529086629.951189 0.000104 0.000123 0.000647 41.367942
-1.776264 1529086629.963593 0.000103 0.000124 0.000651 41.488132
-1.763882 1529086629.975976 0.000103 0.000122 0.000657 41.357423
-1.751299 1529086629.988558 0.000103 0.000123 0.000638 41.267187
-1.739024 1529086630.000833 0.000103 0.000123 0.000635 41.222241
-1.725422 1529086630.014435 0.000104 0.000124 0.000635 41.260628
-1.712729 1529086630.027129 0.000103 0.000123 0.000629 40.927740
-1.700255 1529086630.039602 0.000103 0.000124 0.000651 41.320755
-1.687426 1529086630.052431 0.000103 0.000123 0.000647 41.356503
-1.675545 1529086630.064313 0.000103 0.000123 0.000645 41.343329
-1.663012 1529086630.076846 0.000103 0.000124 0.000646 41.376631
-1.651247 1529086630.088610 0.000104 0.000123 0.000642 41.169254
-1.638785 1529086630.101073 0.000104 0.000123 0.000642 41.275164
-1.626532 1529086630.113325 0.000104 0.000123 0.000635 41.081940
-1.613858 1529086630.125999 0.000104 0.000124 0.000640 41.157682
-1.601414 1529086630.138443 0.000104 0.000124 0.000635 41.007746
-1.589105 1529086630.150752 0.000104 0.000124 0.000642 41.009167
-1.575550 1529086630.164307 0.000104 0.000124 0.000640 40.884387
-1.562971 1529086630.176887 0.000104 0.000124 0.000653 40.609230
-1.550377 1529086630.189481 0.000104 0.000122 0.000672 39.797589
-1.537860 1529086630.201997 0.000106 0.000120 0.000704 39.618938
-1.526217 1529086630.213640 0.000108 0.000123 0.000684 38.342739
-1.513895 1529086630.225962 0.000108 0.000122 0.000684 37.787584
-1.501524 1529086630.238333 0.000107 0.000123 0.000670 37.024850
-1.488894 1529086630.250963 0.000108 0.000123 0.000651 36.911820
-1.475413 1529086630.264445 0.000107 0.000122 0.000667 36.847371
-1.462862 1529086630.276995 0.000108 0.000122 0.000666 36.984898
-1.450485 1529086630.289372 0.000108 0.000121 0.000647 36.539940
-1.437987 1529086630.301870 0.000108 0.000122 0.000641 36.441906
-1.425990 1529086630.313868 0.000108 0.000121 0.000645 36.623286
-1.413651 1529086630.326206 0.000107 0.000122 0.000644 36.538179
-1.401200 1529086630.338657 0.000107 0.000122 0.000655 36.852956
-1.388528 1529086630.351329 0.000107 0.000121 0.000661 36.822000
-1.375599 1529086630.364259 0.000107 0.000121 0.000672 37.055916
-1.363056 1529086630.376801 0.000106 0.000121 0.000657 36.547781
-1.350556 1529086630.389302 0.000106 0.000121 0.000644 36.296954
-1.338165 1529086630.401693 0.000107 0.000121 0.000644 36.326063
-1.325541 1529086630.414316 0.000106 0.000121 0.000648 36.306134
-1.313184 1529086630.426674 0.000107 0.000121 0.000667 36.848385
-1.300651 1529086630.439207 0.000106 0.000122 0.000660 36.527210
-1.288135 1529086630.451723 0.000106 0.000121 0.000656 36.441746
-1.275581 1529086630.464277 0.000106 0.000121 0.000663 36.614985
-1.263422 1529086630.476435 0.000106 0.000121 0.000644 36.205473
-1.251426 1529086630.488431 0.000105 0.000122 0.000657 36.507976
-1.238764 1529086630.501093 0.000106 0.000122 0.000647 36.658227
-1.225257 1529086630.514601 0.000106 0.000120 0.000663 36.686258
-1.213001 1529086630.526857 0.000106 0.000122 0.000645 36.486230
-1.200453 1529086630.539404 0.000105 0.000121 0.000640 36.215733
-1.188259 1529086630.551598 0.000104 0.000120 0.000650 36.280148
-1.175600 1529086630.564258 0.000105 0.000121 0.000657 36.596370
-1.163250 1529086630.576607 0.000106 0.000122 0.000646 36.714063
-1.150132 1529086630.589725 0.000106 0.000122 0.000645 36.486054
-1.138330 1529086630.601528 0.000106 0.000122 0.000649 36.672158
-1.126324 1529086630.613533 0.000106 0.000121 0.000644 36.476052
-1.114016 1529086630.625842 0.000105 0.000122 0.000653 36.571221
-1.101612 1529086630.638245 0.000105 0.000122 0.000642 36.627855
-1.088893 1529086630.650964 0.000105 0.000122 0.000648 36.608707
-1.076557 1529086630.663301 0.000105 0.000121 0.000641 36.462272
-1.063955 1529086630.675903 0.000105 0.000122 0.000645 36.620957
-1.051730 1529086630.688128 0.000105 0.000122 0.000655 36.654863
-1.039294 1529086630.700563 0.000105 0.000121 0.000654 36.580849
-1.026620 1529086630.713238 0.000105 0.000122 0.000656 36.623121
-1.014056 1529086630.725801 0.000105 0.000122 0.000648 36.710363
-1.000725 1529086630.739133 0.000105 0.000121 0.000648 36.480555
-0.987615 1529086630.752242 0.000105 0.000121 0.000639 36.357771
-0.975197 1529086630.764660 0.000105 0.000122 0.000655 36.518603
-0.963424 1529086630.776433 0.000106 0.000122 0.000642 36.585987
-0.950849 1529086630.789009 0.000105 0.000121 0.000652 36.530400
-0.938193 1529086630.801665 0.000105 0.000122 0.000647 36.677048
-0.925788 1529086630.814070 0.000105 0.000121 0.000652 36.592769
-0.913431 1529086630.826426 0.000105 0.000122 0.000649 36.679324
-0.900828 1529086630.839029 0.000105 0.000122 0.000656 36.619515
-0.888484 1529086630.851374 0.000105 0.000121 0.000648 36.650388
-0.875977 1529086630.863880 0.000105 0.000122 0.000647 36.607487
-0.863423 1529086630.876435 0.000106 0.000122 0.000648 36.594132
-0.850091 1529086630.889766 0.000105 0.000122 0.000640 36.430060
-0.838350 1529086630.901508 0.000105 0.000122 0.000659 36.792822
-0.826313 1529086630.913544 0.000105 0.000122 0.000645 36.538759
-0.812664 1529086630.927194 0.000105 0.000122 0.000658 36.663590
-0.800179 1529086630.939679 0.000105 0.000121 0.000655 36.782630
-0.788093 1529086630.951764 0.000105 0.000122 0.000650 36.739476
-0.775256 1529086630.964602 0.000106 0.000122 0.000649 36.704364
-0.763583 1529086630.976274 0.000105 0.000121 0.000659 36.781140
-0.751145 1529086630.988712 0.000105 0.000122 0.000653 36.838974
-0.738190 1529086631.001667 0.000105 0.000121 0.000650 36.415017
-0.725501 1529086631.014357 0.000106 0.000122 0.000643 36.392691
-0.713057 1529086631.026800 0.000111 0.000121 0.000616 36.094603
-0.700455 1529086631.039403 0.000112 0.000123 0.000490 32.891394
-0.687363 1529086631.052494 0.000110 0.000120 0.000623 34.610981
-0.676034 1529086631.063823 0.000110 0.000119 0.000665 35.036257
-0.663502 1529086631.076355 0.000109 0.000118 0.000654 34.848840
-0.650939 1529086631.088918 0.000109 0.000119 0.000649 34.576004
-0.638434 1529086631.101424 0.000110 0.000119 0.000643 34.677418
-0.625969 1529086631.113888 0.000110 0.000119 0.000651 35.142172
-0.613438 1529086631.126419 0.000110 0.000118 0.000660 35.005800
-0.600839 1529086631.139018 0.000110 0.000119 0.000643 34.935326
-0.588488 1529086631.151369 0.000110 0.000119 0.000635 34.663205
-0.574759 1529086631.165098 0.000109 0.000119 0.000655 35.405892
-0.563380 1529086631.176478 0.000110 0.000116 0.000638 34.698312
-0.550740 1529086631.189118 0.000109 0.000118 0.000509 32.150595
-0.538277 1529086631.201580 0.000109 0.000117 0.000655 35.097720
-0.525549 1529086631.214308 0.000109 0.000118 0.000497 31.819286
-0.512839 1529086631.227019 0.000109 0.000117 0.000633 34.508003
-0.499877 1529086631.239980 0.000108 0.000118 0.000647 34.862139
-0.487707 1529086631.252150 0.000109 0.000118 0.000651 35.017357
-0.475618 1529086631.264240 0.000108 0.000118 0.000652 35.015874
-0.462025 1529086631.277833 0.000108 0.000118 0.000643 34.885199
-0.449845 1529086631.290012 0.000108 0.000118 0.000646 35.039037
-0.438325 1529086631.301532 0.000109 0.000116 0.000632 34.377581
-0.426137 1529086631.313720 0.000109 0.000119 0.000639 34.820008
-0.413463 1529086631.326394 0.000109 0.000117 0.000637 34.948941
-0.401299 1529086631.338558 0.000109 0.000118 0.000642 34.911169
-0.388635 1529086631.351222 0.000108 0.000117 0.000653 34.972162
-0.376244 1529086631.363614 0.000109 0.000117 0.000632 34.733939
-0.363802 1529086631.376056 0.000110 0.000117 0.000635 34.650624
-0.351255 1529086631.388602 0.000110 0.000117 0.000629 34.543725
-0.338575 1529086631.401283 0.000109 0.000117 0.000628 34.457262
-0.326162 1529086631.413696 0.000108 0.000119 0.000660 35.430036
-0.313723 1529086631.426134 0.000104 0.000117 0.000676 35.168576
-0.301228 1529086631.438630 0.000104 0.000118 0.000693 35.764174
-0.288634 1529086631.451223 0.000103 0.000119 0.000684 35.351913
-0.276231 1529086631.463626 0.000104 0.000119 0.000675 35.125278
-0.263524 1529086631.476333 0.000104 0.000121 0.000531 32.767381
-0.251318 1529086631.488540 0.000105 0.000118 0.000668 35.063168
-0.238406 1529086631.501452 0.000105 0.000119 0.000675 35.205123
-0.225916 1529086631.513942 0.000106 0.000119 0.000672 35.185530
-0.213239 1529086631.526619 0.000105 0.000119 0.000679 35.234227
-0.200540 1529086631.539317 0.000104 0.000118 0.000687 35.448370
-0.188248 1529086631.551610 0.000104 0.000119 0.000680 35.177688
-0.175789 1529086631.564069 0.000104 0.000119 0.000673 35.122300
-0.163568 1529086631.576290 0.000103 0.000118 0.000672 35.041353
-0.150870 1529086631.588988 0.000103 0.000120 0.000662 34.866363
-0.138180 1529086631.601678 0.000103 0.000119 0.000673 34.927381
-0.125378 1529086631.614480 0.000103 0.000119 0.000681 35.124515
-0.112801 1529086631.627057 0.000103 0.000121 0.000535 32.759811
-0.100047 1529086631.639810 0.000102 0.000118 0.000679 35.156941
-0.087704 1529086631.652153 0.000102 0.000120 0.000527 32.520590
-0.075371 1529086631.664487 0.000103 0.000118 0.000670 35.073695
-0.062691 1529086631.677166 0.000103 0.000118 0.000677 35.096049
-0.050686 1529086631.689172 0.000103 0.000118 0.000676 35.115375
-0.038514 1529086631.701343 0.000102 0.000119 0.000668 35.028851
-0.026067 1529086631.713790 0.000103 0.000118 0.000676 35.008133
-0.013690 1529086631.726167 0.000102 0.000118 0.000657 34.552468
0.000371 1529086631.740228 0.000102 0.000120 0.000535 32.721840
0.011819 1529086631.751676 0.000103 0.000118 0.000672 35.046866
0.023965 1529086631.763823 0.000102 0.000117 0.000670 34.808451
0.036478 1529086631.776336 0.000102 0.000118 0.000675 34.824811
0.049334 1529086631.789191 0.000102 0.000119 0.000672 34.969206
0.061823 1529086631.801680 0.000102 0.000119 0.000678 35.218401
0.074516 1529086631.814373 0.000103 0.000118 0.000675 35.295798
0.087592 1529086631.827450 0.000103 0.000118 0.000662 34.816606
0.099768 1529086631.839626 0.000102 0.000120 0.000533 32.639550
0.111667 1529086631.851525 0.000103 0.000118 0.000673 35.046699
0.124337 1529086631.864195 0.000103 0.000118 0.000668 35.138388
0.136457 1529086631.876315 0.000103 0.000119 0.000675 35.253801
0.149153 1529086631.889011 0.000103 0.000119 0.000671 35.147849
0.161584 1529086631.901442 0.000103 0.000119 0.000668 35.082774
0.174184 1529086631.914042 0.000104 0.000118 0.000656 34.906801
0.186735 1529086631.926593 0.000107 0.000118 0.000640 35.194460
0.199156 1529086631.939013 0.000104 0.000118 0.000638 35.541071
0.211375 1529086631.951232 0.000100 0.000120 0.000630 36.749360
0.223880 1529086631.963737 0.000100 0.000119 0.000638 37.137452
0.236454 1529086631.976312 0.000100 0.000118 0.000634 37.629354
0.249291 1529086631.989148 0.000101 0.000116 0.000631 37.031862
0.261590 1529086632.001448 0.000101 0.000118 0.000640 37.547121
0.273885 1529086632.013742 0.000101 0.000118 0.000647 37.648332
0.286510 1529086632.026368 0.000101 0.000117 0.000639 37.509192
0.299090 1529086632.038947 0.000101 0.000118 0.000649 37.896984
0.311321 1529086632.051178 0.000101 0.000118 0.000646 37.824964
0.324139 1529086632.063997 0.000101 0.000117 0.000636 37.536573
0.336730 1529086632.076587 0.000100 0.000117 0.000639 37.474006
0.349399 1529086632.089256 0.000102 0.000117 0.000639 37.583502
0.361714 1529086632.101572 0.000101 0.000117 0.000634 37.410229
0.374369 1529086632.114227 0.000102 0.000117 0.000628 37.658495
0.386736 1529086632.126593 0.000101 0.000119 0.000634 38.866535
0.399161 1529086632.139019 0.000100 0.000120 0.000607 39.950858
0.411683 1529086632.151540 0.000097 0.000123 0.000609 42.277360
0.424262 1529086632.164120 0.000098 0.000126 0.000579 44.652114
0.436808 1529086632.176665 0.000098 0.000133 0.000605 47.521854
0.450000 1529086632.189857 0.000100 0.000135 0.000610 49.454471
0.462166 1529086632.202023 0.000105 0.000137 0.000624 50.401426
0.475127 1529086632.214984 0.000107 0.000138 0.000733 51.761225
0.487372 1529086632.227229 0.000110 0.000143 0.000776 53.320844
0.499265 1529086632.239123 0.000113 0.000151 0.000827 55.193890
0.512083 1529086632.251940 0.000118 0.000160 0.000852 57.228577
0.524430 1529086632.264287 0.000121 0.000168 0.000873 59.129119
0.537168 1529086632.277026 0.000122 0.000181 0.000857 61.839865
0.549580 1529086632.289438 0.000122 0.000198 0.000815 65.432936
0.561534 1529086632.301392 0.000121 0.000211 0.000779 69.629285
0.573750 1529086632.313607 0.000123 0.000220 0.000739 73.279542
0.586309 1529086632.326167 0.000126 0.000229 0.000690 76.515095
0.598907 1529086632.338764 0.000127 0.000239 0.000657 79.926022
0.611507 1529086632.351365 0.000130 0.000234 0.000637 82.043258
0.624775 1529086632.364632 0.000131 0.000234 0.000626 84.573678
0.637172 1529086632.377029 0.000131 0.000233 0.000615 87.130934
0.649755 1529086632.389612 0.000131 0.000232 0.000608 89.640062
0.662520 1529086632.402377 0.000130 0.000230 0.000613 91.064211
0.675093 1529086632.414950 0.000133 0.000230 0.000618 92.743455
0.686463 1529086632.426320 0.000136 0.000225 0.000611 94.268698
0.698654 1529086632.438511 0.000132 0.000223 0.000622 95.292548
0.711565 1529086632.451423 0.000134 0.000220 0.000620 96.042802
0.724854 1529086632.464711 0.000136 0.000218 0.000621 96.512493
0.737652 1529086632.477509 0.000137 0.000215 0.000625 97.330096
0.749726 1529086632.489583 0.000142 0.000210 0.000617 98.423591
0.762112 1529086632.501970 0.000139 0.000210 0.000612 98.880893
0.774195 1529086632.514052 0.000141 0.000208 0.000620 99.499777
0.786298 1529086632.526155 0.000141 0.000205 0.000626 100.136118
0.798972 1529086632.538830 0.000138 0.000204 0.000633 101.002681
0.812043 1529086632.551900 0.000142 0.000202 0.000628 101.585312
0.825163 1529086632.565020 0.000142 0.000201 0.000633 101.945517
0.837724 1529086632.577582 0.000148 0.000200 0.000623 102.773173
0.850146 1529086632.590003 0.000148 0.000198 0.000622 103.342443
0.861886 1529086632.601744 0.000145 0.000198 0.000628 103.529507
0.873878 1529086632.613735 0.000148 0.000197 0.000619 103.953136
0.886431 1529086632.626288 0.000151 0.000196 0.000624 104.061856
0.900294 1529086632.640151 0.000152 0.000196 0.000616 104.364183
0.912718 1529086632.652575 0.000151 0.000195 0.000622 104.000657
0.924833 1529086632.664691 0.000154 0.000194 0.000624 104.081964
0.936386 1529086632.676243 0.000152 0.000194 0.000635 104.176493
0.949170 1529086632.689028 0.000156 0.000193 0.000626 104.511727
0.961712 1529086632.701569 0.000154 0.000193 0.000626 104.576934
0.974364 1529086632.714221 0.000153 0.000193 0.000629 103.962387
0.986821 1529086632.726678 0.000153 0.000194 0.000628 103.938890
0.999025 1529086632.738883 0.000155 0.000194 0.000624 103.771356
1.011636 1529086632.751493 0.000154 0.000194 0.000609 103.599637
1.024048 1529086632.763905 0.000154 0.000193 0.000613 103.237194
1.036428 1529086632.776285 0.000155 0.000193 0.000610 103.197252
1.049098 1529086632.788956 0.000153 0.000195 0.000619 103.283398
1.062395 1529086632.802253 0.000159 0.000194 0.000612 103.221049
1.074864 1529086632.814722 0.000161 0.000194 0.000609 103.046380
1.087163 1529086632.827020 0.000159 0.000194 0.000607 103.147665
1.099287 1529086632.839144 0.000155 0.000194 0.000615 102.937587
1.112337 1529086632.852195 0.000160 0.000194 0.000603 103.079239
1.124973 1529086632.864830 0.000158 0.000194 0.000616 102.706904
1.137617 1529086632.877474 0.000155 0.000196 0.000606 103.544438
1.150484 1529086632.890342 0.000161 0.000194 0.000605 103.728664
1.161896 1529086632.901753 0.000161 0.000197 0.000604 103.783056
1.174490 1529086632.914348 0.000162 0.000196 0.000585 103.809421
1.186867 1529086632.926724 0.000163 0.000194 0.000590 103.742618
1.199189 1529086632.939046 0.000161 0.000194 0.000596 103.988210
1.211745 1529086632.951602 0.000158 0.000196 0.000604 104.158203
1.224370 1529086632.964228 0.000160 0.000197 0.000604 104.315500
1.236809 1529086632.976666 0.000159 0.000197 0.000605 104.695620
1.249153 1529086632.989011 0.000159 0.000198 0.000607 104.338331
1.261670 1529086633.001528 0.000160 0.000198 0.000600 104.540379
1.274198 1529086633.014055 0.000162 0.000198 0.000599 104.632208
1.286515 1529086633.026372 0.000161 0.000199 0.000616 105.304140
1.299169 1529086633.039026 0.000162 0.000198 0.000600 105.168382
1.312064 1529086633.051922 0.000161 0.000199 0.000603 105.415745
1.324598 1529086633.064456 0.000160 0.000199 0.000605 105.532312
1.337005 1529086633.076863 0.000168 0.000197 0.000594 105.963365
1.349311 1529086633.089168 0.000161 0.000199 0.000600 106.244907
1.362061 1529086633.101918 0.000164 0.000198 0.000600 106.392784
1.374875 1529086633.114732 0.000169 0.000198 0.000586 106.406307
1.386836 1529086633.126693 0.000170 0.000198 0.000587 106.510631
1.400002 1529086633.139859 0.000171 0.000198 0.000586 106.765365
1.412302 1529086633.152159 0.000170 0.000197 0.000593 107.190372
1.425072 1529086633.164929 0.000172 0.000197 0.000593 106.969072
1.437708 1529086633.177565 0.000173 0.000198 0.000589 107.664267
1.449768 1529086633.189626 0.000172 0.000197 0.000588 107.105881
1.461836 1529086633.201694 0.000170 0.000197 0.000588 107.041063
1.474590 1529086633.214448 0.000174 0.000197 0.000587 107.216655
1.487107 1529086633.226964 0.000172 0.000197 0.000594 107.740549
1.499531 1529086633.239388 0.000177 0.000196 0.000589 107.474515
1.511974 1529086633.251831 0.000176 0.000197 0.000592 107.576022
1.524270 1529086633.264127 0.000178 0.000197 0.000593 107.650527
1.536889 1529086633.276747 0.000178 0.000197 0.000608 107.591967
1.549470 1529086633.289328 0.000175 0.000197 0.000619 107.781262
1.561816 1529086633.301673 0.000176 0.000198 0.000631 107.401124
1.574602 1529086633.314460 0.000176 0.000198 0.000640 107.039701
1.587271 1529086633.327129 0.000177 0.000200 0.000631 107.159894
1.599245 1529086633.339102 0.000178 0.000200 0.000636 106.249694
1.611926 1529086633.351784 0.000180 0.000202 0.000637 105.650421
1.624241 1529086633.364098 0.000178 0.000202 0.000643 105.308630
1.636953 1529086633.376811 0.000179 0.000203 0.000636 104.891053
1.649892 1529086633.389749 0.000181 0.000205 0.000625 105.212688
1.661853 1529086633.401710 0.000177 0.000204 0.000632 104.612950
1.674562 1529086633.414419 0.000176 0.000206 0.000625 104.946958
1.687177 1529086633.427034 0.000184 0.000206 0.000608 104.759727
1.699889 1529086633.439746 0.000183 0.000205 0.000611 105.161045
1.711687 1529086633.451544 0.000186 0.000208 0.000615 106.683696
1.724216 1529086633.464073 0.000180 0.000208 0.000602 106.078293
1.737089 1529086633.476946 0.000181 0.000206 0.000596 106.327247
1.750126 1529086633.489983 0.000181 0.000205 0.000591 106.431945
1.762731 1529086633.502589 0.000182 0.000205 0.000587 107.200504
1.774550 1529086633.514408 0.000178 0.000206 0.000596 107.170250
1.786299 1529086633.526157 0.000181 0.000205 0.000593 107.876463
1.798669 1529086633.538526 0.000181 0.000206 0.000598 108.206690
1.811935 1529086633.551793 0.000177 0.000206 0.000596 107.318625
1.823932 1529086633.563789 0.000175 0.000206 0.000594 107.524349
1.836397 1529086633.576255 0.000177 0.000209 0.000583 107.335957
1.848672 1529086633.588529 0.000178 0.000207 0.000588 107.378845
1.861160 1529086633.601018 0.000180 0.000208 0.000578 107.239294
1.873576 1529086633.613434 0.000179 0.000208 0.000576 106.987598
1.886292 1529086633.626149 0.000179 0.000209 0.000578 106.950468
1.898679 1529086633.638536 0.000180 0.000206 0.000584 107.055165
1.911294 1529086633.651151 0.000181 0.000209 0.000568 106.821163
1.924636 1529086633.664493 0.000178 0.000209 0.000567 106.560500
1.936881 1529086633.676739 0.000180 0.000206 0.000567 106.527607
1.949431 1529086633.689288 0.000179 0.000207 0.000564 106.356211
1.961825 1529086633.701683 0.000180 0.000209 0.000565 106.371520
1.974418 1529086633.714275 0.000181 0.000207 0.000564 106.085525
1.986836 1529086633.726693 0.000178 0.000207 0.000575 105.882897
1.999264 1529086633.739121 0.000180 0.000207 0.000570 105.858983
2.012288 1529086633.752145 0.000181 0.000207 0.000576 105.921642
2.024495 1529086633.764352 0.000179 0.000211 0.000584 105.705033
2.036865 1529086633.776722 0.000179 0.000208 0.000585 105.337692
2.049671 1529086633.789528 0.000178 0.000211 0.000585 104.925581
2.062073 1529086633.801930 0.000175 0.000211 0.000579 104.111223
2.074586 1529086633.814444 0.000170 0.000213 0.000595 103.440528
2.087019 1529086633.826876 0.000172 0.000214 0.000579 102.272699
2.099404 1529086633.839261 0.000169 0.000217 0.000595 101.480105
2.112116 1529086633.851973 0.000165 0.000220 0.000600 100.634025
2.124914 1529086633.864772 0.000165 0.000220 0.000603 99.665143
2.137192 1529086633.877049 0.000162 0.000224 0.000611 98.821815
2.149710 1529086633.889567 0.000161 0.000224 0.000598 97.426394
2.162371 1529086633.902228 0.000160 0.000224 0.000603 96.139142
2.174525 1529086633.914383 0.000164 0.000223 0.000596 94.364678
2.186952 1529086633.926810 0.000164 0.000222 0.000594 93.422266
2.199619 1529086633.939476 0.000169 0.000221 0.000603 93.122902
2.212278 1529086633.952136 0.000170 0.000221 0.000600 92.228631
2.224780 1529086633.964638 0.000166 0.000217 0.000601 90.997134
2.237058 1529086633.976916 0.000166 0.000210 0.000587 89.359747
2.249520 1529086633.989377 0.000167 0.000203 0.000589 87.873101
2.262326 1529086634.002184 0.000167 0.000198 0.000592 86.990987
2.274744 1529086634.014601 0.000162 0.000195 0.000597 86.436498
2.287021 1529086634.026878 0.000162 0.000193 0.000593 85.624064
2.299536 1529086634.039394 0.000161 0.000192 0.000582 84.837162
2.312212 1529086634.052070 0.000160 0.000191 0.000583 84.437041
2.324504 1529086634.064361 0.000160 0.000191 0.000585 84.429715
2.337105 1529086634.076962 0.000158 0.000192 0.000580 84.341597
2.349871 1529086634.089729 0.000156 0.000191 0.000582 84.463683
2.362710 1529086634.102567 0.000154 0.000194 0.000581 84.553009
2.374757 1529086634.114614 0.000151 0.000197 0.000589 85.177961
2.387548 1529086634.127406 0.000153 0.000196 0.000581 85.503638
2.400051 1529086634.139909 0.000154 0.000196 0.000577 85.830112
2.412056 1529086634.151913 0.000149 0.000197 0.000579 86.328886
2.424365 1529086634.164222 0.000149 0.000197 0.000583 86.543773
2.436574 1529086634.176432 0.000148 0.000198 0.000583 86.904975
2.449268 1529086634.189126 0.000152 0.000197 0.000580 86.936105
2.462025 1529086634.201883 0.000150 0.000196 0.000581 87.110492
2.474407 1529086634.214265 0.000147 0.000197 0.000589 87.353211
2.486903 1529086634.226760 0.000146 0.000196 0.000587 87.151524
2.499298 1529086634.239155 0.000147 0.000195 0.000583 86.937469
2.512601 1529086634.252458 0.000147 0.000194 0.000585 86.687924
2.524899 1529086634.264757 0.000148 0.000194 0.000588 86.506164
2.537257 1529086634.277114 0.000144 0.000194 0.000583 86.182435
2.549733 1529086634.289590 0.000146 0.000194 0.000578 85.555042
2.562334 1529086634.302191 0.000142 0.000194 0.000586 85.148554
2.575168 1529086634.315026 0.000142 0.000194 0.000580 84.595230
2.587607 1529086634.327464 0.000143 0.000191 0.000576 83.891617
2.599690 1529086634.339548 0.000138 0.000193 0.000588 83.698653
2.612466 1529086634.352323 0.000138 0.000191 0.000589 83.024233
2.624454 1529086634.364311 0.000138 0.000188 0.000584 82.456762
2.637167 1529086634.377025 0.000137 0.000187 0.000582 81.979830
2.649620 1529086634.389477 0.000135 0.000186 0.000589 81.702121
2.662217 1529086634.402075 0.000135 0.000185 0.000590 81.191171
2.675091 1529086634.414948 0.000134 0.000183 0.000585 80.879450
2.687393 1529086634.427251 0.000136 0.000181 0.000583 80.562295
2.700094 1529086634.439951 0.000132 0.000181 0.000590 80.525279
2.712660 1529086634.452518 0.000131 0.000183 0.000591 80.344990
2.724630 1529086634.464488 0.000132 0.000181 0.000590 79.900848
2.737296 1529086634.477154 0.000130 0.000180 0.000588 79.645109
2.749994 1529086634.489851 0.000129 0.000180 0.000598 79.600117
2.762249 1529086634.502107 0.000128 0.000179 0.000593 79.416933
2.774704 1529086634.514562 0.000127 0.000178 0.000602 79.181123
2.787171 1529086634.527029 0.000131 0.000176 0.000592 78.663016
2.799710 1529086634.539567 0.000129 0.000176 0.000595 78.573531
2.812199 1529086634.552057 0.000126 0.000178 0.000603 78.623155
2.824654 1529086634.564512 0.000126 0.000177 0.000596 78.115292
2.837120 1529086634.576977 0.000124 0.000177 0.000604 78.068799
2.849553 1529086634.589411 0.000124 0.000178 0.000601 77.694502
2.861932 1529086634.601789 0.000123 0.000179 0.000602 77.349568
2.874451 1529086634.614308 0.000122 0.000180 0.000600 76.900766
2.887458 1529086634.627316 0.000123 0.000184 0.000599 76.342036
2.900251 1529086634.640108 0.000124 0.000185 0.000598 76.035383
2.912378 1529086634.652235 0.000123 0.000189 0.000595 75.543130
2.924376 1529086634.664233 0.000123 0.000189 0.000590 75.133032
2.936504 1529086634.676361 0.000123 0.000191 0.000591 74.551235
2.949232 1529086634.689089 0.000123 0.000189 0.000586 74.406194
2.963019 1529086634.702877 0.000123 0.000189 0.000579 74.345795
2.975147 1529086634.715004 0.000123 0.000190 0.000586 74.161452
2.987441 1529086634.727298 0.000123 0.000187 0.000579 74.390082
2.999951 1529086634.739809 0.000123 0.000189 0.000578 74.523217
3.012478 1529086634.752335 0.000124 0.000186 0.000576 74.560812
3.024579 1529086634.764436 0.000126 0.000191 0.000577 74.749814
3.036834 1529086634.776692 0.000124 0.000191 0.000580 75.140359
3.049149 1529086634.789006 0.000124 0.000192 0.000588 75.423370
3.061566 1529086634.801423 0.000125 0.000195 0.000589 75.428505
3.074058 1529086634.813915 0.000126 0.000193 0.000582 75.510663
3.087577 1529086634.827435 0.000125 0.000195 0.000582 75.505711
3.099257 1529086634.839114 0.000124 0.000195 0.000587 75.706081
3.111628 1529086634.851485 0.000125 0.000194 0.000580 75.638209
3.124129 1529086634.863987 0.000125 0.000195 0.000580 75.676756
3.137739 1529086634.877597 0.000125 0.000198 0.000581 75.411989
3.150257 1529086634.890114 0.000125 0.000196 0.000579 75.486149
3.162625 1529086634.902483 0.000125 0.000197 0.000588 75.119749
3.174668 1529086634.914525 0.000126 0.000197 0.000581 74.734744
3.186665 1529086634.926522 0.000126 0.000191 0.000581 74.303835
3.199543 1529086634.939401 0.000128 0.000190 0.000575 73.635011
3.211809 1529086634.951667 0.000129 0.000188 0.000581 72.918397
3.224270 1529086634.964127 0.000134 0.000178 0.000554 72.297016
3.237941 1529086634.977799 0.000138 0.000159 0.000505 71.698664
3.250865 1529086634.990723 0.000141 0.000157 0.000510 70.635842
3.262954 1529086635.002812 0.000141 0.000155 0.000516 69.957597
3.274543 1529086635.014401 0.000141 0.000154 0.000522 68.995248
3.287259 1529086635.027117 0.000140 0.000154 0.000535 68.424192
3.299553 1529086635.039411 0.000139 0.000151 0.000547 68.120510
3.312581 1529086635.052438 0.000139 0.000150 0.000531 67.734024
3.324588 1529086635.064445 0.000138 0.000147 0.000537 67.611707
3.337200 1529086635.077057 0.000136 0.000152 0.000563 67.428728
3.349519 1529086635.089377 0.000137 0.000149 0.000547 67.354207
3.362189 1529086635.102046 0.000137 0.000147 0.000538 66.660646
3.375154 1529086635.115011 0.000135 0.000149 0.000549 66.622942
3.387300 1529086635.127157 0.000134 0.000150 0.000552 66.622345
3.399650 1529086635.139507 0.000133 0.000150 0.000570 66.612571
3.412119 1529086635.151977 0.000133 0.000147 0.000553 66.694427
3.424861 1529086635.164718 0.000133 0.000145 0.000552 66.321944
3.437343 1529086635.177201 0.000133 0.000145 0.000542 66.176559
3.449997 1529086635.189855 0.000133 0.000143 0.000536 65.819260
3.462232 1529086635.202089 0.000132 0.000144 0.000546 65.716829
3.475045 1529086635.214903 0.000131 0.000145 0.000537 65.940656
3.487435 1529086635.227292 0.000132 0.000141 0.000524 65.566162
3.500273 1529086635.240130 0.000131 0.000145 0.000536 65.711162
3.512915 1529086635.252773 0.000131 0.000144 0.000542 65.622949
3.525900 1529086635.265758 0.000131 0.000144 0.000561 65.904078
3.537605 1529086635.277463 0.000130 0.000144 0.000536 65.349116
3.549867 1529086635.289724 0.000130 0.000144 0.000539 65.565147
3.562257 1529086635.302114 0.000130 0.000144 0.000549 65.887207
3.574470 1529086635.314327 0.000131 0.000144 0.000534 65.565341
3.586884 1529086635.326741 0.000130 0.000145 0.000543 65.551705
3.599164 1529086635.339022 0.000131 0.000143 0.000534 65.294974
3.611898 1529086635.351756 0.000129 0.000146 0.000554 65.260874
3.624389 1529086635.364247 0.000130 0.000144 0.000532 65.331605
3.637198 1529086635.377056 0.000129 0.000143 0.000549 65.088815
3.650724 1529086635.390582 0.000130 0.000145 0.000549 64.864651
3.663015 1529086635.402872 0.000131 0.000144 0.000540 64.848957
3.675385 1529086635.415243 0.000131 0.000140 0.000532 64.687337
3.687988 1529086635.427845 0.000131 0.000139 0.000552 64.396713
3.700049 1529086635.439907 0.000131 0.000140 0.000596 63.457224
3.711932 1529086635.451790 0.000129 0.000139 0.000609 62.535582
3.724451 1529086635.464309 0.000129 0.000138 0.000622 62.122698
3.737081 1529086635.476939 0.000128 0.000138 0.000623 62.178458
3.750039 1529086635.489897 0.000129 0.000137 0.000609 61.836806
3.762234 1529086635.502091 0.000128 0.000139 0.000611 62.332252
3.774622 1529086635.514479 0.000127 0.000139 0.000627 62.309018
3.786958 1529086635.526816 0.000128 0.000138 0.000611 62.004895
3.799864 1529086635.539722 0.000127 0.000139 0.000609 62.188339
3.813025 1529086635.552882 0.000127 0.000138 0.000631 61.919661
3.825338 1529086635.565196 0.000127 0.000139 0.000606 61.784013
3.837818 1529086635.577676 0.000128 0.000140 0.000613 61.765953
3.850217 1529086635.590074 0.000127 0.000140 0.000613 61.394871
3.862959 1529086635.602817 0.000127 0.000139 0.000619 61.357088
3.875153 1529086635.615010 0.000127 0.000140 0.000628 61.334008
3.887807 1529086635.627665 0.000125 0.000140 0.000627 61.133823
3.900242 1529086635.640099 0.000127 0.000140 0.000616 61.100988
3.911920 1529086635.651777 0.000126 0.000141 0.000620 61.090654
3.924464 1529086635.664321 0.000127 0.000138 0.000621 61.019421
3.936909 1529086635.676767 0.000126 0.000141 0.000617 60.942480
3.949413 1529086635.689270 0.000126 0.000141 0.000629 60.775883
3.961889 1529086635.701746 0.000126 0.000141 0.000625 60.823223
3.974561 1529086635.714418 0.000126 0.000138 0.000623 60.776869
3.987018 1529086635.726875 0.000126 0.000141 0.000633 60.723652
3.999367 1529086635.739224 0.000126 0.000140 0.000619 60.353780
4.012136 1529086635.751993 0.000126 0.000141 0.000636 60.452343
4.024691 1529086635.764549 0.000126 0.000139 0.000620 60.209977
4.037183 1529086635.777040 0.000126 0.000140 0.000610 59.994651
4.049611 1529086635.789469 0.000126 0.000139 0.000634 59.992668
4.062011 1529086635.801868 0.000126 0.000141 0.000634 59.826308
4.074706 1529086635.814564 0.000126 0.000141 0.000646 59.834629
4.087208 1529086635.827065 0.000126 0.000141 0.000647 59.741621
4.099671 1529086635.839529 0.000127 0.000140 0.000643 59.555326
4.112344 1529086635.852201 0.000126 0.000141 0.000643 59.481543
4.124631 1529086635.864488 0.000127 0.000141 0.000660 59.445310
4.137105 1529086635.876962 0.000127 0.000141 0.000644 59.579595
4.150262 1529086635.890120 0.000127 0.000141 0.000641 59.483571
4.162317 1529086635.902174 0.000127 0.000141 0.000650 59.644220
4.174894 1529086635.914752 0.000127 0.000141 0.000655 59.317445
4.187259 1529086635.927116 0.000127 0.000142 0.000663 59.383727
4.199811 1529086635.939668 0.000128 0.000141 0.000642 59.329432
4.212141 1529086635.951998 0.000128 0.000139 0.000643 59.133708
4.224829 1529086635.964686 0.000128 0.000142 0.000652 59.020454
4.237321 1529086635.977178 0.000129 0.000140 0.000643 58.777719
4.250248 1529086635.990105 0.000128 0.000140 0.000648 58.721717
4.262801 1529086636.002658 0.000128 0.000141 0.000656 58.771645
4.275331 1529086636.015188 0.000128 0.000140 0.000669 58.579223
4.287234 1529086636.027092 0.000128 0.000140 0.000657 58.588887
4.299167 1529086636.039024 0.000128 0.000140 0.000659 58.141138
4.312028 1529086636.051886 0.000128 0.000140 0.000639 58.186844
4.324287 1529086636.064145 0.000128 0.000140 0.000663 58.338166
4.336870 1529086636.076728 0.000128 0.000142 0.000652 58.313153
4.349260 1529086636.089118 0.000129 0.000142 0.000640 58.450560
4.361742 1529086636.101599 0.000129 0.000141 0.000636 58.416529
4.374140 1529086636.113997 0.000129 0.000142 0.000648 58.614847
4.386746 1529086636.126604 0.000129 0.000139 0.000629 58.657027
4.399039 1529086636.138896 0.000129 0.000142 0.000637 58.772423
4.412524 1529086636.152381 0.000129 0.000140 0.000647 58.754000
4.425333 1529086636.165190 0.000129 0.000142 0.000641 58.903489
4.437083 1529086636.176940 0.000129 0.000143 0.000639 58.932353
4.449460 1529086636.189317 0.000130 0.000144 0.000644 59.197553
4.461906 1529086636.201763 0.000129 0.000141 0.000634 59.175348
4.474350 1529086636.214207 0.000130 0.000142 0.000637 59.050136
4.486814 1529086636.226671 0.000130 0.000143 0.000619 59.378189
4.499057 1529086636.238915 0.000130 0.000143 0.000614 59.051350
4.511808 1529086636.251665 0.000130 0.000143 0.000616 59.022468
4.524230 1529086636.264087 0.000130 0.000144 0.000623 59.131925
4.536822 1529086636.276680 0.000130 0.000142 0.000635 58.768615
4.549286 1529086636.289144 0.000130 0.000144 0.000632 59.085214
4.561869 1529086636.301727 0.000132 0.000141 0.000628 58.608509
4.574471 1529086636.314329 0.000132 0.000141 0.000649 58.451918
4.586782 1529086636.326640 0.000133 0.000140 0.000642 58.303566
4.599459 1529086636.339317 0.000133 0.000140 0.000636 58.223044
4.612773 1529086636.352630 0.000134 0.000141 0.000620 57.900461
4.624416 1529086636.364274 0.000134 0.000141 0.000652 57.973954
4.636750 1529086636.376608 0.000134 0.000139 0.000641 57.770898
4.649393 1529086636.389250 0.000134 0.000139 0.000651 57.486351
4.661860 1529086636.401717 0.000134 0.000139 0.000639 57.686231
4.674198 1529086636.414056 0.000133 0.000137 0.000645 57.685537
4.686864 1529086636.426722 0.000134 0.000137 0.000654 57.809681
4.699335 1529086636.439193 0.000133 0.000138 0.000644 57.525262
4.712735 1529086636.452593 0.000132 0.000137 0.000649 57.533473
4.726466 1529086636.466324 0.000132 0.000138 0.000655 57.793182
4.738044 1529086636.477901 0.000132 0.000138 0.000643 57.743382
4.750335 1529086636.490193 0.000131 0.000138 0.000656 57.606512
4.761844 1529086636.501701 0.000130 0.000139 0.000665 57.808469
4.774714 1529086636.514571 0.000131 0.000137 0.000643 57.738013
4.787058 1529086636.526916 0.000131 0.000136 0.000647 57.358535
4.799339 1529086636.539196 0.000131 0.000136 0.000641 57.503125
4.812908 1529086636.552766 0.000131 0.000137 0.000642 57.537231
4.826226 1529086636.566083 0.000130 0.000138 0.000660 57.428953
4.838069 1529086636.577926 0.000130 0.000137 0.000667 57.246285
4.850393 1529086636.590250 0.000130 0.000138 0.000653 57.394370
4.862114 1529086636.601971 0.000130 0.000136 0.000657 57.479708
4.875551 1529086636.615409 0.000130 0.000134 0.000654 57.381086
4.887378 1529086636.627235 0.000129 0.000138 0.000668 57.476718
4.900105 1529086636.639962 0.000129 0.000136 0.000670 57.446424
4.912710 1529086636.652568 0.000126 0.000135 0.000681 57.084010
4.925125 1529086636.664983 0.000123 0.000131 0.000708 56.437173
4.937706 1529086636.677564 0.000122 0.000128 0.000755 55.931150
4.950379 1529086636.690236 0.000120 0.000128 0.000742 55.708820
4.963326 1529086636.703183 0.000120 0.000129 0.000746 55.648634
4.975959 1529086636.715816 0.000119 0.000130 0.000753 55.690508
4.987577 1529086636.727434 0.000119 0.000130 0.000738 55.558409
4.999657 1529086636.739515 0.000118 0.000130 0.000736 55.444083
5.012145 1529086636.752003 0.000118 0.000129 0.000734 55.527469
5.024638 1529086636.764496 0.000117 0.000128 0.000729 55.583652
5.037277 1529086636.777134 0.000117 0.000128 0.000723 55.272603
5.049816 1529086636.789674 0.000117 0.000130 0.000722 55.399617
5.062095 1529086636.801952 0.000116 0.000129 0.000738 55.087393
5.074341 1529086636.814199 0.000115 0.000128 0.000727 55.249754
5.087385 1529086636.827242 0.000115 0.000128 0.000737 55.087487
5.100607 1529086636.840464 0.000115 0.000128 0.000734 55.260798
5.112957 1529086636.852814 0.000115 0.000126 0.000724 55.009212
5.125456 1529086636.865313 0.000115 0.000127 0.000724 54.862441
5.138146 1529086636.878004 0.000114 0.000129 0.000732 55.079719
5.150504 1529086636.890362 0.000113 0.000128 0.000729 54.913104
5.162459 1529086636.902317 0.000112 0.000124 0.000741 53.916187
5.174690 1529086636.914547 0.000105 0.000126 0.000764 53.683381
5.187271 1529086636.927128 0.000098 0.000127 0.000790 53.819323
5.200775 1529086636.940633 0.000095 0.000129 0.000782 54.363616
5.212990 1529086636.952847 0.000095 0.000130 0.000794 54.321704
5.225574 1529086636.965431 0.000095 0.000127 0.000789 54.237555
5.237501 1529086636.977358 0.000096 0.000125 0.000782 54.079035
5.249640 1529086636.989497 0.000095 0.000125 0.000782 54.001285
5.262186 1529086637.002043 0.000096 0.000125 0.000776 54.254492
5.274765 1529086637.014623 0.000096 0.000127 0.000765 54.316409
5.287340 1529086637.027198 0.000096 0.000126 0.000778 54.334706
5.299618 1529086637.039475 0.000096 0.000128 0.000792 54.648011
5.312495 1529086637.052353 0.000095 0.000127 0.000771 54.619789
5.324701 1529086637.064559 0.000095 0.000129 0.000780 54.983239
5.338403 1529086637.078260 0.000095 0.000128 0.000791 54.695017
5.349595 1529086637.089452 0.000096 0.000129 0.000754 54.883122
5.362436 1529086637.102294 0.000096 0.000128 0.000754 55.320202
5.374985 1529086637.114842 0.000097 0.000123 0.000769 55.084696
5.388593 1529086637.128451 0.000096 0.000120 0.000790 54.508036
5.400895 1529086637.140753 0.000095 0.000120 0.000785 54.247660
5.413874 1529086637.153732 0.000094 0.000120 0.000759 53.915499
5.426541 1529086637.166398 0.000094 0.000122 0.000765 53.814481
5.438130 1529086637.177987 0.000095 0.000121 0.000767 53.604305
5.451150 1529086637.191008 0.000094 0.000122 0.000772 53.986648
5.462210 1529086637.202068 0.000094 0.000122 0.000773 54.017380
5.475079 1529086637.214937 0.000094 0.000122 0.000785 54.104696
5.487518 1529086637.227375 0.000094 0.000122 0.000768 53.985527
5.499845 1529086637.239702 0.000094 0.000122 0.000781 54.094029
5.512521 1529086637.252378 0.000094 0.000119 0.000764 53.771196
5.525618 1529086637.265475 0.000094 0.000121 0.000764 53.984362
5.538254 1529086637.278111 0.000094 0.000121 0.000769 53.802175
5.550826 1529086637.290683 0.000094 0.000121 0.000767 54.027327
5.563805 1529086637.303662 0.000093 0.000120 0.000775 53.874076
5.574986 1529086637.314843 0.000094 0.000122 0.000785 54.146980
5.587649 1529086637.327506 0.000093 0.000122 0.000786 54.155793
5.600074 1529086637.339931 0.000094 0.000122 0.000784 54.187518
5.612499 1529086637.352356 0.000094 0.000122 0.000771 54.069388
5.625200 1529086637.365057 0.000094 0.000122 0.000774 53.967848
5.637425 1529086637.377282 0.000094 0.000122 0.000777 54.392344
5.649985 1529086637.389842 0.000094 0.000121 0.000771 54.245199
5.662405 1529086637.402262 0.000094 0.000122 0.000765 54.113817
5.676336 1529086637.416193 0.000094 0.000121 0.000769 54.104809
5.687349 1529086637.427206 0.000094 0.000121 0.000769 54.186509
5.700007 1529086637.439864 0.000094 0.000122 0.000775 54.216431
5.712639 1529086637.452497 0.000094 0.000121 0.000774 54.107932
5.725247 1529086637.465105 0.000094 0.000121 0.000771 54.244521
5.737648 1529086637.477505 0.000094 0.000122 0.000767 54.335684
5.750167 1529086637.490025 0.000094 0.000122 0.000774 54.221905
5.763224 1529086637.503081 0.000094 0.000122 0.000770 54.343467
5.775720 1529086637.515578 0.000094 0.000123 0.000767 54.373104
5.788059 1529086637.527917 0.000094 0.000123 0.000770 54.582605
5.800906 1529086637.540764 0.000094 0.000123 0.000770 54.275315
5.812686 1529086637.552543 0.000094 0.000123 0.000774 54.280848
5.824894 1529086637.564751 0.000095 0.000123 0.000768 54.225533
5.837942 1529086637.577800 0.000095 0.000123 0.000762 54.127094
5.850375 1529086637.590232 0.000096 0.000122 0.000754 53.996433
5.862802 1529086637.602660 0.000097 0.000121 0.000759 53.988166
5.875191 1529086637.615048 0.000097 0.000120 0.000761 53.376078
5.887499 1529086637.627356 0.000096 0.000119 0.000794 52.781095
5.899935 1529086637.639793 0.000095 0.000120 0.000796 52.542219
5.912622 1529086637.652479 0.000095 0.000121 0.000804 52.258284
5.925130 1529086637.664987 0.000096 0.000121 0.000791 52.034615
5.937824 1529086637.677681 0.000095 0.000121 0.000786 52.263419
5.949983 1529086637.689841 0.000095 0.000121 0.000778 51.961351
5.963041 1529086637.702899 0.000095 0.000121 0.000768 51.902098
5.975842 1529086637.715700 0.000095 0.000120 0.000746 51.534820
5.987520 1529086637.727377 0.000094 0.000120 0.000761 51.374152
5.999928 1529086637.739786 0.000094 0.000121 0.000751 51.447938
6.012284 1529086637.752141 0.000095 0.000120 0.000743 51.277031
6.024671 1529086637.764528 0.000095 0.000120 0.000738 51.072128
6.038172 1529086637.778029 0.000095 0.000120 0.000725 50.825704
6.050697 1529086637.790555 0.000095 0.000120 0.000728 50.906435
6.063154 1529086637.803012 0.000095 0.000121 0.000729 50.996218
6.075267 1529086637.815124 0.000095 0.000120 0.000726 51.049344
6.087354 1529086637.827211 0.000095 0.000121 0.000716 51.130678
6.100444 1529086637.840301 0.000095 0.000120 0.000729 51.056573
6.113676 1529086637.853534 0.000095 0.000120 0.000730 50.791689
6.125944 1529086637.865801 0.000095 0.000121 0.000727 50.878924
6.139374 1529086637.879232 0.000096 0.000121 0.000654 50.981698
6.149926 1529086637.889783 0.000094 0.000120 0.000725 50.966064
6.162362 1529086637.902219 0.000094 0.000121 0.000732 50.985014
6.175547 1529086637.915405 0.000095 0.000120 0.000727 50.612138
6.188401 1529086637.928258 0.000095 0.000120 0.000719 50.805980
6.201203 1529086637.941061 0.000095 0.000120 0.000723 50.882489
6.213480 1529086637.953337 0.000095 0.000120 0.000718 50.550064
6.225353 1529086637.965211 0.000094 0.000120 0.000744 51.155465
6.237892 1529086637.977749 0.000094 0.000120 0.000746 51.019630
6.250131 1529086637.989988 0.000094 0.000120 0.000751 51.197314
6.262752 1529086638.002609 0.000094 0.000120 0.000748 51.106746
6.274926 1529086638.014784 0.000095 0.000120 0.000735 50.812488
6.287617 1529086638.027474 0.000095 0.000121 0.000721 50.962745
6.300298 1529086638.040156 0.000094 0.000121 0.000737 51.216229
6.312451 1529086638.052309 0.000095 0.000122 0.000738 50.888044
6.325367 1529086638.065225 0.000095 0.000122 0.000741 51.361606
6.338032 1529086638.077889 0.000095 0.000121 0.000748 51.384854
6.350335 1529086638.090192 0.000095 0.000121 0.000747 51.260270
6.362617 1529086638.102474 0.000095 0.000121 0.000739 51.316080
6.374998 1529086638.114856 0.000096 0.000122 0.000732 51.362627
6.387904 1529086638.127761 0.000095 0.000122 0.000737 51.224534
6.400115 1529086638.139973 0.000095 0.000122 0.000748 51.541930
6.412662 1529086638.152519 0.000095 0.000122 0.000752 51.493277
6.425451 1529086638.165308 0.000096 0.000122 0.000734 51.350934
6.437467 1529086638.177324 0.000095 0.000122 0.000759 51.809602
6.450206 1529086638.190063 0.000096 0.000122 0.000745 51.595010
6.463083 1529086638.202940 0.000096 0.000123 0.000732 51.721135
6.475293 1529086638.215151 0.000095 0.000122 0.000757 51.815437
6.487732 1529086638.227590 0.000096 0.000122 0.000748 51.656324
6.500346 1529086638.240203 0.000096 0.000122 0.000751 51.642548
6.513025 1529086638.252882 0.000095 0.000122 0.000757 51.922885
6.525320 1529086638.265177 0.000096 0.000123 0.000755 51.667859
6.538111 1529086638.277968 0.000096 0.000123 0.000747 51.687921
6.549964 1529086638.289822 0.000096 0.000123 0.000753 51.848535
6.562807 1529086638.302665 0.000096 0.000122 0.000752 51.766922
6.575247 1529086638.315105 0.000096 0.000124 0.000753 51.817799
6.587512 1529086638.327370 0.000096 0.000123 0.000759 51.766983
6.600649 1529086638.340506 0.000096 0.000124 0.000757 51.946850
6.613274 1529086638.353132 0.000097 0.000122 0.000758 51.784640
6.625849 1529086638.365706 0.000099 0.000122 0.000747 51.420360
6.638216 1529086638.378073 0.000098 0.000122 0.000749 51.580193
6.650958 1529086638.390815 0.000096 0.000124 0.000748 51.785877
6.663872 1529086638.403729 0.000095 0.000126 0.000743 52.231312
6.675384 1529086638.415241 0.000095 0.000125 0.000742 52.282465
6.688424 1529086638.428281 0.000096 0.000124 0.000743 52.207605
6.700724 1529086638.440582 0.000096 0.000124 0.000725 52.104501
6.712557 1529086638.452414 0.000096 0.000123 0.000736 52.020778
6.724753 1529086638.464611 0.000096 0.000124 0.000738 51.813456
6.737220 1529086638.477077 0.000095 0.000124 0.000741 52.051362
6.749962 1529086638.489819 0.000095 0.000124 0.000744 52.200313
6.762300 1529086638.502158 0.000096 0.000124 0.000737 52.175466
6.775125 1529086638.514982 0.000095 0.000124 0.000755 52.205869
6.788398 1529086638.528255 0.000096 0.000123 0.000736 51.889967
6.801077 1529086638.540935 0.000095 0.000123 0.000761 52.286708
6.813245 1529086638.553103 0.000095 0.000123 0.000763 51.927344
6.825719 1529086638.565577 0.000095 0.000123 0.000765 52.072719
6.838224 1529086638.578082 0.000095 0.000123 0.000763 52.079811
6.850686 1529086638.590544 0.000095 0.000123 0.000759 52.086418
6.862503 1529086638.602360 0.000095 0.000124 0.000743 52.096007
6.875003 1529086638.614861 0.000095 0.000124 0.000754 52.208775
6.887558 1529086638.627415 0.000096 0.000123 0.000739 51.932061
6.900102 1529086638.639960 0.000095 0.000123 0.000756 52.094844
6.912273 1529086638.652130 0.000095 0.000123 0.000740 51.967900
6.924976 1529086638.664834 0.000096 0.000124 0.000736 52.113132
6.937632 1529086638.677490 0.000096 0.000123 0.000732 51.994942
6.949704 1529086638.689561 0.000095 0.000124 0.000765 52.337815
6.962282 1529086638.702140 0.000095 0.000124 0.000762 52.458609
6.975178 1529086638.715035 0.000096 0.000124 0.000744 52.080659
6.987428 1529086638.727285 0.000096 0.000124 0.000753 52.184605
7.000110 1529086638.739967 0.000096 0.000125 0.000741 52.250750
7.012863 1529086638.752721 0.000096 0.000124 0.000728 52.120540
7.024851 1529086638.764709 0.000097 0.000125 0.000733 52.107571
7.038378 1529086638.778235 0.000097 0.000125 0.000727 51.919659
7.050667 1529086638.790525 0.000097 0.000125 0.000730 51.941269
7.063512 1529086638.803369 0.000097 0.000125 0.000725 51.921772
7.075755 1529086638.815612 0.000097 0.000125 0.000720 52.086207
7.088287 1529086638.828144 0.000098 0.000124 0.000719 51.826186
7.100319 1529086638.840176 0.000098 0.000124 0.000731 52.010532
7.112980 1529086638.852838 0.000098 0.000125 0.000715 51.917091
7.125288 1529086638.865145 0.000098 0.000125 0.000721 52.056043
7.137708 1529086638.877566 0.000098 0.000125 0.000717 51.794397
7.150405 1529086638.890262 0.000099 0.000124 0.000709 51.561999
7.163107 1529086638.902965 0.000098 0.000125 0.000721 51.875981
7.175955 1529086638.915812 0.000099 0.000125 0.000718 51.794277
7.187762 1529086638.927619 0.000099 0.000125 0.000695 51.688398
7.200061 1529086638.939919 0.000099 0.000125 0.000717 51.718721
7.212596 1529086638.952453 0.000099 0.000126 0.000716 52.090138
7.224995 1529086638.964852 0.000100 0.000125 0.000701 51.770544
7.237662 1529086638.977520 0.000100 0.000126 0.000706 51.922195
7.250148 1529086638.990006 0.000099 0.000126 0.000707 51.926986
7.262538 1529086639.002396 0.000099 0.000126 0.000715 51.857311
7.274778 1529086639.014636 0.000100 0.000126 0.000701 51.711562
7.287691 1529086639.027548 0.000100 0.000126 0.000705 51.963794
7.299983 1529086639.039840 0.000100 0.000126 0.000691 51.747541
7.313566 1529086639.053423 0.000101 0.000126 0.000695 51.659406
7.325923 1529086639.065781 0.000100 0.000125 0.000697 51.726263
7.337509 1529086639.077366 0.000100 0.000126 0.000707 51.955498
7.349763 1529086639.089620 0.000101 0.000127 0.000701 51.798554
7.362441 1529086639.102298 0.000100 0.000127 0.000717 52.196767
7.375932 1529086639.115790 0.000099 0.000127 0.000716 52.531521
7.388092 1529086639.127949 0.000099 0.000128 0.000709 52.719061
7.400637 1529086639.140494 0.000099 0.000127 0.000711 52.656655
7.413363 1529086639.153220 0.000097 0.000127 0.000718 52.686834
7.425843 1529086639.165700 0.000097 0.000128 0.000730 53.136043
7.437749 1529086639.177606 0.000097 0.000128 0.000734 53.036086
7.449812 1529086639.189669 0.000096 0.000128 0.000746 53.240588
7.462389 1529086639.202247 0.000097 0.000127 0.000732 52.998041
7.475967 1529086639.215825 0.000097 0.000128 0.000722 53.122505
7.488439 1529086639.228296 0.000096 0.000128 0.000723 53.107882
7.500495 1529086639.240353 0.000096 0.000128 0.000741 53.208818
7.512321 1529086639.252179 0.000096 0.000127 0.000742 53.184066
7.524761 1529086639.264619 0.000096 0.000127 0.000713 53.221997
7.537601 1529086639.277459 0.000096 0.000126 0.000718 53.142156
7.549821 1529086639.289679 0.000096 0.000126 0.000715 52.992719
7.562340 1529086639.302197 0.000096 0.000126 0.000737 53.208722
7.574773 1529086639.314631 0.000096 0.000128 0.000735 53.194988
7.587352 1529086639.327209 0.000095 0.000127 0.000756 53.485024
7.601219 1529086639.341077 0.000096 0.000126 0.000718 53.221750
7.613773 1529086639.353630 0.000096 0.000126 0.000723 53.145685
7.625873 1529086639.365731 0.000095 0.000127 0.000747 53.434883
7.638156 1529086639.378013 0.000096 0.000126 0.000743 53.240589
7.650821 1529086639.390679 0.000095 0.000126 0.000729 53.105546
7.663648 1529086639.403505 0.000095 0.000127 0.000740 53.206318
7.675552 1529086639.415409 0.000095 0.000127 0.000756 53.280418
7.687630 1529086639.427487 0.000095 0.000127 0.000736 53.246504
7.700131 1529086639.439989 0.000096 0.000126 0.000745 53.203496
7.712477 1529086639.452335 0.000096 0.000127 0.000725 53.165183
7.726388 1529086639.466245 0.000096 0.000127 0.000739 53.187147
7.737641 1529086639.477498 0.000096 0.000127 0.000723 53.223217
7.750301 1529086639.490159 0.000096 0.000126 0.000753 53.372039
7.762637 1529086639.502494 0.000095 0.000128 0.000741 53.462815
7.775763 1529086639.515621 0.000095 0.000127 0.000732 53.518633
7.788602 1529086639.528459 0.000096 0.000126 0.000729 53.269251
7.800671 1529086639.540529 0.000096 0.000126 0.000734 53.209828
7.812684 1529086639.552541 0.000096 0.000126 0.000725 53.296733
7.826432 1529086639.566290 0.000096 0.000126 0.000743 53.319472
7.838443 1529086639.578300 0.000096 0.000126 0.000760 53.420965
7.850933 1529086639.590790 0.000096 0.000126 0.000724 53.338590
7.863565 1529086639.603423 0.000096 0.000126 0.000731 53.130508
7.875414 1529086639.615272 0.000097 0.000126 0.000720 53.172438
7.888032 1529086639.627890 0.000096 0.000126 0.000747 53.267713
7.900457 1529086639.640314 0.000097 0.000127 0.000736 53.296932
7.912572 1529086639.652429 0.000096 0.000127 0.000740 53.344642
7.925061 1529086639.664919 0.000097 0.000127 0.000727 53.234267
7.937964 1529086639.677821 0.000097 0.000128 0.000740 53.447367
7.950251 1529086639.690109 0.000098 0.000126 0.000758 53.497895
7.962872 1529086639.702729 0.000099 0.000127 0.000740 53.441054
7.975588 1529086639.715445 0.000101 0.000127 0.000733 53.313379
7.987820 1529086639.727677 0.000102 0.000126 0.000734 52.813321
8.000002 1529086639.739860 0.000104 0.000125 0.000726 52.116590
8.012463 1529086639.752321 0.000105 0.000126 0.000710 51.494766
8.025192 1529086639.765049 0.000106 0.000125 0.000698 51.155652
8.037833 1529086639.777690 0.000105 0.000126 0.000705 51.168136
8.050703 1529086639.790560 0.000105 0.000126 0.000692 51.103449
8.062687 1529086639.802544 0.000104 0.000125 0.000691 50.857335
8.075184 1529086639.815041 0.000106 0.000127 0.000609 50.809045
8.087841 1529086639.827698 0.000106 0.000125 0.000613 50.464443
8.100594 1529086639.840451 0.000106 0.000123 0.000618 50.375129
8.113462 1529086639.853320 0.000106 0.000124 0.000603 49.993348
8.125943 1529086639.865800 0.000106 0.000124 0.000618 50.086406
8.137588 1529086639.877446 0.000105 0.000124 0.000622 50.181759
8.149876 1529086639.889734 0.000105 0.000125 0.000625 50.128611
8.162484 1529086639.902341 0.000105 0.000124 0.000615 49.607939
8.174814 1529086639.914671 0.000105 0.000124 0.000607 49.654127
8.188717 1529086639.928574 0.000105 0.000123 0.000601 49.599457
8.199970 1529086639.939828 0.000105 0.000123 0.000615 49.776162
8.212361 1529086639.952218 0.000105 0.000123 0.000620 49.522149
8.225365 1529086639.965222 0.000105 0.000123 0.000613 49.480255
8.237737 1529086639.977595 0.000105 0.000124 0.000597 49.441024
8.250427 1529086639.990285 0.000106 0.000123 0.000603 49.155522
8.263442 1529086640.003300 0.000105 0.000124 0.000608 49.498271
8.276268 1529086640.016126 0.000105 0.000122 0.000617 49.284523
8.288416 1529086640.028274 0.000105 0.000123 0.000594 49.129073
8.299997 1529086640.039854 0.000105 0.000123 0.000611 49.297403
8.312483 1529086640.052340 0.000105 0.000123 0.000609 49.125386
8.325134 1529086640.064991 0.000105 0.000122 0.000593 48.674468
8.337447 1529086640.077305 0.000105 0.000124 0.000615 49.018623
8.350637 1529086640.090495 0.000105 0.000125 0.000609 49.060621
8.363746 1529086640.103603 0.000105 0.000124 0.000606 49.099562
8.375834 1529086640.115692 0.000105 0.000123 0.000607 49.039078
8.388585 1529086640.128442 0.000105 0.000123 0.000597 48.898057
8.401405 1529086640.141263 0.000105 0.000123 0.000593 48.996525
8.412996 1529086640.152854 0.000106 0.000123 0.000595 48.706476
8.425155 1529086640.165013 0.000105 0.000124 0.000610 49.410194
8.437600 1529086640.177457 0.000106 0.000125 0.000613 49.080315
8.451095 1529086640.190952 0.000105 0.000124 0.000625 49.336272
8.463820 1529086640.203677 0.000106 0.000124 0.000613 49.012194
8.476240 1529086640.216098 0.000106 0.000124 0.000610 48.965176
8.488692 1529086640.228549 0.000106 0.000124 0.000608 49.172229
8.501238 1529086640.241095 0.000106 0.000124 0.000608 49.118675
8.513195 1529086640.253052 0.000106 0.000124 0.000604 49.093115
8.525478 1529086640.265336 0.000106 0.000124 0.000595 49.078181
8.537673 1529086640.277530 0.000106 0.000124 0.000618 49.191616
8.550431 1529086640.290288 0.000107 0.000124 0.000617 49.155909
8.562957 1529086640.302815 0.000106 0.000124 0.000622 49.296649
8.575341 1529086640.315198 0.000107 0.000124 0.000603 48.760805
8.587680 1529086640.327537 0.000106 0.000124 0.000615 49.271917
8.600088 1529086640.339945 0.000107 0.000126 0.000608 49.395315
8.612511 1529086640.352368 0.000107 0.000125 0.000599 49.389163
8.625429 1529086640.365286 0.000106 0.000126 0.000595 49.465217
8.637772 1529086640.377629 0.000107 0.000126 0.000598 49.331969
8.650163 1529086640.390020 0.000108 0.000127 0.000602 49.449181
8.662662 1529086640.402519 0.000109 0.000127 0.000579 48.487202
8.675251 1529086640.415109 0.000109 0.000127 0.000586 48.707304
8.688739 1529086640.428596 0.000108 0.000127 0.000615 48.758650
8.701388 1529086640.441246 0.000108 0.000126 0.000609 48.607728
8.713459 1529086640.453317 0.000108 0.000127 0.000589 48.442464
8.725907 1529086640.465764 0.000108 0.000127 0.000587 48.123513
8.738081 1529086640.477939 0.000108 0.000126 0.000586 48.167353
8.751374 1529086640.491232 0.000108 0.000126 0.000580 47.807465
8.763572 1529086640.503429 0.000107 0.000127 0.000592 47.742050
8.775434 1529086640.515292 0.000107 0.000126 0.000585 47.575415
8.787659 1529086640.527516 0.000107 0.000126 0.000604 47.925128
8.800000 1529086640.539858 0.000107 0.000126 0.000582 47.609114
8.812527 1529086640.552384 0.000107 0.000126 0.000594 47.730119
8.825180 1529086640.565037 0.000107 0.000126 0.000603 47.898402
8.837782 1529086640.577639 0.000107 0.000126 0.000591 47.662782
8.850204 1529086640.590061 0.000107 0.000126 0.000598 47.941324
8.863463 1529086640.603320 0.000106 0.000126 0.000602 47.877000
8.875750 1529086640.615607 0.000107 0.000125 0.000608 47.996184
8.888493 1529086640.628351 0.000107 0.000126 0.000587 47.699568
8.900909 1529086640.640766 0.000107 0.000126 0.000587 47.640812
8.913088 1529086640.652946 0.000107 0.000126 0.000602 47.986683
8.925238 1529086640.665095 0.000107 0.000127 0.000603 47.914065
8.937803 1529086640.677660 0.000107 0.000126 0.000593 47.725085
8.951129 1529086640.690987 0.000107 0.000126 0.000586 47.390908
8.963769 1529086640.703626 0.000107 0.000126 0.000582 47.686880
8.975971 1529086640.715828 0.000108 0.000126 0.000585 47.396397
8.988060 1529086640.727917 0.000108 0.000126 0.000582 47.564793
9.000492 1529086640.740350 0.000107 0.000127 0.000576 47.514189
9.013272 1529086640.753129 0.000108 0.000127 0.000584 47.300006
9.025787 1529086640.765644 0.000108 0.000127 0.000584 47.650459
9.038308 1529086640.778165 0.000108 0.000126 0.000585 47.558204
9.050728 1529086640.790586 0.000108 0.000126 0.000578 47.320545
9.062930 1529086640.802787 0.000109 0.000126 0.000586 47.447581
9.075406 1529086640.815263 0.000111 0.000126 0.000577 46.827799
9.088145 1529086640.828002 0.000111 0.000126 0.000565 46.575862
9.100395 1529086640.840252 0.000110 0.000128 0.000589 47.244037
9.113053 1529086640.852910 0.000110 0.000129 0.000574 47.054274
9.125826 1529086640.865683 0.000109 0.000128 0.000575 46.575578
9.138170 1529086640.878027 0.000109 0.000128 0.000588 47.092706
9.150767 1529086640.890625 0.000108 0.000128 0.000606 47.031940
9.163672 1529086640.903529 0.000109 0.000127 0.000586 46.765437
9.176242 1529086640.916099 0.000108 0.000128 0.000588 46.882196
9.188642 1529086640.928499 0.000108 0.000128 0.000615 47.241288
9.201179 1529086640.941037 0.000108 0.000126 0.000616 46.850243
9.212528 1529086640.952386 0.000108 0.000128 0.000615 47.066988
9.224915 1529086640.964772 0.000108 0.000127 0.000589 46.360768
9.237769 1529086640.977627 0.000108 0.000127 0.000594 46.595582
9.250145 1529086640.990002 0.000108 0.000127 0.000598 46.535025
9.262476 1529086641.002334 0.000107 0.000127 0.000589 46.440018
9.274872 1529086641.014729 0.000107 0.000127 0.000599 46.694666
9.287571 1529086641.027429 0.000107 0.000127 0.000608 46.777274
9.299722 1529086641.039579 0.000107 0.000127 0.000592 46.468185
9.312393 1529086641.052251 0.000107 0.000127 0.000624 46.995475
9.326090 1529086641.065948 0.000108 0.000126 0.000596 46.761479
9.338672 1529086641.078530 0.000108 0.000126 0.000594 46.328350
9.350817 1529086641.090674 0.000108 0.000126 0.000603 46.580467
9.363709 1529086641.103566 0.000107 0.000126 0.000611 46.853577
9.376042 1529086641.115899 0.000107 0.000127 0.000611 46.856447
9.388055 1529086641.127912 0.000108 0.000127 0.000608 46.930426
9.400490 1529086641.140347 0.000108 0.000126 0.000591 46.237328
9.413317 1529086641.153175 0.000108 0.000126 0.000594 46.745430
9.425606 1529086641.165464 0.000108 0.000126 0.000591 46.553898
9.437869 1529086641.177727 0.000107 0.000127 0.000609 46.794336
9.450453 1529086641.190311 0.000107 0.000127 0.000604 46.896392
9.462902 1529086641.202760 0.000108 0.000126 0.000598 46.580068
9.475603 1529086641.215460 0.000108 0.000127 0.000598 46.594669
9.488056 1529086641.227914 0.000108 0.000127 0.000590 46.426948
9.500642 1529086641.240500 0.000108 0.000126 0.000599 46.567510
9.513060 1529086641.252918 0.000107 0.000127 0.000607 46.844500
9.525504 1529086641.265361 0.000107 0.000127 0.000609 46.927179
9.537921 1529086641.277778 0.000107 0.000127 0.000597 46.732382
9.550221 1529086641.290078 0.000108 0.000126 0.000590 46.727685
9.562930 1529086641.302788 0.000107 0.000127 0.000603 46.914110
9.575602 1529086641.315459 0.000107 0.000127 0.000616 46.709610
9.587873 1529086641.327730 0.000107 0.000126 0.000618 46.887479
9.600671 1529086641.340528 0.000108 0.000126 0.000594 46.740252
9.613039 1529086641.352896 0.000108 0.000127 0.000595 46.512957
9.625522 1529086641.365379 0.000108 0.000127 0.000617 47.120357
9.638077 1529086641.377934 0.000109 0.000126 0.000583 46.488620
9.650779 1529086641.390637 0.000108 0.000127 0.000599 46.759918
9.662970 1529086641.402827 0.000109 0.000126 0.000592 46.726803
9.675564 1529086641.415421 0.000108 0.000128 0.000613 46.877271
9.688386 1529086641.428244 0.000109 0.000126 0.000600 46.814181
9.700567 1529086641.440424 0.000109 0.000127 0.000595 47.036820
9.713151 1529086641.453008 0.000109 0.000127 0.000614 47.236671
9.725758 1529086641.465616 0.000109 0.000127 0.000606 46.898191
9.738321 1529086641.478178 0.000109 0.000127 0.000608 46.956050
9.750704 1529086641.490561 0.000109 0.000127 0.000616 47.101704
9.763882 1529086641.503740 0.000110 0.000127 0.000589 46.912258
9.776344 1529086641.516201 0.000109 0.000127 0.000598 46.854515
9.788788 1529086641.528646 0.000110 0.000127 0.000602 46.542434
9.802008 1529086641.541866 0.000110 0.000128 0.000595 46.989343
9.813931 1529086641.553788 0.000110 0.000127 0.000596 46.478724
9.825270 1529086641.565128 0.000110 0.000127 0.000598 46.419562
9.837845 1529086641.577702 0.000110 0.000128 0.000609 47.189871
9.850366 1529086641.590224 0.000110 0.000128 0.000588 46.765606
9.862967 1529086641.602825 0.000110 0.000128 0.000600 47.132069
9.875130 1529086641.614988 0.000110 0.000129 0.000617 47.390573
9.888547 1529086641.628404 0.000110 0.000127 0.000588 46.660163
9.900212 1529086641.640070 0.000110 0.000127 0.000596 46.648147
9.913517 1529086641.653375 0.000110 0.000128 0.000599 46.907805
9.926643 1529086641.666501 0.000110 0.000128 0.000598 46.713296
9.938801 1529086641.678658 0.000110 0.000128 0.000589 46.662405
9.951137 1529086641.690995 0.000110 0.000128 0.000589 46.641436
9.963811 1529086641.703669 0.000110 0.000128 0.000612 47.164434
9.975774 1529086641.715632 0.000110 0.000128 0.000613 47.088403
9.987847 1529086641.727705 0.000110 0.000127 0.000602 46.865798
10.001020 1529086641.740878 0.000109 0.000129 0.000590 46.849615
10.012986 1529086641.752844 0.000108 0.000131 0.000585 47.521290
10.025379 1529086641.765236 0.000107 0.000132 0.000607 48.418201
10.037853 1529086641.777711 0.000105 0.000134 0.000591 49.383556
10.050314 1529086641.790172 0.000103 0.000136 0.000593 50.528573
10.063454 1529086641.803312 0.000103 0.000134 0.000589 51.055359
10.076119 1529086641.815977 0.000101 0.000135 0.000600 52.177622
10.088575 1529086641.828433 0.000100 0.000137 0.000603 53.340431
10.100602 1529086641.840459 0.000100 0.000137 0.000612 54.104675
10.113700 1529086641.853557 0.000099 0.000139 0.000630 54.419610
10.126755 1529086641.866613 0.000099 0.000138 0.000629 54.711609
10.139183 1529086641.879041 0.000099 0.000136 0.000624 54.586036
10.150460 1529086641.890318 0.000100 0.000136 0.000619 54.690300
10.162714 1529086641.902571 0.000100 0.000137 0.000616 54.550265
10.175205 1529086641.915062 0.000099 0.000138 0.000632 54.547010
10.187475 1529086641.927332 0.000100 0.000137 0.000628 54.463247
10.200238 1529086641.940095 0.000099 0.000137 0.000629 54.326430
10.212767 1529086641.952624 0.000100 0.000135 0.000612 54.196377
10.225280 1529086641.965137 0.000099 0.000138 0.000632 54.363902
10.237651 1529086641.977509 0.000100 0.000137 0.000633 54.483411
10.250026 1529086641.989883 0.000099 0.000138 0.000634 54.674199
10.263343 1529086642.003200 0.000099 0.000137 0.000633 54.676274
10.276456 1529086642.016313 0.000100 0.000135 0.000621 54.584113
10.288698 1529086642.028555 0.000099 0.000138 0.000633 54.657524
10.300841 1529086642.040698 0.000099 0.000137 0.000633 54.600017
10.313007 1529086642.052864 0.000100 0.000137 0.000630 54.665931
10.325596 1529086642.065453 0.000099 0.000138 0.000629 54.766042
10.337705 1529086642.077563 0.000100 0.000139 0.000620 54.780491
10.351854 1529086642.091711 0.000100 0.000135 0.000627 54.381638
10.363073 1529086642.102930 0.000100 0.000133 0.000630 53.470906
10.375511 1529086642.115369 0.000102 0.000129 0.000629 52.013284
10.388068 1529086642.127925 0.000101 0.000130 0.000642 51.513687
10.400295 1529086642.140152 0.000101 0.000130 0.000619 51.360318
10.413094 1529086642.152951 0.000102 0.000131 0.000600 50.915770
10.425747 1529086642.165604 0.000102 0.000131 0.000604 50.952393
10.437808 1529086642.177665 0.000101 0.000132 0.000624 51.356594
10.450431 1529086642.190289 0.000101 0.000132 0.000618 51.366929
10.464147 1529086642.204004 0.000102 0.000131 0.000613 50.916845
10.475275 1529086642.215133 0.000102 0.000131 0.000623 51.304969
10.487596 1529086642.227453 0.000101 0.000131 0.000626 51.414786
10.500186 1529086642.240043 0.000102 0.000131 0.000619 51.172769
10.512931 1529086642.252788 0.000101 0.000131 0.000631 51.588605
10.525301 1529086642.265159 0.000101 0.000131 0.000633 51.325126
10.537676 1529086642.277533 0.000102 0.000128 0.000608 50.841979
10.550185 1529086642.290043 0.000102 0.000130 0.000613 51.010828
10.562923 1529086642.302780 0.000102 0.000129 0.000608 50.612019
10.576952 1529086642.316809 0.000102 0.000130 0.000613 50.775536
10.587802 1529086642.327660 0.000102 0.000129 0.000611 50.614839
10.600071 1529086642.339929 0.000101 0.000130 0.000623 50.696937
10.612692 1529086642.352550 0.000102 0.000129 0.000614 50.783970
10.625314 1529086642.365171 0.000102 0.000128 0.000617 50.320439
10.637559 1529086642.377416 0.000100 0.000130 0.000621 50.391393
10.650295 1529086642.390152 0.000099 0.000132 0.000605 50.014979
10.662673 1529086642.402531 0.000099 0.000138 0.000606 49.121092
10.674913 1529086642.414770 0.000101 0.000144 0.000460 49.012738
10.689265 1529086642.429122 0.000098 0.000142 0.000614 48.926971
10.700099 1529086642.439957 0.000097 0.000141 0.000642 49.464673
10.712656 1529086642.452513 0.000097 0.000139 0.000657 49.485853
10.725176 1529086642.465034 0.000096 0.000139 0.000664 49.389771
10.737683 1529086642.477541 0.000096 0.000137 0.000665 49.179506
10.750256 1529086642.490114 0.000095 0.000136 0.000668 49.534263
10.762832 1529086642.502689 0.000095 0.000135 0.000660 49.233654
10.775086 1529086642.514943 0.000095 0.000135 0.000652 49.014478
10.787543 1529086642.527401 0.000095 0.000135 0.000660 49.041127
10.801865 1529086642.541723 0.000096 0.000135 0.000673 48.981972
10.812648 1529086642.552505 0.000095 0.000135 0.000665 49.122182
10.825683 1529086642.565540 0.000095 0.000135 0.000664 49.136572
10.838664 1529086642.578521 0.000095 0.000134 0.000668 49.414197
10.851985 1529086642.591842 0.000095 0.000133 0.000676 49.057176
10.864087 1529086642.603944 0.000096 0.000134 0.000648 48.877834
10.876066 1529086642.615924 0.000096 0.000133 0.000673 48.801746
10.887928 1529086642.627786 0.000095 0.000133 0.000662 48.882322
10.900434 1529086642.640292 0.000095 0.000133 0.000660 48.932102
10.914575 1529086642.654432 0.000096 0.000133 0.000664 48.930988
10.925620 1529086642.665478 0.000095 0.000133 0.000649 48.714674
10.938011 1529086642.677868 0.000096 0.000133 0.000651 48.788125
10.950643 1529086642.690501 0.000096 0.000132 0.000660 48.763954
10.962884 1529086642.702742 0.000096 0.000134 0.000636 49.088606
10.975795 1529086642.715652 0.000096 0.000132 0.000662 48.741153
10.988670 1529086642.728528 0.000097 0.000133 0.000651 49.137789
11.001428 1529086642.741285 0.000098 0.000134 0.000650 49.173455
11.014119 1529086642.753976 0.000099 0.000135 0.000630 49.149844
11.025647 1529086642.765505 0.000100 0.000136 0.000628 48.964227
11.037858 1529086642.777715 0.000102 0.000136 0.000608 48.595679
11.050575 1529086642.790432 0.000102 0.000137 0.000597 48.251719
11.062972 1529086642.802830 0.000107 0.000138 0.000449 46.903695
11.075257 1529086642.815114 0.000103 0.000135 0.000617 47.781321
11.087840 1529086642.827697 0.000103 0.000135 0.000602 47.882842
11.100247 1529086642.840104 0.000103 0.000135 0.000597 47.775415
11.113019 1529086642.852877 0.000103 0.000135 0.000610 48.078048
11.125594 1529086642.865451 0.000103 0.000135 0.000604 48.073652
11.138506 1529086642.878364 0.000104 0.000134 0.000595 47.855610
11.150626 1529086642.890484 0.000104 0.000134 0.000598 47.906731
11.163507 1529086642.903364 0.000103 0.000134 0.000609 48.074102
11.175940 1529086642.915798 0.000104 0.000133 0.000597 47.861165
11.188655 1529086642.928512 0.000104 0.000133 0.000599 47.771568
11.200807 1529086642.940664 0.000103 0.000133 0.000611 48.039448
11.213381 1529086642.953238 0.000103 0.000132 0.000618 47.829613
11.226207 1529086642.966065 0.000105 0.000133 0.000599 47.859678
11.239647 1529086642.979504 0.000104 0.000132 0.000595 47.382999
11.251562 1529086642.991419 0.000103 0.000132 0.000611 48.043335
11.263711 1529086643.003568 0.000104 0.000132 0.000598 47.646455
11.276571 1529086643.016428 0.000105 0.000132 0.000592 47.293134
11.289526 1529086643.029383 0.000108 0.000135 0.000444 46.790018
11.300749 1529086643.040607 0.000105 0.000132 0.000608 47.823176
11.313267 1529086643.053124 0.000108 0.000135 0.000446 46.768894
11.325552 1529086643.065409 0.000105 0.000132 0.000589 47.586896
11.338750 1529086643.078608 0.000105 0.000132 0.000592 47.548573
11.351953 1529086643.091810 0.000105 0.000132 0.000605 47.739887
11.364164 1529086643.104022 0.000108 0.000134 0.000437 46.598693
11.375763 1529086643.115621 0.000109 0.000135 0.000439 46.498341
11.388320 1529086643.128177 0.000105 0.000131 0.000620 48.039941
11.401163 1529086643.141020 0.000109 0.000133 0.000451 46.396283
11.413638 1529086643.153496 0.000108 0.000133 0.000462 45.797441
11.426023 1529086643.165880 0.000107 0.000132 0.000614 47.085730
11.438308 1529086643.178165 0.000107 0.000131 0.000620 46.997670
11.450816 1529086643.190674 0.000107 0.000131 0.000630 47.006972
11.463301 1529086643.203158 0.000107 0.000131 0.000638 47.666690
11.475727 1529086643.215584 0.000106 0.000130 0.000645 47.412514
11.488487 1529086643.228345 0.000106 0.000131 0.000648 47.660751
11.501025 1529086643.240882 0.000106 0.000131 0.000651 47.626949
11.513140 1529086643.252998 0.000106 0.000132 0.000636 47.540356
11.525990 1529086643.265847 0.000106 0.000132 0.000619 47.567806
11.538505 1529086643.278362 0.000109 0.000134 0.000471 45.907783
11.550917 1529086643.290774 0.000106 0.000131 0.000643 47.662017
11.563427 1529086643.303285 0.000106 0.000131 0.000637 47.718621
11.576688 1529086643.316545 0.000107 0.000131 0.000627 47.372359
11.588976 1529086643.328834 0.000105 0.000131 0.000630 47.506866
11.601563 1529086643.341420 0.000107 0.000131 0.000634 47.305015
11.613463 1529086643.353321 0.000105 0.000131 0.000649 47.633412
11.625616 1529086643.365473 0.000106 0.000131 0.000619 47.342691
11.638082 1529086643.377940 0.000106 0.000131 0.000616 47.371677
11.650589 1529086643.390447 0.000106 0.000131 0.000630 47.303749
11.663909 1529086643.403766 0.000106 0.000131 0.000630 47.207484
11.676600 1529086643.416457 0.000106 0.000131 0.000643 47.576481
11.689346 1529086643.429204 0.000106 0.000132 0.000622 47.072324
11.701728 1529086643.441585 0.000105 0.000131 0.000644 47.545464
11.713362 1529086643.453219 0.000105 0.000131 0.000631 47.135272
11.725631 1529086643.465488 0.000107 0.000131 0.000611 47.407608
11.738137 1529086643.477995 0.000107 0.000129 0.000628 48.005643
11.750764 1529086643.490622 0.000107 0.000128 0.000633 47.835024
11.763512 1529086643.503370 0.000104 0.000131 0.000620 47.284649
11.776527 1529086643.516385 0.000101 0.000134 0.000618 47.624664
11.789405 1529086643.529263 0.000099 0.000136 0.000623 47.605385
11.801749 1529086643.541606 0.000099 0.000137 0.000613 47.338119
11.814371 1529086643.554229 0.000099 0.000138 0.000644 47.697694
11.826053 1529086643.565910 0.000099 0.000137 0.000623 47.639658
11.838391 1529086643.578249 0.000100 0.000134 0.000614 47.452495
11.851086 1529086643.590943 0.000100 0.000134 0.000612 47.560292
11.863158 1529086643.603015 0.000100 0.000134 0.000617 47.723785
11.875878 1529086643.615735 0.000100 0.000134 0.000614 47.571177
11.889221 1529086643.629078 0.000102 0.000135 0.000465 46.774991
11.901791 1529086643.641649 0.000100 0.000132 0.000605 47.236697
11.913901 1529086643.653758 0.000102 0.000134 0.000466 46.811674
11.926206 1529086643.666063 0.000102 0.000134 0.000476 46.848560
11.938399 1529086643.678257 0.000099 0.000132 0.000611 47.460993
11.950429 1529086643.690287 0.000099 0.000132 0.000608 47.482682
11.963102 1529086643.702959 0.000098 0.000132 0.000615 47.315256
11.975496 1529086643.715353 0.000101 0.000134 0.000476 46.782062
11.988063 1529086643.727921 0.000099 0.000132 0.000629 47.504355
12.000621 1529086643.740479 0.000099 0.000131 0.000598 46.968235
12.013399 1529086643.753256 0.000099 0.000132 0.000611 47.264213
12.025823 1529086643.765681 0.000099 0.000132 0.000619 47.386854
12.038422 1529086643.778280 0.000101 0.000134 0.000477 46.868565
12.050977 1529086643.790834 0.000099 0.000132 0.000605 47.190787
12.064082 1529086643.803939 0.000099 0.000132 0.000604 47.194887
12.076070 1529086643.815928 0.000099 0.000130 0.000610 47.007737
12.089126 1529086643.828983 0.000102 0.000133 0.000469 46.558846
12.100724 1529086643.840581 0.000099 0.000130 0.000608 46.937744
12.113101 1529086643.852958 0.000100 0.000130 0.000602 46.579599
12.125593 1529086643.865450 0.000101 0.000131 0.000604 46.163211
12.138038 1529086643.877895 0.000101 0.000139 0.000600 46.037295
12.150676 1529086643.890533 0.000101 0.000146 0.000589 45.514283
12.163277 1529086643.903134 0.000102 0.000155 0.000578 45.253694
12.175780 1529086643.915638 0.000102 0.000160 0.000563 44.720983
12.187953 1529086643.927810 0.000102 0.000165 0.000590 45.083595
12.200625 1529086643.940482 0.000102 0.000168 0.000602 45.158624
12.214141 1529086643.953998 0.000102 0.000168 0.000592 45.265634
12.226593 1529086643.966451 0.000102 0.000166 0.000583 45.387851
12.239401 1529086643.979258 0.000101 0.000165 0.000602 45.676974
12.250683 1529086643.990540 0.000102 0.000163 0.000599 45.789572
12.262731 1529086644.002589 0.000102 0.000160 0.000585 45.662544
12.275404 1529086644.015262 0.000102 0.000162 0.000581 45.891154
12.287753 1529086644.027610 0.000103 0.000159 0.000591 45.800636
12.301697 1529086644.041554 0.000103 0.000160 0.000592 46.037736
12.313951 1529086644.053808 0.000102 0.000160 0.000583 45.918456
12.327007 1529086644.066864 0.000103 0.000159 0.000581 45.760517
12.338916 1529086644.078774 0.000103 0.000158 0.000582 45.704193
12.351762 1529086644.091619 0.000102 0.000158 0.000585 45.797413
12.364504 1529086644.104362 0.000102 0.000157 0.000578 45.732537
12.376978 1529086644.116836 0.000102 0.000155 0.000581 45.710996
12.388463 1529086644.128320 0.000102 0.000155 0.000585 45.844514
12.400239 1529086644.140097 0.000102 0.000155 0.000581 45.891737
12.413017 1529086644.152874 0.000103 0.000156 0.000579 46.120493
12.425637 1529086644.165495 0.000103 0.000155 0.000584 46.212545
12.438399 1529086644.178257 0.000103 0.000157 0.000578 46.276641
12.450655 1529086644.190512 0.000103 0.000156 0.000586 46.439763
12.463398 1529086644.203255 0.000102 0.000157 0.000581 46.460068
12.475534 1529086644.215391 0.000103 0.000156 0.000587 46.541075
12.488348 1529086644.228205 0.000103 0.000156 0.000589 46.559157
12.500684 1529086644.240541 0.000103 0.000159 0.000577 46.569527
12.514235 1529086644.254093 0.000103 0.000157 0.000585 46.511777
12.527036 1529086644.266894 0.000103 0.000158 0.000577 46.531741
12.539178 1529086644.279035 0.000104 0.000158 0.000579 46.598592
12.551750 1529086644.291608 0.000103 0.000156 0.000586 46.621676
12.564454 1529086644.304312 0.000103 0.000157 0.000585 46.783710
12.576784 1529086644.316641 0.000103 0.000157 0.000581 46.724252
12.589401 1529086644.329259 0.000103 0.000156 0.000584 46.770301
12.600823 1529086644.340681 0.000104 0.000156 0.000581 46.720046
12.613293 1529086644.353151 0.000103 0.000154 0.000589 46.711379
12.626090 1529086644.365947 0.000104 0.000155 0.000576 46.658278
12.639543 1529086644.379400 0.000104 0.000153 0.000585 46.678656
12.651455 1529086644.391312 0.000104 0.000154 0.000580 46.722313
12.664121 1529086644.403979 0.000104 0.000155 0.000583 46.840839
12.676512 1529086644.416370 0.000104 0.000154 0.000575 46.719767
12.688873 1529086644.428730 0.000104 0.000155 0.000579 46.822435
12.701659 1529086644.441516 0.000104 0.000154 0.000574 46.867911
12.714368 1529086644.454226 0.000104 0.000154 0.000578 46.885825
12.726961 1529086644.466819 0.000104 0.000153 0.000575 46.939296
12.738937 1529086644.478794 0.000104 0.000154 0.000570 46.949621
12.752116 1529086644.491973 0.000105 0.000153 0.000578 47.014662
12.763947 1529086644.503804 0.000104 0.000153 0.000574 47.010837
12.775748 1529086644.515606 0.000105 0.000153 0.000574 47.071285
12.788192 1529086644.528049 0.000105 0.000153 0.000583 47.082232
12.800409 1529086644.540266 0.000105 0.000153 0.000581 47.136225
12.813185 1529086644.553043 0.000105 0.000153 0.000574 47.114763
12.825535 1529086644.565393 0.000105 0.000153 0.000572 47.084295
12.838320 1529086644.578177 0.000105 0.000154 0.000577 47.147481
12.850837 1529086644.590694 0.000105 0.000153 0.000576 47.096092
12.864687 1529086644.604545 0.000106 0.000153 0.000580 47.106673
12.876985 1529086644.616842 0.000105 0.000148 0.000577 46.751388
12.889388 1529086644.629246 0.000105 0.000141 0.000582 46.781104
12.901084 1529086644.640942 0.000104 0.000136 0.000588 46.957554
12.913242 1529086644.653099 0.000103 0.000129 0.000618 46.846597
12.925704 1529086644.665561 0.000104 0.000126 0.000631 46.984367
12.938521 1529086644.678378 0.000103 0.000124 0.000654 47.275439
12.950654 1529086644.690512 0.000103 0.000124 0.000667 47.545234
12.963033 1529086644.702891 0.000103 0.000126 0.000673 47.873163
12.975529 1529086644.715387 0.000103 0.000126 0.000672 48.075678
12.987808 1529086644.727665 0.000103 0.000126 0.000678 48.151213
13.000297 1529086644.740155 0.000104 0.000127 0.000668 48.175333
13.013141 1529086644.752999 0.000103 0.000126 0.000664 47.997521
13.025572 1529086644.765429 0.000104 0.000127 0.000668 48.152560
13.038164 1529086644.778021 0.000104 0.000126 0.000664 48.004068
13.050635 1529086644.790492 0.000104 0.000126 0.000667 48.024988
13.063297 1529086644.803154 0.000104 0.000126 0.000659 47.951956
13.075497 1529086644.815354 0.000104 0.000125 0.000665 47.954783
13.087888 1529086644.827745 0.000104 0.000125 0.000667 47.874504
13.100414 1529086644.840271 0.000104 0.000125 0.000659 48.000241
13.114419 1529086644.854276 0.000104 0.000124 0.000646 47.792365
13.126584 1529086644.866442 0.000104 0.000124 0.000667 47.801769
13.139155 1529086644.879012 0.000104 0.000125 0.000655 47.751498
13.151803 1529086644.891661 0.000104 0.000125 0.000663 47.760626
13.163473 1529086644.903331 0.000103 0.000124 0.000661 47.639972
13.176503 1529086644.916360 0.000104 0.000124 0.000664 47.729317
13.189317 1529086644.929175 0.000104 0.000123 0.000669 47.600968
13.201275 1529086644.941132 0.000104 0.000124 0.000663 47.594515
13.213315 1529086644.953173 0.000104 0.000125 0.000648 47.608390
13.225880 1529086644.965737 0.000104 0.000125 0.000656 47.649129
13.238592 1529086644.978450 0.000104 0.000126 0.000660 47.487723
13.250742 1529086644.990600 0.000104 0.000125 0.000658 47.669751
13.263163 1529086645.003021 0.000104 0.000124 0.000672 47.615343
13.275896 1529086645.015754 0.000104 0.000126 0.000659 47.724574
13.288342 1529086645.028200 0.000105 0.000126 0.000660 47.533644
13.301536 1529086645.041394 0.000106 0.000125 0.000657 47.560501
13.313298 1529086645.053155 0.000107 0.000124 0.000647 47.344893
13.325784 1529086645.065641 0.000108 0.000127 0.000642 47.415509
13.339272 1529086645.079129 0.000109 0.000128 0.000642 47.228606
13.351949 1529086645.091806 0.000110 0.000130 0.000621 46.918786
13.364550 1529086645.104407 0.000111 0.000133 0.000620 46.761597
13.376606 1529086645.116463 0.000110 0.000134 0.000605 46.308168
13.389259 1529086645.129116 0.000110 0.000134 0.000613 45.972652
13.402033 1529086645.141891 0.000110 0.000135 0.000602 45.736752
13.415011 1529086645.154868 0.000110 0.000136 0.000600 45.766718
13.427247 1529086645.167104 0.000109 0.000135 0.000603 45.699300
13.439358 1529086645.179215 0.000109 0.000135 0.000598 45.757211
13.452280 1529086645.192137 0.000109 0.000135 0.000600 45.786747
13.464470 1529086645.204327 0.000109 0.000135 0.000599 45.609612
13.476828 1529086645.216685 0.000109 0.000133 0.000612 45.669472
13.489001 1529086645.228858 0.000107 0.000133 0.000611 45.528442
13.501998 1529086645.241855 0.000109 0.000135 0.000601 45.702646
13.514485 1529086645.254343 0.000108 0.000133 0.000610 45.657697
13.527190 1529086645.267048 0.000109 0.000134 0.000601 45.634051
13.539100 1529086645.278958 0.000109 0.000133 0.000608 45.785255
13.551896 1529086645.291754 0.000109 0.000133 0.000606 45.878226
13.563834 1529086645.303692 0.000109 0.000134 0.000608 45.877958
13.575970 1529086645.315827 0.000109 0.000134 0.000596 45.830518
13.589113 1529086645.328970 0.000109 0.000134 0.000601 45.952252
13.601790 1529086645.341647 0.000108 0.000134 0.000606 45.765617
13.614368 1529086645.354226 0.000109 0.000133 0.000616 45.992504
13.626078 1529086645.365935 0.000108 0.000133 0.000607 45.783718
