-3.708485 1528638429.152448 0.000108 0.000137 0.000678 44.850168
-3.696493 1528638429.164440 0.000108 0.000137 0.000678 45.296985
-3.683825 1528638429.177109 0.000107 0.000137 0.000672 44.980314
-3.672294 1528638429.188639 0.000106 0.000137 0.000663 45.385242
-3.659891 1528638429.201042 0.000106 0.000137 0.000668 45.360897
-3.647042 1528638429.213892 0.000106 0.000136 0.000689 45.202648
-3.634870 1528638429.226063 0.000107 0.000137 0.000666 45.001559
-3.621963 1528638429.238971 0.000107 0.000137 0.000661 44.881695
-3.610256 1528638429.250677 0.000107 0.000138 0.000673 44.914469
-3.597120 1528638429.263814 0.000107 0.000137 0.000674 44.648386
-3.584735 1528638429.276198 0.000107 0.000137 0.000674 44.496745
-3.571715 1528638429.289218 0.000107 0.000136 0.000673 44.903956
-3.559485 1528638429.301448 0.000107 0.000136 0.000667 44.916262
-3.546650 1528638429.314284 0.000108 0.000136 0.000674 44.934935
-3.534668 1528638429.326265 0.000108 0.000136 0.000672 44.987951
-3.521641 1528638429.339292 0.000107 0.000136 0.000682 44.890605
-3.509631 1528638429.351302 0.000107 0.000136 0.000672 45.026905
-3.497419 1528638429.363515 0.000108 0.000137 0.000682 45.223308
-3.485132 1528638429.375802 0.000107 0.000137 0.000661 44.741768
-3.472553 1528638429.388380 0.000108 0.000137 0.000663 44.826293
-3.460093 1528638429.400841 0.000108 0.000137 0.000678 45.163850
-3.446678 1528638429.414255 0.000108 0.000137 0.000663 44.895717
-3.433976 1528638429.426957 0.000108 0.000137 0.000667 44.937658
-3.421668 1528638429.439266 0.000108 0.000138 0.000656 45.060915
-3.409782 1528638429.451152 0.000109 0.000137 0.000656 45.075479
-3.397689 1528638429.463245 0.000108 0.000137 0.000670 45.162484
-3.385026 1528638429.475907 0.000109 0.000137 0.000664 44.970051
-3.372566 1528638429.488367 0.000109 0.000137 0.000662 45.151938
-3.360325 1528638429.500609 0.000109 0.000137 0.000670 44.927023
-3.347625 1528638429.513308 0.000109 0.000137 0.000684 45.445602
-3.335129 1528638429.525804 0.000110 0.000137 0.000671 45.059461
-3.322698 1528638429.538235 0.000110 0.000137 0.000676 45.266358
-3.309935 1528638429.550999 0.000110 0.000139 0.000683 45.477181
-3.297356 1528638429.563577 0.000111 0.000139 0.000674 45.210335
-3.285043 1528638429.575890 0.000112 0.000139 0.000656 45.093492
-3.272471 1528638429.588463 0.000112 0.000139 0.000673 45.362325
-3.259996 1528638429.600937 0.000113 0.000140 0.000668 45.236069
-3.247065 1528638429.613869 0.000114 0.000141 0.000669 45.420703
-3.235002 1528638429.625932 0.000115 0.000142 0.000664 45.406690
-3.222436 1528638429.638497 0.000116 0.000143 0.000656 45.954686
-3.210169 1528638429.650764 0.000117 0.000146 0.000644 46.471417
-3.197412 1528638429.663521 0.000117 0.000146 0.000673 47.681406
-3.184827 1528638429.676106 0.000115 0.000149 0.000670 48.589392
-3.172528 1528638429.688405 0.000113 0.000152 0.000676 49.214329
-3.160052 1528638429.700882 0.000112 0.000153 0.000676 49.357721
-3.147496 1528638429.713437 0.000113 0.000154 0.000685 48.653961
-3.134951 1528638429.725982 0.000115 0.000155 0.000691 48.485926
-3.122294 1528638429.738639 0.000118 0.000157 0.000694 47.937262
-3.109773 1528638429.751160 0.000118 0.000157 0.000703 47.766699
-3.097127 1528638429.763806 0.000118 0.000156 0.000695 47.597009
-3.084767 1528638429.776166 0.000117 0.000157 0.000690 47.347715
-3.072425 1528638429.788509 0.000116 0.000156 0.000696 47.273691
-3.059736 1528638429.801197 0.000117 0.000157 0.000677 47.579008
-3.047299 1528638429.813635 0.000115 0.000156 0.000696 47.908693
-3.035029 1528638429.825904 0.000114 0.000158 0.000691 48.135156
-3.022567 1528638429.838367 0.000115 0.000158 0.000681 48.007977
-3.009932 1528638429.851001 0.000117 0.000158 0.000677 47.930758
-2.997312 1528638429.863621 0.000119 0.000160 0.000667 47.681832
-2.984955 1528638429.875979 0.000122 0.000162 0.000664 47.782655
-2.972631 1528638429.888303 0.000126 0.000164 0.000660 48.029084
-2.959372 1528638429.901561 0.000128 0.000166 0.000653 48.146513
-2.947248 1528638429.913686 0.000131 0.000168 0.000646 48.446038
-2.935085 1528638429.925848 0.000132 0.000169 0.000657 49.011439
-2.922122 1528638429.938811 0.000132 0.000170 0.000663 49.454123
-2.909818 1528638429.951115 0.000134 0.000172 0.000656 49.512004
-2.897346 1528638429.963587 0.000134 0.000173 0.000653 49.544028
-2.884810 1528638429.976123 0.000135 0.000173 0.000659 49.832620
-2.872492 1528638429.988442 0.000136 0.000175 0.000651 49.282085
-2.860246 1528638430.000687 0.000137 0.000176 0.000647 49.190219
-2.847337 1528638430.013597 0.000137 0.000176 0.000649 49.025454
-2.835066 1528638430.025867 0.000139 0.000176 0.000649 49.003778
-2.821169 1528638430.039764 0.000139 0.000177 0.000651 48.857630
-2.808681 1528638430.052252 0.000141 0.000178 0.000643 48.839666
-2.796364 1528638430.064569 0.000142 0.000179 0.000646 48.924362
-2.784751 1528638430.076182 0.000144 0.000181 0.000637 48.497140
-2.772647 1528638430.088286 0.000145 0.000181 0.000640 48.321190
-2.759195 1528638430.101738 0.000147 0.000182 0.000659 47.842566
-2.747077 1528638430.113856 0.000151 0.000185 0.000646 47.291681
-2.734351 1528638430.126582 0.000158 0.000186 0.000641 46.511056
-2.722027 1528638430.138906 0.000164 0.000185 0.000661 45.369066
-2.710213 1528638430.150720 0.000170 0.000185 0.000663 43.655785
-2.697905 1528638430.163028 0.000174 0.000182 0.000661 42.634618
-2.684758 1528638430.176176 0.000173 0.000180 0.000667 42.037863
-2.672113 1528638430.188821 0.000171 0.000179 0.000664 41.715589
-2.659218 1528638430.201715 0.000169 0.000178 0.000661 41.640491
-2.646592 1528638430.214342 0.000168 0.000178 0.000661 41.664748
-2.635146 1528638430.225787 0.000165 0.000178 0.000666 41.501451
-2.622697 1528638430.238237 0.000166 0.000179 0.000658 41.544887
-2.610171 1528638430.250762 0.000165 0.000178 0.000660 41.858227
-2.597690 1528638430.263244 0.000165 0.000179 0.000654 41.776024
-2.584400 1528638430.276533 0.000165 0.000179 0.000656 42.027844
-2.571884 1528638430.289049 0.000164 0.000179 0.000651 42.001458
-2.559619 1528638430.301315 0.000163 0.000179 0.000659 42.020388
-2.547383 1528638430.313550 0.000163 0.000179 0.000655 42.083950
-2.535147 1528638430.325787 0.000163 0.000179 0.000656 42.216305
-2.522774 1528638430.338159 0.000163 0.000179 0.000652 42.127767
-2.510394 1528638430.350540 0.000164 0.000179 0.000642 42.022224
-2.497624 1528638430.363309 0.000163 0.000180 0.000650 42.080590
-2.485147 1528638430.375787 0.000163 0.000179 0.000649 42.078905
-2.472539 1528638430.388394 0.000163 0.000177 0.000655 42.301026
-2.460133 1528638430.400800 0.000163 0.000179 0.000645 41.882653
-2.447640 1528638430.413293 0.000163 0.000178 0.000657 42.136271
-2.434933 1528638430.426000 0.000163 0.000179 0.000652 42.040515
-2.421658 1528638430.439276 0.000164 0.000180 0.000643 41.822689
-2.409162 1528638430.451772 0.000164 0.000179 0.000650 42.175808
-2.396579 1528638430.464355 0.000162 0.000178 0.000656 42.116349
-2.384026 1528638430.476907 0.000162 0.000179 0.000657 41.855644
-2.371764 1528638430.489170 0.000164 0.000180 0.000646 41.943324
-2.360173 1528638430.500760 0.000164 0.000181 0.000645 41.998326
-2.347752 1528638430.513182 0.000167 0.000180 0.000641 42.431366
-2.334987 1528638430.525947 0.000170 0.000183 0.000619 42.890199
-2.322644 1528638430.538290 0.000171 0.000183 0.000613 43.672406
-2.309969 1528638430.550964 0.000168 0.000183 0.000614 44.339409
-2.297210 1528638430.563724 0.000169 0.000185 0.000601 44.747605
-2.284232 1528638430.576701 0.000168 0.000186 0.000606 44.819762
-2.271666 1528638430.589267 0.000169 0.000186 0.000603 44.678605
-2.258908 1528638430.602025 0.000170 0.000186 0.000604 44.409253
-2.246811 1528638430.614122 0.000171 0.000187 0.000601 44.616797
-2.235083 1528638430.625850 0.000172 0.000187 0.000596 44.163597
-2.222706 1528638430.638228 0.000171 0.000187 0.000604 44.404316
-2.210201 1528638430.650732 0.000172 0.000187 0.000593 44.230028
-2.197368 1528638430.663565 0.000172 0.000187 0.000598 44.474269
-2.184877 1528638430.676057 0.000172 0.000187 0.000602 44.396380
-2.172731 1528638430.688202 0.000171 0.000187 0.000605 44.502623
-2.160175 1528638430.700758 0.000172 0.000189 0.000585 44.093505
-2.146042 1528638430.714891 0.000172 0.000188 0.000599 44.249378
-2.133726 1528638430.727207 0.000173 0.000189 0.000594 44.360859
-2.121770 1528638430.739163 0.000173 0.000188 0.000589 44.204378
-2.109081 1528638430.751853 0.000174 0.000189 0.000586 43.888694
-2.096774 1528638430.764159 0.000174 0.000189 0.000594 44.292600
-2.084857 1528638430.776077 0.000174 0.000188 0.000598 44.721670
-2.072350 1528638430.788583 0.000174 0.000189 0.000594 44.444802
-2.059269 1528638430.801664 0.000174 0.000190 0.000585 44.474275
-2.047256 1528638430.813677 0.000173 0.000188 0.000601 44.477423
-2.034922 1528638430.826011 0.000175 0.000192 0.000575 43.841552
-2.022274 1528638430.838660 0.000174 0.000189 0.000591 43.869238
-2.009828 1528638430.851106 0.000174 0.000189 0.000594 44.209242
-1.997287 1528638430.863647 0.000174 0.000190 0.000589 44.192911
-1.984814 1528638430.876119 0.000175 0.000189 0.000591 44.045044
-1.972403 1528638430.888530 0.000175 0.000189 0.000593 44.035837
-1.959980 1528638430.900953 0.000175 0.000189 0.000593 44.186189
-1.947413 1528638430.913520 0.000176 0.000190 0.000584 44.030483
-1.934860 1528638430.926074 0.000174 0.000190 0.000585 44.810747
-1.922278 1528638430.938655 0.000171 0.000191 0.000603 45.049767
-1.909832 1528638430.951102 0.000173 0.000190 0.000607 44.183579
-1.897327 1528638430.963606 0.000171 0.000191 0.000596 44.191447
-1.884483 1528638430.976450 0.000171 0.000191 0.000595 44.367941
-1.871852 1528638430.989081 0.000170 0.000190 0.000604 44.378242
-1.859229 1528638431.001704 0.000170 0.000188 0.000598 44.091755
-1.846680 1528638431.014253 0.000169 0.000189 0.000599 44.334505
-1.834628 1528638431.026306 0.000168 0.000187 0.000602 44.621348
-1.822058 1528638431.038876 0.000167 0.000187 0.000599 44.721930
-1.809650 1528638431.051283 0.000166 0.000186 0.000604 44.430468
-1.796483 1528638431.064451 0.000164 0.000184 0.000611 44.285103
-1.784666 1528638431.076267 0.000163 0.000184 0.000606 43.712776
-1.772443 1528638431.088491 0.000163 0.000185 0.000603 43.671925
-1.759813 1528638431.101120 0.000162 0.000183 0.000608 44.078131
-1.747053 1528638431.113880 0.000162 0.000182 0.000604 43.641494
-1.734750 1528638431.126184 0.000162 0.000182 0.000612 44.003682
-1.721568 1528638431.139366 0.000162 0.000184 0.000605 43.300487
-1.708759 1528638431.152174 0.000161 0.000183 0.000603 43.871743
-1.696925 1528638431.164009 0.000162 0.000184 0.000604 44.132826
-1.684118 1528638431.176815 0.000161 0.000183 0.000610 43.710769
-1.670924 1528638431.190010 0.000162 0.000184 0.000602 43.995113
-1.658697 1528638431.202237 0.000162 0.000183 0.000603 43.761136
-1.646710 1528638431.214223 0.000162 0.000183 0.000603 44.166834
-1.634417 1528638431.226516 0.000162 0.000183 0.000607 43.706765
-1.622202 1528638431.238732 0.000163 0.000186 0.000598 43.922608
-1.609223 1528638431.251710 0.000163 0.000184 0.000599 43.982484
-1.597288 1528638431.263645 0.000163 0.000184 0.000601 44.139864
-1.584983 1528638431.275950 0.000163 0.000184 0.000604 44.308369
-1.572277 1528638431.288657 0.000164 0.000184 0.000598 44.229982
-1.559775 1528638431.301159 0.000163 0.000183 0.000602 44.416997
-1.546874 1528638431.314059 0.000164 0.000185 0.000596 44.234910
-1.534624 1528638431.326309 0.000164 0.000184 0.000604 44.118094
-1.522107 1528638431.338827 0.000164 0.000185 0.000597 44.203652
-1.509149 1528638431.351784 0.000164 0.000185 0.000603 44.291936
-1.496995 1528638431.363938 0.000163 0.000184 0.000600 44.500701
-1.484601 1528638431.376332 0.000164 0.000184 0.000600 44.403620
-1.471886 1528638431.389048 0.000164 0.000185 0.000602 44.284464
-1.459279 1528638431.401655 0.000164 0.000185 0.000601 44.435431
-1.447128 1528638431.413805 0.000164 0.000184 0.000602 44.309402
-1.434807 1528638431.426126 0.000164 0.000184 0.000597 44.208686
-1.422148 1528638431.438785 0.000163 0.000184 0.000599 44.153300
-1.409710 1528638431.451223 0.000163 0.000183 0.000600 44.161810
-1.397261 1528638431.463672 0.000163 0.000183 0.000599 43.852286
-1.384452 1528638431.476481 0.000162 0.000183 0.000597 43.854487
-1.372297 1528638431.488636 0.000163 0.000183 0.000591 44.020855
-1.359646 1528638431.501287 0.000162 0.000182 0.000604 43.844756
-1.347013 1528638431.513920 0.000162 0.000182 0.000599 43.942934
-1.334827 1528638431.526106 0.000162 0.000181 0.000604 43.495572
-1.322179 1528638431.538754 0.000161 0.000181 0.000603 44.024956
-1.309709 1528638431.551224 0.000160 0.000179 0.000604 43.679079
-1.296603 1528638431.564330 0.000160 0.000180 0.000602 43.766213
-1.283985 1528638431.576948 0.000158 0.000177 0.000608 43.613500
-1.271254 1528638431.589680 0.000158 0.000176 0.000611 43.203488
-1.258445 1528638431.602489 0.000156 0.000175 0.000616 43.225290
-1.246355 1528638431.614578 0.000155 0.000175 0.000610 43.260383
-1.233676 1528638431.627258 0.000155 0.000174 0.000611 42.678127
-1.221803 1528638431.639130 0.000154 0.000173 0.000611 42.372316
-1.209245 1528638431.651688 0.000152 0.000171 0.000617 42.524659
-1.196415 1528638431.664519 0.000151 0.000171 0.000621 42.302357
-1.184338 1528638431.676595 0.000150 0.000169 0.000619 42.420636
-1.171384 1528638431.689549 0.000149 0.000169 0.000614 42.524058
-1.159320 1528638431.701613 0.000147 0.000167 0.000620 42.703816
-1.146173 1528638431.714761 0.000145 0.000164 0.000628 42.255356
-1.135068 1528638431.725865 0.000144 0.000164 0.000620 42.334573
-1.122678 1528638431.738256 0.000142 0.000163 0.000622 42.512252
-1.109852 1528638431.751082 0.000140 0.000161 0.000627 42.910046
-1.097743 1528638431.763191 0.000140 0.000159 0.000634 41.684538
-1.085031 1528638431.775903 0.000136 0.000158 0.000633 40.659423
-1.070982 1528638431.789951 0.000132 0.000154 0.000665 40.371248
-1.059305 1528638431.801628 0.000129 0.000153 0.000665 40.370347
-1.047496 1528638431.813437 0.000127 0.000152 0.000675 40.763121
-1.035072 1528638431.825861 0.000125 0.000150 0.000686 40.942256
-1.022666 1528638431.838268 0.000124 0.000150 0.000689 40.821879
-1.010037 1528638431.850896 0.000123 0.000148 0.000690 40.838299
-0.997809 1528638431.863124 0.000123 0.000148 0.000683 40.698081
-0.985033 1528638431.875901 0.000121 0.000146 0.000689 40.788937
-0.972807 1528638431.888126 0.000121 0.000145 0.000690 40.666723
-0.959818 1528638431.901115 0.000120 0.000145 0.000689 40.655407
-0.947047 1528638431.913887 0.000119 0.000144 0.000690 40.592207
-0.934834 1528638431.926099 0.000118 0.000143 0.000692 40.622199
-0.922513 1528638431.938420 0.000118 0.000143 0.000691 40.463016
-0.910044 1528638431.950889 0.000117 0.000142 0.000698 40.587558
-0.896936 1528638431.963997 0.000117 0.000143 0.000682 40.232395
-0.884626 1528638431.976308 0.000115 0.000141 0.000700 40.571053
-0.872220 1528638431.988714 0.000115 0.000141 0.000694 40.461527
-0.859624 1528638432.001309 0.000114 0.000141 0.000700 40.746566
-0.847017 1528638432.013917 0.000112 0.000140 0.000710 40.708513
-0.834714 1528638432.026219 0.000112 0.000140 0.000702 40.400572
-0.822220 1528638432.038713 0.000112 0.000139 0.000709 40.171332
-0.809541 1528638432.051392 0.000112 0.000138 0.000712 40.324028
-0.797221 1528638432.063712 0.000112 0.000138 0.000711 40.385123
-0.784720 1528638432.076213 0.000111 0.000137 0.000713 40.347919
-0.771890 1528638432.089043 0.000111 0.000137 0.000713 40.311949
-0.759652 1528638432.101282 0.000111 0.000136 0.000715 40.469170
-0.746826 1528638432.114108 0.000110 0.000136 0.000713 40.464912
-0.734601 1528638432.126332 0.000110 0.000136 0.000713 40.531941
-0.721530 1528638432.139403 0.000109 0.000135 0.000713 40.375240
-0.709588 1528638432.151345 0.000109 0.000135 0.000713 40.487640
-0.697093 1528638432.163841 0.000109 0.000135 0.000714 40.397862
-0.684404 1528638432.176529 0.000109 0.000134 0.000712 40.477618
-0.672125 1528638432.188808 0.000108 0.000134 0.000716 40.393078
-0.658267 1528638432.202666 0.000108 0.000135 0.000714 40.289840
-0.646107 1528638432.214826 0.000108 0.000134 0.000718 40.387916
-0.634286 1528638432.226647 0.000108 0.000134 0.000714 40.323367
-0.622579 1528638432.238354 0.000108 0.000134 0.000715 40.324677
-0.609564 1528638432.251370 0.000109 0.000134 0.000709 40.543723
-0.597324 1528638432.263609 0.000108 0.000133 0.000715 40.324252
-0.584852 1528638432.276081 0.000108 0.000133 0.000713 40.421636
-0.572482 1528638432.288452 0.000108 0.000133 0.000717 40.374872
-0.559592 1528638432.301342 0.000108 0.000134 0.000701 40.196348
-0.547459 1528638432.313475 0.000108 0.000133 0.000714 40.368715
-0.534840 1528638432.326093 0.000109 0.000133 0.000699 40.555015
-0.522382 1528638432.338552 0.000109 0.000134 0.000711 40.012613
-0.509769 1528638432.351165 0.000106 0.000133 0.000724 39.699104
-0.497322 1528638432.363611 0.000105 0.000131 0.000714 39.562229
-0.485070 1528638432.375863 0.000105 0.000130 0.000731 40.107821
-0.472136 1528638432.388797 0.000104 0.000131 0.000738 40.034761
-0.459549 1528638432.401384 0.000104 0.000131 0.000734 40.187719
-0.447441 1528638432.413492 0.000104 0.000132 0.000734 40.121801
-0.434796 1528638432.426137 0.000104 0.000131 0.000742 40.140052
-0.422532 1528638432.438401 0.000104 0.000131 0.000735 39.987352
-0.409582 1528638432.451351 0.000104 0.000131 0.000735 40.005629
-0.397368 1528638432.463565 0.000103 0.000130 0.000743 40.151687
-0.384541 1528638432.476393 0.000104 0.000131 0.000736 40.103771
-0.371986 1528638432.488947 0.000103 0.000130 0.000736 40.170618
-0.359249 1528638432.501684 0.000103 0.000130 0.000737 40.044892
-0.346210 1528638432.514723 0.000103 0.000130 0.000733 39.946315
-0.333920 1528638432.527013 0.000102 0.000130 0.000732 39.931783
-0.321795 1528638432.539138 0.000102 0.000129 0.000737 39.905632
-0.308928 1528638432.552005 0.000102 0.000130 0.000736 39.881691
-0.296835 1528638432.564098 0.000102 0.000129 0.000737 39.849356
-0.284439 1528638432.576494 0.000102 0.000129 0.000738 39.859963
-0.271913 1528638432.589020 0.000101 0.000129 0.000740 39.778126
-0.259225 1528638432.601708 0.000101 0.000129 0.000740 39.821572
-0.246518 1528638432.614415 0.000101 0.000129 0.000741 39.764826
-0.234004 1528638432.626929 0.000101 0.000129 0.000742 39.786142
-0.221569 1528638432.639364 0.000101 0.000129 0.000739 39.799817
-0.209500 1528638432.651433 0.000101 0.000129 0.000740 39.705298
-0.196922 1528638432.664012 0.000101 0.000129 0.000747 39.894324
-0.184552 1528638432.676381 0.000101 0.000129 0.000741 39.751006
-0.171270 1528638432.689663 0.000101 0.000129 0.000738 39.905679
-0.158893 1528638432.702041 0.000101 0.000129 0.000736 39.739620
-0.146322 1528638432.714611 0.000101 0.000128 0.000745 39.720121
-0.133398 1528638432.727535 0.000101 0.000129 0.000732 39.692398
-0.121415 1528638432.739518 0.000101 0.000128 0.000745 39.745029
-0.109701 1528638432.751232 0.000101 0.000128 0.000740 39.735903
-0.097084 1528638432.763849 0.000101 0.000129 0.000738 39.579782
-0.084436 1528638432.776497 0.000101 0.000129 0.000741 39.738507
-0.072197 1528638432.788737 0.000101 0.000128 0.000738 39.981396
-0.059622 1528638432.801311 0.000102 0.000128 0.000721 40.248840
-0.047202 1528638432.813731 0.000102 0.000129 0.000721 40.348036
-0.034421 1528638432.826513 0.000104 0.000129 0.000711 39.996839
-0.022168 1528638432.838766 0.000105 0.000127 0.000712 39.955026
-0.009774 1528638432.851160 0.000105 0.000128 0.000706 39.922027
0.002739 1528638432.863672 0.000104 0.000128 0.000713 39.708303
0.015573 1528638432.876506 0.000105 0.000128 0.000705 39.720638
0.027706 1528638432.888639 0.000105 0.000127 0.000704 39.708596
0.040039 1528638432.900972 0.000104 0.000128 0.000709 39.675799
0.052705 1528638432.913638 0.000104 0.000127 0.000714 39.639883
0.065223 1528638432.926156 0.000104 0.000128 0.000711 39.668472
0.078517 1528638432.939450 0.000104 0.000127 0.000705 39.695797
0.091601 1528638432.952534 0.000104 0.000128 0.000711 39.618393
0.103703 1528638432.964637 0.000104 0.000127 0.000705 39.537244
0.116238 1528638432.977171 0.000104 0.000127 0.000702 39.588822
0.128458 1528638432.989391 0.000104 0.000127 0.000705 39.596621
0.140200 1528638433.001134 0.000104 0.000127 0.000705 39.597768
0.152615 1528638433.013549 0.000104 0.000127 0.000705 39.549979
0.165316 1528638433.026249 0.000104 0.000127 0.000704 39.543469
0.177752 1528638433.038685 0.000105 0.000126 0.000706 39.699172
0.190467 1528638433.051401 0.000105 0.000127 0.000688 39.366151
0.202785 1528638433.063718 0.000106 0.000128 0.000701 39.698224
0.215489 1528638433.076422 0.000105 0.000127 0.000715 39.763084
0.227698 1528638433.088631 0.000106 0.000128 0.000694 40.064581
0.240299 1528638433.101232 0.000102 0.000129 0.000678 40.584022
0.252766 1528638433.113699 0.000098 0.000132 0.000702 43.098749
0.265341 1528638433.126274 0.000098 0.000136 0.000700 45.511175
0.277742 1528638433.138675 0.000100 0.000135 0.000699 46.958130
0.290248 1528638433.151181 0.000102 0.000133 0.000700 46.988662
0.303158 1528638433.164091 0.000104 0.000135 0.000708 46.967710
0.315502 1528638433.176435 0.000107 0.000137 0.000704 47.261057
0.327941 1528638433.188874 0.000109 0.000140 0.000716 48.109530
0.340515 1528638433.201449 0.000112 0.000144 0.000726 48.808677
0.352750 1528638433.213683 0.000113 0.000150 0.000753 50.044972
0.366877 1528638433.227810 0.000114 0.000160 0.000759 51.195937
0.378000 1528638433.238933 0.000118 0.000167 0.000748 52.613868
0.390442 1528638433.251375 0.000120 0.000172 0.000801 54.282605
0.403012 1528638433.263945 0.000121 0.000182 0.000839 56.240253
0.415455 1528638433.276388 0.000119 0.000191 0.000850 58.988966
0.427836 1528638433.288769 0.000117 0.000211 0.000815 62.537801
0.440576 1528638433.301509 0.000116 0.000237 0.000752 67.480321
0.453328 1528638433.314262 0.000114 0.000255 0.000710 72.826159
0.465892 1528638433.326825 0.000115 0.000261 0.000675 78.693995
0.478362 1528638433.339295 0.000114 0.000258 0.000675 83.106653
0.490667 1528638433.351600 0.000112 0.000272 0.000678 86.431707
0.503147 1528638433.364080 0.000114 0.000262 0.000668 89.161756
0.515936 1528638433.376869 0.000119 0.000260 0.000656 91.730828
0.528009 1528638433.388942 0.000117 0.000259 0.000652 93.888059
0.540729 1528638433.401662 0.000121 0.000262 0.000646 96.662760
0.553259 1528638433.414192 0.000125 0.000258 0.000635 99.065378
0.565897 1528638433.426830 0.000127 0.000255 0.000637 101.614920
0.578135 1528638433.439069 0.000127 0.000255 0.000642 103.484071
0.590334 1528638433.451267 0.000129 0.000250 0.000637 104.981142
0.603445 1528638433.464378 0.000127 0.000252 0.000641 105.645302
0.616296 1528638433.477229 0.000128 0.000248 0.000637 106.592789
0.629558 1528638433.490491 0.000131 0.000247 0.000645 107.317912
0.641432 1528638433.502365 0.000129 0.000244 0.000649 107.954063
0.653801 1528638433.514735 0.000131 0.000247 0.000645 108.356552
0.665783 1528638433.526716 0.000131 0.000242 0.000646 108.754217
0.678140 1528638433.539074 0.000133 0.000245 0.000658 109.178224
0.690221 1528638433.551154 0.000135 0.000239 0.000646 109.524377
0.702952 1528638433.563885 0.000133 0.000238 0.000653 109.599950
0.715473 1528638433.576406 0.000133 0.000237 0.000659 109.988181
0.727851 1528638433.588784 0.000132 0.000237 0.000653 109.667438
0.740176 1528638433.601110 0.000132 0.000236 0.000658 109.729987
0.752945 1528638433.613878 0.000131 0.000234 0.000663 109.777605
0.765787 1528638433.626720 0.000132 0.000233 0.000655 110.243717
0.778428 1528638433.639361 0.000131 0.000233 0.000665 110.377288
0.790821 1528638433.651754 0.000134 0.000232 0.000667 110.263233
0.803188 1528638433.664121 0.000132 0.000232 0.000668 110.420018
0.815383 1528638433.676317 0.000134 0.000231 0.000668 110.783783
0.828007 1528638433.688940 0.000135 0.000228 0.000661 111.101802
0.840465 1528638433.701398 0.000133 0.000228 0.000680 111.081368
0.853569 1528638433.714502 0.000134 0.000228 0.000670 111.142449
0.865622 1528638433.726555 0.000134 0.000226 0.000663 111.143470
0.878239 1528638433.739173 0.000135 0.000225 0.000679 111.549510
0.891141 1528638433.752074 0.000135 0.000224 0.000667 111.642419
0.903628 1528638433.764561 0.000139 0.000225 0.000666 111.710926
0.915713 1528638433.776646 0.000136 0.000222 0.000675 112.017577
0.927967 1528638433.788900 0.000140 0.000222 0.000667 112.146925
0.940786 1528638433.801719 0.000140 0.000222 0.000671 112.243594
0.953043 1528638433.813976 0.000140 0.000222 0.000673 112.512574
0.965564 1528638433.826497 0.000138 0.000220 0.000677 112.423797
0.978235 1528638433.839168 0.000138 0.000219 0.000683 112.443479
0.990702 1528638433.851635 0.000139 0.000217 0.000678 112.612508
1.003120 1528638433.864053 0.000142 0.000218 0.000672 112.571390
1.015863 1528638433.876796 0.000142 0.000218 0.000679 112.691302
1.028155 1528638433.889088 0.000144 0.000217 0.000663 112.580438
1.041201 1528638433.902135 0.000141 0.000216 0.000678 112.879059
1.053280 1528638433.914213 0.000143 0.000215 0.000676 113.116467
1.065743 1528638433.926677 0.000142 0.000215 0.000666 112.948019
1.078343 1528638433.939276 0.000145 0.000214 0.000679 113.338645
1.090677 1528638433.951611 0.000143 0.000214 0.000681 113.307698
1.103215 1528638433.964149 0.000145 0.000213 0.000680 113.452492
1.116066 1528638433.977000 0.000146 0.000212 0.000684 113.693885
1.128418 1528638433.989351 0.000146 0.000213 0.000681 113.628234
1.141010 1528638434.001944 0.000146 0.000213 0.000673 113.596697
1.153370 1528638434.014303 0.000147 0.000214 0.000672 113.444730
1.165597 1528638434.026531 0.000146 0.000213 0.000671 113.171033
1.178357 1528638434.039291 0.000146 0.000213 0.000677 113.292264
1.191261 1528638434.052194 0.000147 0.000211 0.000676 113.592884
1.203500 1528638434.064433 0.000146 0.000211 0.000680 113.451701
1.216220 1528638434.077153 0.000144 0.000211 0.000681 113.450377
1.228341 1528638434.089274 0.000143 0.000211 0.000676 113.376979
1.240630 1528638434.101563 0.000148 0.000210 0.000687 113.576088
1.253233 1528638434.114166 0.000148 0.000210 0.000677 113.619416
1.265701 1528638434.126634 0.000149 0.000211 0.000667 113.710994
1.278713 1528638434.139646 0.000150 0.000210 0.000671 113.818022
1.290921 1528638434.151855 0.000148 0.000209 0.000685 113.754881
1.302786 1528638434.163719 0.000150 0.000211 0.000680 113.758452
1.315207 1528638434.176141 0.000150 0.000211 0.000667 113.745688
1.327970 1528638434.188903 0.000154 0.000211 0.000662 114.102655
1.340242 1528638434.201175 0.000152 0.000212 0.000663 113.787634
1.353091 1528638434.214025 0.000150 0.000211 0.000681 113.907894
1.365476 1528638434.226409 0.000150 0.000212 0.000676 113.783512
1.378294 1528638434.239228 0.000151 0.000211 0.000673 113.711731
1.390439 1528638434.251372 0.000151 0.000212 0.000673 113.774490
1.403149 1528638434.264082 0.000152 0.000212 0.000679 114.004027
1.415986 1528638434.276919 0.000151 0.000213 0.000668 113.751500
1.428659 1528638434.289593 0.000153 0.000213 0.000677 113.760269
1.441118 1528638434.302052 0.000152 0.000214 0.000673 113.574742
1.453748 1528638434.314682 0.000153 0.000214 0.000663 113.668964
1.465947 1528638434.326880 0.000154 0.000215 0.000663 113.701161
1.478594 1528638434.339527 0.000151 0.000216 0.000674 113.491450
1.490987 1528638434.351920 0.000151 0.000216 0.000695 113.419205
1.503347 1528638434.364281 0.000153 0.000216 0.000689 113.785719
1.515839 1528638434.376773 0.000152 0.000215 0.000693 113.524153
1.528423 1528638434.389356 0.000153 0.000215 0.000682 113.589461
1.540534 1528638434.401468 0.000150 0.000216 0.000690 113.541339
1.552939 1528638434.413872 0.000150 0.000216 0.000693 113.532724
1.565440 1528638434.426374 0.000153 0.000215 0.000691 113.575370
1.579156 1528638434.440089 0.000155 0.000215 0.000683 113.565336
1.591907 1528638434.452840 0.000152 0.000214 0.000690 113.552790
1.604761 1528638434.465695 0.000156 0.000216 0.000689 113.822405
1.616361 1528638434.477295 0.000155 0.000214 0.000697 113.752508
1.629099 1528638434.490033 0.000155 0.000215 0.000695 113.599625
1.641850 1528638434.502783 0.000152 0.000216 0.000691 113.459962
1.653989 1528638434.514922 0.000154 0.000217 0.000691 113.276415
1.665601 1528638434.526535 0.000154 0.000215 0.000687 113.319061
1.678022 1528638434.538955 0.000153 0.000216 0.000690 113.166122
1.691288 1528638434.552221 0.000154 0.000215 0.000689 113.242901
1.703840 1528638434.564774 0.000155 0.000217 0.000690 113.030502
1.716684 1528638434.577617 0.000159 0.000216 0.000684 113.223228
1.728948 1528638434.589881 0.000151 0.000215 0.000696 112.895569
1.741647 1528638434.602580 0.000153 0.000215 0.000677 112.983341
1.753848 1528638434.614782 0.000156 0.000215 0.000687 112.993131
1.766803 1528638434.627737 0.000153 0.000214 0.000698 113.301664
1.778784 1528638434.639717 0.000155 0.000215 0.000701 113.184855
1.791806 1528638434.652739 0.000156 0.000216 0.000679 113.026227
1.804096 1528638434.665029 0.000155 0.000214 0.000690 113.179018
1.815358 1528638434.676292 0.000156 0.000212 0.000690 113.383617
1.828006 1528638434.688939 0.000157 0.000214 0.000689 113.065894
1.840873 1528638434.701806 0.000157 0.000215 0.000674 112.962704
1.853485 1528638434.714419 0.000156 0.000215 0.000674 113.165754
1.866020 1528638434.726954 0.000157 0.000214 0.000700 113.592560
1.878382 1528638434.739316 0.000154 0.000215 0.000693 112.906890
1.890984 1528638434.751917 0.000156 0.000218 0.000664 112.652571
1.903275 1528638434.764209 0.000159 0.000217 0.000677 113.095100
1.915929 1528638434.776863 0.000157 0.000216 0.000682 112.990709
1.928094 1528638434.789027 0.000157 0.000218 0.000673 112.915864
1.940843 1528638434.801776 0.000157 0.000218 0.000676 113.026779
1.954712 1528638434.815645 0.000156 0.000215 0.000689 113.410310
1.966764 1528638434.827697 0.000156 0.000216 0.000683 113.552243
1.979138 1528638434.840071 0.000158 0.000216 0.000683 113.543825
1.991033 1528638434.851967 0.000156 0.000214 0.000687 113.801680
2.002696 1528638434.863629 0.000155 0.000216 0.000694 113.608765
2.015298 1528638434.876231 0.000159 0.000216 0.000680 114.119061
2.027763 1528638434.888697 0.000155 0.000214 0.000708 114.243294
2.040416 1528638434.901350 0.000157 0.000215 0.000699 114.210192
2.053147 1528638434.914081 0.000160 0.000214 0.000692 114.529367
2.065177 1528638434.926111 0.000158 0.000214 0.000706 114.512375
2.077903 1528638434.938837 0.000157 0.000214 0.000704 114.375888
2.090183 1528638434.951117 0.000159 0.000215 0.000698 114.561724
2.102694 1528638434.963627 0.000157 0.000214 0.000709 114.658490
2.115238 1528638434.976172 0.000157 0.000216 0.000700 114.172659
2.127918 1528638434.988852 0.000157 0.000215 0.000701 114.071694
2.140457 1528638435.001390 0.000157 0.000216 0.000702 114.205175
2.153693 1528638435.014626 0.000157 0.000215 0.000714 114.124237
2.166142 1528638435.027075 0.000159 0.000215 0.000700 114.243022
2.179554 1528638435.040488 0.000158 0.000217 0.000689 113.790858
2.191596 1528638435.052529 0.000156 0.000216 0.000701 114.046977
2.203793 1528638435.064727 0.000157 0.000216 0.000710 114.045565
2.216320 1528638435.077253 0.000160 0.000217 0.000694 113.866449
2.228525 1528638435.089458 0.000158 0.000216 0.000692 113.758330
2.241389 1528638435.102322 0.000156 0.000216 0.000716 113.907007
2.254185 1528638435.115118 0.000155 0.000216 0.000715 113.765645
2.266054 1528638435.126987 0.000157 0.000215 0.000696 113.754982
2.278650 1528638435.139583 0.000158 0.000215 0.000708 113.978159
2.291499 1528638435.152433 0.000161 0.000217 0.000695 114.024560
2.303422 1528638435.164356 0.000159 0.000214 0.000703 114.040888
2.316784 1528638435.177717 0.000158 0.000216 0.000702 113.725781
2.328716 1528638435.189649 0.000161 0.000216 0.000696 113.758931
2.341493 1528638435.202426 0.000163 0.000218 0.000690 113.806013
2.353302 1528638435.214235 0.000159 0.000216 0.000692 113.440340
2.365552 1528638435.226485 0.000158 0.000216 0.000695 113.197384
2.378299 1528638435.239232 0.000161 0.000214 0.000692 113.319605
2.390795 1528638435.251728 0.000159 0.000214 0.000678 112.997422
2.402934 1528638435.263868 0.000162 0.000216 0.000652 112.872382
2.415473 1528638435.276406 0.000162 0.000216 0.000646 112.734825
2.428067 1528638435.289001 0.000162 0.000217 0.000643 112.752366
2.441584 1528638435.302517 0.000163 0.000215 0.000629 112.625998
2.453729 1528638435.314662 0.000163 0.000217 0.000625 112.440805
2.466484 1528638435.327417 0.000164 0.000217 0.000619 112.408673
2.478905 1528638435.339839 0.000163 0.000219 0.000618 112.114790
2.491605 1528638435.352538 0.000164 0.000218 0.000621 112.255201
2.504200 1528638435.365133 0.000161 0.000217 0.000619 112.782540
2.515886 1528638435.376820 0.000159 0.000219 0.000620 112.603551
2.528132 1528638435.389065 0.000160 0.000217 0.000624 112.734528
2.541102 1528638435.402035 0.000161 0.000217 0.000630 113.275237
2.553408 1528638435.414341 0.000158 0.000216 0.000653 113.426098
2.565764 1528638435.426697 0.000159 0.000215 0.000686 113.760905
2.579252 1528638435.440186 0.000158 0.000217 0.000687 113.317262
2.591555 1528638435.452488 0.000161 0.000216 0.000693 113.939713
2.603504 1528638435.464437 0.000160 0.000216 0.000688 113.801732
2.615509 1528638435.476442 0.000159 0.000217 0.000698 113.577542
2.628046 1528638435.488979 0.000160 0.000216 0.000695 113.658606
2.640731 1528638435.501664 0.000159 0.000215 0.000703 113.427912
2.653031 1528638435.513965 0.000159 0.000216 0.000697 113.168395
2.665863 1528638435.526796 0.000159 0.000216 0.000700 113.245043
2.679011 1528638435.539944 0.000160 0.000217 0.000701 113.155239
2.691290 1528638435.552223 0.000161 0.000216 0.000704 113.055073
2.704165 1528638435.565098 0.000161 0.000218 0.000702 112.923967
2.715688 1528638435.576622 0.000162 0.000217 0.000695 112.959534
2.728055 1528638435.588989 0.000156 0.000218 0.000704 112.296550
2.740762 1528638435.601696 0.000162 0.000219 0.000688 112.403203
2.753327 1528638435.614261 0.000166 0.000220 0.000690 112.536768
2.765497 1528638435.626430 0.000159 0.000220 0.000694 112.083302
2.778056 1528638435.638989 0.000160 0.000220 0.000693 111.837951
2.790547 1528638435.651480 0.000158 0.000221 0.000698 111.866891
2.803105 1528638435.664038 0.000159 0.000219 0.000693 112.209891
2.815505 1528638435.676439 0.000158 0.000219 0.000692 111.971821
2.828252 1528638435.689185 0.000157 0.000218 0.000690 111.804755
2.841692 1528638435.702625 0.000159 0.000219 0.000688 111.861656
2.853757 1528638435.714690 0.000157 0.000219 0.000695 111.592191
2.866276 1528638435.727210 0.000158 0.000221 0.000676 111.310966
2.878814 1528638435.739748 0.000157 0.000219 0.000684 111.677352
2.891428 1528638435.752362 0.000158 0.000220 0.000683 111.592894
2.903440 1528638435.764373 0.000155 0.000222 0.000678 110.917681
2.915968 1528638435.776902 0.000160 0.000221 0.000669 111.175699
2.928554 1528638435.789487 0.000157 0.000221 0.000678 110.951199
2.940923 1528638435.801857 0.000156 0.000221 0.000674 110.631369
2.953441 1528638435.814374 0.000155 0.000223 0.000668 110.533038
2.966134 1528638435.827067 0.000155 0.000223 0.000665 110.263539
2.978837 1528638435.839771 0.000157 0.000223 0.000655 110.243109
2.990856 1528638435.851789 0.000155 0.000223 0.000653 110.060382
3.003335 1528638435.864269 0.000160 0.000223 0.000657 110.190569
3.015765 1528638435.876698 0.000158 0.000222 0.000661 110.128121
3.028541 1528638435.889474 0.000159 0.000221 0.000651 110.117722
3.041704 1528638435.902637 0.000158 0.000222 0.000649 110.014020
3.054187 1528638435.915120 0.000159 0.000223 0.000662 110.231413
3.066749 1528638435.927682 0.000158 0.000222 0.000651 110.046341
3.079354 1528638435.940287 0.000158 0.000224 0.000653 109.880863
3.092215 1528638435.953148 0.000161 0.000224 0.000643 109.903447
3.103994 1528638435.964928 0.000158 0.000225 0.000641 109.940093
3.115579 1528638435.976512 0.000160 0.000223 0.000647 110.042724
3.128505 1528638435.989438 0.000156 0.000223 0.000660 110.197521
3.140815 1528638436.001748 0.000158 0.000224 0.000659 110.090863
3.153346 1528638436.014280 0.000155 0.000224 0.000653 109.930879
3.166186 1528638436.027119 0.000158 0.000223 0.000646 110.234322
3.178435 1528638436.039368 0.000160 0.000221 0.000650 110.259798
3.191141 1528638436.052074 0.000158 0.000221 0.000651 110.303015
3.204683 1528638436.065616 0.000159 0.000221 0.000656 110.100366
3.215595 1528638436.076529 0.000158 0.000221 0.000656 110.342180
3.228318 1528638436.089251 0.000159 0.000221 0.000656 110.318130
3.240589 1528638436.101523 0.000160 0.000221 0.000646 110.368205
3.253087 1528638436.114021 0.000159 0.000222 0.000651 110.208077
3.265384 1528638436.126317 0.000155 0.000222 0.000661 110.267385
3.278052 1528638436.138986 0.000157 0.000222 0.000647 110.235452
3.290476 1528638436.151409 0.000158 0.000221 0.000647 110.020323
3.303910 1528638436.164843 0.000155 0.000223 0.000649 109.641985
3.317179 1528638436.178113 0.000158 0.000223 0.000640 109.878242
3.327734 1528638436.188667 0.000155 0.000223 0.000654 109.830951
3.340160 1528638436.201093 0.000157 0.000222 0.000641 109.790343
3.353832 1528638436.214765 0.000156 0.000221 0.000647 109.598695
3.366838 1528638436.227771 0.000155 0.000224 0.000645 109.487923
3.378840 1528638436.239773 0.000158 0.000223 0.000638 109.690719
3.391708 1528638436.252641 0.000158 0.000221 0.000642 110.048802
3.404300 1528638436.265234 0.000158 0.000221 0.000642 110.185208
3.415916 1528638436.276849 0.000159 0.000220 0.000652 110.375680
3.428002 1528638436.288936 0.000157 0.000222 0.000647 109.758497
3.441477 1528638436.302410 0.000160 0.000221 0.000639 110.290661
3.453995 1528638436.314928 0.000158 0.000222 0.000645 110.060437
3.465934 1528638436.326867 0.000160 0.000222 0.000649 110.318109
3.478249 1528638436.339182 0.000162 0.000222 0.000638 110.429612
3.490983 1528638436.351917 0.000162 0.000222 0.000642 110.450063
3.503343 1528638436.364277 0.000157 0.000222 0.000648 110.279327
3.515895 1528638436.376828 0.000161 0.000221 0.000643 110.304280
3.528407 1528638436.389340 0.000160 0.000222 0.000642 110.411196
3.541030 1528638436.401963 0.000159 0.000222 0.000635 110.177433
3.553502 1528638436.414436 0.000160 0.000223 0.000634 110.156815
3.565924 1528638436.426857 0.000158 0.000223 0.000643 109.881620
3.578507 1528638436.439440 0.000159 0.000224 0.000636 109.689247
3.590692 1528638436.451625 0.000158 0.000224 0.000635 109.518158
3.603283 1528638436.464217 0.000156 0.000224 0.000640 108.939656
3.615653 1528638436.476586 0.000155 0.000226 0.000636 108.337732
3.628295 1528638436.489228 0.000151 0.000227 0.000644 107.474166
3.640843 1528638436.501776 0.000152 0.000229 0.000623 106.895979
3.653731 1528638436.514664 0.000150 0.000229 0.000627 106.094594
3.665979 1528638436.526912 0.000149 0.000231 0.000617 105.515518
3.678666 1528638436.539599 0.000147 0.000232 0.000621 104.867080
3.690953 1528638436.551887 0.000147 0.000234 0.000617 104.440588
3.703457 1528638436.564390 0.000145 0.000237 0.000610 103.453765
3.716216 1528638436.577149 0.000144 0.000239 0.000604 103.014323
3.728274 1528638436.589207 0.000142 0.000239 0.000605 102.759130
3.741179 1528638436.602113 0.000143 0.000241 0.000595 102.672314
3.753472 1528638436.614405 0.000142 0.000243 0.000597 102.221842
3.765743 1528638436.626676 0.000139 0.000244 0.000600 101.876100
3.779025 1528638436.639958 0.000141 0.000244 0.000595 101.853314
3.792194 1528638436.653127 0.000140 0.000243 0.000595 101.628416
3.804270 1528638436.665203 0.000141 0.000244 0.000595 101.851641
3.816869 1528638436.677803 0.000139 0.000244 0.000595 101.742662
3.829216 1528638436.690149 0.000137 0.000245 0.000592 101.683861
3.841681 1528638436.702614 0.000138 0.000243 0.000594 101.835451
3.853494 1528638436.714428 0.000137 0.000243 0.000593 101.713596
3.865794 1528638436.726727 0.000139 0.000240 0.000601 102.311890
3.878291 1528638436.739225 0.000140 0.000240 0.000600 102.463903
3.890906 1528638436.751839 0.000139 0.000241 0.000607 102.735336
3.903214 1528638436.764147 0.000138 0.000238 0.000612 103.498366
3.915679 1528638436.776613 0.000139 0.000237 0.000613 104.065102
3.928719 1528638436.789653 0.000140 0.000233 0.000617 104.600810
3.941290 1528638436.802223 0.000143 0.000233 0.000623 105.128594
3.953566 1528638436.814499 0.000142 0.000233 0.000621 105.184836
3.966127 1528638436.827060 0.000144 0.000231 0.000623 105.555295
3.978239 1528638436.839172 0.000144 0.000230 0.000625 105.961653
3.991132 1528638436.852065 0.000147 0.000226 0.000619 106.541967
4.004811 1528638436.865744 0.000146 0.000226 0.000623 107.073018
4.017317 1528638436.878250 0.000145 0.000225 0.000631 107.346305
4.029977 1528638436.890911 0.000145 0.000225 0.000641 107.614257
4.042124 1528638436.903057 0.000144 0.000224 0.000641 107.757203
4.054702 1528638436.915635 0.000143 0.000223 0.000644 107.790095
4.067346 1528638436.928279 0.000143 0.000223 0.000642 107.730016
4.079314 1528638436.940248 0.000142 0.000223 0.000640 107.544221
4.091283 1528638436.952216 0.000143 0.000221 0.000643 107.691480
4.103360 1528638436.964293 0.000141 0.000222 0.000653 107.462071
4.116103 1528638436.977036 0.000142 0.000220 0.000644 107.432131
4.128667 1528638436.989600 0.000141 0.000221 0.000648 107.353995
4.141180 1528638437.002113 0.000139 0.000222 0.000654 107.223930
4.153591 1528638437.014524 0.000137 0.000222 0.000648 106.847157
4.166021 1528638437.026954 0.000139 0.000222 0.000641 106.980289
4.178798 1528638437.039731 0.000140 0.000220 0.000637 106.836675
4.191251 1528638437.052184 0.000139 0.000219 0.000639 106.480709
4.203773 1528638437.064707 0.000137 0.000220 0.000645 105.778553
4.216162 1528638437.077096 0.000136 0.000222 0.000640 105.184369
4.228752 1528638437.089685 0.000138 0.000220 0.000640 104.970827
4.241184 1528638437.102118 0.000133 0.000224 0.000646 104.047154
4.253798 1528638437.114731 0.000134 0.000227 0.000644 103.405232
4.266167 1528638437.127100 0.000132 0.000229 0.000635 102.461363
4.278497 1528638437.139430 0.000129 0.000232 0.000636 101.959435
4.291121 1528638437.152055 0.000128 0.000233 0.000626 101.128813
4.303819 1528638437.164752 0.000126 0.000233 0.000634 100.371605
4.316321 1528638437.177255 0.000124 0.000236 0.000620 99.370842
4.328663 1528638437.189596 0.000124 0.000239 0.000622 99.085081
4.344772 1528638437.205705 0.000122 0.000242 0.000615 98.594307
4.353676 1528638437.214609 0.000124 0.000236 0.000612 98.216199
4.366149 1528638437.227082 0.000121 0.000240 0.000615 97.800759
4.378501 1528638437.239435 0.000122 0.000240 0.000619 98.008132
4.391361 1528638437.252294 0.000121 0.000240 0.000618 97.682588
4.403571 1528638437.264504 0.000123 0.000239 0.000614 97.883393
4.416311 1528638437.277245 0.000122 0.000239 0.000619 97.666613
4.428554 1528638437.289487 0.000120 0.000240 0.000620 97.745370
4.441310 1528638437.302243 0.000120 0.000241 0.000619 97.636662
4.453703 1528638437.314636 0.000121 0.000240 0.000615 97.435328
4.466217 1528638437.327151 0.000120 0.000238 0.000611 97.309505
4.478820 1528638437.339753 0.000119 0.000238 0.000617 97.381547
4.490936 1528638437.351869 0.000120 0.000239 0.000609 97.343255
4.503381 1528638437.364314 0.000120 0.000239 0.000611 96.996831
4.516309 1528638437.377242 0.000118 0.000241 0.000617 96.728536
4.528417 1528638437.389351 0.000119 0.000240 0.000603 96.299425
4.540636 1528638437.401569 0.000118 0.000241 0.000616 95.762659
4.553155 1528638437.414088 0.000120 0.000244 0.000616 94.763628
4.565532 1528638437.426465 0.000122 0.000241 0.000624 93.495194
4.578141 1528638437.439075 0.000125 0.000237 0.000640 92.761324
4.590753 1528638437.451686 0.000128 0.000230 0.000646 91.705151
4.603345 1528638437.464279 0.000130 0.000223 0.000643 90.535141
4.616013 1528638437.476947 0.000128 0.000216 0.000633 88.962947
4.628073 1528638437.489007 0.000126 0.000219 0.000653 88.128699
4.640761 1528638437.501695 0.000125 0.000219 0.000671 87.639309
4.653470 1528638437.514404 0.000124 0.000220 0.000679 86.998013
4.666113 1528638437.527046 0.000123 0.000223 0.000674 86.464064
4.678168 1528638437.539101 0.000120 0.000222 0.000678 86.169960
4.690504 1528638437.551437 0.000122 0.000221 0.000656 85.503843
4.703174 1528638437.564107 0.000122 0.000222 0.000659 85.505910
4.715877 1528638437.576810 0.000121 0.000222 0.000662 85.346482
4.728344 1528638437.589278 0.000118 0.000223 0.000668 85.311240
4.740699 1528638437.601632 0.000119 0.000222 0.000654 85.281780
4.753419 1528638437.614352 0.000119 0.000221 0.000651 85.306321
4.765752 1528638437.626685 0.000116 0.000221 0.000652 85.239974
4.778274 1528638437.639207 0.000119 0.000221 0.000649 85.164810
4.790754 1528638437.651688 0.000116 0.000223 0.000664 85.546791
4.803292 1528638437.664226 0.000117 0.000225 0.000657 85.140356
4.815631 1528638437.676564 0.000116 0.000227 0.000665 84.983976
4.828294 1528638437.689228 0.000119 0.000225 0.000646 84.597744
4.840503 1528638437.701437 0.000117 0.000226 0.000646 84.343636
4.853401 1528638437.714335 0.000114 0.000224 0.000634 83.578604
4.865636 1528638437.726569 0.000114 0.000222 0.000636 83.320635
4.879356 1528638437.740289 0.000117 0.000221 0.000631 82.956093
4.891804 1528638437.752737 0.000115 0.000224 0.000637 82.656241
4.904817 1528638437.765750 0.000115 0.000222 0.000639 82.532533
4.917055 1528638437.777988 0.000112 0.000220 0.000645 82.383145
4.929110 1528638437.790043 0.000113 0.000221 0.000645 82.080529
4.940803 1528638437.801736 0.000114 0.000224 0.000636 81.847463
4.953610 1528638437.814543 0.000113 0.000224 0.000640 81.664194
4.966367 1528638437.827300 0.000113 0.000223 0.000643 81.504806
4.978690 1528638437.839623 0.000109 0.000228 0.000659 81.497319
4.992299 1528638437.853233 0.000108 0.000228 0.000650 81.185343
5.004683 1528638437.865616 0.000110 0.000226 0.000647 81.024374
5.017067 1528638437.878000 0.000110 0.000224 0.000647 81.020069
5.029500 1528638437.890433 0.000111 0.000225 0.000648 80.927134
5.041885 1528638437.902818 0.000111 0.000225 0.000644 80.853502
5.053788 1528638437.914722 0.000111 0.000225 0.000642 80.821836
5.065955 1528638437.926888 0.000109 0.000227 0.000648 80.651223
5.078263 1528638437.939197 0.000109 0.000227 0.000646 80.748960
5.091184 1528638437.952117 0.000107 0.000229 0.000646 80.773622
5.103712 1528638437.964646 0.000113 0.000225 0.000643 80.406220
5.116233 1528638437.977166 0.000111 0.000225 0.000644 80.371865
5.128796 1528638437.989729 0.000112 0.000226 0.000637 80.228901
5.141243 1528638438.002176 0.000111 0.000227 0.000640 80.130146
5.153860 1528638438.014794 0.000109 0.000233 0.000645 80.132638
5.165879 1528638438.026813 0.000109 0.000233 0.000645 79.778989
5.178781 1528638438.039715 0.000109 0.000234 0.000642 79.875992
5.191212 1528638438.052146 0.000111 0.000228 0.000637 79.481202
5.203719 1528638438.064652 0.000111 0.000228 0.000638 79.358419
5.216107 1528638438.077041 0.000109 0.000228 0.000644 79.413242
5.228335 1528638438.089269 0.000110 0.000227 0.000639 79.078789
5.241694 1528638438.102627 0.000110 0.000227 0.000633 78.928974
5.254134 1528638438.115067 0.000111 0.000231 0.000628 78.734652
5.266901 1528638438.127834 0.000109 0.000231 0.000632 78.722562
5.279730 1528638438.140664 0.000110 0.000229 0.000625 78.325634
5.291417 1528638438.152350 0.000109 0.000225 0.000632 77.799006
5.303688 1528638438.164622 0.000107 0.000225 0.000637 77.315709
5.316170 1528638438.177104 0.000108 0.000221 0.000640 76.998448
5.328784 1528638438.189718 0.000108 0.000226 0.000645 77.083479
5.341419 1528638438.202353 0.000108 0.000223 0.000649 76.813731
5.353827 1528638438.214760 0.000109 0.000221 0.000653 76.588375
5.366205 1528638438.227138 0.000109 0.000221 0.000646 76.308534
5.378747 1528638438.239680 0.000106 0.000225 0.000657 76.178448
5.391444 1528638438.252378 0.000105 0.000223 0.000665 75.746159
5.403862 1528638438.264796 0.000105 0.000220 0.000669 75.176880
5.416523 1528638438.277457 0.000103 0.000220 0.000662 75.044485
5.429597 1528638438.290530 0.000102 0.000222 0.000652 75.126623
5.441952 1528638438.302885 0.000105 0.000224 0.000650 75.245234
5.454124 1528638438.315058 0.000104 0.000225 0.000655 75.547105
5.466606 1528638438.327539 0.000104 0.000228 0.000652 75.833232
5.478410 1528638438.339344 0.000105 0.000227 0.000653 75.771205
5.491127 1528638438.352060 0.000105 0.000228 0.000656 75.870001
5.503342 1528638438.364275 0.000105 0.000226 0.000662 75.836367
5.515980 1528638438.376914 0.000107 0.000226 0.000662 75.657290
5.528704 1528638438.389637 0.000102 0.000224 0.000672 75.736907
5.541307 1528638438.402241 0.000104 0.000222 0.000673 75.285387
5.553821 1528638438.414754 0.000107 0.000223 0.000667 75.115654
5.566739 1528638438.427673 0.000107 0.000214 0.000669 74.828128
5.579052 1528638438.439986 0.000107 0.000219 0.000667 74.644453
5.591475 1528638438.452408 0.000106 0.000221 0.000667 74.477368
5.604074 1528638438.465008 0.000104 0.000218 0.000670 74.313761
5.616349 1528638438.477283 0.000106 0.000211 0.000669 74.109421
5.628793 1528638438.489727 0.000106 0.000217 0.000666 73.999031
5.641238 1528638438.502172 0.000105 0.000218 0.000672 73.988787
5.653806 1528638438.514739 0.000107 0.000216 0.000664 73.765865
5.666631 1528638438.527565 0.000106 0.000217 0.000665 73.723042
5.679003 1528638438.539936 0.000106 0.000218 0.000669 73.670349
5.691361 1528638438.552294 0.000106 0.000216 0.000670 73.530944
5.704020 1528638438.564953 0.000105 0.000216 0.000668 73.422884
5.716955 1528638438.577889 0.000106 0.000216 0.000665 73.289552
5.729173 1528638438.590106 0.000103 0.000216 0.000671 73.406518
5.741504 1528638438.602438 0.000105 0.000218 0.000665 73.205278
5.754028 1528638438.614961 0.000104 0.000217 0.000668 73.297019
5.766560 1528638438.627493 0.000105 0.000217 0.000665 73.054930
5.779179 1528638438.640113 0.000104 0.000216 0.000669 73.210897
5.791492 1528638438.652425 0.000104 0.000216 0.000668 72.980981
5.803993 1528638438.664926 0.000104 0.000217 0.000669 72.972554
5.816867 1528638438.677800 0.000106 0.000208 0.000674 72.650698
5.829005 1528638438.689938 0.000104 0.000217 0.000667 72.734880
5.841649 1528638438.702582 0.000102 0.000207 0.000680 72.700130
5.854169 1528638438.715102 0.000103 0.000214 0.000673 72.529070
5.866428 1528638438.727361 0.000103 0.000216 0.000670 72.532497
5.879025 1528638438.739958 0.000100 0.000209 0.000682 72.642818
5.891384 1528638438.752317 0.000103 0.000216 0.000671 72.462599
5.904323 1528638438.765256 0.000101 0.000214 0.000672 72.482418
5.916625 1528638438.777558 0.000101 0.000212 0.000676 72.432847
5.929581 1528638438.790515 0.000103 0.000206 0.000673 72.108921
5.941348 1528638438.802282 0.000103 0.000212 0.000673 72.172909
5.954483 1528638438.815416 0.000101 0.000214 0.000673 72.316627
5.966389 1528638438.827322 0.000101 0.000211 0.000679 72.209843
5.979376 1528638438.840309 0.000102 0.000206 0.000682 72.186307
5.991758 1528638438.852691 0.000102 0.000213 0.000678 72.081945
6.003888 1528638438.864821 0.000104 0.000212 0.000670 71.837591
6.016533 1528638438.877466 0.000102 0.000212 0.000678 72.047808
6.029318 1528638438.890251 0.000103 0.000211 0.000675 71.808380
6.042620 1528638438.903553 0.000104 0.000213 0.000672 71.856048
6.054304 1528638438.915237 0.000104 0.000211 0.000680 71.654101
6.066645 1528638438.927578 0.000103 0.000207 0.000694 71.719590
6.079045 1528638438.939978 0.000104 0.000210 0.000692 71.407731
6.091361 1528638438.952294 0.000108 0.000212 0.000686 71.015487
6.104091 1528638438.965024 0.000105 0.000210 0.000695 70.960563
6.116436 1528638438.977369 0.000104 0.000208 0.000704 70.788541
6.128893 1528638438.989826 0.000104 0.000203 0.000711 70.392281
6.141327 1528638439.002260 0.000105 0.000207 0.000712 70.113638
6.155320 1528638439.016254 0.000103 0.000205 0.000718 70.059385
6.166076 1528638439.027009 0.000103 0.000199 0.000729 69.725657
6.179039 1528638439.039972 0.000105 0.000207 0.000717 69.511103
6.192143 1528638439.053076 0.000102 0.000196 0.000728 69.291827
6.204845 1528638439.065778 0.000103 0.000203 0.000724 69.061689
6.216796 1528638439.077729 0.000100 0.000202 0.000728 69.015093
6.228684 1528638439.089617 0.000102 0.000201 0.000731 68.801488
6.241042 1528638439.101975 0.000102 0.000202 0.000730 68.666625
6.253748 1528638439.114681 0.000100 0.000201 0.000736 68.578791
6.265946 1528638439.126879 0.000100 0.000201 0.000734 68.571680
6.278398 1528638439.139331 0.000101 0.000201 0.000728 68.310678
6.290789 1528638439.151722 0.000099 0.000193 0.000744 68.347468
6.303429 1528638439.164362 0.000101 0.000199 0.000735 68.019184
6.315882 1528638439.176815 0.000101 0.000197 0.000734 68.041159
6.328446 1528638439.189379 0.000099 0.000191 0.000746 67.954327
6.341800 1528638439.202733 0.000099 0.000192 0.000745 68.073781
6.354666 1528638439.215599 0.000098 0.000195 0.000742 67.950281
6.367076 1528638439.228009 0.000100 0.000196 0.000738 67.751482
6.379627 1528638439.240560 0.000098 0.000195 0.000738 67.685702
6.392476 1528638439.253409 0.000099 0.000195 0.000737 67.689249
6.404919 1528638439.265852 0.000100 0.000195 0.000737 67.527443
6.417053 1528638439.277986 0.000100 0.000195 0.000742 67.491207
6.428658 1528638439.289591 0.000099 0.000194 0.000740 67.568223
6.440942 1528638439.301875 0.000099 0.000189 0.000742 67.543722
6.454588 1528638439.315521 0.000098 0.000188 0.000750 67.596338
6.466886 1528638439.327819 0.000098 0.000193 0.000748 67.486532
6.479228 1528638439.340161 0.000097 0.000192 0.000754 67.328555
6.491586 1528638439.352519 0.000099 0.000188 0.000746 67.254518
6.503843 1528638439.364777 0.000098 0.000188 0.000749 67.270816
6.516515 1528638439.377448 0.000098 0.000191 0.000746 67.020205
6.528969 1528638439.389902 0.000099 0.000190 0.000751 66.751812
6.541447 1528638439.402380 0.000101 0.000185 0.000745 66.581906
6.554211 1528638439.415145 0.000104 0.000186 0.000735 66.217177
6.566615 1528638439.427548 0.000104 0.000191 0.000729 65.901400
6.578988 1528638439.439922 0.000103 0.000189 0.000742 65.767500
6.591392 1528638439.452325 0.000103 0.000189 0.000734 65.758740
6.603867 1528638439.464800 0.000104 0.000185 0.000729 65.563243
6.616100 1528638439.477034 0.000104 0.000188 0.000729 65.421332
6.628772 1528638439.489706 0.000107 0.000185 0.000727 65.175952
6.641210 1528638439.502143 0.000104 0.000182 0.000738 65.230396
6.654009 1528638439.514942 0.000105 0.000186 0.000736 65.080624
6.666687 1528638439.527621 0.000104 0.000185 0.000739 65.085637
6.679868 1528638439.540801 0.000105 0.000186 0.000732 64.690063
6.692312 1528638439.553246 0.000105 0.000185 0.000743 64.439090
6.704929 1528638439.565862 0.000104 0.000184 0.000740 64.445554
6.717663 1528638439.578596 0.000103 0.000183 0.000741 64.101862
6.729612 1528638439.590545 0.000104 0.000182 0.000738 63.663602
6.742188 1528638439.603122 0.000103 0.000178 0.000745 63.152218
6.755027 1528638439.615960 0.000104 0.000168 0.000741 62.880695
6.767802 1528638439.628736 0.000103 0.000171 0.000746 62.357878
6.779324 1528638439.640257 0.000103 0.000171 0.000748 61.949461
6.791622 1528638439.652555 0.000102 0.000170 0.000750 61.650303
6.803965 1528638439.664899 0.000103 0.000169 0.000752 61.418609
6.816796 1528638439.677729 0.000104 0.000174 0.000740 61.467488
6.829178 1528638439.690111 0.000102 0.000173 0.000746 61.595692
6.841631 1528638439.702564 0.000102 0.000171 0.000749 61.714022
6.854427 1528638439.715360 0.000102 0.000171 0.000745 61.745295
6.866727 1528638439.727660 0.000103 0.000170 0.000743 61.659502
6.878867 1528638439.739800 0.000104 0.000171 0.000740 61.583214
6.891363 1528638439.752296 0.000103 0.000171 0.000732 61.537576
6.903925 1528638439.764859 0.000104 0.000168 0.000737 61.422363
6.916735 1528638439.777669 0.000103 0.000162 0.000741 61.361679
6.929068 1528638439.790001 0.000102 0.000168 0.000737 61.252930
6.941464 1528638439.802397 0.000103 0.000163 0.000742 61.148922
6.953970 1528638439.814903 0.000104 0.000162 0.000736 61.182705
6.966654 1528638439.827587 0.000103 0.000166 0.000734 61.188628
6.979133 1528638439.840066 0.000103 0.000160 0.000742 61.170394
6.991623 1528638439.852556 0.000102 0.000159 0.000741 61.090153
7.004280 1528638439.865214 0.000103 0.000159 0.000741 60.922996
7.016950 1528638439.877883 0.000103 0.000159 0.000737 60.941130
7.029071 1528638439.890004 0.000103 0.000159 0.000737 60.685318
7.041935 1528638439.902868 0.000103 0.000159 0.000733 60.699216
7.054271 1528638439.915204 0.000102 0.000158 0.000743 60.696012
7.066962 1528638439.927896 0.000103 0.000158 0.000741 60.665244
7.078992 1528638439.939925 0.000103 0.000159 0.000733 60.838086
7.091835 1528638439.952768 0.000102 0.000158 0.000737 60.866554
7.104110 1528638439.965044 0.000103 0.000157 0.000741 60.764861
7.116640 1528638439.977573 0.000101 0.000157 0.000739 61.018399
7.129510 1528638439.990443 0.000102 0.000157 0.000737 60.887884
7.141965 1528638440.002898 0.000103 0.000164 0.000725 60.871462
7.154628 1528638440.015562 0.000103 0.000158 0.000730 60.795893
7.166776 1528638440.027709 0.000102 0.000156 0.000736 60.984449
7.179354 1528638440.040288 0.000102 0.000157 0.000735 60.892739
7.191649 1528638440.052582 0.000103 0.000158 0.000733 60.860278
7.204342 1528638440.065275 0.000103 0.000158 0.000730 60.860392
7.216719 1528638440.077652 0.000103 0.000158 0.000733 60.820310
7.229354 1528638440.090287 0.000103 0.000158 0.000730 60.798354
7.241784 1528638440.102717 0.000103 0.000157 0.000733 60.673123
7.254215 1528638440.115149 0.000105 0.000157 0.000736 60.291813
7.266710 1528638440.127643 0.000104 0.000159 0.000737 60.279051
7.279083 1528638440.140016 0.000103 0.000160 0.000731 60.277819
7.291619 1528638440.152552 0.000104 0.000160 0.000728 60.363373
7.304333 1528638440.165266 0.000104 0.000160 0.000728 60.400783
7.316673 1528638440.177607 0.000104 0.000158 0.000730 60.303697
7.329048 1528638440.189982 0.000105 0.000158 0.000731 60.323397
7.342124 1528638440.203057 0.000104 0.000158 0.000725 60.393899
7.354454 1528638440.215387 0.000105 0.000157 0.000726 60.271741
7.366625 1528638440.227559 0.000105 0.000157 0.000730 60.142361
7.379461 1528638440.240394 0.000105 0.000157 0.000730 60.122195
7.391621 1528638440.252554 0.000105 0.000157 0.000733 60.095389
7.404347 1528638440.265281 0.000105 0.000158 0.000729 59.875119
7.416880 1528638440.277813 0.000103 0.000157 0.000741 60.016571
7.429466 1528638440.290400 0.000104 0.000156 0.000737 59.866378
7.441877 1528638440.302811 0.000105 0.000157 0.000734 59.796934
7.454162 1528638440.315096 0.000104 0.000157 0.000739 59.916289
7.466892 1528638440.327825 0.000105 0.000158 0.000728 59.724276
7.479221 1528638440.340155 0.000105 0.000157 0.000737 59.751306
7.491896 1528638440.352829 0.000104 0.000157 0.000732 59.785398
7.504528 1528638440.365461 0.000105 0.000157 0.000736 59.695465
7.516885 1528638440.377818 0.000105 0.000158 0.000732 59.599363
7.529337 1528638440.390270 0.000103 0.000156 0.000743 59.749032
7.541892 1528638440.402825 0.000105 0.000157 0.000738 59.557509
7.554427 1528638440.415361 0.000104 0.000156 0.000744 59.525867
7.566787 1528638440.427721 0.000104 0.000157 0.000738 59.581330
7.579268 1528638440.440201 0.000104 0.000157 0.000739 59.472366
7.591892 1528638440.452826 0.000105 0.000158 0.000735 59.452589
7.604343 1528638440.465276 0.000104 0.000157 0.000737 59.602954
7.616888 1528638440.477821 0.000105 0.000157 0.000738 59.444775
7.629134 1528638440.490067 0.000104 0.000157 0.000741 59.481289
7.641613 1528638440.502547 0.000104 0.000158 0.000740 59.583314
7.654193 1528638440.515127 0.000105 0.000157 0.000741 59.510713
7.666903 1528638440.527836 0.000104 0.000157 0.000741 59.478450
7.679254 1528638440.540187 0.000105 0.000157 0.000738 59.446114
7.691764 1528638440.552697 0.000105 0.000156 0.000738 59.259701
7.704229 1528638440.565162 0.000106 0.000157 0.000739 59.235262
7.716834 1528638440.577768 0.000105 0.000157 0.000739 59.301523
7.729185 1528638440.590118 0.000105 0.000156 0.000739 59.227105
7.741911 1528638440.602844 0.000106 0.000157 0.000733 59.136995
7.754150 1528638440.615083 0.000104 0.000155 0.000740 59.118359
7.766705 1528638440.627639 0.000105 0.000157 0.000733 59.098900
7.779265 1528638440.640199 0.000105 0.000156 0.000734 59.065824
7.791577 1528638440.652510 0.000103 0.000155 0.000741 59.199599
7.804087 1528638440.665021 0.000104 0.000156 0.000738 59.280921
7.817069 1528638440.678002 0.000104 0.000155 0.000742 59.207821
7.829072 1528638440.690005 0.000104 0.000156 0.000742 59.279604
7.841983 1528638440.702916 0.000105 0.000156 0.000732 59.251104
7.854436 1528638440.715369 0.000105 0.000157 0.000731 59.176619
7.866540 1528638440.727473 0.000104 0.000155 0.000738 59.204578
7.879362 1528638440.740295 0.000104 0.000156 0.000733 59.324649
7.891785 1528638440.752718 0.000106 0.000156 0.000731 59.203056
7.904643 1528638440.765576 0.000106 0.000156 0.000730 59.113710
7.916983 1528638440.777916 0.000105 0.000155 0.000737 59.239843
7.929651 1528638440.790584 0.000105 0.000157 0.000732 59.271688
7.941968 1528638440.802902 0.000105 0.000157 0.000736 59.202615
7.954580 1528638440.815513 0.000104 0.000156 0.000740 59.332999
7.966794 1528638440.827728 0.000105 0.000156 0.000741 59.310888
7.979526 1528638440.840459 0.000105 0.000157 0.000736 59.256376
7.991975 1528638440.852908 0.000106 0.000156 0.000738 59.214213
8.004445 1528638440.865378 0.000105 0.000157 0.000732 59.259682
8.017177 1528638440.878110 0.000106 0.000157 0.000728 59.151654
8.029746 1528638440.890679 0.000107 0.000158 0.000728 59.018782
8.041689 1528638440.902622 0.000107 0.000158 0.000732 59.163540
8.054988 1528638440.915921 0.000106 0.000157 0.000732 59.092632
8.067235 1528638440.928169 0.000107 0.000158 0.000729 59.120484
8.079833 1528638440.940767 0.000107 0.000158 0.000728 59.026530
8.091971 1528638440.952905 0.000107 0.000158 0.000728 59.034290
8.104336 1528638440.965269 0.000108 0.000158 0.000734 58.779688
8.116905 1528638440.977838 0.000108 0.000158 0.000738 58.711067
8.129146 1528638440.990080 0.000109 0.000160 0.000734 58.603730
8.141831 1528638441.002765 0.000114 0.000163 0.000720 58.524292
8.154242 1528638441.015175 0.000114 0.000163 0.000722 58.626280
8.167015 1528638441.027948 0.000116 0.000162 0.000719 58.435455
8.179044 1528638441.039977 0.000119 0.000162 0.000707 58.003926
8.192090 1528638441.053024 0.000118 0.000161 0.000714 57.994974
8.204736 1528638441.065670 0.000117 0.000161 0.000716 58.039064
8.216818 1528638441.077752 0.000117 0.000161 0.000717 57.977180
8.229047 1528638441.089980 0.000118 0.000161 0.000721 57.814460
8.242298 1528638441.103231 0.000117 0.000160 0.000728 57.788163
8.254765 1528638441.115698 0.000117 0.000161 0.000717 57.692215
8.267320 1528638441.128254 0.000117 0.000160 0.000739 57.590283
8.279533 1528638441.140467 0.000116 0.000161 0.000725 57.532656
8.292058 1528638441.152991 0.000116 0.000160 0.000739 57.405525
8.304696 1528638441.165630 0.000116 0.000160 0.000736 57.352745
8.317041 1528638441.177974 0.000115 0.000160 0.000739 57.217418
8.329558 1528638441.190491 0.000116 0.000160 0.000745 57.067602
8.342718 1528638441.203651 0.000115 0.000159 0.000741 57.015639
8.354941 1528638441.215874 0.000116 0.000159 0.000736 57.055138
8.366684 1528638441.227617 0.000115 0.000159 0.000742 57.169061
8.379298 1528638441.240231 0.000114 0.000159 0.000745 57.084605
8.391623 1528638441.252556 0.000115 0.000159 0.000732 57.011308
8.404521 1528638441.265454 0.000114 0.000158 0.000740 56.888083
8.416675 1528638441.277608 0.000114 0.000158 0.000747 56.939526
8.428975 1528638441.289908 0.000114 0.000158 0.000737 57.043740
8.441944 1528638441.302877 0.000114 0.000158 0.000739 56.936355
8.454253 1528638441.315187 0.000114 0.000158 0.000741 56.992418
8.466824 1528638441.327758 0.000113 0.000157 0.000743 56.894865
8.479402 1528638441.340335 0.000113 0.000157 0.000742 57.084845
8.491833 1528638441.352766 0.000114 0.000158 0.000735 56.997588
8.504684 1528638441.365618 0.000114 0.000157 0.000747 56.923335
8.516994 1528638441.377927 0.000114 0.000157 0.000738 56.988352
8.529494 1528638441.390428 0.000113 0.000156 0.000741 56.934668
8.542110 1528638441.403043 0.000113 0.000157 0.000747 56.920898
8.554317 1528638441.415250 0.000113 0.000157 0.000746 56.825693
8.567029 1528638441.427963 0.000113 0.000157 0.000741 56.940080
8.579337 1528638441.440271 0.000114 0.000157 0.000747 56.704217
8.591784 1528638441.452717 0.000112 0.000156 0.000741 56.409575
8.604373 1528638441.465306 0.000113 0.000155 0.000747 55.876111
8.616921 1528638441.477855 0.000111 0.000155 0.000751 55.924370
8.629301 1528638441.490235 0.000111 0.000153 0.000760 55.951551
8.641931 1528638441.502864 0.000110 0.000153 0.000769 56.048653
8.654418 1528638441.515351 0.000111 0.000153 0.000766 55.963079
8.666871 1528638441.527804 0.000111 0.000154 0.000761 55.964121
8.679210 1528638441.540143 0.000111 0.000153 0.000768 55.918640
8.692048 1528638441.552981 0.000110 0.000154 0.000771 55.987103
8.704633 1528638441.565566 0.000110 0.000155 0.000766 55.998714
8.716665 1528638441.577598 0.000109 0.000155 0.000767 56.152619
8.729190 1528638441.590123 0.000110 0.000154 0.000770 56.068472
8.741904 1528638441.602837 0.000111 0.000155 0.000765 55.945676
8.754439 1528638441.615372 0.000111 0.000155 0.000761 56.062703
8.766965 1528638441.627898 0.000111 0.000155 0.000766 56.099565
8.779439 1528638441.640372 0.000111 0.000156 0.000766 55.945986
8.792297 1528638441.653231 0.000112 0.000155 0.000764 55.765993
8.804897 1528638441.665830 0.000110 0.000155 0.000766 55.985175
8.817624 1528638441.678557 0.000111 0.000155 0.000764 55.810796
8.830121 1528638441.691054 0.000110 0.000155 0.000760 55.975286
8.842119 1528638441.703052 0.000110 0.000155 0.000761 55.878742
8.854318 1528638441.715252 0.000110 0.000155 0.000760 55.945959
8.866798 1528638441.727731 0.000110 0.000156 0.000765 55.853995
8.879067 1528638441.740000 0.000111 0.000155 0.000762 55.662229
8.891490 1528638441.752423 0.000111 0.000156 0.000766 55.648105
8.903941 1528638441.764875 0.000110 0.000155 0.000772 55.638407
8.916549 1528638441.777483 0.000110 0.000154 0.000769 55.761135
8.929360 1528638441.790293 0.000109 0.000155 0.000770 55.906547
8.941784 1528638441.802718 0.000110 0.000154 0.000762 55.822178
8.954203 1528638441.815136 0.000108 0.000155 0.000765 56.026403
8.966786 1528638441.827719 0.000108 0.000154 0.000768 56.022429
8.978732 1528638441.839666 0.000109 0.000154 0.000763 56.034575
8.991425 1528638441.852358 0.000109 0.000154 0.000759 55.915360
9.003969 1528638441.864902 0.000109 0.000154 0.000765 55.907889
9.016801 1528638441.877735 0.000109 0.000154 0.000759 55.799217
9.029420 1528638441.890354 0.000108 0.000154 0.000764 55.896074
9.041556 1528638441.902490 0.000109 0.000154 0.000761 55.996908
9.054377 1528638441.915311 0.000109 0.000154 0.000761 55.985229
9.066711 1528638441.927645 0.000110 0.000154 0.000757 55.991355
9.079310 1528638441.940243 0.000110 0.000154 0.000756 55.843111
9.091420 1528638441.952353 0.000109 0.000154 0.000758 56.047005
9.104339 1528638441.965272 0.000111 0.000154 0.000760 55.880578
9.116620 1528638441.977553 0.000109 0.000154 0.000758 55.967025
9.129462 1528638441.990395 0.000109 0.000154 0.000764 55.936170
9.142035 1528638442.002968 0.000109 0.000154 0.000757 55.799398
9.154364 1528638442.015298 0.000109 0.000154 0.000762 55.791252
9.166759 1528638442.027693 0.000109 0.000154 0.000758 55.705806
9.179170 1528638442.040103 0.000109 0.000154 0.000756 55.875685
9.191625 1528638442.052558 0.000110 0.000153 0.000758 55.561228
9.204429 1528638442.065363 0.000110 0.000153 0.000751 55.592499
9.216476 1528638442.077409 0.000109 0.000154 0.000759 55.856819
9.229153 1528638442.090086 0.000109 0.000154 0.000758 55.698727
9.241580 1528638442.102513 0.000110 0.000154 0.000759 55.780395
9.253998 1528638442.114931 0.000110 0.000155 0.000759 55.771954
9.266961 1528638442.127894 0.000110 0.000154 0.000764 55.804956
9.279689 1528638442.140622 0.000112 0.000155 0.000760 55.608380
9.292015 1528638442.152948 0.000111 0.000155 0.000763 55.608507
9.304108 1528638442.165041 0.000110 0.000156 0.000758 55.716505
9.316932 1528638442.177865 0.000111 0.000155 0.000758 55.601393
9.329181 1528638442.190114 0.000112 0.000156 0.000756 55.563617
9.341640 1528638442.202573 0.000111 0.000155 0.000756 55.445806
9.353962 1528638442.214895 0.000112 0.000156 0.000760 55.535578
9.366429 1528638442.227362 0.000111 0.000156 0.000750 55.566250
9.378881 1528638442.239814 0.000112 0.000156 0.000760 55.562395
9.391350 1528638442.252283 0.000113 0.000156 0.000759 55.403439
9.403944 1528638442.264877 0.000114 0.000153 0.000762 55.289484
9.416367 1528638442.277300 0.000116 0.000152 0.000764 55.027468
9.428825 1528638442.289758 0.000116 0.000151 0.000759 55.250740
9.442441 1528638442.303375 0.000114 0.000150 0.000774 55.211257
9.454956 1528638442.315889 0.000113 0.000150 0.000776 55.206899
9.467833 1528638442.328766 0.000111 0.000150 0.000783 55.289316
9.479830 1528638442.340763 0.000111 0.000149 0.000790 55.284873
9.492476 1528638442.353409 0.000111 0.000150 0.000792 55.243657
9.504706 1528638442.365640 0.000111 0.000150 0.000787 55.258720
9.517135 1528638442.378068 0.000110 0.000150 0.000794 55.148432
9.529115 1528638442.390049 0.000109 0.000149 0.000794 55.204649
9.541551 1528638442.402484 0.000109 0.000150 0.000800 55.356710
9.554049 1528638442.414982 0.000109 0.000149 0.000800 55.504850
9.566602 1528638442.427535 0.000112 0.000150 0.000798 55.459591
9.579004 1528638442.439938 0.000112 0.000150 0.000801 55.596477
9.592995 1528638442.453928 0.000113 0.000150 0.000800 55.530414
9.604830 1528638442.465763 0.000113 0.000151 0.000796 55.319271
9.617934 1528638442.478868 0.000113 0.000150 0.000799 55.471131
9.629758 1528638442.490691 0.000113 0.000151 0.000790 55.401210
9.642616 1528638442.503549 0.000113 0.000151 0.000801 55.294186
9.655360 1528638442.516294 0.000114 0.000151 0.000793 55.190647
9.666931 1528638442.527865 0.000113 0.000151 0.000790 55.248821
9.679148 1528638442.540082 0.000113 0.000151 0.000793 55.153093
9.691890 1528638442.552824 0.000113 0.000150 0.000792 55.022705
9.704378 1528638442.565311 0.000113 0.000149 0.000789 54.928358
9.716724 1528638442.577657 0.000112 0.000150 0.000786 54.941386
9.729251 1528638442.590184 0.000112 0.000149 0.000790 54.828534
9.741938 1528638442.602871 0.000112 0.000148 0.000787 54.681304
9.755255 1528638442.616188 0.000112 0.000148 0.000781 54.709462
9.767845 1528638442.628779 0.000113 0.000149 0.000767 54.469117
9.780474 1528638442.641407 0.000111 0.000148 0.000781 54.586816
9.793498 1528638442.654431 0.000112 0.000148 0.000784 54.520542
9.805384 1528638442.666318 0.000111 0.000148 0.000776 54.543389
9.816549 1528638442.677482 0.000111 0.000148 0.000777 54.512093
9.828866 1528638442.689800 0.000112 0.000148 0.000776 54.419331
9.841672 1528638442.702605 0.000112 0.000148 0.000770 54.290377
9.854078 1528638442.715011 0.000112 0.000147 0.000773 54.267872
9.866608 1528638442.727541 0.000111 0.000147 0.000772 54.253373
9.879064 1528638442.739998 0.000111 0.000148 0.000766 54.242815
9.892794 1528638442.753728 0.000111 0.000147 0.000766 54.261586
9.905202 1528638442.766135 0.000110 0.000147 0.000771 54.223088
9.917852 1528638442.778785 0.000111 0.000147 0.000781 54.111849
9.930231 1528638442.791164 0.000111 0.000147 0.000760 53.996114
9.942714 1528638442.803648 0.000111 0.000147 0.000761 53.789446
9.955468 1528638442.816401 0.000111 0.000147 0.000772 53.810070
9.967848 1528638442.828782 0.000112 0.000146 0.000772 53.736615
9.979606 1528638442.840540 0.000112 0.000147 0.000772 53.555953
9.992064 1528638442.852997 0.000110 0.000146 0.000795 53.607407
10.004522 1528638442.865456 0.000111 0.000146 0.000790 53.396359
10.017032 1528638442.877966 0.000110 0.000144 0.000808 53.304162
10.029670 1528638442.890603 0.000110 0.000144 0.000802 53.264761
10.042191 1528638442.903124 0.000111 0.000146 0.000785 52.903532
10.054502 1528638442.915435 0.000110 0.000146 0.000783 52.841965
10.067438 1528638442.928371 0.000110 0.000145 0.000787 52.889489
10.079556 1528638442.940490 0.000110 0.000145 0.000790 52.822471
10.091928 1528638442.952861 0.000109 0.000144 0.000792 52.935289
10.104541 1528638442.965474 0.000109 0.000144 0.000786 52.859507
10.117082 1528638442.978015 0.000109 0.000145 0.000772 52.611803
10.129862 1528638442.990795 0.000108 0.000143 0.000793 52.830232
10.142251 1528638443.003185 0.000108 0.000143 0.000783 52.801721
10.154600 1528638443.015533 0.000109 0.000143 0.000774 52.617900
10.167062 1528638443.027995 0.000108 0.000142 0.000790 52.504746
10.179612 1528638443.040545 0.000108 0.000142 0.000779 52.461610
10.192550 1528638443.053483 0.000108 0.000143 0.000779 52.429225
10.204841 1528638443.065774 0.000107 0.000142 0.000782 52.406699
10.217064 1528638443.077998 0.000107 0.000143 0.000777 52.447505
10.229765 1528638443.090699 0.000107 0.000142 0.000788 52.310843
10.242263 1528638443.103196 0.000107 0.000142 0.000783 52.334474
10.254471 1528638443.115404 0.000106 0.000141 0.000790 52.277809
10.267185 1528638443.128119 0.000107 0.000141 0.000784 52.333673
10.279409 1528638443.140342 0.000107 0.000141 0.000777 52.162590
10.292023 1528638443.152956 0.000108 0.000142 0.000774 52.103060
10.305019 1528638443.165953 0.000107 0.000142 0.000780 52.009781
10.316986 1528638443.177919 0.000108 0.000141 0.000774 51.985560
10.329653 1528638443.190586 0.000108 0.000142 0.000712 51.858877
10.342339 1528638443.203272 0.000109 0.000143 0.000712 51.762684
10.354894 1528638443.215827 0.000108 0.000142 0.000714 51.694642
10.366877 1528638443.227811 0.000109 0.000143 0.000706 51.746656
10.379948 1528638443.240881 0.000108 0.000142 0.000714 51.709748
10.392427 1528638443.253360 0.000108 0.000142 0.000719 51.734330
10.404650 1528638443.265584 0.000109 0.000142 0.000717 51.676017
10.417749 1528638443.278683 0.000109 0.000143 0.000713 51.691369
10.429920 1528638443.290854 0.000109 0.000143 0.000713 51.726071
10.441872 1528638443.302805 0.000109 0.000143 0.000709 51.604037
10.454523 1528638443.315456 0.000109 0.000143 0.000709 51.686188
10.467453 1528638443.328386 0.000109 0.000143 0.000714 51.633232
10.479864 1528638443.340797 0.000109 0.000142 0.000719 51.655635
10.492598 1528638443.353532 0.000109 0.000143 0.000715 51.613078
10.504933 1528638443.365867 0.000110 0.000143 0.000710 51.592123
10.517521 1528638443.378454 0.000110 0.000143 0.000711 51.603978
10.529858 1528638443.390792 0.000110 0.000143 0.000721 51.701433
10.542205 1528638443.403138 0.000109 0.000143 0.000722 51.796554
10.555046 1528638443.415980 0.000110 0.000143 0.000706 51.606301
10.567465 1528638443.428398 0.000110 0.000143 0.000719 51.718889
10.579614 1528638443.440547 0.000112 0.000142 0.000716 51.411797
10.592524 1528638443.453457 0.000113 0.000143 0.000709 51.209862
10.604738 1528638443.465672 0.000114 0.000145 0.000701 51.107248
10.616547 1528638443.477480 0.000113 0.000144 0.000703 50.980502
10.629232 1528638443.490165 0.000112 0.000143 0.000705 50.665907
10.641648 1528638443.502581 0.000111 0.000142 0.000716 50.566627
10.653800 1528638443.514733 0.000111 0.000142 0.000713 50.406547
10.666493 1528638443.527426 0.000110 0.000141 0.000720 50.685635
10.678953 1528638443.539886 0.000110 0.000141 0.000725 50.678320
10.691606 1528638443.552539 0.000110 0.000142 0.000718 50.667300
10.703922 1528638443.564855 0.000110 0.000140 0.000723 50.641896
10.717052 1528638443.577985 0.000109 0.000141 0.000720 50.510072
10.729360 1528638443.590293 0.000109 0.000142 0.000716 50.439939
10.741591 1528638443.602525 0.000109 0.000141 0.000718 50.493875
10.754093 1528638443.615026 0.000109 0.000141 0.000721 50.431943
10.766516 1528638443.627450 0.000109 0.000142 0.000704 50.209798
10.779004 1528638443.639937 0.000108 0.000141 0.000716 50.366416
10.791420 1528638443.652353 0.000108 0.000139 0.000725 50.560105
10.804282 1528638443.665215 0.000108 0.000139 0.000716 50.367156
10.816661 1528638443.677594 0.000108 0.000140 0.000716 50.398300
10.829412 1528638443.690345 0.000108 0.000140 0.000715 50.155355
10.841573 1528638443.702507 0.000107 0.000139 0.000719 50.354207
10.854039 1528638443.714972 0.000107 0.000139 0.000709 50.204429
10.866612 1528638443.727545 0.000107 0.000138 0.000721 50.224053
10.878757 1528638443.739690 0.000108 0.000140 0.000705 50.148342
10.891557 1528638443.752491 0.000108 0.000139 0.000720 50.124078
10.904283 1528638443.765217 0.000108 0.000140 0.000713 50.038626
10.916785 1528638443.777718 0.000107 0.000139 0.000713 50.144093
10.929065 1528638443.789998 0.000107 0.000139 0.000721 50.054990
10.941911 1528638443.802844 0.000107 0.000139 0.000718 50.001260
10.954341 1528638443.815274 0.000107 0.000139 0.000721 50.071974
10.966764 1528638443.827698 0.000107 0.000138 0.000715 49.982715
10.979063 1528638443.839996 0.000106 0.000140 0.000718 50.130526
10.991786 1528638443.852719 0.000106 0.000139 0.000730 50.345129
11.004419 1528638443.865352 0.000106 0.000140 0.000732 50.174905
11.016957 1528638443.877890 0.000107 0.000138 0.000737 50.146171
11.029582 1528638443.890515 0.000108 0.000137 0.000743 49.941262
11.042049 1528638443.902982 0.000108 0.000139 0.000727 49.598640
11.054999 1528638443.915933 0.000108 0.000139 0.000729 49.481367
11.067621 1528638443.928554 0.000108 0.000139 0.000740 49.540988
11.079985 1528638443.940918 0.000108 0.000140 0.000729 49.397370
11.092855 1528638443.953788 0.000107 0.000139 0.000738 49.374775
11.105240 1528638443.966173 0.000108 0.000140 0.000731 49.469052
11.117847 1528638443.978780 0.000108 0.000139 0.000731 49.451579
11.130245 1528638443.991179 0.000107 0.000138 0.000744 49.626781
11.142857 1528638444.003790 0.000107 0.000138 0.000736 49.404974
11.155033 1528638444.015966 0.000107 0.000139 0.000739 49.406167
11.167872 1528638444.028805 0.000107 0.000139 0.000730 49.198888
11.180101 1528638444.041035 0.000108 0.000139 0.000731 49.289087
11.192848 1528638444.053781 0.000107 0.000140 0.000733 49.294838
11.205297 1528638444.066231 0.000108 0.000139 0.000737 49.224196
11.217458 1528638444.078391 0.000108 0.000138 0.000739 49.243060
11.230197 1528638444.091130 0.000107 0.000138 0.000741 49.284564
11.242505 1528638444.103439 0.000108 0.000139 0.000735 49.292210
11.255134 1528638444.116067 0.000108 0.000140 0.000730 49.253032
11.267589 1528638444.128523 0.000108 0.000139 0.000732 49.194047
11.280935 1528638444.141868 0.000108 0.000138 0.000740 49.423234
11.292334 1528638444.153267 0.000108 0.000139 0.000734 49.232385
11.305085 1528638444.166018 0.000108 0.000139 0.000732 49.134269
11.316894 1528638444.177828 0.000107 0.000137 0.000744 49.409051
11.329143 1528638444.190076 0.000108 0.000139 0.000733 49.178238
11.342062 1528638444.202995 0.000109 0.000139 0.000726 49.144367
11.354263 1528638444.215196 0.000108 0.000139 0.000734 49.164449
11.367215 1528638444.228148 0.000108 0.000138 0.000730 49.240261
11.379332 1528638444.240265 0.000108 0.000138 0.000732 49.228899
11.391739 1528638444.252672 0.000108 0.000138 0.000734 49.129124
11.405264 1528638444.266197 0.000108 0.000138 0.000722 49.119490
11.417931 1528638444.278865 0.000108 0.000138 0.000730 49.085541
11.430355 1528638444.291289 0.000107 0.000138 0.000739 49.183037
11.443231 1528638444.304164 0.000108 0.000138 0.000728 48.986874
11.455137 1528638444.316071 0.000108 0.000138 0.000729 48.941528
11.466908 1528638444.327842 0.000108 0.000138 0.000726 48.954378
11.480537 1528638444.341470 0.000108 0.000138 0.000717 48.926261
11.493124 1528638444.354057 0.000110 0.000138 0.000719 48.820328
11.505065 1528638444.365999 0.000112 0.000138 0.000708 48.285174
11.517031 1528638444.377964 0.000111 0.000139 0.000718 48.639843
11.529565 1528638444.390498 0.000110 0.000139 0.000728 48.828917
11.541937 1528638444.402870 0.000111 0.000138 0.000720 48.820457
11.554661 1528638444.415595 0.000111 0.000139 0.000728 49.044124
11.567031 1528638444.427965 0.000112 0.000139 0.000722 49.044228
11.579339 1528638444.440272 0.000112 0.000140 0.000721 48.982789
11.591980 1528638444.452913 0.000112 0.000139 0.000708 48.919001
11.604480 1528638444.465413 0.000113 0.000140 0.000711 48.959610
11.617446 1528638444.478379 0.000112 0.000139 0.000718 48.982613
11.630760 1528638444.491693 0.000112 0.000140 0.000704 48.999264
11.643213 1528638444.504146 0.000113 0.000141 0.000709 48.941057
11.654750 1528638444.515683 0.000112 0.000140 0.000715 49.149731
11.667046 1528638444.527979 0.000114 0.000141 0.000713 48.971638
11.679395 1528638444.540329 0.000114 0.000141 0.000708 49.065931
11.693256 1528638444.554189 0.000114 0.000140 0.000710 49.010185
11.705394 1528638444.566327 0.000113 0.000141 0.000715 49.136840
11.717998 1528638444.578931 0.000113 0.000140 0.000716 49.259100
11.730222 1528638444.591156 0.000115 0.000141 0.000704 48.968051
11.742471 1528638444.603405 0.000114 0.000142 0.000708 49.173031
11.754960 1528638444.615893 0.000113 0.000141 0.000717 49.329616
11.767709 1528638444.628643 0.000114 0.000141 0.000720 49.274729
11.779946 1528638444.640879 0.000115 0.000142 0.000713 49.086061
11.792373 1528638444.653306 0.000115 0.000142 0.000708 48.983066
11.805221 1528638444.666155 0.000114 0.000141 0.000711 49.297205
11.817538 1528638444.678471 0.000114 0.000142 0.000715 49.278641
11.830431 1528638444.691364 0.000114 0.000141 0.000722 49.389307
11.842254 1528638444.703187 0.000115 0.000142 0.000711 49.036337
11.854660 1528638444.715593 0.000115 0.000141 0.000712 48.957346
11.867343 1528638444.728276 0.000114 0.000141 0.000718 49.130507
11.879461 1528638444.740394 0.000113 0.000141 0.000717 49.220784
11.892029 1528638444.752962 0.000114 0.000141 0.000715 49.115669
11.904680 1528638444.765613 0.000114 0.000141 0.000720 49.235161
11.917258 1528638444.778192 0.000115 0.000141 0.000705 49.043793
11.929989 1528638444.790922 0.000115 0.000141 0.000712 49.144020
11.942554 1528638444.803487 0.000115 0.000141 0.000715 49.078031
11.954662 1528638444.815595 0.000114 0.000141 0.000708 49.188187
11.967206 1528638444.828139 0.000113 0.000141 0.000724 49.326163
11.979498 1528638444.840431 0.000113 0.000140 0.000718 49.238143
11.992402 1528638444.853335 0.000114 0.000141 0.000713 49.128422
12.004571 1528638444.865505 0.000113 0.000140 0.000721 49.327275
12.017184 1528638444.878117 0.000114 0.000141 0.000711 49.036166
12.029778 1528638444.890712 0.000114 0.000141 0.000716 49.000167
12.042286 1528638444.903219 0.000114 0.000141 0.000714 49.152122
12.054824 1528638444.915757 0.000115 0.000141 0.000712 48.974577
12.067379 1528638444.928312 0.000115 0.000141 0.000708 48.949429
12.080313 1528638444.941246 0.000115 0.000141 0.000711 49.014924
12.092310 1528638444.953243 0.000115 0.000142 0.000709 49.146167
12.104732 1528638444.965665 0.000114 0.000143 0.000707 49.493112
12.117229 1528638444.978163 0.000113 0.000145 0.000701 49.855395
12.130071 1528638444.991004 0.000116 0.000147 0.000695 50.182632
12.142422 1528638445.003355 0.000117 0.000147 0.000692 49.874567
12.154703 1528638445.015636 0.000117 0.000149 0.000690 49.927683
12.167796 1528638445.028730 0.000117 0.000149 0.000694 49.979003
12.179865 1528638445.040798 0.000116 0.000150 0.000694 50.271050
12.192999 1528638445.053932 0.000117 0.000150 0.000694 50.076344
12.204705 1528638445.065639 0.000116 0.000151 0.000688 50.494112
12.217385 1528638445.078319 0.000119 0.000151 0.000687 50.211127
12.230067 1528638445.091000 0.000117 0.000150 0.000692 50.311162
12.242229 1528638445.103163 0.000115 0.000150 0.000709 50.448074
12.255186 1528638445.116119 0.000118 0.000151 0.000678 50.212425
12.267842 1528638445.128775 0.000116 0.000151 0.000705 50.444227
12.280447 1528638445.141380 0.000118 0.000151 0.000695 50.168420
12.292588 1528638445.153522 0.000120 0.000151 0.000688 49.753040
12.305154 1528638445.166088 0.000116 0.000151 0.000692 50.186673
12.317530 1528638445.178463 0.000116 0.000151 0.000689 50.104559
12.330318 1528638445.191252 0.000118 0.000150 0.000685 49.749586
12.342643 1528638445.203576 0.000117 0.000150 0.000685 49.738589
12.355152 1528638445.216085 0.000116 0.000151 0.000684 50.050886
12.367607 1528638445.228540 0.000117 0.000150 0.000686 49.685831
12.380410 1528638445.241343 0.000116 0.000149 0.000684 49.614081
12.392602 1528638445.253535 0.000115 0.000149 0.000694 49.655446
12.404783 1528638445.265716 0.000114 0.000149 0.000685 49.728955
12.416954 1528638445.277887 0.000117 0.000149 0.000682 49.576015
12.429626 1528638445.290560 0.000114 0.000149 0.000695 49.572951
12.441993 1528638445.302927 0.000116 0.000149 0.000681 49.312746
12.454643 1528638445.315576 0.000114 0.000149 0.000689 49.716476
12.467209 1528638445.328142 0.000113 0.000149 0.000691 49.765465
12.480011 1528638445.340944 0.000113 0.000148 0.000697 49.535230
12.493031 1528638445.353964 0.000113 0.000149 0.000694 49.768217
12.505087 1528638445.366021 0.000114 0.000148 0.000685 49.568047
12.518111 1528638445.379044 0.000113 0.000147 0.000695 49.685032
12.534353 1528638445.395286 0.000115 0.000147 0.000693 49.372093
12.542602 1528638445.403535 0.000113 0.000147 0.000686 49.633250
12.554970 1528638445.415903 0.000113 0.000148 0.000685 49.512132
12.567661 1528638445.428595 0.000114 0.000147 0.000691 49.419920
12.580123 1528638445.441056 0.000115 0.000147 0.000687 49.056996
12.592624 1528638445.453557 0.000115 0.000148 0.000677 49.365431
12.604810 1528638445.465744 0.000114 0.000148 0.000686 49.451645
12.617850 1528638445.478784 0.000114 0.000148 0.000687 49.394897
12.630166 1528638445.491099 0.000113 0.000147 0.000690 49.519347
12.642801 1528638445.503735 0.000114 0.000147 0.000682 49.271752
12.655031 1528638445.515964 0.000115 0.000147 0.000691 49.221334
12.667438 1528638445.528371 0.000114 0.000147 0.000687 49.385840
12.679794 1528638445.540727 0.000114 0.000147 0.000694 49.242325
12.692482 1528638445.553415 0.000114 0.000148 0.000692 49.375485
12.704876 1528638445.565810 0.000115 0.000149 0.000688 49.171244
12.717884 1528638445.578817 0.000113 0.000148 0.000689 49.583242
12.729807 1528638445.590740 0.000115 0.000149 0.000689 49.410185
12.742453 1528638445.603387 0.000116 0.000150 0.000690 49.519406
12.754999 1528638445.615932 0.000115 0.000150 0.000691 49.731096
12.767252 1528638445.628186 0.000118 0.000151 0.000675 49.587524
12.779996 1528638445.640929 0.000119 0.000152 0.000679 49.581355
12.793450 1528638445.654383 0.000123 0.000147 0.000700 48.997715
12.805693 1528638445.666626 0.000124 0.000148 0.000695 49.462686
12.817466 1528638445.678399 0.000124 0.000152 0.000696 50.614288
12.829876 1528638445.690809 0.000126 0.000158 0.000681 51.254801
12.842741 1528638445.703675 0.000125 0.000162 0.000684 52.903311
12.855278 1528638445.716211 0.000127 0.000165 0.000712 53.330810
12.867165 1528638445.728099 0.000128 0.000166 0.000829 54.656524
12.879629 1528638445.740563 0.000129 0.000167 0.000832 55.080962
12.892341 1528638445.753274 0.000130 0.000165 0.000858 55.110972
12.904965 1528638445.765899 0.000133 0.000169 0.000770 53.876578
12.917327 1528638445.778261 0.000136 0.000171 0.000772 54.027322
12.929963 1528638445.790897 0.000141 0.000172 0.000765 54.639973
12.942150 1528638445.803083 0.000142 0.000171 0.000756 55.371918
12.954836 1528638445.815770 0.000143 0.000171 0.000776 54.915801
12.967300 1528638445.828233 0.000141 0.000167 0.000782 54.362830
12.979769 1528638445.840703 0.000138 0.000167 0.000781 53.431739
12.991986 1528638445.852919 0.000133 0.000178 0.000790 52.493959
13.004440 1528638445.865373 0.000131 0.000177 0.000737 51.396421
13.016799 1528638445.877732 0.000130 0.000177 0.000793 52.264213
13.029293 1528638445.890227 0.000132 0.000180 0.000801 52.467885
13.041624 1528638445.902558 0.000130 0.000195 0.000891 51.821608
13.054474 1528638445.915408 0.000135 0.000217 0.000870 51.254548
13.067000 1528638445.927933 0.000146 0.000228 0.000844 50.278660
13.079294 1528638445.940227 0.000171 0.000221 0.000836 47.951004
13.092031 1528638445.952964 0.000207 0.000238 0.000790 44.320143
13.104141 1528638445.965075 0.000226 0.000436 0.000692 55.763951
13.116766 1528638445.977699 0.000278 0.000584 0.000801 135.429219
13.129239 1528638445.990173 0.000224 0.000551 0.000947 49.289188
13.142260 1528638446.003193 0.000132 0.000738 0.002111 83.194644
13.154340 1528638446.015274 0.000336 0.000796 0.001448 65.256879
13.166843 1528638446.027777 0.000351 0.000439 0.001156 38.043758
13.179278 1528638446.040211 0.000256 0.000348 0.001511 23.022117
13.191930 1528638446.052864 0.000293 0.000711 0.001470 25.228061
13.204389 1528638446.065322 0.000404 0.000688 0.001082 31.973586
13.216812 1528638446.077745 0.000350 0.000927 0.001572 86.663424
13.229259 1528638446.090192 0.000416 0.000679 0.001474 54.380857
13.242273 1528638446.103206 0.000261 0.000415 0.001148 23.332171
13.254346 1528638446.115279 0.000195 0.000302 0.001082 22.976000
13.266925 1528638446.127859 0.000124 0.000623 0.001187 35.955521
13.279808 1528638446.140741 0.000222 0.000312 0.000793 30.194417
13.293021 1528638446.153954 0.000206 0.000795 0.001453 83.205219
13.305952 1528638446.166885 0.000388 0.000483 0.001350 73.858047
13.318411 1528638446.179344 0.000116 0.000385 0.001019 47.126591
13.330657 1528638446.191591 0.000142 0.000393 0.000997 39.836052
13.343332 1528638446.204265 0.000151 0.000473 0.001086 37.694205
13.354917 1528638446.215850 0.000098 0.000731 0.001024 72.352193
13.367230 1528638446.228163 0.000246 0.000766 0.001726 101.641387
13.380765 1528638446.241699 0.000299 0.000378 0.001177 72.561495
13.393255 1528638446.254188 0.000180 0.000292 0.001279 51.295903
13.405544 1528638446.266477 0.000129 0.000362 0.001399 47.540862
13.417245 1528638446.278178 0.000155 0.000364 0.001159 48.782528
13.429697 1528638446.290630 0.000095 0.000801 0.000983 75.439582
13.442044 1528638446.302978 0.000129 0.000873 0.001111 75.160579
13.454809 1528638446.315742 0.000271 0.000706 0.001036 85.108070
13.466938 1528638446.327872 0.000126 0.000478 0.000885 56.385095
13.479390 1528638446.340324 0.000199 0.000432 0.000820 56.531196
13.493668 1528638446.354601 0.000202 0.000533 0.000988 27.515897
13.505951 1528638446.366884 0.000154 0.000573 0.000996 42.665329
13.518173 1528638446.379107 0.000090 0.000847 0.000931 59.587281
13.530957 1528638446.391891 0.000241 0.000935 0.001460 82.407159
13.542823 1528638446.403756 0.000297 0.000827 0.000922 73.717584
13.555416 1528638446.416349 0.000206 0.000435 0.000999 47.679724
13.568718 1528638446.429651 0.000286 0.000715 0.000923 29.618157
13.581241 1528638446.442174 0.000326 0.000681 0.001055 21.244516
13.593367 1528638446.454301 0.000495 0.000601 0.000833 107.671147
13.605041 1528638446.465974 0.000281 0.000565 0.001053 82.816862
13.617430 1528638446.478364 0.000182 0.000539 0.001284 79.976865
13.630178 1528638446.491111 0.000154 0.000545 0.000768 85.471206
13.642417 1528638446.503351 0.000194 0.000216 0.000598 58.250724
13.655027 1528638446.515960 0.000159 0.000189 0.000588 54.960348
13.667884 1528638446.528817 0.000156 0.000165 0.000570 50.326238
13.679629 1528638446.540562 0.000142 0.000155 0.000591 48.177379
13.692350 1528638446.553283 0.000125 0.000155 0.000610 47.486685
13.704476 1528638446.565410 0.000124 0.000156 0.000612 48.357590
13.717479 1528638446.578413 0.000123 0.000159 0.000615 49.262632
13.729678 1528638446.590611 0.000123 0.000158 0.000611 49.808537
13.742506 1528638446.603440 0.000119 0.000155 0.000618 49.445490
13.755373 1528638446.616306 0.000118 0.000153 0.000620 48.756153
13.768434 1528638446.629367 0.000121 0.000150 0.000621 48.689355
13.781095 1528638446.642028 0.000124 0.000148 0.000613 48.367025
13.793029 1528638446.653962 0.000123 0.000146 0.000610 48.470044
13.805578 1528638446.666511 0.000120 0.000146 0.000609 48.559635
13.817733 1528638446.678666 0.000121 0.000143 0.000635 49.367604
13.829844 1528638446.690778 0.000123 0.000142 0.000633 50.215050
