-3.949047 1529426829.618590 0.000123 0.000168 0.000734 61.813745
-3.936801 1529426829.630836 0.000122 0.000164 0.000740 61.963024
-3.924081 1529426829.643557 0.000123 0.000171 0.000735 61.763649
-3.911807 1529426829.655831 0.000122 0.000170 0.000736 61.824958
-3.899146 1529426829.668492 0.000122 0.000163 0.000741 62.073251
-3.886425 1529426829.681212 0.000122 0.000170 0.000741 61.789425
-3.874151 1529426829.693487 0.000122 0.000169 0.000741 61.797421
-3.861287 1529426829.706350 0.000122 0.000165 0.000742 61.825734
-3.848978 1529426829.718659 0.000122 0.000167 0.000738 61.682508
-3.836326 1529426829.731312 0.000122 0.000167 0.000739 61.794348
-3.823738 1529426829.743899 0.000122 0.000168 0.000745 61.730929
-3.811324 1529426829.756313 0.000122 0.000166 0.000739 61.761547
-3.799431 1529426829.768206 0.000122 0.000165 0.000740 61.893526
-3.787441 1529426829.780197 0.000122 0.000172 0.000738 61.513227
-3.774764 1529426829.792873 0.000122 0.000164 0.000740 61.786303
-3.762175 1529426829.805463 0.000122 0.000162 0.000740 61.890824
-3.749515 1529426829.818123 0.000122 0.000166 0.000740 61.755850
-3.737133 1529426829.830504 0.000123 0.000163 0.000742 62.031674
-3.724562 1529426829.843075 0.000122 0.000169 0.000741 61.432395
-3.711963 1529426829.855675 0.000122 0.000167 0.000744 61.734541
-3.699802 1529426829.867835 0.000122 0.000167 0.000741 61.655464
-3.687191 1529426829.880447 0.000122 0.000165 0.000738 61.730200
-3.674860 1529426829.892777 0.000122 0.000161 0.000744 61.751122
-3.662345 1529426829.905293 0.000122 0.000168 0.000738 61.549605
-3.649567 1529426829.918071 0.000122 0.000169 0.000739 61.547328
-3.637054 1529426829.930583 0.000122 0.000166 0.000741 61.716435
-3.624229 1529426829.943409 0.000122 0.000169 0.000741 61.507831
-3.611873 1529426829.955765 0.000122 0.000163 0.000740 61.697568
-3.598807 1529426829.968831 0.000122 0.000162 0.000739 61.781648
-3.586374 1529426829.981264 0.000122 0.000163 0.000741 61.756749
-3.573677 1529426829.993961 0.000122 0.000162 0.000741 61.732768
-3.561662 1529426830.005975 0.000122 0.000162 0.000742 61.801856
-3.549362 1529426830.018275 0.000122 0.000169 0.000740 61.374744
-3.536539 1529426830.031099 0.000122 0.000168 0.000743 61.430154
-3.524380 1529426830.043257 0.000122 0.000167 0.000744 61.420578
-3.510900 1529426830.056738 0.000123 0.000162 0.000742 61.765523
-3.498598 1529426830.069039 0.000122 0.000167 0.000744 61.380130
-3.486308 1529426830.081330 0.000122 0.000163 0.000742 61.570003
-3.473418 1529426830.094220 0.000122 0.000169 0.000742 61.380906
-3.461848 1529426830.105789 0.000123 0.000170 0.000746 61.539276
-3.449221 1529426830.118416 0.000122 0.000163 0.000742 61.590574
-3.436623 1529426830.131014 0.000122 0.000161 0.000742 61.812474
-3.424278 1529426830.143359 0.000122 0.000168 0.000742 61.380389
-3.411889 1529426830.155749 0.000122 0.000168 0.000741 61.532429
-3.399055 1529426830.168583 0.000122 0.000163 0.000742 61.667419
-3.386312 1529426830.181326 0.000122 0.000168 0.000741 61.667666
-3.373936 1529426830.193701 0.000123 0.000168 0.000741 61.496304
-3.361346 1529426830.206291 0.000123 0.000163 0.000742 61.904184
-3.349000 1529426830.218637 0.000122 0.000163 0.000741 61.789572
-3.336378 1529426830.231259 0.000123 0.000167 0.000739 61.680516
-3.324064 1529426830.243573 0.000123 0.000167 0.000742 61.736494
-3.311697 1529426830.255941 0.000123 0.000170 0.000736 61.477202
-3.298892 1529426830.268746 0.000123 0.000164 0.000738 61.899663
-3.286738 1529426830.280899 0.000123 0.000169 0.000738 61.462041
-3.274204 1529426830.293433 0.000123 0.000170 0.000740 61.484685
-3.261154 1529426830.306484 0.000123 0.000169 0.000743 61.666517
-3.248666 1529426830.318972 0.000123 0.000172 0.000737 61.138561
-3.236718 1529426830.330920 0.000123 0.000170 0.000737 61.340126
-3.224725 1529426830.342912 0.000123 0.000171 0.000736 61.220956
-3.211926 1529426830.355712 0.000123 0.000171 0.000734 61.334438
-3.199485 1529426830.368153 0.000123 0.000169 0.000740 61.296038
-3.186955 1529426830.380682 0.000123 0.000172 0.000734 61.009678
-3.174413 1529426830.393224 0.000123 0.000172 0.000739 61.168477
-3.162135 1529426830.405502 0.000123 0.000170 0.000733 61.141461
-3.149521 1529426830.418116 0.000123 0.000170 0.000740 60.983486
-3.136856 1529426830.430782 0.000123 0.000173 0.000736 61.014537
-3.124376 1529426830.443261 0.000124 0.000167 0.000735 61.109644
-3.111713 1529426830.455924 0.000123 0.000171 0.000732 60.950046
-3.099094 1529426830.468543 0.000124 0.000169 0.000738 61.046587
-3.086084 1529426830.481553 0.000124 0.000170 0.000731 61.000276
-3.073867 1529426830.493770 0.000124 0.000172 0.000733 60.891507
-3.061092 1529426830.506545 0.000125 0.000169 0.000733 60.757283
-3.048698 1529426830.518939 0.000128 0.000166 0.000724 60.791102
-3.036159 1529426830.531479 0.000130 0.000167 0.000716 61.477799
-3.024282 1529426830.543355 0.000132 0.000161 0.000725 63.380461
-3.011677 1529426830.555961 0.000134 0.000161 0.000751 65.933270
-2.999571 1529426830.568067 0.000133 0.000161 0.000770 69.511997
-2.986743 1529426830.580894 0.000133 0.000166 0.000789 73.720147
-2.974326 1529426830.593311 0.000130 0.000170 0.000789 77.257794
-2.961967 1529426830.605671 0.000130 0.000176 0.000787 79.865377
-2.949469 1529426830.618169 0.000130 0.000175 0.000787 82.124590
-2.936632 1529426830.631005 0.000130 0.000180 0.000770 83.525190
-2.924146 1529426830.643492 0.000130 0.000176 0.000776 84.407528
-2.911543 1529426830.656095 0.000131 0.000177 0.000778 84.993024
-2.899343 1529426830.668295 0.000130 0.000174 0.000777 85.228847
-2.885573 1529426830.682065 0.000130 0.000173 0.000777 85.298789
-2.873339 1529426830.694299 0.000130 0.000175 0.000776 85.261705
-2.861669 1529426830.705968 0.000131 0.000174 0.000781 85.306696
-2.849509 1529426830.718129 0.000131 0.000174 0.000777 85.588012
-2.836624 1529426830.731014 0.000130 0.000173 0.000779 85.710488
-2.823972 1529426830.743665 0.000131 0.000172 0.000776 85.845829
-2.811560 1529426830.756077 0.000131 0.000175 0.000770 86.092970
-2.798472 1529426830.769166 0.000130 0.000180 0.000769 86.579546
-2.785812 1529426830.781826 0.000130 0.000183 0.000763 87.158056
-2.773657 1529426830.793980 0.000130 0.000183 0.000763 87.718186
-2.761782 1529426830.805855 0.000130 0.000183 0.000769 87.938251
-2.748631 1529426830.819006 0.000130 0.000185 0.000766 88.160173
-2.735482 1529426830.832155 0.000129 0.000184 0.000767 88.322977
-2.723130 1529426830.844507 0.000130 0.000184 0.000764 88.427808
-2.711825 1529426830.855812 0.000130 0.000184 0.000766 88.782794
-2.699510 1529426830.868127 0.000128 0.000183 0.000767 88.742542
-2.687068 1529426830.880570 0.000130 0.000183 0.000764 88.976179
-2.674841 1529426830.892796 0.000129 0.000182 0.000765 89.208688
-2.660302 1529426830.907335 0.000128 0.000182 0.000766 89.307004
-2.648538 1529426830.919100 0.000128 0.000181 0.000769 89.288820
-2.636614 1529426830.931023 0.000128 0.000183 0.000769 89.345554
-2.623415 1529426830.944223 0.000130 0.000183 0.000767 89.483634
-2.610740 1529426830.956897 0.000129 0.000181 0.000768 89.491722
-2.598676 1529426830.968961 0.000128 0.000182 0.000767 89.534168
-2.585538 1529426830.982099 0.000129 0.000181 0.000767 89.533715
-2.573663 1529426830.993975 0.000129 0.000183 0.000767 89.550364
-2.561686 1529426831.005952 0.000130 0.000183 0.000763 89.566100
-2.549228 1529426831.018409 0.000130 0.000183 0.000766 89.473488
-2.536416 1529426831.031221 0.000130 0.000184 0.000766 89.576061
-2.523981 1529426831.043657 0.000129 0.000183 0.000768 89.634766
-2.511491 1529426831.056146 0.000129 0.000182 0.000769 89.703489
-2.498240 1529426831.069397 0.000128 0.000184 0.000768 89.787943
-2.485646 1529426831.081991 0.000129 0.000187 0.000766 89.839191
-2.473320 1529426831.094318 0.000126 0.000195 0.000764 90.306078
-2.461464 1529426831.106174 0.000127 0.000200 0.000761 90.525523
-2.449454 1529426831.118183 0.000128 0.000203 0.000762 90.833619
-2.436661 1529426831.130977 0.000129 0.000205 0.000767 90.934758
-2.423907 1529426831.143730 0.000128 0.000205 0.000772 91.074854
-2.412151 1529426831.155486 0.000127 0.000205 0.000772 91.232177
-2.399310 1529426831.168328 0.000129 0.000204 0.000772 91.181497
-2.386973 1529426831.180664 0.000127 0.000204 0.000773 91.238477
-2.374519 1529426831.193118 0.000126 0.000205 0.000774 91.415917
-2.361992 1529426831.205645 0.000128 0.000206 0.000770 91.313719
-2.349532 1529426831.218105 0.000129 0.000206 0.000774 91.297835
-2.336744 1529426831.230893 0.000128 0.000204 0.000771 91.363244
-2.323335 1529426831.244303 0.000129 0.000205 0.000772 91.399578
-2.310916 1529426831.256721 0.000129 0.000205 0.000770 91.403705
-2.298238 1529426831.269399 0.000128 0.000204 0.000772 91.398309
-2.286478 1529426831.281160 0.000130 0.000206 0.000771 91.447520
-2.274103 1529426831.293534 0.000129 0.000205 0.000773 91.536635
-2.261605 1529426831.306032 0.000129 0.000205 0.000772 91.389332
-2.249301 1529426831.318337 0.000130 0.000205 0.000776 91.219629
-2.236775 1529426831.330863 0.000129 0.000204 0.000776 91.153183
-2.224097 1529426831.343541 0.000131 0.000206 0.000773 91.310193
-2.211905 1529426831.355733 0.000129 0.000204 0.000773 91.221106
-2.199484 1529426831.368153 0.000131 0.000205 0.000771 91.217805
-2.186862 1529426831.380776 0.000130 0.000203 0.000776 91.117738
-2.174223 1529426831.393415 0.000130 0.000203 0.000777 91.050611
-2.161911 1529426831.405727 0.000132 0.000205 0.000773 91.133185
-2.149052 1529426831.418586 0.000131 0.000204 0.000774 91.010360
-2.136757 1529426831.430881 0.000132 0.000205 0.000775 91.087265
-2.124269 1529426831.443368 0.000131 0.000205 0.000774 91.059473
-2.111554 1529426831.456084 0.000132 0.000206 0.000774 91.214283
-2.099357 1529426831.468280 0.000132 0.000207 0.000777 91.172445
-2.086457 1529426831.481180 0.000132 0.000207 0.000779 91.388616
-2.074077 1529426831.493560 0.000129 0.000206 0.000783 91.622056
-2.061826 1529426831.505812 0.000129 0.000209 0.000786 91.645836
-2.049248 1529426831.518390 0.000129 0.000208 0.000785 91.858365
-2.036375 1529426831.531263 0.000130 0.000209 0.000788 92.110000
-2.023919 1529426831.543719 0.000128 0.000208 0.000790 92.023736
-2.011355 1529426831.556282 0.000130 0.000209 0.000786 91.990469
-1.999251 1529426831.568387 0.000128 0.000208 0.000787 92.141960
-1.986489 1529426831.581149 0.000129 0.000207 0.000784 92.214928
-1.974229 1529426831.593409 0.000129 0.000207 0.000788 92.152209
-1.961832 1529426831.605805 0.000130 0.000208 0.000786 92.179594
-1.949045 1529426831.618593 0.000129 0.000209 0.000785 92.134105
-1.936283 1529426831.631354 0.000130 0.000208 0.000783 92.134373
-1.924275 1529426831.643363 0.000130 0.000208 0.000781 92.203585
-1.911616 1529426831.656021 0.000130 0.000208 0.000782 92.116072
-1.899248 1529426831.668389 0.000130 0.000208 0.000780 92.247907
-1.885469 1529426831.682168 0.000130 0.000207 0.000783 92.259071
-1.873410 1529426831.694227 0.000131 0.000209 0.000784 92.098488
-1.860894 1529426831.706743 0.000130 0.000209 0.000786 92.107543
-1.848516 1529426831.719121 0.000129 0.000206 0.000786 92.080523
-1.835979 1529426831.731658 0.000130 0.000208 0.000786 92.239701
-1.823513 1529426831.744125 0.000129 0.000208 0.000785 92.198296
-1.811849 1529426831.755788 0.000130 0.000208 0.000783 92.072419
-1.799196 1529426831.768442 0.000129 0.000206 0.000787 92.160514
-1.786658 1529426831.780979 0.000130 0.000207 0.000784 92.099046
-1.774031 1529426831.793606 0.000130 0.000207 0.000784 92.146166
-1.761566 1529426831.806072 0.000131 0.000208 0.000783 92.052658
-1.748890 1529426831.818748 0.000131 0.000207 0.000785 92.137521
-1.736500 1529426831.831138 0.000130 0.000207 0.000785 92.115331
-1.723986 1529426831.843651 0.000130 0.000206 0.000784 92.162993
-1.711127 1529426831.856510 0.000130 0.000207 0.000782 92.088223
-1.698792 1529426831.868845 0.000132 0.000207 0.000781 92.153577
-1.685925 1529426831.881713 0.000133 0.000206 0.000780 92.244033
-1.673507 1529426831.894130 0.000132 0.000201 0.000782 92.716622
-1.661429 1529426831.906209 0.000134 0.000194 0.000793 92.483852
-1.648949 1529426831.918689 0.000135 0.000193 0.000824 92.745785
-1.636220 1529426831.931417 0.000135 0.000187 0.000829 92.055747
-1.623747 1529426831.943890 0.000136 0.000181 0.000843 91.308144
-1.611263 1529426831.956374 0.000137 0.000177 0.000849 90.789914
-1.598613 1529426831.969024 0.000138 0.000174 0.000855 90.481160
-1.585416 1529426831.982221 0.000136 0.000175 0.000849 90.551073
-1.573070 1529426831.994567 0.000138 0.000175 0.000847 90.637970
-1.561146 1529426832.006491 0.000138 0.000176 0.000850 90.816457
-1.549242 1529426832.018395 0.000137 0.000176 0.000854 90.944626
-1.537088 1529426832.030549 0.000135 0.000175 0.000859 90.974092
-1.524259 1529426832.043379 0.000135 0.000175 0.000860 90.987328
-1.512107 1529426832.055530 0.000136 0.000175 0.000857 90.930482
-1.499526 1529426832.068112 0.000137 0.000175 0.000856 90.991606
-1.487014 1529426832.080623 0.000137 0.000175 0.000858 90.909981
-1.474437 1529426832.093200 0.000137 0.000175 0.000859 90.964353
-1.460687 1529426832.106950 0.000135 0.000175 0.000859 91.018482
-1.449007 1529426832.118630 0.000137 0.000175 0.000857 91.069096
-1.436847 1529426832.130790 0.000136 0.000175 0.000857 91.049598
-1.424034 1529426832.143604 0.000135 0.000176 0.000858 91.006672
-1.412005 1529426832.155633 0.000135 0.000176 0.000857 91.066775
-1.399649 1529426832.167989 0.000136 0.000176 0.000860 91.179333
-1.386609 1529426832.181029 0.000134 0.000177 0.000860 91.178664
-1.374486 1529426832.193151 0.000135 0.000177 0.000857 91.303079
-1.362052 1529426832.205585 0.000134 0.000176 0.000858 91.349840
-1.349508 1529426832.218130 0.000135 0.000166 0.000862 91.269787
-1.337062 1529426832.230576 0.000137 0.000162 0.000877 91.059601
-1.323349 1529426832.244288 0.000137 0.000159 0.000908 90.541505
-1.311048 1529426832.256589 0.000137 0.000156 0.000936 89.753150
-1.298317 1529426832.269320 0.000138 0.000153 0.000935 88.626242
-1.286529 1529426832.281108 0.000136 0.000153 0.000937 88.508704
-1.273996 1529426832.293641 0.000132 0.000153 0.000934 89.581840
-1.261700 1529426832.305938 0.000131 0.000150 0.000942 90.470390
-1.249141 1529426832.318496 0.000126 0.000148 0.000932 91.223030
-1.236574 1529426832.331063 0.000108 0.000154 0.000906 92.015594
-1.223894 1529426832.343743 0.000101 0.000161 0.000893 91.916320
-1.211739 1529426832.355898 0.000102 0.000167 0.000880 91.801508
-1.199464 1529426832.368174 0.000107 0.000170 0.000857 92.653250
-1.186154 1529426832.381484 0.000103 0.000174 0.000834 92.439000
-1.173860 1529426832.393777 0.000105 0.000176 0.000825 92.580381
-1.161278 1529426832.406359 0.000106 0.000176 0.000835 92.676100
-1.148561 1529426832.419077 0.000106 0.000174 0.000834 93.153826
-1.136293 1529426832.431345 0.000105 0.000167 0.000847 93.303945
-1.123631 1529426832.444006 0.000103 0.000164 0.000868 93.625926
-1.111264 1529426832.456373 0.000101 0.000163 0.000893 94.005764
-1.098547 1529426832.469090 0.000106 0.000164 0.000889 93.646094
-1.086461 1529426832.481177 0.000101 0.000166 0.000903 93.225269
-1.074340 1529426832.493297 0.000101 0.000167 0.000881 93.143424
-1.061736 1529426832.505902 0.000099 0.000171 0.000855 93.204797
-1.049061 1529426832.518576 0.000099 0.000171 0.000843 93.168705
-1.036372 1529426832.531265 0.000101 0.000172 0.000828 93.352713
-1.023634 1529426832.544003 0.000101 0.000174 0.000813 93.296979
-1.011453 1529426832.556184 0.000099 0.000176 0.000818 92.972680
-0.998911 1529426832.568726 0.000101 0.000176 0.000807 92.774067
-0.986306 1529426832.581332 0.000100 0.000176 0.000812 92.717407
-0.973695 1529426832.593942 0.000100 0.000178 0.000803 92.323811
-0.961270 1529426832.606367 0.000101 0.000178 0.000801 92.090536
-0.948793 1529426832.618845 0.000103 0.000177 0.000788 91.636223
-0.936395 1529426832.631243 0.000105 0.000181 0.000779 90.974684
-0.923619 1529426832.644019 0.000109 0.000182 0.000753 89.551080
-0.911206 1529426832.656432 0.000113 0.000184 0.000737 87.363027
-0.898625 1529426832.669013 0.000116 0.000187 0.000728 86.207295
-0.886024 1529426832.681614 0.000117 0.000191 0.000719 85.029316
-0.873624 1529426832.694014 0.000117 0.000192 0.000700 84.030544
-0.860876 1529426832.706762 0.000116 0.000194 0.000702 83.499926
-0.848819 1529426832.718819 0.000114 0.000195 0.000706 82.623065
-0.836464 1529426832.731174 0.000113 0.000194 0.000696 81.969858
-0.823941 1529426832.743696 0.000113 0.000195 0.000705 81.765949
-0.811390 1529426832.756248 0.000115 0.000192 0.000694 81.384176
-0.799062 1529426832.768575 0.000114 0.000195 0.000705 81.382862
-0.786362 1529426832.781275 0.000112 0.000197 0.000711 81.239393
-0.774132 1529426832.793505 0.000112 0.000191 0.000705 80.803644
-0.761646 1529426832.805992 0.000110 0.000197 0.000726 80.810914
-0.748787 1529426832.818850 0.000111 0.000196 0.000722 80.491726
-0.736368 1529426832.831270 0.000110 0.000194 0.000724 80.161438
-0.723644 1529426832.843993 0.000110 0.000194 0.000714 79.720050
-0.711445 1529426832.856193 0.000108 0.000195 0.000720 79.395813
-0.699095 1529426832.868543 0.000108 0.000195 0.000711 78.876584
-0.686496 1529426832.881141 0.000107 0.000196 0.000724 78.788602
-0.674040 1529426832.893598 0.000108 0.000195 0.000713 78.476887
-0.661628 1529426832.906009 0.000107 0.000196 0.000721 78.265297
-0.649208 1529426832.918430 0.000106 0.000194 0.000718 78.142209
-0.636447 1529426832.931190 0.000105 0.000194 0.000728 78.353027
-0.624033 1529426832.943604 0.000106 0.000193 0.000719 78.107224
-0.610867 1529426832.956771 0.000108 0.000196 0.000719 77.827893
-0.599186 1529426832.968451 0.000110 0.000198 0.000708 77.003011
-0.586159 1529426832.981478 0.000110 0.000198 0.000696 76.231325
-0.573575 1529426832.994062 0.000109 0.000200 0.000694 75.876209
-0.560926 1529426833.006711 0.000108 0.000198 0.000684 75.507225
-0.548570 1529426833.019067 0.000108 0.000200 0.000687 75.308681
-0.536391 1529426833.031247 0.000108 0.000199 0.000689 75.120254
-0.524011 1529426833.043627 0.000108 0.000200 0.000684 74.763120
-0.511544 1529426833.056093 0.000108 0.000199 0.000678 74.329089
-0.497913 1529426833.069725 0.000108 0.000198 0.000684 74.079855
-0.485934 1529426833.081703 0.000107 0.000197 0.000688 73.748309
-0.473894 1529426833.093743 0.000107 0.000197 0.000684 73.581937
-0.460589 1529426833.107048 0.000106 0.000199 0.000687 73.289943
-0.447911 1529426833.119726 0.000107 0.000198 0.000681 73.011984
-0.434985 1529426833.132652 0.000107 0.000197 0.000692 72.972042
-0.423352 1529426833.144285 0.000106 0.000197 0.000686 72.741010
-0.411527 1529426833.156110 0.000106 0.000196 0.000690 72.597306
-0.398982 1529426833.168656 0.000106 0.000196 0.000690 72.350058
-0.386208 1529426833.181430 0.000105 0.000195 0.000693 72.202009
-0.374187 1529426833.193450 0.000105 0.000194 0.000694 71.911411
-0.361438 1529426833.206200 0.000106 0.000194 0.000690 71.694988
-0.348382 1529426833.219255 0.000105 0.000193 0.000699 71.592359
-0.335440 1529426833.232197 0.000105 0.000193 0.000699 70.989357
-0.322549 1529426833.245088 0.000102 0.000192 0.000707 70.571145
-0.311043 1529426833.256594 0.000100 0.000187 0.000731 70.035723
-0.299126 1529426833.268511 0.000101 0.000185 0.000738 69.651282
-0.286021 1529426833.281616 0.000101 0.000184 0.000743 69.132644
-0.273523 1529426833.294115 0.000100 0.000186 0.000743 68.855225
-0.261583 1529426833.306054 0.000101 0.000188 0.000731 68.458156
-0.248164 1529426833.319473 0.000101 0.000186 0.000738 68.234966
-0.235422 1529426833.332216 0.000102 0.000186 0.000729 68.205603
-0.223110 1529426833.344527 0.000100 0.000188 0.000732 68.350769
-0.210454 1529426833.357183 0.000101 0.000189 0.000733 68.034132
-0.198136 1529426833.369502 0.000102 0.000186 0.000731 67.757067
-0.186093 1529426833.381544 0.000101 0.000187 0.000738 67.545956
-0.173862 1529426833.393775 0.000102 0.000186 0.000729 67.117414
-0.161400 1529426833.406237 0.000102 0.000185 0.000735 66.738913
-0.149200 1529426833.418438 0.000102 0.000183 0.000736 66.371855
-0.136525 1529426833.431112 0.000102 0.000181 0.000742 66.097055
-0.123694 1529426833.443943 0.000100 0.000179 0.000754 65.684341
-0.111221 1529426833.456416 0.000101 0.000178 0.000751 65.233334
-0.098760 1529426833.468877 0.000100 0.000177 0.000752 64.976463
-0.086201 1529426833.481436 0.000100 0.000178 0.000749 64.820873
-0.073905 1529426833.493732 0.000101 0.000178 0.000750 64.382685
-0.061107 1529426833.506531 0.000100 0.000176 0.000748 64.249070
-0.048924 1529426833.518713 0.000101 0.000178 0.000736 64.236129
-0.036214 1529426833.531423 0.000101 0.000178 0.000736 64.062132
-0.024230 1529426833.543408 0.000101 0.000177 0.000737 63.787926
-0.011344 1529426833.556293 0.000101 0.000176 0.000733 63.712759
0.002252 1529426833.569889 0.000101 0.000175 0.000734 63.370148
0.014481 1529426833.582118 0.000101 0.000176 0.000726 63.343986
0.026118 1529426833.593755 0.000101 0.000175 0.000726 63.004421
0.038734 1529426833.606372 0.000101 0.000174 0.000723 62.774432
0.051239 1529426833.618876 0.000101 0.000173 0.000720 62.538728
0.063828 1529426833.631466 0.000103 0.000173 0.000720 62.048602
0.076166 1529426833.643804 0.000106 0.000174 0.000715 62.002027
0.088417 1529426833.656055 0.000109 0.000174 0.000718 61.747490
0.101014 1529426833.668652 0.000110 0.000173 0.000713 61.387778
0.113976 1529426833.681613 0.000113 0.000172 0.000696 60.499684
0.126212 1529426833.693849 0.000112 0.000170 0.000697 59.977450
0.138757 1529426833.706394 0.000112 0.000170 0.000694 59.618321
0.151654 1529426833.719291 0.000111 0.000170 0.000691 59.518125
0.163584 1529426833.731221 0.000111 0.000169 0.000696 59.545460
0.176811 1529426833.744448 0.000112 0.000169 0.000690 59.557875
0.189386 1529426833.757023 0.000112 0.000169 0.000697 59.730698
0.201992 1529426833.769630 0.000112 0.000169 0.000689 59.662781
0.214652 1529426833.782290 0.000112 0.000169 0.000690 59.872998
0.226744 1529426833.794382 0.000110 0.000169 0.000701 59.795334
0.239307 1529426833.806945 0.000109 0.000167 0.000706 59.518170
0.251976 1529426833.819613 0.000107 0.000166 0.000712 59.374487
0.264337 1529426833.831974 0.000108 0.000163 0.000710 59.067243
0.277051 1529426833.844689 0.000107 0.000163 0.000709 59.015520
0.289310 1529426833.856948 0.000107 0.000161 0.000712 59.027313
0.301890 1529426833.869528 0.000107 0.000161 0.000707 58.909395
0.313806 1529426833.881443 0.000106 0.000160 0.000712 58.962270
0.326189 1529426833.893826 0.000106 0.000159 0.000715 58.703836
0.338572 1529426833.906209 0.000105 0.000159 0.000714 58.785427
0.351427 1529426833.919065 0.000105 0.000158 0.000716 58.623462
0.363610 1529426833.931247 0.000104 0.000157 0.000718 58.455180
0.376198 1529426833.943835 0.000103 0.000156 0.000720 58.454022
0.388708 1529426833.956345 0.000103 0.000155 0.000722 58.300214
0.401167 1529426833.968805 0.000102 0.000155 0.000723 58.214019
0.414420 1529426833.982058 0.000102 0.000154 0.000726 58.026665
0.426706 1529426833.994343 0.000101 0.000153 0.000724 57.998334
0.438990 1529426834.006627 0.000101 0.000152 0.000722 57.803055
0.450690 1529426834.018327 0.000100 0.000151 0.000721 57.652181
0.463457 1529426834.031095 0.000100 0.000149 0.000718 57.481400
0.475839 1529426834.043476 0.000099 0.000149 0.000720 57.386596
0.488721 1529426834.056359 0.000099 0.000147 0.000712 57.340551
0.500928 1529426834.068565 0.000100 0.000148 0.000714 56.980685
0.514369 1529426834.082006 0.000102 0.000147 0.000717 57.303995
0.527044 1529426834.094682 0.000105 0.000151 0.000729 57.555715
0.539360 1529426834.106997 0.000105 0.000153 0.000741 57.737610
0.552009 1529426834.119646 0.000104 0.000153 0.000760 57.055582
0.564739 1529426834.132376 0.000105 0.000149 0.000763 56.468963
0.577097 1529426834.144735 0.000105 0.000144 0.000761 56.096714
0.589139 1529426834.156776 0.000107 0.000138 0.000758 55.464239
0.601679 1529426834.169316 0.000107 0.000137 0.000747 55.150834
0.614170 1529426834.181807 0.000107 0.000136 0.000749 55.196709
0.626404 1529426834.194041 0.000108 0.000135 0.000747 55.432851
0.638527 1529426834.206165 0.000108 0.000135 0.000740 55.517413
0.650738 1529426834.218376 0.000109 0.000134 0.000737 55.414932
0.663290 1529426834.230927 0.000108 0.000134 0.000737 55.450800
0.676288 1529426834.243926 0.000108 0.000133 0.000736 55.412053
0.688752 1529426834.256390 0.000108 0.000132 0.000741 55.500366
0.701265 1529426834.268902 0.000109 0.000132 0.000734 55.481344
0.713500 1529426834.281137 0.000108 0.000132 0.000735 55.482618
0.726160 1529426834.293797 0.000108 0.000132 0.000733 55.471336
0.738752 1529426834.306389 0.000108 0.000131 0.000725 55.301347
0.751354 1529426834.318991 0.000109 0.000131 0.000722 55.162712
0.763441 1529426834.331078 0.000108 0.000131 0.000726 55.087528
0.776504 1529426834.344141 0.000107 0.000131 0.000728 55.147588
0.788693 1529426834.356330 0.000107 0.000131 0.000725 55.058924
0.801459 1529426834.369096 0.000108 0.000129 0.000718 54.781875
0.813697 1529426834.381334 0.000108 0.000127 0.000700 55.113875
0.826135 1529426834.393772 0.000106 0.000125 0.000693 55.457701
0.838719 1529426834.406356 0.000105 0.000124 0.000704 55.460201
0.851188 1529426834.418825 0.000105 0.000125 0.000692 55.151946
0.863622 1529426834.431260 0.000104 0.000125 0.000691 55.015668
0.876173 1529426834.443811 0.000104 0.000125 0.000690 54.968553
0.888981 1529426834.456619 0.000104 0.000125 0.000688 54.856844
0.901307 1529426834.468945 0.000104 0.000125 0.000685 54.809135
0.913685 1529426834.481323 0.000104 0.000126 0.000678 54.675376
0.926149 1529426834.493787 0.000104 0.000126 0.000677 54.680627
0.938610 1529426834.506248 0.000103 0.000126 0.000672 54.466545
0.951054 1529426834.518692 0.000103 0.000126 0.000672 54.461027
0.963618 1529426834.531256 0.000103 0.000125 0.000673 54.160392
0.975980 1529426834.543617 0.000103 0.000125 0.000669 53.916243
0.988771 1529426834.556409 0.000102 0.000125 0.000667 53.702186
1.001523 1529426834.569160 0.000102 0.000125 0.000669 53.573204
1.013971 1529426834.581609 0.000102 0.000125 0.000663 53.348742
1.026313 1529426834.593951 0.000102 0.000125 0.000660 53.147443
1.038874 1529426834.606511 0.000101 0.000125 0.000660 52.971069
1.051355 1529426834.618993 0.000101 0.000125 0.000660 53.106798
1.063689 1529426834.631327 0.000101 0.000126 0.000655 53.103901
1.076082 1529426834.643719 0.000101 0.000127 0.000661 53.722958
1.088490 1529426834.656128 0.000102 0.000130 0.000664 54.394183
1.101192 1529426834.668829 0.000102 0.000134 0.000675 55.577917
1.113732 1529426834.681370 0.000104 0.000138 0.000685 56.751836
1.126207 1529426834.693844 0.000105 0.000142 0.000701 58.469772
1.138798 1529426834.706435 0.000106 0.000145 0.000711 59.702342
1.151131 1529426834.718768 0.000110 0.000147 0.000718 60.514337
1.163961 1529426834.731598 0.000114 0.000152 0.000725 61.456807
1.176295 1529426834.743933 0.000119 0.000157 0.000725 62.066784
1.189085 1529426834.756723 0.000121 0.000165 0.000721 63.312275
1.201303 1529426834.768940 0.000122 0.000173 0.000722 65.008630
1.213836 1529426834.781473 0.000118 0.000186 0.000710 67.808521
1.226177 1529426834.793814 0.000113 0.000209 0.000692 71.225589
1.238860 1529426834.806497 0.000112 0.000235 0.000672 74.969596
1.251439 1529426834.819077 0.000109 0.000250 0.000652 78.008290
1.263678 1529426834.831316 0.000108 0.000254 0.000649 79.741700
1.277551 1529426834.845188 0.000107 0.000254 0.000639 80.890638
1.289670 1529426834.857307 0.000110 0.000256 0.000635 82.084588
1.302107 1529426834.869745 0.000109 0.000258 0.000639 83.146006
1.314761 1529426834.882399 0.000108 0.000260 0.000636 84.958436
1.327178 1529426834.894815 0.000111 0.000255 0.000616 86.993196
1.339203 1529426834.906840 0.000114 0.000250 0.000610 89.131546
1.351328 1529426834.918965 0.000113 0.000249 0.000601 90.931901
1.363615 1529426834.931252 0.000115 0.000245 0.000595 92.038928
1.376781 1529426834.944419 0.000114 0.000245 0.000592 92.515758
1.388730 1529426834.956367 0.000115 0.000243 0.000590 92.825911
1.402200 1529426834.969838 0.000113 0.000243 0.000593 92.738226
1.414699 1529426834.982337 0.000114 0.000241 0.000591 92.717293
1.427151 1529426834.994788 0.000116 0.000241 0.000596 92.549129
1.439718 1529426835.007355 0.000120 0.000238 0.000586 93.043447
1.452285 1529426835.019922 0.000119 0.000239 0.000594 92.984493
1.463813 1529426835.031450 0.000122 0.000236 0.000585 93.579366
1.475971 1529426835.043609 0.000123 0.000237 0.000583 93.981912
1.488508 1529426835.056146 0.000125 0.000236 0.000579 94.196555
1.501401 1529426835.069038 0.000126 0.000236 0.000583 95.030099
1.513484 1529426835.081122 0.000128 0.000235 0.000577 95.450395
1.526325 1529426835.093962 0.000129 0.000232 0.000575 96.009104
1.539556 1529426835.107193 0.000133 0.000234 0.000582 96.788244
1.552739 1529426835.120376 0.000133 0.000233 0.000583 97.215148
1.564944 1529426835.132581 0.000138 0.000229 0.000580 97.358790
1.577112 1529426835.144750 0.000142 0.000227 0.000574 96.915902
1.589970 1529426835.157607 0.000140 0.000228 0.000587 96.996918
1.602225 1529426835.169863 0.000142 0.000228 0.000587 97.050809
1.614805 1529426835.182443 0.000143 0.000230 0.000578 96.970778
1.627037 1529426835.194674 0.000144 0.000228 0.000579 96.732040
1.639016 1529426835.206653 0.000146 0.000230 0.000574 96.836120
1.651077 1529426835.218714 0.000148 0.000230 0.000577 96.696683
1.663454 1529426835.231092 0.000150 0.000231 0.000577 97.274227
1.676189 1529426835.243826 0.000153 0.000230 0.000571 97.076605
1.688706 1529426835.256344 0.000157 0.000230 0.000567 96.991551
1.701138 1529426835.268775 0.000158 0.000231 0.000566 97.088832
1.713341 1529426835.280978 0.000165 0.000231 0.000562 96.781402
1.725959 1529426835.293596 0.000164 0.000232 0.000561 97.017193
1.739610 1529426835.307248 0.000161 0.000233 0.000569 96.955590
1.752088 1529426835.319725 0.000163 0.000235 0.000569 96.950805
1.764365 1529426835.332002 0.000162 0.000236 0.000565 97.157475
1.776223 1529426835.343860 0.000166 0.000235 0.000564 97.117001
1.788761 1529426835.356398 0.000168 0.000235 0.000563 97.357809
1.801199 1529426835.368836 0.000169 0.000235 0.000555 97.638395
1.813501 1529426835.381138 0.000171 0.000234 0.000557 97.671103
1.826060 1529426835.393698 0.000174 0.000234 0.000555 98.145575
1.838406 1529426835.406043 0.000174 0.000235 0.000557 98.351779
1.851204 1529426835.418841 0.000176 0.000236 0.000551 99.047854
1.863630 1529426835.431267 0.000178 0.000236 0.000550 98.992376
1.875579 1529426835.443217 0.000178 0.000236 0.000548 99.235935
1.888401 1529426835.456038 0.000179 0.000236 0.000543 98.921239
1.901350 1529426835.468987 0.000178 0.000238 0.000546 99.405003
1.913436 1529426835.481074 0.000180 0.000238 0.000549 99.990665
1.926581 1529426835.494218 0.000183 0.000235 0.000539 100.039942
1.939275 1529426835.506912 0.000183 0.000236 0.000548 100.261660
1.951698 1529426835.519335 0.000183 0.000234 0.000541 100.889346
1.963883 1529426835.531521 0.000186 0.000232 0.000545 101.041863
1.976304 1529426835.543941 0.000187 0.000231 0.000541 100.977142
1.989271 1529426835.556909 0.000188 0.000230 0.000538 100.880001
2.001547 1529426835.569185 0.000187 0.000230 0.000539 100.814236
2.013901 1529426835.581538 0.000185 0.000231 0.000539 100.381610
2.026384 1529426835.594021 0.000188 0.000229 0.000529 100.285095
2.039370 1529426835.607008 0.000186 0.000231 0.000534 99.541036
2.051507 1529426835.619145 0.000187 0.000231 0.000536 99.744487
2.064144 1529426835.631782 0.000188 0.000232 0.000534 99.016906
2.076486 1529426835.644123 0.000186 0.000234 0.000540 98.855667
2.089123 1529426835.656760 0.000188 0.000234 0.000534 97.915084
2.101768 1529426835.669405 0.000186 0.000234 0.000537 97.724943
2.114249 1529426835.681886 0.000187 0.000234 0.000535 96.638081
2.126376 1529426835.694014 0.000186 0.000236 0.000536 96.481260
2.138854 1529426835.706492 0.000185 0.000237 0.000529 96.042696
2.151721 1529426835.719358 0.000184 0.000238 0.000533 95.912651
2.164183 1529426835.731820 0.000183 0.000238 0.000537 95.416924
2.176841 1529426835.744478 0.000186 0.000238 0.000538 95.316093
2.189238 1529426835.756875 0.000185 0.000238 0.000534 95.167989
2.201567 1529426835.769205 0.000185 0.000238 0.000530 95.281453
2.213973 1529426835.781610 0.000185 0.000238 0.000539 95.095357
2.226417 1529426835.794054 0.000186 0.000238 0.000534 94.994290
2.238966 1529426835.806604 0.000186 0.000238 0.000532 94.886818
2.251613 1529426835.819251 0.000186 0.000238 0.000532 94.629022
2.264226 1529426835.831864 0.000186 0.000237 0.000532 94.651258
2.276583 1529426835.844220 0.000186 0.000237 0.000531 94.306476
2.288812 1529426835.856450 0.000185 0.000237 0.000529 93.979644
2.301728 1529426835.869365 0.000186 0.000237 0.000529 93.774024
2.314092 1529426835.881729 0.000185 0.000236 0.000530 93.344539
2.326483 1529426835.894121 0.000183 0.000237 0.000529 93.133661
2.339064 1529426835.906701 0.000184 0.000236 0.000528 92.757299
2.351796 1529426835.919433 0.000183 0.000235 0.000527 92.490820
2.364012 1529426835.931649 0.000182 0.000235 0.000533 92.374748
2.376432 1529426835.944070 0.000183 0.000236 0.000529 92.305397
2.388928 1529426835.956566 0.000182 0.000235 0.000529 91.993829
2.401478 1529426835.969115 0.000181 0.000236 0.000528 92.107834
2.413755 1529426835.981392 0.000180 0.000235 0.000528 91.891101
2.426635 1529426835.994272 0.000179 0.000235 0.000529 91.910985
2.439060 1529426836.006698 0.000179 0.000235 0.000527 91.481572
2.452355 1529426836.019993 0.000178 0.000235 0.000529 91.295631
2.464633 1529426836.032270 0.000178 0.000235 0.000529 91.318300
2.477408 1529426836.045046 0.000178 0.000235 0.000528 90.953178
2.489918 1529426836.057556 0.000177 0.000234 0.000526 90.797991
2.502120 1529426836.069757 0.000177 0.000234 0.000527 90.773887
2.513979 1529426836.081617 0.000175 0.000234 0.000530 90.243273
2.526430 1529426836.094068 0.000176 0.000233 0.000530 90.148790
2.538732 1529426836.106369 0.000176 0.000232 0.000531 89.793341
2.552301 1529426836.119939 0.000174 0.000233 0.000528 89.474240
2.564692 1529426836.132330 0.000173 0.000232 0.000532 89.226180
2.577099 1529426836.144737 0.000173 0.000231 0.000534 89.029616
2.589903 1529426836.157540 0.000172 0.000231 0.000536 88.347870
2.601959 1529426836.169596 0.000170 0.000231 0.000536 88.459628
2.614715 1529426836.182352 0.000170 0.000229 0.000534 87.627531
2.626761 1529426836.194399 0.000164 0.000231 0.000539 87.436747
2.639411 1529426836.207048 0.000164 0.000231 0.000544 87.313318
2.651785 1529426836.219423 0.000164 0.000231 0.000542 86.951849
2.664625 1529426836.232263 0.000163 0.000230 0.000540 86.748182
2.676987 1529426836.244625 0.000162 0.000231 0.000538 86.202607
2.689276 1529426836.256913 0.000161 0.000230 0.000538 85.949134
2.701778 1529426836.269415 0.000161 0.000227 0.000538 85.930793
2.714412 1529426836.282049 0.000159 0.000229 0.000536 85.580685
2.726698 1529426836.294335 0.000159 0.000229 0.000542 85.545172
2.739153 1529426836.306791 0.000158 0.000227 0.000540 85.112316
2.751394 1529426836.319031 0.000157 0.000228 0.000542 84.920462
2.763590 1529426836.331228 0.000155 0.000228 0.000549 84.991057
2.776339 1529426836.343977 0.000155 0.000227 0.000543 84.855606
2.790040 1529426836.357677 0.000153 0.000226 0.000542 84.551943
2.802226 1529426836.369864 0.000153 0.000226 0.000543 84.356140
2.815010 1529426836.382648 0.000154 0.000223 0.000546 83.915679
2.827435 1529426836.395073 0.000151 0.000227 0.000541 83.937951
2.839997 1529426836.407635 0.000151 0.000225 0.000548 83.975352
2.852486 1529426836.420123 0.000149 0.000225 0.000548 83.605662
2.863984 1529426836.431621 0.000150 0.000223 0.000549 83.476398
2.876315 1529426836.443952 0.000149 0.000225 0.000544 83.429125
2.888729 1529426836.456367 0.000149 0.000225 0.000546 83.191738
2.901213 1529426836.468850 0.000149 0.000225 0.000549 83.081343
2.913620 1529426836.481258 0.000149 0.000223 0.000550 82.756441
2.926237 1529426836.493874 0.000148 0.000223 0.000546 82.451141
2.938590 1529426836.506227 0.000149 0.000224 0.000548 82.284583
2.951358 1529426836.518995 0.000148 0.000224 0.000548 81.979653
2.963858 1529426836.531496 0.000148 0.000222 0.000550 81.548968
2.977095 1529426836.544733 0.000148 0.000222 0.000546 81.272069
2.989770 1529426836.557407 0.000148 0.000224 0.000545 81.439407
3.002291 1529426836.569929 0.000147 0.000223 0.000550 81.290993
3.015275 1529426836.582912 0.000147 0.000223 0.000543 80.994520
3.026489 1529426836.594126 0.000147 0.000223 0.000549 81.230670
3.038781 1529426836.606418 0.000147 0.000223 0.000545 81.251023
3.051142 1529426836.618780 0.000147 0.000224 0.000546 81.212097
3.063688 1529426836.631326 0.000146 0.000224 0.000547 81.052521
3.076274 1529426836.643911 0.000147 0.000223 0.000549 80.806210
3.088683 1529426836.656321 0.000149 0.000221 0.000542 80.407639
3.101462 1529426836.669100 0.000146 0.000220 0.000556 79.855360
3.113669 1529426836.681306 0.000148 0.000220 0.000555 79.416590
3.126179 1529426836.693817 0.000146 0.000221 0.000556 79.456073
3.138675 1529426836.706313 0.000146 0.000219 0.000556 79.150348
3.151237 1529426836.718874 0.000144 0.000220 0.000563 79.059334
3.163823 1529426836.731461 0.000143 0.000219 0.000563 78.720159
3.177749 1529426836.745387 0.000144 0.000218 0.000560 78.531623
3.189966 1529426836.757604 0.000142 0.000218 0.000557 78.362338
3.202667 1529426836.770304 0.000139 0.000217 0.000560 78.221964
3.214251 1529426836.781889 0.000139 0.000217 0.000566 78.094424
3.226285 1529426836.793923 0.000136 0.000218 0.000561 78.050450
3.238755 1529426836.806393 0.000136 0.000217 0.000564 77.992377
3.251133 1529426836.818770 0.000134 0.000216 0.000564 77.893818
3.263878 1529426836.831516 0.000135 0.000216 0.000569 77.770012
3.276557 1529426836.844194 0.000132 0.000218 0.000572 77.817268
3.288585 1529426836.856222 0.000133 0.000215 0.000570 77.411657
3.302341 1529426836.869979 0.000133 0.000213 0.000567 77.210639
3.314721 1529426836.882358 0.000131 0.000214 0.000573 77.125942
3.327097 1529426836.894735 0.000132 0.000212 0.000571 76.939616
3.339843 1529426836.907480 0.000130 0.000214 0.000572 76.931054
3.352041 1529426836.919678 0.000130 0.000214 0.000572 76.566247
3.364809 1529426836.932446 0.000130 0.000213 0.000574 76.292278
3.377152 1529426836.944790 0.000129 0.000214 0.000577 76.016382
3.389885 1529426836.957523 0.000128 0.000214 0.000576 75.917135
3.402075 1529426836.969712 0.000128 0.000215 0.000580 75.576415
3.414359 1529426836.981997 0.000127 0.000215 0.000589 75.334925
3.426779 1529426836.994416 0.000128 0.000211 0.000585 74.863284
3.439407 1529426837.007044 0.000128 0.000211 0.000588 74.677778
3.451471 1529426837.019108 0.000126 0.000207 0.000596 74.219152
3.464247 1529426837.031884 0.000126 0.000202 0.000601 74.122738
3.476715 1529426837.044352 0.000124 0.000206 0.000609 74.005175
3.489238 1529426837.056875 0.000123 0.000204 0.000610 73.949822
3.501943 1529426837.069580 0.000122 0.000202 0.000612 73.881323
3.514299 1529426837.081937 0.000123 0.000202 0.000615 73.595475
3.526910 1529426837.094547 0.000120 0.000198 0.000619 73.510271
3.539148 1529426837.106786 0.000119 0.000200 0.000624 73.676258
3.551554 1529426837.119192 0.000119 0.000198 0.000617 73.439896
3.564620 1529426837.132258 0.000118 0.000197 0.000621 73.482250
3.576754 1529426837.144392 0.000119 0.000198 0.000619 73.330665
3.589269 1529426837.156907 0.000120 0.000196 0.000616 73.106722
3.601602 1529426837.169239 0.000119 0.000197 0.000614 73.109432
3.614252 1529426837.181889 0.000118 0.000197 0.000621 73.212154
3.626685 1529426837.194322 0.000119 0.000196 0.000620 72.904612
3.638996 1529426837.206634 0.000120 0.000196 0.000623 72.858919
3.652078 1529426837.219716 0.000119 0.000195 0.000624 72.457837
3.664548 1529426837.232186 0.000119 0.000193 0.000622 72.442239
3.676596 1529426837.244234 0.000119 0.000194 0.000623 72.233331
3.689209 1529426837.256846 0.000119 0.000193 0.000625 72.239192
3.701747 1529426837.269385 0.000119 0.000194 0.000625 72.339607
3.714513 1529426837.282150 0.000117 0.000192 0.000630 72.324473
3.726462 1529426837.294100 0.000117 0.000193 0.000628 72.264936
3.739497 1529426837.307135 0.000117 0.000192 0.000633 72.108703
3.751766 1529426837.319404 0.000117 0.000192 0.000633 72.049193
3.764358 1529426837.331996 0.000116 0.000192 0.000633 71.992776
3.776650 1529426837.344287 0.000118 0.000191 0.000628 71.886573
3.789571 1529426837.357209 0.000118 0.000192 0.000631 71.706143
3.802013 1529426837.369651 0.000117 0.000193 0.000631 71.803542
3.814734 1529426837.382371 0.000117 0.000189 0.000635 71.659028
3.827375 1529426837.395012 0.000118 0.000191 0.000632 71.452722
3.839485 1529426837.407123 0.000118 0.000193 0.000631 71.310333
3.851636 1529426837.419273 0.000118 0.000191 0.000639 71.263608
3.864202 1529426837.431840 0.000119 0.000191 0.000636 71.131024
3.876774 1529426837.444411 0.000121 0.000190 0.000639 70.747430
3.889318 1529426837.456955 0.000118 0.000190 0.000639 70.876929
3.901834 1529426837.469472 0.000119 0.000190 0.000635 70.715871
3.914340 1529426837.481977 0.000120 0.000188 0.000634 70.634348
3.926680 1529426837.494318 0.000120 0.000190 0.000632 70.412175
3.939220 1529426837.506857 0.000119 0.000190 0.000639 70.598135
3.952016 1529426837.519653 0.000120 0.000191 0.000634 70.449113
3.964157 1529426837.531795 0.000118 0.000187 0.000638 70.460920
3.976601 1529426837.544239 0.000120 0.000187 0.000633 70.247656
3.989222 1529426837.556860 0.000120 0.000188 0.000635 70.066760
4.002426 1529426837.570064 0.000120 0.000190 0.000631 69.918767
4.014768 1529426837.582405 0.000118 0.000190 0.000631 69.830389
4.027589 1529426837.595227 0.000120 0.000188 0.000630 69.735482
4.040195 1529426837.607832 0.000123 0.000187 0.000628 69.169786
4.051979 1529426837.619616 0.000120 0.000185 0.000635 69.391236
4.064621 1529426837.632258 0.000120 0.000184 0.000628 69.120089
4.077070 1529426837.644708 0.000121 0.000184 0.000628 69.072033
4.089604 1529426837.657241 0.000120 0.000185 0.000633 69.000030
4.101997 1529426837.669634 0.000120 0.000184 0.000632 68.793842
4.114412 1529426837.682049 0.000122 0.000185 0.000636 68.466142
4.126605 1529426837.694242 0.000121 0.000183 0.000641 67.781115
4.139747 1529426837.707385 0.000120 0.000182 0.000649 67.186814
4.152679 1529426837.720317 0.000121 0.000181 0.000660 66.612886
4.165221 1529426837.732858 0.000119 0.000181 0.000669 66.741485
4.177751 1529426837.745388 0.000119 0.000180 0.000668 66.622583
4.190166 1529426837.757804 0.000118 0.000179 0.000662 66.512061
4.202551 1529426837.770188 0.000118 0.000178 0.000666 66.489528
4.214946 1529426837.782584 0.000118 0.000178 0.000666 66.246149
4.227464 1529426837.795101 0.000116 0.000178 0.000670 66.427905
4.239321 1529426837.806959 0.000115 0.000177 0.000673 66.420208
4.251728 1529426837.819365 0.000116 0.000176 0.000668 66.020395
4.264054 1529426837.831691 0.000115 0.000176 0.000671 66.174355
4.276290 1529426837.843928 0.000115 0.000175 0.000672 66.254558
4.290905 1529426837.858542 0.000115 0.000174 0.000667 65.885115
4.301728 1529426837.869365 0.000113 0.000174 0.000673 65.965269
4.314032 1529426837.881669 0.000114 0.000175 0.000671 66.077511
4.326473 1529426837.894110 0.000113 0.000174 0.000672 65.866252
4.338870 1529426837.906508 0.000114 0.000173 0.000666 65.781979
4.351975 1529426837.919613 0.000114 0.000171 0.000663 65.498573
4.364092 1529426837.931729 0.000114 0.000172 0.000664 65.513702
4.376357 1529426837.943994 0.000113 0.000171 0.000668 65.483127
4.388740 1529426837.956378 0.000112 0.000171 0.000672 65.456481
4.402286 1529426837.969923 0.000114 0.000170 0.000666 65.149267
4.414012 1529426837.981650 0.000111 0.000170 0.000670 65.314455
4.426278 1529426837.993915 0.000111 0.000170 0.000669 65.394889
4.438924 1529426838.006561 0.000111 0.000170 0.000670 65.294982
4.451479 1529426838.019116 0.000112 0.000171 0.000666 65.411179
4.464040 1529426838.031677 0.000112 0.000169 0.000669 65.074559
4.476416 1529426838.044053 0.000112 0.000169 0.000669 65.073502
4.488738 1529426838.056376 0.000111 0.000169 0.000668 65.241888
4.501362 1529426838.068999 0.000111 0.000169 0.000669 65.118497
4.514736 1529426838.082374 0.000111 0.000170 0.000665 65.212185
4.526476 1529426838.094114 0.000113 0.000171 0.000657 65.130388
4.538674 1529426838.106311 0.000111 0.000168 0.000666 65.018241
4.551419 1529426838.119057 0.000112 0.000169 0.000661 65.170452
4.563759 1529426838.131397 0.000111 0.000169 0.000668 65.075984
4.576354 1529426838.143991 0.000111 0.000169 0.000665 65.004378
4.589073 1529426838.156710 0.000111 0.000169 0.000669 65.083783
4.601537 1529426838.169174 0.000112 0.000170 0.000666 65.120502
4.613789 1529426838.181426 0.000112 0.000168 0.000667 64.860211
4.627470 1529426838.195107 0.000113 0.000170 0.000660 65.126011
4.638897 1529426838.206535 0.000110 0.000169 0.000670 65.054375
4.651287 1529426838.218925 0.000111 0.000169 0.000668 65.021277
4.663914 1529426838.231552 0.000113 0.000170 0.000661 64.905666
4.676765 1529426838.244403 0.000112 0.000170 0.000668 65.132594
4.689424 1529426838.257061 0.000112 0.000169 0.000667 64.773043
4.702203 1529426838.269841 0.000113 0.000170 0.000660 64.810120
4.714442 1529426838.282079 0.000113 0.000170 0.000661 64.725366
4.727155 1529426838.294793 0.000112 0.000170 0.000665 64.697655
4.740506 1529426838.308143 0.000111 0.000170 0.000668 64.699022
4.752692 1529426838.320330 0.000113 0.000169 0.000661 64.571812
4.765404 1529426838.333041 0.000114 0.000171 0.000658 64.606100
4.776953 1529426838.344590 0.000113 0.000170 0.000666 64.586795
4.789155 1529426838.356792 0.000113 0.000170 0.000664 64.469071
4.801528 1529426838.369166 0.000112 0.000170 0.000669 64.578072
4.814104 1529426838.381741 0.000114 0.000170 0.000661 64.561858
4.826617 1529426838.394254 0.000113 0.000170 0.000665 64.545953
4.839146 1529426838.406784 0.000113 0.000170 0.000666 64.385871
4.852934 1529426838.420571 0.000114 0.000169 0.000657 64.145621
4.864097 1529426838.431735 0.000113 0.000169 0.000662 64.298079
4.876585 1529426838.444223 0.000114 0.000170 0.000660 64.203584
4.889313 1529426838.456950 0.000114 0.000168 0.000665 64.217379
4.901520 1529426838.469157 0.000113 0.000170 0.000666 64.136416
4.914182 1529426838.481819 0.000114 0.000170 0.000665 63.945630
4.927158 1529426838.494795 0.000115 0.000171 0.000664 64.036956
4.939564 1529426838.507201 0.000117 0.000171 0.000656 63.896700
4.952083 1529426838.519720 0.000119 0.000171 0.000651 63.745736
4.965496 1529426838.533134 0.000118 0.000169 0.000651 63.383138
4.976746 1529426838.544383 0.000118 0.000167 0.000652 62.989214
4.989619 1529426838.557256 0.000118 0.000165 0.000650 62.677903
5.001921 1529426838.569558 0.000119 0.000165 0.000650 62.492061
5.014435 1529426838.582073 0.000119 0.000165 0.000649 62.380852
5.026867 1529426838.594505 0.000118 0.000164 0.000649 62.212378
5.039102 1529426838.606739 0.000118 0.000164 0.000649 62.203453
5.052484 1529426838.620121 0.000117 0.000163 0.000651 62.134133
5.065518 1529426838.633155 0.000116 0.000163 0.000653 62.184040
5.078341 1529426838.645978 0.000117 0.000162 0.000652 61.941467
5.090508 1529426838.658145 0.000117 0.000161 0.000654 61.692722
5.102428 1529426838.670066 0.000116 0.000162 0.000652 61.877983
5.114695 1529426838.682332 0.000116 0.000162 0.000652 61.834009
5.127207 1529426838.694845 0.000116 0.000162 0.000650 61.803169
5.139778 1529426838.707415 0.000117 0.000163 0.000645 61.741270
5.152309 1529426838.719947 0.000115 0.000162 0.000646 61.666392
5.164664 1529426838.732301 0.000116 0.000161 0.000648 61.400041
5.176903 1529426838.744540 0.000115 0.000161 0.000648 61.496624
5.189806 1529426838.757443 0.000115 0.000160 0.000640 61.241659
5.202099 1529426838.769736 0.000115 0.000160 0.000641 61.155407
5.214349 1529426838.781987 0.000117 0.000161 0.000644 61.315318
5.227124 1529426838.794761 0.000114 0.000160 0.000646 61.345478
5.239597 1529426838.807235 0.000115 0.000161 0.000644 61.412260
5.252100 1529426838.819737 0.000114 0.000160 0.000647 61.382658
5.264842 1529426838.832479 0.000114 0.000159 0.000651 61.389983
5.276996 1529426838.844633 0.000114 0.000160 0.000648 61.366279
5.289365 1529426838.857002 0.000113 0.000160 0.000645 61.413009
5.302083 1529426838.869720 0.000113 0.000160 0.000649 61.479420
5.314570 1529426838.882208 0.000115 0.000161 0.000642 61.411603
5.327042 1529426838.894680 0.000114 0.000161 0.000645 61.437966
5.339846 1529426838.907484 0.000114 0.000161 0.000646 61.453978
5.352453 1529426838.920091 0.000115 0.000160 0.000644 61.318849
5.364733 1529426838.932371 0.000114 0.000161 0.000644 61.524234
5.377170 1529426838.944807 0.000115 0.000161 0.000644 61.297460
5.389539 1529426838.957176 0.000113 0.000159 0.000649 61.318764
5.402004 1529426838.969642 0.000114 0.000161 0.000639 61.420792
5.414900 1529426838.982538 0.000113 0.000160 0.000646 61.294996
5.426991 1529426838.994628 0.000115 0.000161 0.000644 61.481846
5.439416 1529426839.007054 0.000114 0.000161 0.000643 61.458112
5.452026 1529426839.019663 0.000115 0.000161 0.000643 61.343308
5.464969 1529426839.032607 0.000114 0.000161 0.000644 61.459110
5.477122 1529426839.044760 0.000115 0.000161 0.000642 61.365931
5.489922 1529426839.057559 0.000115 0.000161 0.000643 61.245889
5.502511 1529426839.070148 0.000115 0.000161 0.000641 61.282144
5.514844 1529426839.082481 0.000115 0.000161 0.000646 61.339090
5.526815 1529426839.094453 0.000115 0.000161 0.000642 61.209526
5.539189 1529426839.106826 0.000117 0.000161 0.000641 61.139636
5.552737 1529426839.120374 0.000115 0.000162 0.000641 61.193026
5.565507 1529426839.133144 0.000115 0.000161 0.000644 61.098384
5.577720 1529426839.145358 0.000116 0.000161 0.000635 61.003836
5.589735 1529426839.157372 0.000116 0.000161 0.000641 61.069257
5.601616 1529426839.169253 0.000116 0.000162 0.000636 61.232619
5.614229 1529426839.181867 0.000116 0.000160 0.000646 60.925140
5.626813 1529426839.194451 0.000116 0.000159 0.000641 60.719961
5.639050 1529426839.206688 0.000118 0.000159 0.000624 60.827264
5.651943 1529426839.219580 0.000119 0.000159 0.000632 61.088532
5.664282 1529426839.231920 0.000118 0.000159 0.000633 61.003120
5.676872 1529426839.244509 0.000118 0.000159 0.000638 60.941963
5.689350 1529426839.256987 0.000118 0.000159 0.000635 61.129991
5.702795 1529426839.270432 0.000118 0.000159 0.000635 61.032183
5.715089 1529426839.282726 0.000119 0.000159 0.000630 60.822678
5.727847 1529426839.295485 0.000118 0.000158 0.000634 60.803361
5.740499 1529426839.308136 0.000117 0.000159 0.000630 60.886762
5.752616 1529426839.320254 0.000117 0.000158 0.000630 60.848769
5.766631 1529426839.334269 0.000118 0.000158 0.000625 60.597265
5.777548 1529426839.345185 0.000116 0.000159 0.000634 60.780821
5.789721 1529426839.357359 0.000117 0.000159 0.000627 60.746681
5.802491 1529426839.370128 0.000117 0.000158 0.000631 60.628354
5.814779 1529426839.382416 0.000116 0.000158 0.000635 60.761804
5.827775 1529426839.395412 0.000116 0.000158 0.000630 60.356721
5.839723 1529426839.407361 0.000115 0.000157 0.000636 60.344440
5.852519 1529426839.420156 0.000115 0.000156 0.000637 60.121206
5.865041 1529426839.432678 0.000113 0.000156 0.000638 59.897747
5.877936 1529426839.445574 0.000111 0.000156 0.000641 60.378179
5.889605 1529426839.457242 0.000112 0.000157 0.000641 60.113974
5.902212 1529426839.469849 0.000112 0.000157 0.000641 59.952232
5.915681 1529426839.483318 0.000113 0.000156 0.000640 59.596517
5.927397 1529426839.495034 0.000112 0.000156 0.000641 59.863185
5.939316 1529426839.506953 0.000112 0.000156 0.000639 59.657767
5.952063 1529426839.519701 0.000112 0.000157 0.000640 59.705427
5.964551 1529426839.532188 0.000112 0.000156 0.000638 59.513964
5.976841 1529426839.544478 0.000112 0.000154 0.000638 59.148581
5.990282 1529426839.557920 0.000110 0.000154 0.000640 59.321585
6.002835 1529426839.570472 0.000111 0.000154 0.000640 58.952431
6.015075 1529426839.582713 0.000112 0.000154 0.000631 58.789034
6.027796 1529426839.595434 0.000112 0.000154 0.000640 58.936678
6.040367 1529426839.608005 0.000112 0.000155 0.000631 58.885596
6.052675 1529426839.620313 0.000111 0.000154 0.000636 58.780644
6.065404 1529426839.633041 0.000111 0.000154 0.000635 58.639817
6.077656 1529426839.645293 0.000111 0.000154 0.000631 58.621078
6.090490 1529426839.658128 0.000111 0.000153 0.000634 58.605926
6.102929 1529426839.670566 0.000111 0.000153 0.000633 58.419031
6.115252 1529426839.682889 0.000112 0.000153 0.000631 58.407835
6.127659 1529426839.695296 0.000111 0.000153 0.000630 58.164804
6.140202 1529426839.707839 0.000112 0.000153 0.000632 58.042203
6.152141 1529426839.719779 0.000110 0.000153 0.000639 58.349153
6.164502 1529426839.732139 0.000111 0.000152 0.000632 57.952605
6.176643 1529426839.744280 0.000112 0.000153 0.000631 58.045414
6.189419 1529426839.757056 0.000111 0.000153 0.000632 58.045224
6.201691 1529426839.769329 0.000111 0.000152 0.000630 57.884701
6.214593 1529426839.782231 0.000111 0.000153 0.000629 57.822488
6.227021 1529426839.794658 0.000112 0.000153 0.000633 57.864664
6.239429 1529426839.807066 0.000112 0.000153 0.000630 57.718160
6.251974 1529426839.819611 0.000112 0.000153 0.000633 57.795624
6.264314 1529426839.831952 0.000112 0.000153 0.000628 57.702773
6.276900 1529426839.844537 0.000112 0.000153 0.000630 57.802431
6.289485 1529426839.857123 0.000112 0.000153 0.000633 57.883238
6.302238 1529426839.869875 0.000112 0.000153 0.000629 57.658672
6.314827 1529426839.882464 0.000113 0.000153 0.000627 57.484198
6.326895 1529426839.894533 0.000112 0.000153 0.000626 57.778384
6.339612 1529426839.907250 0.000113 0.000154 0.000624 57.660080
6.352214 1529426839.919852 0.000113 0.000153 0.000626 57.481123
6.364752 1529426839.932389 0.000113 0.000154 0.000627 57.498744
6.377290 1529426839.944927 0.000113 0.000154 0.000627 57.486782
6.389599 1529426839.957236 0.000113 0.000154 0.000628 57.688528
6.402073 1529426839.969711 0.000112 0.000153 0.000633 57.590193
6.414815 1529426839.982452 0.000113 0.000153 0.000632 57.565164
6.427269 1529426839.994906 0.000114 0.000154 0.000625 57.572193
6.439802 1529426840.007440 0.000113 0.000153 0.000630 57.411530
6.451980 1529426840.019618 0.000112 0.000154 0.000631 57.749057
6.464690 1529426840.032327 0.000113 0.000153 0.000631 57.432487
6.477098 1529426840.044736 0.000113 0.000153 0.000630 57.403494
6.489707 1529426840.057344 0.000112 0.000154 0.000631 57.420126
6.502164 1529426840.069802 0.000112 0.000153 0.000633 57.628856
6.514614 1529426840.082251 0.000114 0.000154 0.000623 57.313424
6.527063 1529426840.094700 0.000112 0.000154 0.000632 57.700384
6.539622 1529426840.107259 0.000112 0.000153 0.000635 57.674317
6.551963 1529426840.119600 0.000115 0.000154 0.000628 57.772500
6.564727 1529426840.132365 0.000115 0.000152 0.000630 57.708583
6.577145 1529426840.144782 0.000116 0.000152 0.000628 57.811648
6.589514 1529426840.157152 0.000117 0.000152 0.000628 57.700395
6.602169 1529426840.169807 0.000118 0.000152 0.000626 57.739549
6.615837 1529426840.183475 0.000118 0.000152 0.000623 57.760656
6.628292 1529426840.195930 0.000119 0.000151 0.000621 57.550974
6.640602 1529426840.208239 0.000117 0.000151 0.000620 57.474969
6.653104 1529426840.220741 0.000117 0.000150 0.000618 57.272645
6.664771 1529426840.232409 0.000116 0.000150 0.000624 57.570778
6.676666 1529426840.244303 0.000118 0.000151 0.000618 57.447092
6.690618 1529426840.258255 0.000116 0.000149 0.000621 57.143040
6.702697 1529426840.270334 0.000116 0.000150 0.000622 57.396368
6.715148 1529426840.282785 0.000116 0.000150 0.000622 57.408256
6.727742 1529426840.295380 0.000116 0.000150 0.000618 57.356997
6.740085 1529426840.307723 0.000115 0.000150 0.000623 57.544712
6.752710 1529426840.320348 0.000115 0.000150 0.000624 57.467929
6.765258 1529426840.332895 0.000115 0.000149 0.000622 57.463477
6.777837 1529426840.345474 0.000115 0.000149 0.000624 57.520999
6.790273 1529426840.357910 0.000115 0.000149 0.000622 57.293290
6.802645 1529426840.370283 0.000115 0.000149 0.000623 57.404361
6.815779 1529426840.383417 0.000116 0.000149 0.000621 57.471472
6.827917 1529426840.395555 0.000117 0.000150 0.000616 57.348252
6.840207 1529426840.407844 0.000116 0.000149 0.000619 57.293483
6.852594 1529426840.420232 0.000116 0.000149 0.000617 57.142611
6.865103 1529426840.432740 0.000115 0.000149 0.000622 57.158608
6.877819 1529426840.445456 0.000115 0.000149 0.000620 57.247320
6.889907 1529426840.457544 0.000115 0.000149 0.000621 57.221220
6.902182 1529426840.469820 0.000116 0.000149 0.000621 57.236915
6.914421 1529426840.482059 0.000116 0.000149 0.000616 57.042197
6.926829 1529426840.494466 0.000116 0.000149 0.000613 57.005204
6.939648 1529426840.507286 0.000115 0.000149 0.000621 57.144189
6.952316 1529426840.519953 0.000115 0.000149 0.000622 57.278260
6.964643 1529426840.532280 0.000115 0.000149 0.000622 57.120853
6.976895 1529426840.544532 0.000114 0.000149 0.000623 57.314040
6.989808 1529426840.557445 0.000115 0.000149 0.000619 57.097546
7.002690 1529426840.570327 0.000115 0.000149 0.000618 57.110553
7.015018 1529426840.582656 0.000116 0.000148 0.000619 57.130991
7.027517 1529426840.595155 0.000116 0.000148 0.000620 57.017833
7.040022 1529426840.607659 0.000116 0.000149 0.000621 57.143804
7.052813 1529426840.620450 0.000114 0.000149 0.000622 57.123255
7.065148 1529426840.632785 0.000116 0.000149 0.000620 57.201831
7.077656 1529426840.645293 0.000116 0.000149 0.000622 57.175105
7.090332 1529426840.657970 0.000116 0.000149 0.000620 57.307750
7.102594 1529426840.670232 0.000117 0.000150 0.000616 57.008462
7.115248 1529426840.682885 0.000116 0.000150 0.000620 57.158335
7.127961 1529426840.695598 0.000116 0.000149 0.000619 56.980713
7.140735 1529426840.708372 0.000118 0.000150 0.000615 57.150535
7.152975 1529426840.720613 0.000116 0.000150 0.000620 57.059413
7.165223 1529426840.732860 0.000117 0.000151 0.000617 56.910824
7.177657 1529426840.745294 0.000118 0.000151 0.000617 56.907029
7.189882 1529426840.757519 0.000119 0.000151 0.000612 56.781938
7.202413 1529426840.770051 0.000117 0.000151 0.000617 57.010555
7.214701 1529426840.782339 0.000119 0.000151 0.000616 56.986939
7.227172 1529426840.794810 0.000118 0.000150 0.000617 56.708137
7.239310 1529426840.806947 0.000119 0.000151 0.000618 56.755998
7.251986 1529426840.819623 0.000118 0.000150 0.000618 56.912068
7.264443 1529426840.832081 0.000118 0.000151 0.000619 56.853690
7.276869 1529426840.844506 0.000119 0.000152 0.000613 56.874990
7.289445 1529426840.857082 0.000119 0.000151 0.000616 56.795103
7.302003 1529426840.869640 0.000120 0.000152 0.000615 56.981241
7.315142 1529426840.882779 0.000120 0.000152 0.000615 56.844005
7.328198 1529426840.895836 0.000119 0.000150 0.000621 56.546921
7.340730 1529426840.908367 0.000118 0.000150 0.000620 56.697592
7.353212 1529426840.920849 0.000120 0.000151 0.000617 56.638266
7.365648 1529426840.933285 0.000120 0.000152 0.000618 56.844529
7.377946 1529426840.945584 0.000121 0.000152 0.000615 56.562120
7.390770 1529426840.958408 0.000121 0.000152 0.000616 56.571314
7.402960 1529426840.970597 0.000121 0.000152 0.000617 56.774165
7.414377 1529426840.982014 0.000122 0.000152 0.000612 56.455796
7.426967 1529426840.994605 0.000122 0.000153 0.000618 56.649548
7.439431 1529426841.007068 0.000122 0.000152 0.000615 56.575534
7.452130 1529426841.019767 0.000122 0.000152 0.000614 56.373809
7.464284 1529426841.031921 0.000121 0.000152 0.000620 56.559822
7.476781 1529426841.044419 0.000122 0.000153 0.000613 56.400541
7.489491 1529426841.057128 0.000120 0.000152 0.000620 56.219632
7.502808 1529426841.070445 0.000121 0.000153 0.000619 56.208417
7.515450 1529426841.083087 0.000121 0.000151 0.000623 56.175082
7.527988 1529426841.095625 0.000123 0.000151 0.000619 55.973139
7.540604 1529426841.108242 0.000123 0.000152 0.000619 56.029832
7.552875 1529426841.120512 0.000123 0.000152 0.000617 56.364278
7.565588 1529426841.133225 0.000123 0.000153 0.000618 56.368655
7.578027 1529426841.145664 0.000122 0.000153 0.000621 56.446041
7.589882 1529426841.157519 0.000123 0.000154 0.000623 56.380281
7.602366 1529426841.170003 0.000120 0.000153 0.000628 56.222960
7.615782 1529426841.183419 0.000123 0.000153 0.000621 55.895594
7.628657 1529426841.196294 0.000120 0.000152 0.000630 55.831096
7.640546 1529426841.208183 0.000120 0.000152 0.000633 55.677801
7.652610 1529426841.220247 0.000119 0.000151 0.000632 55.649085
7.664628 1529426841.232265 0.000122 0.000152 0.000625 55.875154
7.677137 1529426841.244774 0.000119 0.000151 0.000628 55.789138
7.689466 1529426841.257103 0.000120 0.000152 0.000630 55.994331
7.702424 1529426841.270061 0.000122 0.000152 0.000627 55.848343
7.715583 1529426841.283221 0.000119 0.000151 0.000629 55.574235
7.727902 1529426841.295540 0.000120 0.000151 0.000630 55.778825
7.741009 1529426841.308646 0.000120 0.000152 0.000627 55.902867
7.752518 1529426841.320156 0.000120 0.000152 0.000626 56.052259
7.765116 1529426841.332754 0.000119 0.000151 0.000628 55.986694
7.777638 1529426841.345275 0.000117 0.000150 0.000629 55.742970
7.789880 1529426841.357517 0.000119 0.000151 0.000624 55.718714
7.802312 1529426841.369950 0.000119 0.000151 0.000625 55.611016
7.814842 1529426841.382480 0.000119 0.000150 0.000625 55.498120
7.827459 1529426841.395096 0.000119 0.000151 0.000623 55.391867
7.840187 1529426841.407824 0.000117 0.000150 0.000625 55.516811
7.852495 1529426841.420132 0.000118 0.000151 0.000623 55.494738
7.865108 1529426841.432745 0.000119 0.000150 0.000624 55.328476
7.877477 1529426841.445115 0.000119 0.000150 0.000626 55.562648
7.890013 1529426841.457650 0.000117 0.000150 0.000627 55.500188
7.902519 1529426841.470156 0.000119 0.000150 0.000617 55.397783
7.915011 1529426841.482648 0.000119 0.000150 0.000624 55.495729
7.928067 1529426841.495705 0.000118 0.000150 0.000624 55.781348
7.939957 1529426841.507594 0.000119 0.000150 0.000623 55.600091
7.952645 1529426841.520282 0.000118 0.000151 0.000623 55.724893
7.965198 1529426841.532836 0.000118 0.000151 0.000622 55.817977
7.977701 1529426841.545339 0.000118 0.000151 0.000621 55.705050
7.990143 1529426841.557780 0.000119 0.000150 0.000625 55.607174
8.002581 1529426841.570219 0.000119 0.000150 0.000622 55.666424
8.015349 1529426841.582986 0.000118 0.000151 0.000622 55.886198
8.027657 1529426841.595295 0.000118 0.000151 0.000621 55.593460
8.041330 1529426841.608968 0.000119 0.000151 0.000624 55.677749
8.052560 1529426841.620197 0.000120 0.000151 0.000623 55.786036
8.065158 1529426841.632795 0.000119 0.000151 0.000621 55.861983
8.077522 1529426841.645159 0.000119 0.000151 0.000624 55.489597
8.090110 1529426841.657748 0.000120 0.000151 0.000619 55.498167
8.102701 1529426841.670338 0.000119 0.000151 0.000622 55.573617
8.115277 1529426841.682915 0.000119 0.000151 0.000623 55.564265
8.127638 1529426841.695275 0.000119 0.000151 0.000623 55.701731
8.140043 1529426841.707681 0.000119 0.000151 0.000624 55.667159
8.152562 1529426841.720200 0.000119 0.000152 0.000625 55.652554
8.165049 1529426841.732686 0.000119 0.000152 0.000620 55.690302
8.177635 1529426841.745273 0.000119 0.000151 0.000620 55.551703
8.190030 1529426841.757668 0.000119 0.000151 0.000622 55.497592
8.202669 1529426841.770306 0.000119 0.000151 0.000628 55.349406
8.215341 1529426841.782979 0.000120 0.000151 0.000626 55.385796
8.227495 1529426841.795133 0.000119 0.000151 0.000624 55.402672
8.239996 1529426841.807634 0.000119 0.000151 0.000622 55.223340
8.252919 1529426841.820557 0.000118 0.000150 0.000626 55.033131
8.264939 1529426841.832577 0.000119 0.000151 0.000628 55.076123
8.278268 1529426841.845906 0.000119 0.000151 0.000625 55.142244
8.291046 1529426841.858684 0.000118 0.000150 0.000632 54.951175
8.303058 1529426841.870695 0.000120 0.000151 0.000622 54.734009
8.315610 1529426841.883248 0.000120 0.000151 0.000623 54.981800
8.327459 1529426841.895097 0.000120 0.000151 0.000624 54.746289
8.339489 1529426841.907126 0.000120 0.000150 0.000624 54.643747
8.352261 1529426841.919899 0.000121 0.000151 0.000622 54.727096
8.364646 1529426841.932283 0.000120 0.000151 0.000622 54.757787
8.377464 1529426841.945101 0.000121 0.000151 0.000622 54.595006
8.389615 1529426841.957252 0.000121 0.000152 0.000622 54.673928
8.402150 1529426841.969788 0.000120 0.000151 0.000623 54.408529
8.414660 1529426841.982298 0.000122 0.000151 0.000622 54.563706
8.427872 1529426841.995510 0.000122 0.000151 0.000618 54.460928
8.440710 1529426842.008347 0.000123 0.000151 0.000619 54.508422
8.453149 1529426842.020786 0.000120 0.000151 0.000625 54.582292
8.464947 1529426842.032584 0.000120 0.000151 0.000625 54.290865
8.477195 1529426842.044832 0.000122 0.000152 0.000618 54.799146
8.489702 1529426842.057339 0.000122 0.000152 0.000620 54.488311
8.501997 1529426842.069634 0.000119 0.000151 0.000624 54.443209
8.514909 1529426842.082546 0.000122 0.000152 0.000617 54.716940
8.527246 1529426842.094884 0.000122 0.000152 0.000614 54.465425
8.539762 1529426842.107399 0.000120 0.000151 0.000621 54.484246
8.553008 1529426842.120646 0.000121 0.000152 0.000620 54.474633
8.565777 1529426842.133414 0.000122 0.000152 0.000617 54.592908
8.578409 1529426842.146047 0.000122 0.000152 0.000618 54.362717
8.590872 1529426842.158510 0.000121 0.000151 0.000623 54.287506
8.602904 1529426842.170542 0.000122 0.000152 0.000617 54.619653
8.615639 1529426842.183277 0.000122 0.000152 0.000617 54.462851
8.627409 1529426842.195046 0.000121 0.000152 0.000617 54.562293
8.640072 1529426842.207709 0.000121 0.000151 0.000624 54.030739
8.652898 1529426842.220535 0.000122 0.000152 0.000620 54.117885
8.665078 1529426842.232715 0.000120 0.000151 0.000624 54.297126
8.677671 1529426842.245309 0.000120 0.000152 0.000623 54.400821
8.690454 1529426842.258092 0.000122 0.000152 0.000619 54.425962
8.702807 1529426842.270445 0.000120 0.000152 0.000621 54.379712
8.715076 1529426842.282714 0.000122 0.000152 0.000620 54.268862
8.727898 1529426842.295535 0.000121 0.000152 0.000625 54.448886
8.740164 1529426842.307801 0.000120 0.000151 0.000624 54.238917
8.752655 1529426842.320293 0.000121 0.000151 0.000624 54.201876
8.765095 1529426842.332733 0.000122 0.000152 0.000618 54.299842
8.777726 1529426842.345364 0.000122 0.000152 0.000622 54.049877
8.790202 1529426842.357839 0.000121 0.000152 0.000618 54.254408
8.802792 1529426842.370430 0.000121 0.000152 0.000621 54.419914
8.815390 1529426842.383028 0.000122 0.000153 0.000615 54.429716
8.827703 1529426842.395341 0.000123 0.000152 0.000620 54.300532
8.839959 1529426842.407596 0.000122 0.000152 0.000620 54.289948
8.852768 1529426842.420405 0.000122 0.000152 0.000619 54.312861
8.865224 1529426842.432861 0.000122 0.000152 0.000620 54.417887
8.877778 1529426842.445415 0.000123 0.000152 0.000618 54.331293
8.890267 1529426842.457904 0.000121 0.000152 0.000618 54.436676
8.902921 1529426842.470558 0.000122 0.000152 0.000623 54.519571
8.915112 1529426842.482749 0.000123 0.000153 0.000615 54.557149
8.927526 1529426842.495163 0.000122 0.000152 0.000617 54.335892
8.940684 1529426842.508321 0.000121 0.000152 0.000618 54.511106
8.952868 1529426842.520505 0.000122 0.000153 0.000618 54.608248
8.965033 1529426842.532670 0.000123 0.000153 0.000613 54.543718
8.977909 1529426842.545546 0.000125 0.000153 0.000609 54.064655
8.990181 1529426842.557819 0.000126 0.000152 0.000613 53.563964
9.004351 1529426842.571988 0.000125 0.000154 0.000612 53.563320
9.015108 1529426842.582745 0.000124 0.000154 0.000615 53.522286
9.027797 1529426842.595434 0.000122 0.000150 0.000631 53.083192
9.040218 1529426842.607855 0.000123 0.000152 0.000625 53.232522
9.052722 1529426842.620359 0.000123 0.000152 0.000626 53.427380
9.064830 1529426842.632467 0.000123 0.000152 0.000626 53.505501
9.077420 1529426842.645057 0.000123 0.000152 0.000622 53.522682
9.090348 1529426842.657985 0.000123 0.000151 0.000627 53.304768
9.102761 1529426842.670398 0.000123 0.000153 0.000625 53.530919
9.115286 1529426842.682923 0.000123 0.000153 0.000624 53.910846
9.127485 1529426842.695122 0.000123 0.000153 0.000624 53.732236
9.140127 1529426842.707764 0.000122 0.000151 0.000629 53.407424
9.152504 1529426842.720141 0.000123 0.000152 0.000625 53.493414
9.164692 1529426842.732329 0.000123 0.000152 0.000625 53.167786
9.177344 1529426842.744981 0.000123 0.000151 0.000625 53.284202
9.189607 1529426842.757244 0.000123 0.000151 0.000625 53.240051
9.202185 1529426842.769822 0.000122 0.000151 0.000627 53.452236
9.214446 1529426842.782084 0.000123 0.000152 0.000621 53.264802
9.227640 1529426842.795277 0.000122 0.000152 0.000622 53.509539
9.240054 1529426842.807692 0.000122 0.000152 0.000625 53.546571
9.252300 1529426842.819937 0.000122 0.000151 0.000623 53.608323
9.264653 1529426842.832290 0.000122 0.000152 0.000623 53.576033
9.277112 1529426842.844749 0.000122 0.000152 0.000620 53.581939
9.289700 1529426842.857337 0.000122 0.000152 0.000624 53.198898
9.302167 1529426842.869804 0.000122 0.000152 0.000626 53.250626
9.314731 1529426842.882368 0.000122 0.000151 0.000625 53.101196
9.327467 1529426842.895105 0.000123 0.000151 0.000627 53.047031
9.340166 1529426842.907803 0.000123 0.000152 0.000622 53.020217
9.352572 1529426842.920209 0.000122 0.000151 0.000626 52.921638
9.365103 1529426842.932741 0.000123 0.000151 0.000626 52.699955
9.377739 1529426842.945376 0.000122 0.000151 0.000624 52.873920
9.390021 1529426842.957659 0.000122 0.000151 0.000626 52.879832
9.402528 1529426842.970165 0.000122 0.000151 0.000623 52.880551
9.415316 1529426842.982954 0.000123 0.000152 0.000623 52.676584
9.427735 1529426842.995372 0.000123 0.000151 0.000625 52.731099
9.439941 1529426843.007578 0.000123 0.000151 0.000622 52.599011
9.452998 1529426843.020636 0.000123 0.000151 0.000625 52.359268
9.465356 1529426843.032994 0.000123 0.000151 0.000625 52.736603
9.477923 1529426843.045560 0.000123 0.000152 0.000621 52.625697
9.490480 1529426843.058117 0.000123 0.000152 0.000623 52.388780
9.502578 1529426843.070215 0.000124 0.000152 0.000620 52.708415
9.515098 1529426843.082736 0.000123 0.000152 0.000621 52.562360
9.528005 1529426843.095643 0.000124 0.000152 0.000623 52.440693
9.540722 1529426843.108359 0.000124 0.000152 0.000621 52.535122
9.553221 1529426843.120859 0.000124 0.000151 0.000619 52.077716
9.565115 1529426843.132753 0.000124 0.000152 0.000621 52.374261
9.578627 1529426843.146264 0.000125 0.000152 0.000616 52.379218
9.591213 1529426843.158851 0.000125 0.000152 0.000619 52.303256
9.603575 1529426843.171212 0.000125 0.000152 0.000621 52.442408
9.616058 1529426843.183695 0.000125 0.000152 0.000621 52.237931
9.627311 1529426843.194949 0.000125 0.000153 0.000620 52.394244
9.640804 1529426843.208441 0.000126 0.000153 0.000615 52.407209
9.653728 1529426843.221366 0.000126 0.000152 0.000620 52.086688
9.665829 1529426843.233467 0.000125 0.000153 0.000617 52.437612
9.677454 1529426843.245091 0.000125 0.000152 0.000620 52.003276
9.689948 1529426843.257586 0.000126 0.000154 0.000616 52.477930
9.702555 1529426843.270193 0.000126 0.000152 0.000620 51.892501
9.716174 1529426843.283812 0.000126 0.000153 0.000618 52.189135
9.728777 1529426843.296414 0.000127 0.000153 0.000621 52.203382
9.740744 1529426843.308382 0.000125 0.000151 0.000622 51.771733
9.752594 1529426843.320231 0.000126 0.000153 0.000617 52.018185
9.765330 1529426843.332968 0.000125 0.000151 0.000620 51.856042
9.777496 1529426843.345134 0.000125 0.000153 0.000618 52.102001
9.789743 1529426843.357380 0.000124 0.000151 0.000621 52.007061
9.802577 1529426843.370214 0.000125 0.000152 0.000621 51.812640
9.816078 1529426843.383716 0.000125 0.000153 0.000616 52.065530
9.828160 1529426843.395797 0.000125 0.000152 0.000613 52.075917
9.840831 1529426843.408469 0.000124 0.000151 0.000622 51.793324
9.853322 1529426843.420959 0.000125 0.000152 0.000621 52.175466
9.866222 1529426843.433860 0.000124 0.000153 0.000618 52.169724
9.878706 1529426843.446344 0.000124 0.000152 0.000623 52.334023
9.891125 1529426843.458763 0.000124 0.000153 0.000624 52.511387
9.903442 1529426843.471080 0.000125 0.000153 0.000622 52.704162
9.916088 1529426843.483726 0.000125 0.000153 0.000616 52.693814
9.927676 1529426843.495314 0.000125 0.000151 0.000616 52.494659
9.940109 1529426843.507746 0.000126 0.000152 0.000611 52.341090
9.952531 1529426843.520169 0.000126 0.000152 0.000608 52.573480
9.965050 1529426843.532688 0.000125 0.000150 0.000617 52.297243
9.977625 1529426843.545262 0.000124 0.000151 0.000613 52.558182
9.990392 1529426843.558030 0.000124 0.000151 0.000614 52.313861
10.002669 1529426843.570307 0.000124 0.000152 0.000605 52.716599
10.015263 1529426843.582900 0.000124 0.000150 0.000614 52.465465
10.027653 1529426843.595291 0.000125 0.000151 0.000609 52.424118
10.040095 1529426843.607732 0.000124 0.000151 0.000611 52.463901
10.053482 1529426843.621119 0.000124 0.000150 0.000610 52.433988
10.066165 1529426843.633802 0.000124 0.000151 0.000609 52.521349
10.077636 1529426843.645274 0.000124 0.000151 0.000611 52.575469
10.090247 1529426843.657884 0.000123 0.000150 0.000610 52.609479
10.103572 1529426843.671209 0.000123 0.000150 0.000610 52.482491
10.115929 1529426843.683566 0.000123 0.000150 0.000614 52.154318
10.127496 1529426843.695133 0.000123 0.000150 0.000610 52.349605
10.139757 1529426843.707395 0.000124 0.000151 0.000607 52.573508
10.153364 1529426843.721001 0.000123 0.000150 0.000609 52.435163
10.166157 1529426843.733795 0.000123 0.000150 0.000609 52.477225
10.178814 1529426843.746452 0.000124 0.000150 0.000608 52.437961
10.190637 1529426843.758274 0.000123 0.000150 0.000611 52.449633
10.202711 1529426843.770348 0.000123 0.000150 0.000610 52.637427
10.215209 1529426843.782846 0.000123 0.000150 0.000610 52.621751
10.228911 1529426843.796549 0.000122 0.000150 0.000610 52.527079
10.241378 1529426843.809016 0.000123 0.000150 0.000608 52.825140
10.253172 1529426843.820809 0.000124 0.000150 0.000609 52.351427
10.264992 1529426843.832629 0.000123 0.000150 0.000608 52.605681
10.278063 1529426843.845700 0.000123 0.000149 0.000611 52.569221
10.290581 1529426843.858219 0.000123 0.000150 0.000610 52.929887
10.303158 1529426843.870795 0.000124 0.000150 0.000609 52.733444
10.315934 1529426843.883571 0.000124 0.000150 0.000608 52.803505
10.327998 1529426843.895635 0.000122 0.000149 0.000613 52.764713
10.340320 1529426843.907958 0.000124 0.000150 0.000608 52.532369
10.353082 1529426843.920720 0.000123 0.000150 0.000609 52.668417
10.366591 1529426843.934228 0.000124 0.000149 0.000610 52.556788
10.378470 1529426843.946107 0.000123 0.000150 0.000611 52.633582
10.390348 1529426843.957985 0.000124 0.000150 0.000612 52.458613
10.402373 1529426843.970011 0.000123 0.000150 0.000613 52.349730
10.414859 1529426843.982497 0.000124 0.000150 0.000611 52.386615
10.427904 1529426843.995541 0.000125 0.000151 0.000610 52.520703
10.439751 1529426844.007388 0.000125 0.000150 0.000609 52.398189
10.452591 1529426844.020228 0.000125 0.000150 0.000608 52.170266
10.464841 1529426844.032479 0.000125 0.000149 0.000608 52.156853
10.477463 1529426844.045100 0.000125 0.000150 0.000605 52.048844
10.489742 1529426844.057379 0.000125 0.000150 0.000604 52.087998
10.502321 1529426844.069958 0.000126 0.000150 0.000604 52.020900
10.514766 1529426844.082404 0.000125 0.000149 0.000607 51.775258
10.527186 1529426844.094824 0.000127 0.000149 0.000604 51.679515
10.540206 1529426844.107843 0.000126 0.000149 0.000607 51.881077
10.552210 1529426844.119847 0.000125 0.000149 0.000604 51.743608
10.564656 1529426844.132293 0.000125 0.000149 0.000603 52.020725
10.577112 1529426844.144750 0.000126 0.000149 0.000606 51.640691
10.590427 1529426844.158065 0.000125 0.000149 0.000605 51.689862
10.602394 1529426844.170032 0.000125 0.000149 0.000604 51.935716
10.614683 1529426844.182321 0.000125 0.000149 0.000605 51.747988
10.627046 1529426844.194684 0.000125 0.000149 0.000604 51.733863
10.639858 1529426844.207496 0.000125 0.000149 0.000605 51.737267
10.652513 1529426844.220150 0.000125 0.000149 0.000603 51.770369
10.664763 1529426844.232400 0.000126 0.000149 0.000604 51.566866
10.677450 1529426844.245087 0.000125 0.000149 0.000602 51.855235
10.689793 1529426844.257431 0.000126 0.000149 0.000604 51.697287
10.702485 1529426844.270123 0.000126 0.000149 0.000601 51.904230
10.714823 1529426844.282460 0.000126 0.000149 0.000600 51.710759
10.727216 1529426844.294854 0.000125 0.000148 0.000605 51.608546
10.740038 1529426844.307676 0.000126 0.000149 0.000600 51.675656
10.752508 1529426844.320145 0.000127 0.000149 0.000600 51.585231
10.764829 1529426844.332466 0.000126 0.000149 0.000599 51.797980
10.777498 1529426844.345136 0.000127 0.000150 0.000600 51.784573
10.791064 1529426844.358701 0.000126 0.000149 0.000602 51.877725
10.803733 1529426844.371371 0.000126 0.000149 0.000602 51.551950
10.816027 1529426844.383664 0.000127 0.000150 0.000600 51.625612
10.828096 1529426844.395734 0.000126 0.000150 0.000606 51.558519
10.840576 1529426844.408214 0.000124 0.000150 0.000625 50.642476
10.853052 1529426844.420690 0.000123 0.000151 0.000635 50.671141
10.865666 1529426844.433303 0.000121 0.000152 0.000636 51.056691
10.877983 1529426844.445620 0.000121 0.000150 0.000643 51.167501
10.890237 1529426844.457874 0.000121 0.000148 0.000650 50.765279
10.902887 1529426844.470525 0.000121 0.000149 0.000649 51.287743
10.915780 1529426844.483417 0.000121 0.000149 0.000646 51.402241
10.927913 1529426844.495550 0.000121 0.000148 0.000648 51.315140
10.940597 1529426844.508235 0.000121 0.000149 0.000645 51.461988
10.953044 1529426844.520682 0.000121 0.000149 0.000648 51.221963
10.965431 1529426844.533069 0.000120 0.000148 0.000645 50.977219
10.978239 1529426844.545876 0.000120 0.000148 0.000641 51.179043
10.990759 1529426844.558397 0.000120 0.000148 0.000644 51.144857
11.002641 1529426844.570279 0.000120 0.000148 0.000642 51.330654
11.014971 1529426844.582609 0.000119 0.000148 0.000645 51.183991
11.027636 1529426844.595274 0.000120 0.000148 0.000643 51.438208
11.040248 1529426844.607886 0.000120 0.000148 0.000641 51.346252
11.054044 1529426844.621681 0.000119 0.000148 0.000639 51.344477
11.066371 1529426844.634009 0.000119 0.000148 0.000641 51.358920
11.078758 1529426844.646396 0.000119 0.000147 0.000642 51.043825
11.091000 1529426844.658638 0.000119 0.000147 0.000643 51.300061
11.103910 1529426844.671547 0.000118 0.000147 0.000644 51.077154
11.116081 1529426844.683718 0.000118 0.000147 0.000644 51.069003
11.128640 1529426844.696278 0.000119 0.000147 0.000642 51.125676
11.140999 1529426844.708637 0.000119 0.000147 0.000643 51.169711
11.153758 1529426844.721395 0.000119 0.000146 0.000643 51.084370
11.165407 1529426844.733044 0.000118 0.000147 0.000643 51.175161
11.177645 1529426844.745283 0.000119 0.000147 0.000643 51.239448
11.190109 1529426844.757746 0.000119 0.000147 0.000641 51.070252
11.202553 1529426844.770190 0.000118 0.000147 0.000641 51.268730
11.216066 1529426844.783703 0.000118 0.000147 0.000642 51.240182
11.227870 1529426844.795507 0.000118 0.000147 0.000643 51.343039
11.240421 1529426844.808059 0.000118 0.000147 0.000641 51.117398
11.253240 1529426844.820877 0.000118 0.000147 0.000644 51.108345
11.266214 1529426844.833851 0.000118 0.000146 0.000642 50.946898
11.278959 1529426844.846596 0.000119 0.000147 0.000643 51.187655
11.291410 1529426844.859048 0.000118 0.000147 0.000642 51.336922
11.302796 1529426844.870433 0.000118 0.000147 0.000641 51.103028
11.315746 1529426844.883384 0.000118 0.000146 0.000644 51.234312
11.329318 1529426844.896956 0.000119 0.000147 0.000641 51.020463
11.340780 1529426844.908418 0.000119 0.000148 0.000637 51.081904
11.352905 1529426844.920543 0.000119 0.000147 0.000640 51.242963
11.365646 1529426844.933283 0.000118 0.000147 0.000642 51.158282
11.378579 1529426844.946217 0.000118 0.000147 0.000642 51.270043
11.390707 1529426844.958345 0.000118 0.000146 0.000643 50.849937
11.402885 1529426844.970523 0.000118 0.000147 0.000642 51.285358
11.415848 1529426844.983486 0.000119 0.000147 0.000642 51.192740
11.428150 1529426844.995787 0.000118 0.000147 0.000644 51.317860
11.440598 1529426845.008235 0.000118 0.000147 0.000642 51.237293
11.453273 1529426845.020911 0.000118 0.000147 0.000645 51.393470
11.465685 1529426845.033323 0.000119 0.000147 0.000643 51.234442
11.478422 1529426845.046060 0.000120 0.000148 0.000641 51.091939
11.490748 1529426845.058385 0.000118 0.000146 0.000646 51.154863
11.502835 1529426845.070472 0.000120 0.000147 0.000642 51.053025
11.515256 1529426845.082894 0.000119 0.000148 0.000643 51.390559
11.527907 1529426845.095544 0.000119 0.000147 0.000646 51.131563
11.540978 1529426845.108615 0.000118 0.000147 0.000644 50.867946
11.553909 1529426845.121546 0.000119 0.000147 0.000643 51.166116
11.566138 1529426845.133776 0.000120 0.000147 0.000643 51.074348
11.577846 1529426845.145483 0.000120 0.000147 0.000641 51.148985
11.590425 1529426845.158062 0.000120 0.000148 0.000641 51.130940
11.602828 1529426845.170465 0.000120 0.000147 0.000643 50.943101
11.615726 1529426845.183363 0.000120 0.000147 0.000642 51.082312
11.628074 1529426845.195712 0.000121 0.000148 0.000640 51.127855
11.640810 1529426845.208447 0.000121 0.000147 0.000642 50.732934
11.653054 1529426845.220691 0.000121 0.000148 0.000642 51.056307
11.665587 1529426845.233225 0.000120 0.000148 0.000641 51.093508
11.678169 1529426845.245807 0.000121 0.000148 0.000642 51.017077
11.690438 1529426845.258076 0.000121 0.000148 0.000640 50.966703
11.703013 1529426845.270651 0.000121 0.000149 0.000639 51.092323
11.715276 1529426845.282913 0.000120 0.000148 0.000641 50.992540
11.727792 1529426845.295429 0.000121 0.000149 0.000640 51.044872
11.740318 1529426845.307955 0.000121 0.000148 0.000642 50.794490
11.752868 1529426845.320505 0.000122 0.000149 0.000640 50.952161
11.765756 1529426845.333393 0.000122 0.000149 0.000637 50.713332
11.777819 1529426845.345456 0.000122 0.000149 0.000640 50.845376
11.790356 1529426845.357994 0.000122 0.000148 0.000642 50.811893
11.802926 1529426845.370564 0.000122 0.000149 0.000638 50.786339
11.815829 1529426845.383466 0.000122 0.000149 0.000642 50.817523
11.828075 1529426845.395713 0.000122 0.000149 0.000640 50.917608
11.840717 1529426845.408354 0.000120 0.000149 0.000649 50.995549
11.852986 1529426845.420623 0.000119 0.000148 0.000660 50.746202
11.865670 1529426845.433307 0.000117 0.000147 0.000673 50.532977
11.878019 1529426845.445656 0.000115 0.000147 0.000686 50.671765
11.890995 1529426845.458633 0.000114 0.000146 0.000688 51.113691
11.906347 1529426845.473984 0.000115 0.000146 0.000691 51.252801
11.915629 1529426845.483266 0.000115 0.000146 0.000694 51.313737
11.928260 1529426845.495898 0.000114 0.000146 0.000693 51.376331
11.940500 1529426845.508137 0.000114 0.000146 0.000688 51.482799
11.952888 1529426845.520525 0.000113 0.000146 0.000690 51.580299
11.965889 1529426845.533527 0.000114 0.000145 0.000690 51.567621
11.978268 1529426845.545905 0.000112 0.000146 0.000689 51.734865
11.990568 1529426845.558206 0.000112 0.000146 0.000685 51.892840
12.003227 1529426845.570865 0.000112 0.000145 0.000688 51.747989
12.015268 1529426845.582905 0.000112 0.000145 0.000688 51.832538
12.027959 1529426845.595596 0.000112 0.000145 0.000686 51.792494
12.040587 1529426845.608225 0.000112 0.000145 0.000687 51.712827
12.052840 1529426845.620478 0.000113 0.000145 0.000685 51.812989
12.065729 1529426845.633367 0.000111 0.000145 0.000687 52.047232
12.078095 1529426845.645732 0.000112 0.000145 0.000689 51.872481
12.090867 1529426845.658504 0.000111 0.000145 0.000685 52.258839
12.103129 1529426845.670767 0.000110 0.000145 0.000689 52.080506
12.115852 1529426845.683489 0.000111 0.000145 0.000685 52.183574
12.128124 1529426845.695761 0.000111 0.000145 0.000684 52.226012
12.140814 1529426845.708452 0.000111 0.000145 0.000684 52.154624
12.153205 1529426845.720842 0.000111 0.000144 0.000681 52.112816
12.166022 1529426845.733660 0.000111 0.000146 0.000675 52.172085
12.178337 1529426845.745974 0.000112 0.000146 0.000664 51.955204
12.190666 1529426845.758303 0.000116 0.000146 0.000659 51.441065
12.202947 1529426845.770584 0.000118 0.000144 0.000656 51.273084
12.215835 1529426845.783473 0.000118 0.000144 0.000648 50.994698
12.228343 1529426845.795981 0.000118 0.000145 0.000647 50.765293
12.240534 1529426845.808171 0.000117 0.000145 0.000646 50.571608
12.252725 1529426845.820363 0.000117 0.000145 0.000649 50.736835
12.265523 1529426845.833161 0.000117 0.000144 0.000647 50.686718
12.277904 1529426845.845541 0.000117 0.000144 0.000648 50.682758
12.290534 1529426845.858171 0.000116 0.000144 0.000650 50.416260
12.303117 1529426845.870754 0.000115 0.000145 0.000650 50.883930
12.315570 1529426845.883207 0.000116 0.000144 0.000650 50.450826
12.328036 1529426845.895673 0.000115 0.000144 0.000651 50.436434
12.340779 1529426845.908416 0.000115 0.000144 0.000651 50.403305
12.353303 1529426845.920940 0.000114 0.000144 0.000653 50.495376
12.365739 1529426845.933377 0.000114 0.000144 0.000652 50.228225
12.378095 1529426845.945733 0.000114 0.000143 0.000651 50.198050
12.390568 1529426845.958205 0.000114 0.000144 0.000650 50.340235
12.403023 1529426845.970660 0.000114 0.000143 0.000654 50.134204
12.416644 1529426845.984282 0.000115 0.000143 0.000650 50.198371
12.428846 1529426845.996484 0.000114 0.000144 0.000646 50.212306
12.440801 1529426846.008438 0.000113 0.000143 0.000653 50.352208
12.452800 1529426846.020437 0.000114 0.000143 0.000652 49.969946
12.465609 1529426846.033246 0.000114 0.000143 0.000650 50.125157
12.478033 1529426846.045670 0.000115 0.000144 0.000648 50.075634
12.490531 1529426846.058168 0.000113 0.000143 0.000651 49.887177
12.502855 1529426846.070492 0.000115 0.000144 0.000647 50.044698
12.515832 1529426846.083470 0.000114 0.000143 0.000650 49.914218
12.528086 1529426846.095723 0.000114 0.000143 0.000650 49.965121
12.540618 1529426846.108256 0.000114 0.000144 0.000649 49.830008
12.552978 1529426846.120615 0.000115 0.000143 0.000652 49.615673
12.565532 1529426846.133169 0.000115 0.000143 0.000649 49.845482
12.578110 1529426846.145747 0.000114 0.000143 0.000652 49.738777
12.590994 1529426846.158631 0.000114 0.000143 0.000654 49.397521
12.602990 1529426846.170628 0.000115 0.000143 0.000649 49.628206
12.615400 1529426846.183038 0.000115 0.000144 0.000646 49.752649
12.627615 1529426846.195252 0.000116 0.000143 0.000648 49.489083
12.640121 1529426846.207758 0.000115 0.000143 0.000651 49.600164
12.652831 1529426846.220468 0.000115 0.000143 0.000651 49.605858
12.665689 1529426846.233326 0.000115 0.000142 0.000656 49.052980
12.679000 1529426846.246638 0.000116 0.000143 0.000653 49.460791
12.692009 1529426846.259647 0.000115 0.000143 0.000654 49.462238
12.703494 1529426846.271131 0.000116 0.000143 0.000650 49.112577
12.715273 1529426846.282911 0.000116 0.000144 0.000649 49.052530
12.727595 1529426846.295233 0.000115 0.000143 0.000650 49.154216
12.739978 1529426846.307615 0.000115 0.000143 0.000652 49.275437
12.752575 1529426846.320212 0.000115 0.000144 0.000654 49.160628
12.765081 1529426846.332719 0.000115 0.000143 0.000654 49.169039
12.777477 1529426846.345114 0.000117 0.000145 0.000648 49.238896
12.789987 1529426846.357624 0.000118 0.000143 0.000645 48.878891
12.803664 1529426846.371301 0.000118 0.000144 0.000640 48.823615
12.816853 1529426846.384490 0.000117 0.000145 0.000634 48.412052
12.828869 1529426846.396507 0.000115 0.000146 0.000636 48.164655
12.841287 1529426846.408925 0.000113 0.000145 0.000653 47.921594
12.854043 1529426846.421680 0.000113 0.000145 0.000657 47.839699
12.866356 1529426846.433993 0.000112 0.000144 0.000664 48.224479
12.878024 1529426846.445661 0.000111 0.000144 0.000664 48.300516
12.890827 1529426846.458464 0.000113 0.000144 0.000663 48.144072
12.903096 1529426846.470734 0.000111 0.000143 0.000667 48.274942
12.916305 1529426846.483942 0.000112 0.000144 0.000662 48.169621
12.928694 1529426846.496331 0.000112 0.000143 0.000663 47.911032
12.941159 1529426846.508797 0.000110 0.000144 0.000660 48.373475
12.952865 1529426846.520503 0.000111 0.000145 0.000658 48.254039
12.965063 1529426846.532700 0.000111 0.000144 0.000656 48.128635
12.977673 1529426846.545310 0.000111 0.000144 0.000656 48.079597
12.990245 1529426846.557882 0.000110 0.000144 0.000658 48.203451
13.004012 1529426846.571649 0.000111 0.000144 0.000658 47.848672
13.016570 1529426846.584207 0.000111 0.000143 0.000660 47.914480
13.029005 1529426846.596642 0.000110 0.000143 0.000659 47.736729
13.041447 1529426846.609084 0.000110 0.000143 0.000661 47.660658
13.053106 1529426846.620743 0.000109 0.000143 0.000658 47.713656
13.065468 1529426846.633106 0.000110 0.000143 0.000656 47.484287
13.077868 1529426846.645506 0.000110 0.000143 0.000655 47.658379
13.091337 1529426846.658974 0.000109 0.000143 0.000657 47.662995
13.103599 1529426846.671236 0.000109 0.000143 0.000659 47.625391
13.116122 1529426846.683759 0.000109 0.000143 0.000657 47.764140
13.127718 1529426846.695356 0.000110 0.000143 0.000657 47.808711
13.140277 1529426846.707915 0.000109 0.000143 0.000655 47.694721
13.154332 1529426846.721970 0.000109 0.000143 0.000655 47.898497
13.166158 1529426846.733796 0.000109 0.000142 0.000658 47.663715
13.178505 1529426846.746142 0.000110 0.000141 0.000657 47.638299
13.190780 1529426846.758418 0.000112 0.000140 0.000652 47.803121
13.202951 1529426846.770588 0.000112 0.000139 0.000649 48.239565
13.215368 1529426846.783005 0.000111 0.000139 0.000651 48.719504
13.228159 1529426846.795797 0.000111 0.000139 0.000645 49.587111
13.241861 1529426846.809499 0.000111 0.000140 0.000639 49.927980
13.253918 1529426846.821556 0.000111 0.000140 0.000637 49.958343
13.266937 1529426846.834575 0.000111 0.000139 0.000635 50.144737
13.278629 1529426846.846267 0.000111 0.000139 0.000635 50.120591
13.291300 1529426846.858938 0.000111 0.000139 0.000635 50.043674
13.303841 1529426846.871479 0.000110 0.000139 0.000636 50.246167
13.316610 1529426846.884247 0.000110 0.000138 0.000635 50.092548
13.328865 1529426846.896502 0.000108 0.000138 0.000642 50.336510
13.340970 1529426846.908607 0.000110 0.000138 0.000639 50.359500
