-2.460694 1528541229.802377 0.000007 0.000029 0.000246 56.271739
-2.448632 1528541229.814438 0.000020 0.000038 0.002307 57.327300
-2.435118 1528541229.827952 0.000034 0.000051 0.000139 27.615813
-2.423370 1528541229.839700 0.000062 0.000078 0.000258 34.893405
-2.410917 1528541229.852153 0.000107 0.000135 0.000187 45.933206
-2.399133 1528541229.863937 0.000140 0.000188 0.000228 53.047705
-2.385573 1528541229.877497 0.000121 0.000197 0.000282 93.183461
-2.373279 1528541229.889791 0.000075 0.000197 0.000305 100.438923
-2.360653 1528541229.902417 0.000110 0.000142 0.001279 33.993554
-2.348262 1528541229.914808 0.000081 0.000121 0.001306 35.297093
-2.335796 1528541229.927274 0.000077 0.000149 0.000297 50.555737
-2.323264 1528541229.939806 0.000089 0.000141 0.000369 45.284353
-2.311668 1528541229.951402 0.000095 0.000146 0.000444 41.423199
-2.299332 1528541229.963738 0.000099 0.000143 0.000512 39.298742
-2.286931 1528541229.976139 0.000102 0.000140 0.000563 37.254543
-2.274178 1528541229.988892 0.000103 0.000138 0.000599 35.253049
-2.261477 1528541230.001594 0.000104 0.000137 0.000626 33.973290
-2.249332 1528541230.013738 0.000106 0.000137 0.000632 33.297930
-2.236678 1528541230.026392 0.000111 0.000139 0.000632 33.624044
-2.224272 1528541230.038798 0.000117 0.000140 0.000635 33.790555
-2.210547 1528541230.052523 0.000126 0.000141 0.000640 35.628874
-2.198045 1528541230.065026 0.000134 0.000147 0.000666 39.248090
-2.185819 1528541230.077251 0.000140 0.000156 0.000661 43.442853
-2.173193 1528541230.089877 0.000143 0.000167 0.000707 49.604030
-2.160586 1528541230.102484 0.000143 0.000175 0.000748 53.667639
-2.148423 1528541230.114647 0.000141 0.000177 0.000738 55.090145
-2.135878 1528541230.127192 0.000140 0.000176 0.000712 54.723217
-2.124035 1528541230.139035 0.000139 0.000174 0.000685 53.947063
-2.111570 1528541230.151500 0.000137 0.000172 0.000671 53.115304
-2.098621 1528541230.164449 0.000137 0.000169 0.000636 51.550187
-2.086253 1528541230.176817 0.000136 0.000167 0.000617 50.816312
-2.073601 1528541230.189470 0.000135 0.000167 0.000602 50.244418
-2.061181 1528541230.201889 0.000135 0.000167 0.000595 49.724623
-2.048860 1528541230.214210 0.000135 0.000166 0.000589 49.193818
-2.036341 1528541230.226729 0.000134 0.000165 0.000601 49.098242
-2.023813 1528541230.239257 0.000134 0.000166 0.000568 48.045748
-2.011352 1528541230.251718 0.000134 0.000166 0.000566 47.897641
-1.998991 1528541230.264079 0.000134 0.000165 0.000553 47.349431
-1.985660 1528541230.277410 0.000132 0.000165 0.000578 47.845706
-1.972935 1528541230.290135 0.000133 0.000164 0.000571 47.535320
-1.960699 1528541230.302371 0.000131 0.000163 0.000572 47.361405
-1.949092 1528541230.313978 0.000131 0.000163 0.000569 47.160453
-1.935550 1528541230.327520 0.000131 0.000163 0.000566 46.994985
-1.923245 1528541230.339825 0.000132 0.000162 0.000565 46.763567
-1.910821 1528541230.352249 0.000131 0.000162 0.000566 46.502309
-1.898286 1528541230.364784 0.000132 0.000161 0.000562 45.921542
-1.885635 1528541230.377435 0.000132 0.000158 0.000569 45.684185
-1.872958 1528541230.390112 0.000130 0.000152 0.000598 44.356110
-1.860000 1528541230.403070 0.000127 0.000150 0.000620 43.229373
-1.848239 1528541230.414831 0.000127 0.000149 0.000613 42.810772
-1.835394 1528541230.427676 0.000126 0.000149 0.000628 42.488789
-1.823668 1528541230.439403 0.000124 0.000147 0.000641 42.792934
-1.811607 1528541230.451463 0.000124 0.000148 0.000637 42.752297
-1.799204 1528541230.463866 0.000124 0.000147 0.000645 42.733987
-1.786805 1528541230.476265 0.000124 0.000148 0.000635 42.613061
-1.774066 1528541230.489004 0.000122 0.000147 0.000641 42.553921
-1.761510 1528541230.501560 0.000122 0.000146 0.000648 42.394368
-1.747860 1528541230.515210 0.000121 0.000146 0.000644 42.734586
-1.735833 1528541230.527237 0.000121 0.000145 0.000646 42.713113
-1.722518 1528541230.540552 0.000122 0.000147 0.000631 42.135487
-1.710045 1528541230.553025 0.000121 0.000146 0.000622 42.281073
-1.698505 1528541230.564565 0.000121 0.000146 0.000617 42.458703
-1.686785 1528541230.576285 0.000120 0.000146 0.000625 42.112879
-1.673918 1528541230.589152 0.000120 0.000146 0.000613 42.157704
-1.661849 1528541230.601221 0.000120 0.000146 0.000619 42.090816
-1.649420 1528541230.613650 0.000119 0.000145 0.000619 41.869762
-1.635640 1528541230.627430 0.000118 0.000146 0.000618 42.083249
-1.624249 1528541230.638822 0.000118 0.000146 0.000608 42.080848
-1.611796 1528541230.651274 0.000118 0.000144 0.000625 41.937140
-1.598272 1528541230.664798 0.000117 0.000144 0.000620 41.954447
-1.585260 1528541230.677810 0.000117 0.000144 0.000612 41.876370
-1.572386 1528541230.690684 0.000117 0.000144 0.000610 42.117580
-1.560728 1528541230.702342 0.000116 0.000143 0.000617 42.024915
-1.548642 1528541230.714428 0.000116 0.000144 0.000625 42.150540
-1.535610 1528541230.727460 0.000116 0.000143 0.000622 41.746041
-1.522445 1528541230.740625 0.000115 0.000141 0.000641 42.164289
-1.510812 1528541230.752259 0.000115 0.000143 0.000622 41.721489
-1.499068 1528541230.764002 0.000115 0.000142 0.000620 41.737397
-1.486271 1528541230.776799 0.000115 0.000143 0.000616 41.315996
-1.473987 1528541230.789083 0.000114 0.000142 0.000619 41.022503
-1.461130 1528541230.801940 0.000114 0.000141 0.000637 41.690182
-1.448471 1528541230.814599 0.000114 0.000141 0.000632 41.665463
-1.436258 1528541230.826812 0.000114 0.000141 0.000641 41.552170
-1.423967 1528541230.839103 0.000114 0.000140 0.000646 41.800322
-1.409366 1528541230.853704 0.000114 0.000142 0.000640 41.277532
-1.398831 1528541230.864239 0.000114 0.000141 0.000631 41.384081
-1.386704 1528541230.876366 0.000114 0.000141 0.000644 41.496607
-1.373729 1528541230.889341 0.000115 0.000142 0.000639 41.259487
-1.361374 1528541230.901696 0.000120 0.000141 0.000626 40.867232
-1.348871 1528541230.914200 0.000122 0.000139 0.000634 40.221371
-1.336389 1528541230.926681 0.000121 0.000139 0.000641 39.545408
-1.324135 1528541230.938935 0.000120 0.000139 0.000642 39.409451
-1.311310 1528541230.951761 0.000119 0.000138 0.000669 39.785179
-1.298813 1528541230.964257 0.000119 0.000139 0.000641 39.343182
-1.286458 1528541230.976613 0.000120 0.000139 0.000651 39.466186
-1.273814 1528541230.989256 0.000119 0.000138 0.000657 39.436885
-1.261321 1528541231.001749 0.000119 0.000139 0.000649 39.274545
-1.248847 1528541231.014224 0.000119 0.000138 0.000648 39.420517
-1.235154 1528541231.027916 0.000119 0.000139 0.000643 39.321401
-1.223266 1528541231.039804 0.000119 0.000139 0.000647 39.120021
-1.210944 1528541231.052126 0.000120 0.000139 0.000637 39.005750
-1.198386 1528541231.064684 0.000120 0.000139 0.000640 39.246818
-1.185740 1528541231.077330 0.000120 0.000139 0.000644 39.100344
-1.172882 1528541231.090189 0.000120 0.000139 0.000647 39.018409
-1.160348 1528541231.102722 0.000120 0.000138 0.000649 39.224535
-1.147720 1528541231.115350 0.000120 0.000139 0.000650 39.342301
-1.135351 1528541231.127719 0.000120 0.000139 0.000653 39.253513
-1.122880 1528541231.140190 0.000119 0.000138 0.000647 39.467540
-1.110665 1528541231.152406 0.000119 0.000138 0.000652 39.540548
-1.097292 1528541231.165778 0.000120 0.000138 0.000643 38.837573
-1.085467 1528541231.177603 0.000120 0.000139 0.000646 38.947049
-1.073275 1528541231.189795 0.000119 0.000139 0.000638 39.259084
-1.060589 1528541231.202481 0.000119 0.000139 0.000645 39.210969
-1.048409 1528541231.214662 0.000119 0.000138 0.000652 39.103396
-1.036202 1528541231.226868 0.000119 0.000138 0.000645 39.056291
-1.024124 1528541231.238946 0.000119 0.000138 0.000639 38.996173
-1.010783 1528541231.252287 0.000119 0.000138 0.000641 39.175487
-0.997776 1528541231.265294 0.000118 0.000139 0.000643 39.036526
-0.985536 1528541231.277534 0.000118 0.000138 0.000654 39.228916
-0.972500 1528541231.290570 0.000119 0.000138 0.000654 39.531410
-0.961729 1528541231.301342 0.000119 0.000137 0.000646 39.162346
-0.949242 1528541231.313828 0.000119 0.000138 0.000638 38.989448
-0.936620 1528541231.326450 0.000119 0.000137 0.000642 39.094428
-0.923189 1528541231.339881 0.000119 0.000138 0.000636 38.941643
-0.910165 1528541231.352905 0.000119 0.000138 0.000640 38.947313
-0.898100 1528541231.364970 0.000118 0.000137 0.000651 39.124523
-0.885437 1528541231.377633 0.000118 0.000138 0.000649 39.216488
-0.873505 1528541231.389565 0.000118 0.000136 0.000656 39.333412
-0.861444 1528541231.401626 0.000118 0.000137 0.000647 38.869629
-0.849000 1528541231.414070 0.000118 0.000137 0.000654 38.981194
-0.835523 1528541231.427547 0.000118 0.000137 0.000650 38.897873
-0.822494 1528541231.440577 0.000117 0.000136 0.000652 39.084999
-0.810783 1528541231.452287 0.000117 0.000136 0.000645 38.835966
-0.798207 1528541231.464863 0.000117 0.000136 0.000652 38.999117
-0.785713 1528541231.477357 0.000117 0.000136 0.000642 38.807295
-0.773154 1528541231.489917 0.000117 0.000136 0.000643 38.822597
-0.760564 1528541231.502506 0.000117 0.000135 0.000656 39.167505
-0.747833 1528541231.515237 0.000117 0.000136 0.000640 38.901540
-0.735601 1528541231.527469 0.000117 0.000135 0.000645 39.101100
-0.723297 1528541231.539773 0.000116 0.000135 0.000663 39.346394
-0.710593 1528541231.552477 0.000117 0.000136 0.000661 39.297201
-0.698505 1528541231.564565 0.000117 0.000135 0.000663 39.377479
-0.685564 1528541231.577506 0.000116 0.000135 0.000651 39.474196
-0.673638 1528541231.589432 0.000114 0.000136 0.000646 39.875233
-0.661654 1528541231.601417 0.000113 0.000136 0.000632 40.212676
-0.649053 1528541231.614017 0.000112 0.000135 0.000638 40.587049
-0.635655 1528541231.627415 0.000113 0.000136 0.000641 40.351692
-0.622883 1528541231.640187 0.000112 0.000136 0.000640 40.490298
-0.610984 1528541231.652086 0.000113 0.000135 0.000643 40.711657
-0.598511 1528541231.664559 0.000113 0.000136 0.000636 40.514815
-0.586316 1528541231.676754 0.000113 0.000135 0.000634 40.375986
-0.573725 1528541231.689345 0.000113 0.000135 0.000627 40.555205
-0.561069 1528541231.702002 0.000113 0.000134 0.000631 40.273233
-0.548213 1528541231.714857 0.000112 0.000135 0.000643 40.470590
-0.536204 1528541231.726866 0.000113 0.000135 0.000638 40.495066
-0.523383 1528541231.739687 0.000113 0.000134 0.000643 40.620540
-0.510992 1528541231.752078 0.000113 0.000135 0.000633 40.809033
-0.498973 1528541231.764097 0.000113 0.000135 0.000637 40.839579
-0.486185 1528541231.776885 0.000113 0.000135 0.000641 40.625447
-0.473418 1528541231.789652 0.000113 0.000135 0.000648 41.209523
-0.461282 1528541231.801788 0.000113 0.000135 0.000636 40.795460
-0.448788 1528541231.814282 0.000113 0.000135 0.000629 40.612561
-0.436062 1528541231.827008 0.000113 0.000135 0.000639 40.722022
-0.424028 1528541231.839042 0.000112 0.000134 0.000650 41.005758
-0.410946 1528541231.852124 0.000112 0.000135 0.000630 40.589166
-0.398785 1528541231.864285 0.000110 0.000134 0.000649 40.537152
-0.386343 1528541231.876727 0.000109 0.000133 0.000673 40.852925
-0.373711 1528541231.889359 0.000109 0.000133 0.000667 40.504758
-0.361351 1528541231.901719 0.000110 0.000132 0.000680 40.728726
-0.348744 1528541231.914326 0.000111 0.000132 0.000686 40.998527
-0.336314 1528541231.926756 0.000112 0.000131 0.000675 40.827377
-0.323545 1528541231.939525 0.000111 0.000130 0.000687 40.758845
-0.310314 1528541231.952756 0.000112 0.000130 0.000684 40.920711
-0.297889 1528541231.965181 0.000112 0.000131 0.000681 40.890065
-0.285060 1528541231.978010 0.000112 0.000131 0.000666 40.651903
-0.273974 1528541231.989096 0.000113 0.000132 0.000667 40.807450
-0.261481 1528541232.001589 0.000112 0.000131 0.000664 40.650678
-0.249108 1528541232.013962 0.000113 0.000131 0.000667 40.811650
-0.235832 1528541232.027238 0.000112 0.000130 0.000671 40.985159
-0.223258 1528541232.039812 0.000112 0.000131 0.000668 40.821554
-0.211340 1528541232.051730 0.000112 0.000131 0.000664 40.732042
-0.197595 1528541232.065475 0.000112 0.000131 0.000663 40.737917
-0.186174 1528541232.076896 0.000112 0.000132 0.000664 40.766276
-0.173740 1528541232.089330 0.000112 0.000131 0.000668 40.814782
-0.160005 1528541232.103065 0.000112 0.000130 0.000664 40.785315
-0.148659 1528541232.114412 0.000112 0.000131 0.000675 40.770793
-0.136573 1528541232.126497 0.000112 0.000131 0.000667 40.833105
-0.124076 1528541232.138994 0.000112 0.000131 0.000668 40.632823
-0.111488 1528541232.151582 0.000112 0.000131 0.000660 40.852873
-0.098872 1528541232.164198 0.000112 0.000131 0.000669 40.861979
-0.086517 1528541232.176553 0.000111 0.000131 0.000678 41.106325
-0.073539 1528541232.189531 0.000112 0.000132 0.000656 40.604909
-0.060768 1528541232.202302 0.000112 0.000131 0.000668 40.840981
-0.047961 1528541232.215109 0.000112 0.000132 0.000657 40.688225
-0.035350 1528541232.227720 0.000112 0.000131 0.000674 40.925498
-0.022594 1528541232.240476 0.000112 0.000131 0.000664 40.802839
-0.010905 1528541232.252165 0.000112 0.000131 0.000668 40.950825
0.001352 1528541232.264422 0.000112 0.000130 0.000665 40.805276
0.014257 1528541232.277327 0.000112 0.000131 0.000660 40.812173
0.026386 1528541232.289456 0.000113 0.000132 0.000660 40.854023
0.039070 1528541232.302140 0.000112 0.000130 0.000663 40.790652
0.051193 1528541232.314264 0.000112 0.000130 0.000674 41.015652
0.064117 1528541232.327187 0.000112 0.000130 0.000674 40.913357
0.076111 1528541232.339181 0.000112 0.000130 0.000665 40.813538
0.088811 1528541232.351881 0.000112 0.000132 0.000670 41.055904
0.101567 1528541232.364637 0.000112 0.000131 0.000671 41.061477
0.113910 1528541232.376980 0.000112 0.000131 0.000670 40.814531
0.126456 1528541232.389526 0.000112 0.000130 0.000686 41.193906
0.138992 1528541232.402062 0.000112 0.000131 0.000674 41.056246
0.151457 1528541232.414527 0.000111 0.000130 0.000668 40.934743
0.164061 1528541232.427131 0.000112 0.000130 0.000678 41.099059
0.176672 1528541232.439742 0.000111 0.000130 0.000679 41.078204
0.189359 1528541232.452429 0.000111 0.000129 0.000681 41.140062
0.201653 1528541232.464723 0.000111 0.000129 0.000676 41.242120
0.214279 1528541232.477349 0.000112 0.000129 0.000674 40.969466
0.227178 1528541232.490248 0.000112 0.000130 0.000677 41.084591
0.238780 1528541232.501850 0.000112 0.000129 0.000685 41.157775
0.251790 1528541232.514860 0.000111 0.000129 0.000687 41.240374
0.264529 1528541232.527600 0.000112 0.000129 0.000674 40.979550
0.277342 1528541232.540412 0.000111 0.000129 0.000685 41.158019
0.289363 1528541232.552433 0.000112 0.000130 0.000667 40.769805
0.301713 1528541232.564784 0.000112 0.000130 0.000675 41.045235
0.314497 1528541232.577567 0.000112 0.000130 0.000687 41.206222
0.326595 1528541232.589665 0.000113 0.000129 0.000687 41.052916
0.339757 1528541232.602827 0.000114 0.000130 0.000687 41.507640
0.351750 1528541232.614820 0.000115 0.000132 0.000693 42.409810
0.364725 1528541232.627795 0.000118 0.000136 0.000693 43.505434
0.376871 1528541232.639941 0.000119 0.000143 0.000677 45.414230
0.389385 1528541232.652455 0.000119 0.000151 0.000664 48.832140
0.402181 1528541232.665251 0.000119 0.000153 0.000651 52.546834
0.414290 1528541232.677360 0.000120 0.000154 0.000661 55.998944
0.426860 1528541232.689930 0.000117 0.000158 0.000694 59.089469
0.439242 1528541232.702312 0.000120 0.000159 0.000700 61.289637
0.452139 1528541232.715209 0.000125 0.000167 0.000724 63.453262
0.464479 1528541232.727549 0.000128 0.000169 0.000739 65.305020
0.477162 1528541232.740232 0.000127 0.000179 0.000754 67.619526
0.489452 1528541232.752522 0.000131 0.000183 0.000769 69.606284
0.501961 1528541232.765031 0.000131 0.000187 0.000807 71.485792
0.514626 1528541232.777696 0.000135 0.000194 0.000792 73.545977
0.527145 1528541232.790215 0.000130 0.000198 0.000782 76.746735
0.539198 1528541232.802268 0.000131 0.000204 0.000777 79.430070
0.551884 1528541232.814954 0.000134 0.000211 0.000769 81.402493
0.564145 1528541232.827215 0.000130 0.000214 0.000774 83.270888
0.576381 1528541232.839451 0.000131 0.000201 0.000765 86.261592
0.588936 1528541232.852006 0.000137 0.000199 0.000731 90.032138
0.601758 1528541232.864828 0.000134 0.000199 0.000744 93.126936
0.613945 1528541232.877016 0.000139 0.000198 0.000742 96.715195
0.626620 1528541232.889690 0.000138 0.000201 0.000737 99.337015
0.639656 1528541232.902726 0.000140 0.000208 0.000730 101.771478
0.651397 1528541232.914467 0.000143 0.000210 0.000717 103.618815
0.663903 1528541232.926973 0.000146 0.000208 0.000707 104.871687
0.677348 1528541232.940418 0.000151 0.000206 0.000694 105.678210
0.690107 1528541232.953177 0.000154 0.000206 0.000697 105.928840
0.702351 1528541232.965421 0.000154 0.000203 0.000691 105.991989
0.714648 1528541232.977718 0.000151 0.000206 0.000689 106.305553
0.727742 1528541232.990812 0.000153 0.000204 0.000684 106.527341
0.739539 1528541233.002609 0.000157 0.000201 0.000677 107.059111
0.752370 1528541233.015440 0.000160 0.000203 0.000678 107.592415
0.763731 1528541233.026801 0.000160 0.000205 0.000674 108.537188
0.776391 1528541233.039461 0.000161 0.000204 0.000670 109.707554
0.788588 1528541233.051658 0.000164 0.000203 0.000668 111.113742
0.802266 1528541233.065336 0.000163 0.000205 0.000665 112.061530
0.815648 1528541233.078718 0.000162 0.000207 0.000664 112.727280
0.826741 1528541233.089811 0.000164 0.000204 0.000654 113.834706
0.838904 1528541233.101974 0.000165 0.000203 0.000653 114.319622
0.851515 1528541233.114585 0.000167 0.000204 0.000651 114.858150
0.865140 1528541233.128211 0.000166 0.000205 0.000650 115.045060
0.876703 1528541233.139773 0.000165 0.000204 0.000648 115.382896
0.889102 1528541233.152172 0.000166 0.000204 0.000647 115.757391
0.901399 1528541233.164469 0.000167 0.000203 0.000649 116.091684
0.913996 1528541233.177066 0.000167 0.000203 0.000660 116.190443
0.926516 1528541233.189586 0.000167 0.000202 0.000657 116.335861
0.939252 1528541233.202322 0.000171 0.000202 0.000655 116.615314
0.951909 1528541233.214979 0.000169 0.000203 0.000664 116.442703
0.964429 1528541233.227499 0.000169 0.000201 0.000663 116.890464
0.976491 1528541233.239561 0.000171 0.000203 0.000652 116.932258
0.989055 1528541233.252125 0.000170 0.000201 0.000655 117.298077
1.001352 1528541233.264422 0.000168 0.000202 0.000648 117.081509
1.014390 1528541233.277460 0.000172 0.000202 0.000651 117.523979
1.026477 1528541233.289547 0.000171 0.000202 0.000660 117.706370
1.039256 1528541233.302326 0.000171 0.000201 0.000659 118.264710
1.051687 1528541233.314758 0.000169 0.000201 0.000652 117.755189
1.064236 1528541233.327307 0.000171 0.000202 0.000650 117.806311
1.077177 1528541233.340247 0.000173 0.000199 0.000656 118.051925
1.089325 1528541233.352395 0.000172 0.000201 0.000649 118.169689
1.101692 1528541233.364762 0.000172 0.000201 0.000650 117.958910
1.114482 1528541233.377552 0.000170 0.000201 0.000648 117.623915
1.126938 1528541233.390008 0.000171 0.000200 0.000647 117.533592
1.139045 1528541233.402116 0.000171 0.000200 0.000644 117.390572
1.151835 1528541233.414905 0.000171 0.000200 0.000650 117.193318
1.164078 1528541233.427148 0.000171 0.000200 0.000648 117.034433
1.176628 1528541233.439698 0.000170 0.000199 0.000647 116.787358
1.189424 1528541233.452494 0.000171 0.000200 0.000648 116.358756
1.201496 1528541233.464566 0.000170 0.000200 0.000646 116.072103
1.213938 1528541233.477008 0.000169 0.000200 0.000650 115.519162
1.226871 1528541233.489941 0.000171 0.000199 0.000648 115.681725
1.238990 1528541233.502060 0.000170 0.000200 0.000652 115.438300
1.251482 1528541233.514552 0.000170 0.000200 0.000642 114.928534
1.264100 1528541233.527170 0.000171 0.000200 0.000641 114.571811
1.276372 1528541233.539442 0.000170 0.000201 0.000638 114.344768
1.288891 1528541233.551961 0.000165 0.000201 0.000636 114.262551
1.301825 1528541233.564895 0.000168 0.000201 0.000643 113.793665
1.314290 1528541233.577360 0.000168 0.000201 0.000637 113.589040
1.326397 1528541233.589467 0.000168 0.000203 0.000635 113.380257
1.338727 1528541233.601797 0.000167 0.000204 0.000635 113.529984
1.351918 1528541233.614988 0.000168 0.000204 0.000634 113.143656
1.364121 1528541233.627191 0.000170 0.000205 0.000633 113.146578
1.376499 1528541233.639570 0.000170 0.000206 0.000632 113.426864
1.388952 1528541233.652022 0.000169 0.000207 0.000637 113.859439
1.401535 1528541233.664605 0.000171 0.000205 0.000635 114.345231
1.414070 1528541233.677140 0.000173 0.000208 0.000629 114.330272
1.426260 1528541233.689330 0.000173 0.000208 0.000626 114.341314
1.439106 1528541233.702177 0.000175 0.000207 0.000620 114.972084
1.451236 1528541233.714307 0.000173 0.000208 0.000636 115.077974
1.463733 1528541233.726803 0.000178 0.000208 0.000625 115.652419
1.475878 1528541233.738949 0.000175 0.000208 0.000622 115.792789
1.488269 1528541233.751339 0.000177 0.000208 0.000630 115.732269
1.500719 1528541233.763789 0.000177 0.000208 0.000629 115.900425
1.513848 1528541233.776918 0.000176 0.000210 0.000629 116.108954
1.526236 1528541233.789306 0.000176 0.000208 0.000626 115.582353
1.538474 1528541233.801544 0.000178 0.000208 0.000627 115.304165
1.551095 1528541233.814165 0.000176 0.000208 0.000630 114.810220
1.563726 1528541233.826796 0.000179 0.000207 0.000622 114.568748
1.576076 1528541233.839146 0.000177 0.000208 0.000621 113.735107
1.588508 1528541233.851578 0.000179 0.000208 0.000622 113.854608
1.601099 1528541233.864169 0.000177 0.000207 0.000622 113.537273
1.613455 1528541233.876525 0.000179 0.000207 0.000617 113.062988
1.626058 1528541233.889128 0.000179 0.000208 0.000621 112.615314
1.639004 1528541233.902074 0.000180 0.000206 0.000609 112.259844
1.651506 1528541233.914576 0.000178 0.000205 0.000608 111.965848
1.665455 1528541233.928525 0.000180 0.000207 0.000604 110.921258
1.677292 1528541233.940362 0.000177 0.000209 0.000607 110.018974
1.689549 1528541233.952619 0.000172 0.000212 0.000611 109.795872
1.702159 1528541233.965229 0.000170 0.000212 0.000619 109.466237
1.714597 1528541233.977667 0.000168 0.000211 0.000623 108.798735
1.726936 1528541233.990006 0.000168 0.000207 0.000621 107.903194
1.739419 1528541234.002489 0.000166 0.000206 0.000627 107.288965
1.751884 1528541234.014954 0.000164 0.000202 0.000621 106.319888
1.764857 1528541234.027927 0.000159 0.000203 0.000632 105.475207
1.776898 1528541234.039968 0.000157 0.000203 0.000633 104.232654
1.789428 1528541234.052499 0.000155 0.000198 0.000661 102.754020
1.801618 1528541234.064688 0.000153 0.000200 0.000655 100.989123
1.814222 1528541234.077292 0.000151 0.000202 0.000663 100.109848
1.826834 1528541234.089904 0.000149 0.000199 0.000662 99.759638
1.839034 1528541234.102104 0.000149 0.000201 0.000657 98.647399
1.851410 1528541234.114480 0.000147 0.000200 0.000662 98.311571
1.864027 1528541234.127097 0.000147 0.000196 0.000667 98.119783
1.876431 1528541234.139501 0.000147 0.000192 0.000680 97.607087
1.889193 1528541234.152263 0.000145 0.000192 0.000676 97.488713
1.901810 1528541234.164881 0.000146 0.000190 0.000685 97.007410
1.914604 1528541234.177675 0.000146 0.000191 0.000680 96.167929
1.926538 1528541234.189608 0.000147 0.000188 0.000678 95.610419
1.939133 1528541234.202203 0.000148 0.000188 0.000682 95.125588
1.951979 1528541234.215050 0.000147 0.000185 0.000678 94.752218
1.964403 1528541234.227473 0.000146 0.000186 0.000678 94.569795
1.977014 1528541234.240084 0.000147 0.000186 0.000687 94.500528
1.989207 1528541234.252277 0.000146 0.000185 0.000685 94.365646
2.001782 1528541234.264852 0.000145 0.000185 0.000687 94.122471
2.014306 1528541234.277376 0.000144 0.000186 0.000689 93.545418
2.026645 1528541234.289716 0.000144 0.000183 0.000682 93.115589
2.039275 1528541234.302345 0.000145 0.000182 0.000693 92.807522
2.051646 1528541234.314716 0.000142 0.000183 0.000687 92.113665
2.064382 1528541234.327452 0.000141 0.000183 0.000686 91.417334
2.076528 1528541234.339598 0.000140 0.000181 0.000686 90.651382
2.089430 1528541234.352500 0.000139 0.000179 0.000688 89.995065
2.101472 1528541234.364542 0.000140 0.000175 0.000696 89.445683
2.114069 1528541234.377140 0.000140 0.000174 0.000700 88.379753
2.127568 1528541234.390638 0.000140 0.000171 0.000699 87.603574
2.139763 1528541234.402833 0.000140 0.000169 0.000698 86.832192
2.152193 1528541234.415263 0.000140 0.000167 0.000696 86.076329
2.164251 1528541234.427321 0.000142 0.000163 0.000703 85.293970
2.176618 1528541234.439688 0.000142 0.000163 0.000702 84.471444
2.189959 1528541234.453029 0.000142 0.000160 0.000708 84.251595
2.202945 1528541234.466015 0.000143 0.000158 0.000716 83.831710
2.215806 1528541234.478876 0.000143 0.000156 0.000713 83.586352
2.227472 1528541234.490542 0.000143 0.000155 0.000722 83.361710
2.240227 1528541234.503297 0.000142 0.000158 0.000719 83.024776
2.252926 1528541234.515996 0.000143 0.000152 0.000717 82.839910
2.264848 1528541234.527919 0.000143 0.000151 0.000721 82.753398
2.277976 1528541234.541046 0.000143 0.000150 0.000719 82.614929
2.289161 1528541234.552231 0.000142 0.000149 0.000720 82.515650
2.301244 1528541234.564314 0.000142 0.000148 0.000718 82.239609
2.313929 1528541234.576999 0.000141 0.000149 0.000721 82.100662
2.326515 1528541234.589585 0.000142 0.000146 0.000719 82.268917
2.338781 1528541234.601851 0.000142 0.000144 0.000721 81.970503
2.351418 1528541234.614488 0.000142 0.000145 0.000721 81.805370
2.363526 1528541234.626596 0.000141 0.000144 0.000723 81.823035
2.376613 1528541234.639683 0.000141 0.000142 0.000726 81.697617
2.389031 1528541234.652102 0.000140 0.000142 0.000724 81.822774
2.401803 1528541234.664873 0.000139 0.000142 0.000730 81.788935
2.414476 1528541234.677546 0.000140 0.000141 0.000723 81.765327
2.426746 1528541234.689816 0.000139 0.000140 0.000730 81.778445
2.439512 1528541234.702582 0.000138 0.000141 0.000726 81.732133
2.452101 1528541234.715171 0.000137 0.000142 0.000728 81.599433
2.464709 1528541234.727779 0.000136 0.000141 0.000728 81.738592
2.477307 1528541234.740377 0.000137 0.000142 0.000728 81.599886
2.489622 1528541234.752692 0.000137 0.000142 0.000727 81.675946
2.502099 1528541234.765169 0.000137 0.000143 0.000722 81.696771
2.514749 1528541234.777819 0.000137 0.000143 0.000727 81.805026
2.527156 1528541234.790226 0.000137 0.000141 0.000725 81.761601
2.539214 1528541234.802284 0.000136 0.000141 0.000727 81.792073
2.551783 1528541234.814853 0.000136 0.000141 0.000726 81.745896
2.564215 1528541234.827285 0.000136 0.000141 0.000724 81.815985
2.576707 1528541234.839777 0.000137 0.000142 0.000719 81.591772
2.589158 1528541234.852228 0.000136 0.000141 0.000725 81.763000
2.602097 1528541234.865167 0.000137 0.000141 0.000726 81.619203
2.614567 1528541234.877637 0.000136 0.000141 0.000726 81.783456
2.627600 1528541234.890670 0.000136 0.000141 0.000726 81.615454
2.639546 1528541234.902617 0.000136 0.000143 0.000722 81.641025
2.652106 1528541234.915176 0.000137 0.000141 0.000720 81.706060
2.664331 1528541234.927401 0.000135 0.000141 0.000724 81.668926
2.676694 1528541234.939764 0.000136 0.000141 0.000722 81.298887
2.689212 1528541234.952282 0.000138 0.000142 0.000721 81.407588
2.701741 1528541234.964811 0.000138 0.000141 0.000716 81.184178
2.713782 1528541234.976852 0.000137 0.000142 0.000719 80.857590
2.726227 1528541234.989297 0.000138 0.000144 0.000716 80.119813
2.738740 1528541235.001810 0.000138 0.000146 0.000726 78.908157
2.752846 1528541235.015916 0.000138 0.000152 0.000735 77.505831
2.764652 1528541235.027722 0.000140 0.000158 0.000739 76.186215
2.776374 1528541235.039444 0.000143 0.000166 0.000735 74.967886
2.788972 1528541235.052042 0.000142 0.000174 0.000746 73.988041
2.801341 1528541235.064411 0.000141 0.000178 0.000747 72.959964
2.813797 1528541235.076868 0.000141 0.000179 0.000745 72.034725
2.827671 1528541235.090741 0.000138 0.000183 0.000748 71.375024
2.840293 1528541235.103364 0.000137 0.000180 0.000743 70.476549
2.852661 1528541235.115731 0.000137 0.000178 0.000747 70.217482
2.865216 1528541235.128286 0.000138 0.000175 0.000741 69.689688
2.877286 1528541235.140356 0.000137 0.000172 0.000743 69.279470
2.889815 1528541235.152885 0.000135 0.000171 0.000747 69.213639
2.901788 1528541235.164858 0.000135 0.000169 0.000743 68.845100
2.914600 1528541235.177670 0.000136 0.000167 0.000748 68.551793
2.927170 1528541235.190240 0.000135 0.000167 0.000749 68.380112
2.939440 1528541235.202510 0.000134 0.000167 0.000750 68.084485
2.951855 1528541235.214926 0.000134 0.000165 0.000754 67.969094
2.964239 1528541235.227309 0.000133 0.000164 0.000753 67.605637
2.977219 1528541235.240289 0.000133 0.000165 0.000752 67.622128
2.989434 1528541235.252505 0.000133 0.000163 0.000751 67.325338
3.001800 1528541235.264870 0.000132 0.000162 0.000759 67.418804
3.014249 1528541235.277319 0.000132 0.000162 0.000758 67.239256
3.027152 1528541235.290222 0.000132 0.000162 0.000759 67.104923
3.039212 1528541235.302282 0.000131 0.000162 0.000759 66.908446
3.051753 1528541235.314823 0.000130 0.000162 0.000761 66.860499
3.063970 1528541235.327040 0.000131 0.000161 0.000762 66.945535
3.076663 1528541235.339733 0.000130 0.000161 0.000762 66.980220
3.089141 1528541235.352211 0.000130 0.000160 0.000764 66.815702
3.101457 1528541235.364527 0.000130 0.000161 0.000765 66.796689
3.114109 1528541235.377179 0.000130 0.000160 0.000766 66.757902
3.126500 1528541235.389570 0.000130 0.000161 0.000769 66.759076
3.139439 1528541235.402509 0.000130 0.000160 0.000767 66.496232
3.151617 1528541235.414687 0.000130 0.000160 0.000762 66.475797
3.164020 1528541235.427090 0.000129 0.000161 0.000763 66.419571
3.176656 1528541235.439726 0.000129 0.000160 0.000766 66.437914
3.189434 1528541235.452504 0.000129 0.000159 0.000763 66.215514
3.201654 1528541235.464725 0.000129 0.000160 0.000765 66.385787
3.214515 1528541235.477585 0.000130 0.000159 0.000762 66.176671
3.227168 1528541235.490238 0.000129 0.000161 0.000767 66.183248
3.239069 1528541235.502139 0.000130 0.000161 0.000765 66.248350
3.252398 1528541235.515468 0.000130 0.000160 0.000767 66.185647
3.264401 1528541235.527471 0.000130 0.000159 0.000769 66.277786
3.276891 1528541235.539961 0.000130 0.000159 0.000767 66.166539
3.289579 1528541235.552649 0.000130 0.000159 0.000763 66.050188
3.301883 1528541235.564953 0.000131 0.000158 0.000766 66.072268
3.314396 1528541235.577466 0.000131 0.000159 0.000767 66.129795
3.326915 1528541235.589985 0.000131 0.000159 0.000770 66.149551
3.339339 1528541235.602410 0.000130 0.000160 0.000771 66.136918
3.351896 1528541235.614966 0.000131 0.000160 0.000771 66.028192
3.365699 1528541235.628769 0.000131 0.000160 0.000769 66.039416
3.376829 1528541235.639899 0.000132 0.000160 0.000770 66.032956
3.389324 1528541235.652395 0.000132 0.000160 0.000773 65.952579
3.401712 1528541235.664783 0.000131 0.000160 0.000774 65.915180
3.414608 1528541235.677678 0.000132 0.000161 0.000770 65.782752
3.427147 1528541235.690217 0.000131 0.000160 0.000768 65.732942
3.439163 1528541235.702233 0.000131 0.000160 0.000770 65.748055
3.451822 1528541235.714892 0.000132 0.000160 0.000769 65.790984
3.464576 1528541235.727646 0.000131 0.000160 0.000770 65.695213
3.477065 1528541235.740135 0.000131 0.000161 0.000771 65.589457
3.489450 1528541235.752520 0.000131 0.000160 0.000775 65.461633
3.501982 1528541235.765052 0.000131 0.000160 0.000775 65.447661
3.514859 1528541235.777929 0.000131 0.000161 0.000771 65.340207
3.527132 1528541235.790202 0.000131 0.000160 0.000773 65.278938
3.539468 1528541235.802538 0.000131 0.000160 0.000775 65.377270
3.552309 1528541235.815379 0.000132 0.000160 0.000775 65.337456
3.564487 1528541235.827557 0.000131 0.000160 0.000774 65.250479
3.577275 1528541235.840345 0.000131 0.000160 0.000771 65.111780
3.589394 1528541235.852464 0.000129 0.000160 0.000777 65.057150
3.601954 1528541235.865025 0.000129 0.000161 0.000780 64.937618
3.614759 1528541235.877829 0.000131 0.000160 0.000776 64.861315
3.626687 1528541235.889757 0.000131 0.000159 0.000774 64.786420
3.639574 1528541235.902644 0.000130 0.000160 0.000778 64.695769
3.651955 1528541235.915025 0.000130 0.000160 0.000779 64.562148
3.664273 1528541235.927343 0.000131 0.000159 0.000776 64.713042
3.677077 1528541235.940147 0.000131 0.000160 0.000775 64.688104
3.689604 1528541235.952674 0.000130 0.000160 0.000776 64.685291
3.703432 1528541235.966502 0.000129 0.000159 0.000778 64.584814
3.715517 1528541235.978587 0.000128 0.000159 0.000780 64.604031
3.727252 1528541235.990322 0.000130 0.000159 0.000767 64.955369
3.739757 1528541236.002827 0.000131 0.000159 0.000763 65.127123
3.752044 1528541236.015114 0.000136 0.000158 0.000746 65.269278
3.764416 1528541236.027487 0.000136 0.000160 0.000742 65.394859
3.776742 1528541236.039813 0.000140 0.000156 0.000744 65.561158
3.789237 1528541236.052307 0.000138 0.000156 0.000744 65.090127
3.801789 1528541236.064859 0.000137 0.000155 0.000741 64.827860
3.814333 1528541236.077403 0.000134 0.000156 0.000748 64.778986
3.826708 1528541236.089778 0.000134 0.000155 0.000748 64.557054
3.840777 1528541236.103848 0.000134 0.000154 0.000745 64.339557
3.852412 1528541236.115482 0.000133 0.000154 0.000748 64.402968
3.865272 1528541236.128342 0.000133 0.000153 0.000746 64.141442
3.877667 1528541236.140737 0.000133 0.000153 0.000750 64.332017
3.889354 1528541236.152424 0.000133 0.000153 0.000746 64.123855
3.901890 1528541236.164960 0.000132 0.000152 0.000749 64.066779
3.915193 1528541236.178263 0.000131 0.000151 0.000751 64.068576
3.927590 1528541236.190660 0.000131 0.000150 0.000746 63.986315
3.939487 1528541236.202558 0.000132 0.000151 0.000744 63.975918
3.951768 1528541236.214838 0.000133 0.000150 0.000745 63.867320
3.964051 1528541236.227121 0.000132 0.000151 0.000744 63.934215
3.976590 1528541236.239660 0.000133 0.000149 0.000738 63.718633
3.989262 1528541236.252332 0.000132 0.000150 0.000739 63.554977
4.001553 1528541236.264623 0.000133 0.000149 0.000738 63.521730
4.013878 1528541236.276948 0.000132 0.000149 0.000738 63.369780
4.026523 1528541236.289593 0.000132 0.000149 0.000739 63.335523
4.039017 1528541236.302088 0.000132 0.000149 0.000736 63.291295
4.051580 1528541236.314650 0.000133 0.000148 0.000737 63.160504
4.064078 1528541236.327148 0.000131 0.000148 0.000736 62.999475
4.076565 1528541236.339635 0.000133 0.000148 0.000729 62.845454
4.089044 1528541236.352114 0.000132 0.000149 0.000728 62.785431
4.101490 1528541236.364560 0.000131 0.000149 0.000732 62.758273
4.114050 1528541236.377120 0.000133 0.000148 0.000731 62.958841
4.126574 1528541236.389644 0.000132 0.000148 0.000731 62.677069
4.139052 1528541236.402122 0.000132 0.000149 0.000729 62.580893
4.151560 1528541236.414630 0.000131 0.000148 0.000728 62.469283
4.163915 1528541236.426985 0.000132 0.000148 0.000730 62.486345
4.176293 1528541236.439363 0.000130 0.000150 0.000725 62.537761
4.189108 1528541236.452178 0.000131 0.000148 0.000723 62.370402
4.201555 1528541236.464625 0.000130 0.000149 0.000725 62.289434
4.213979 1528541236.477049 0.000129 0.000150 0.000721 62.444130
4.226495 1528541236.489565 0.000131 0.000149 0.000718 62.242145
4.239092 1528541236.502162 0.000130 0.000149 0.000718 62.172898
4.251556 1528541236.514627 0.000131 0.000149 0.000716 62.285341
4.264050 1528541236.527120 0.000131 0.000150 0.000714 62.258028
4.276433 1528541236.539503 0.000132 0.000149 0.000716 62.130541
4.288987 1528541236.552057 0.000130 0.000149 0.000716 62.055783
4.301979 1528541236.565049 0.000129 0.000150 0.000715 62.073108
4.314257 1528541236.577327 0.000131 0.000150 0.000699 61.881567
4.326302 1528541236.589372 0.000128 0.000152 0.000690 61.984042
4.339844 1528541236.602914 0.000129 0.000151 0.000691 61.540784
4.352615 1528541236.615685 0.000131 0.000149 0.000686 61.309031
4.365468 1528541236.628538 0.000133 0.000147 0.000684 60.925623
4.377689 1528541236.640759 0.000132 0.000147 0.000685 60.332737
4.389823 1528541236.652893 0.000131 0.000146 0.000686 59.904346
4.402139 1528541236.665209 0.000129 0.000146 0.000705 59.683935
4.416115 1528541236.679185 0.000131 0.000145 0.000682 59.294108
4.427581 1528541236.690651 0.000132 0.000144 0.000669 58.495562
4.439690 1528541236.702760 0.000131 0.000144 0.000672 58.136605
4.451686 1528541236.714756 0.000133 0.000143 0.000650 57.628238
4.464272 1528541236.727342 0.000133 0.000144 0.000647 57.570602
4.477642 1528541236.740712 0.000133 0.000144 0.000646 57.043273
4.490077 1528541236.753147 0.000134 0.000144 0.000634 56.871614
4.502741 1528541236.765811 0.000133 0.000144 0.000631 56.953092
4.515448 1528541236.778518 0.000135 0.000143 0.000622 57.014855
4.528123 1528541236.791193 0.000137 0.000143 0.000622 56.478962
4.540089 1528541236.803159 0.000135 0.000143 0.000624 56.811012
4.551996 1528541236.815066 0.000136 0.000144 0.000616 57.030748
4.564634 1528541236.827704 0.000136 0.000144 0.000612 57.076672
4.576938 1528541236.840008 0.000136 0.000143 0.000625 56.824918
4.590296 1528541236.853366 0.000135 0.000142 0.000621 56.580093
4.602804 1528541236.865875 0.000136 0.000140 0.000628 56.605400
4.615729 1528541236.878799 0.000134 0.000143 0.000651 56.889614
4.627713 1528541236.890784 0.000131 0.000142 0.000667 57.054631
4.639524 1528541236.902595 0.000127 0.000139 0.000691 57.478705
4.652343 1528541236.915413 0.000125 0.000143 0.000690 57.341116
4.664932 1528541236.928002 0.000124 0.000150 0.000703 57.706023
4.677200 1528541236.940270 0.000123 0.000158 0.000705 57.298993
4.689982 1528541236.953052 0.000121 0.000164 0.000697 56.978581
4.702594 1528541236.965664 0.000120 0.000170 0.000687 56.643307
4.714873 1528541236.977943 0.000119 0.000173 0.000692 56.373269
4.726846 1528541236.989916 0.000121 0.000175 0.000681 55.888901
4.739125 1528541237.002195 0.000121 0.000174 0.000677 55.817079
4.751740 1528541237.014810 0.000122 0.000177 0.000673 55.996892
4.764535 1528541237.027605 0.000121 0.000176 0.000675 56.401054
4.776649 1528541237.039719 0.000121 0.000178 0.000679 56.880053
4.789250 1528541237.052320 0.000121 0.000180 0.000681 57.526683
4.801628 1528541237.064698 0.000122 0.000181 0.000689 57.983212
4.814286 1528541237.077356 0.000122 0.000184 0.000688 58.396685
4.826545 1528541237.089615 0.000121 0.000182 0.000696 58.744506
4.839309 1528541237.102379 0.000119 0.000181 0.000702 58.821425
4.851471 1528541237.114541 0.000121 0.000182 0.000695 58.906421
4.864535 1528541237.127605 0.000121 0.000182 0.000691 58.585185
4.877792 1528541237.140862 0.000119 0.000179 0.000694 58.268910
4.890695 1528541237.153765 0.000119 0.000180 0.000691 58.279386
4.902864 1528541237.165934 0.000118 0.000179 0.000694 58.070267
4.915838 1528541237.178908 0.000118 0.000179 0.000692 58.233891
4.927431 1528541237.190501 0.000117 0.000179 0.000697 58.085577
4.939274 1528541237.202344 0.000116 0.000177 0.000696 58.024797
4.951882 1528541237.214952 0.000117 0.000178 0.000690 58.047472
4.965271 1528541237.228341 0.000117 0.000178 0.000693 57.875745
4.978038 1528541237.241108 0.000116 0.000178 0.000694 57.932179
4.989352 1528541237.252422 0.000116 0.000178 0.000692 57.947472
5.001933 1528541237.265003 0.000116 0.000175 0.000690 57.424009
5.014640 1528541237.277710 0.000116 0.000176 0.000691 57.381300
5.026877 1528541237.289948 0.000114 0.000173 0.000696 57.325381
5.039370 1528541237.302440 0.000115 0.000174 0.000690 57.015056
5.052019 1528541237.315089 0.000114 0.000170 0.000693 56.874538
5.064651 1528541237.327721 0.000115 0.000173 0.000688 56.590576
5.077809 1528541237.340879 0.000114 0.000172 0.000689 56.643204
5.090559 1528541237.353629 0.000116 0.000174 0.000681 56.225040
5.103508 1528541237.366578 0.000119 0.000174 0.000683 55.945057
5.115502 1528541237.378572 0.000122 0.000174 0.000684 55.876372
5.127909 1528541237.390979 0.000127 0.000174 0.000676 55.360548
5.139819 1528541237.402889 0.000130 0.000172 0.000669 54.653036
5.152294 1528541237.415364 0.000132 0.000172 0.000665 54.302732
5.164738 1528541237.427808 0.000132 0.000169 0.000660 53.508970
5.177254 1528541237.440324 0.000131 0.000168 0.000653 53.071004
5.189387 1528541237.452457 0.000129 0.000165 0.000657 52.647564
5.201771 1528541237.464841 0.000129 0.000164 0.000656 52.469854
5.214755 1528541237.477825 0.000128 0.000164 0.000656 52.265030
5.227411 1528541237.490481 0.000128 0.000164 0.000655 52.145593
5.239503 1528541237.502573 0.000126 0.000163 0.000656 52.168728
5.252032 1528541237.515102 0.000126 0.000165 0.000658 51.884540
5.264699 1528541237.527770 0.000125 0.000162 0.000655 51.666410
5.278145 1528541237.541215 0.000125 0.000162 0.000654 51.458378
5.290648 1528541237.553718 0.000125 0.000161 0.000650 50.904641
5.302888 1528541237.565958 0.000124 0.000161 0.000655 50.891879
5.315331 1528541237.578401 0.000122 0.000161 0.000654 50.458709
5.328433 1528541237.591503 0.000122 0.000160 0.000651 50.403004
5.340229 1528541237.603299 0.000121 0.000160 0.000656 50.365484
5.352102 1528541237.615172 0.000121 0.000159 0.000658 50.327478
5.364685 1528541237.627755 0.000121 0.000160 0.000654 49.879653
5.377020 1528541237.640090 0.000120 0.000161 0.000652 49.844606
5.390030 1528541237.653100 0.000119 0.000158 0.000655 49.723813
5.402930 1528541237.666000 0.000120 0.000160 0.000652 49.520208
5.415615 1528541237.678685 0.000119 0.000158 0.000653 49.640824
5.427849 1528541237.690919 0.000120 0.000160 0.000655 49.637459
5.440468 1528541237.703538 0.000119 0.000159 0.000656 49.686608
5.452831 1528541237.715901 0.000119 0.000158 0.000654 49.752362
5.465260 1528541237.728330 0.000120 0.000160 0.000654 49.744378
5.477759 1528541237.740829 0.000120 0.000160 0.000654 49.522172
5.489649 1528541237.752719 0.000119 0.000158 0.000656 49.969367
5.502356 1528541237.765426 0.000120 0.000159 0.000653 49.518656
5.514589 1528541237.777659 0.000120 0.000159 0.000649 49.874473
5.527173 1528541237.790243 0.000120 0.000159 0.000649 49.880041
5.540162 1528541237.803232 0.000120 0.000159 0.000652 49.914523
5.552582 1528541237.815652 0.000120 0.000160 0.000655 50.054851
5.564911 1528541237.827981 0.000120 0.000162 0.000649 49.923212
5.577295 1528541237.840365 0.000120 0.000159 0.000656 50.131438
5.589659 1528541237.852729 0.000120 0.000159 0.000655 50.260916
5.602385 1528541237.865455 0.000119 0.000159 0.000656 50.115055
5.614817 1528541237.877887 0.000119 0.000160 0.000655 49.838371
5.628036 1528541237.891106 0.000119 0.000159 0.000657 49.630054
5.640347 1528541237.903418 0.000119 0.000159 0.000651 49.786341
5.653176 1528541237.916246 0.000119 0.000160 0.000650 49.566474
5.664444 1528541237.927514 0.000119 0.000158 0.000653 49.740168
5.677098 1528541237.940168 0.000119 0.000158 0.000654 49.543571
5.689741 1528541237.952811 0.000119 0.000158 0.000651 49.633778
5.702122 1528541237.965192 0.000119 0.000157 0.000655 49.780159
5.714342 1528541237.977412 0.000119 0.000159 0.000654 49.514706
5.727870 1528541237.990940 0.000119 0.000159 0.000650 49.633727
5.740564 1528541238.003634 0.000120 0.000159 0.000654 49.536158
5.753054 1528541238.016124 0.000119 0.000158 0.000652 49.998543
5.765527 1528541238.028597 0.000119 0.000159 0.000655 49.938735
5.778551 1528541238.041621 0.000120 0.000160 0.000653 49.769658
5.789810 1528541238.052880 0.000119 0.000160 0.000651 49.746480
5.801982 1528541238.065052 0.000119 0.000158 0.000655 50.057538
5.814416 1528541238.077486 0.000119 0.000161 0.000654 49.703449
5.827997 1528541238.091068 0.000120 0.000161 0.000645 49.880368
5.840421 1528541238.103491 0.000120 0.000159 0.000653 49.822587
5.853709 1528541238.116779 0.000119 0.000160 0.000650 49.755449
5.865760 1528541238.128830 0.000120 0.000160 0.000651 49.542558
5.878405 1528541238.141475 0.000120 0.000159 0.000649 49.546079
5.890628 1528541238.153698 0.000120 0.000157 0.000652 49.646415
5.902555 1528541238.165625 0.000120 0.000160 0.000650 49.218764
5.914537 1528541238.177607 0.000120 0.000159 0.000651 49.556370
5.927477 1528541238.190547 0.000120 0.000160 0.000645 49.407667
5.941156 1528541238.204226 0.000120 0.000159 0.000653 49.442895
5.953358 1528541238.216429 0.000120 0.000160 0.000650 49.024214
5.965962 1528541238.229032 0.000120 0.000160 0.000654 49.364347
5.978192 1528541238.241262 0.000120 0.000160 0.000648 49.327460
5.990282 1528541238.253352 0.000120 0.000161 0.000650 49.369910
6.001830 1528541238.264900 0.000120 0.000159 0.000652 49.380548
6.014585 1528541238.277655 0.000120 0.000162 0.000652 49.200429
6.027385 1528541238.290455 0.000120 0.000161 0.000650 49.335402
6.039765 1528541238.302835 0.000120 0.000162 0.000652 49.310259
6.052239 1528541238.315310 0.000120 0.000161 0.000651 49.546407
6.066458 1528541238.329529 0.000120 0.000161 0.000650 49.585457
6.077753 1528541238.340823 0.000121 0.000161 0.000648 49.436837
6.090702 1528541238.353772 0.000121 0.000161 0.000652 49.580414
6.103199 1528541238.366269 0.000121 0.000161 0.000650 49.553863
6.115307 1528541238.378377 0.000121 0.000161 0.000650 49.575460
6.128711 1528541238.391782 0.000121 0.000161 0.000650 49.623998
6.140305 1528541238.403375 0.000121 0.000163 0.000650 49.364963
6.152908 1528541238.415978 0.000121 0.000161 0.000650 49.358426
6.164627 1528541238.427697 0.000122 0.000163 0.000646 49.413480
6.177011 1528541238.440082 0.000122 0.000162 0.000649 49.484477
6.189314 1528541238.452384 0.000122 0.000163 0.000650 49.273231
6.202214 1528541238.465285 0.000122 0.000163 0.000650 49.402825
6.215747 1528541238.478817 0.000122 0.000165 0.000649 49.501393
6.227378 1528541238.490448 0.000123 0.000163 0.000655 49.302982
6.239655 1528541238.502726 0.000123 0.000164 0.000649 49.457101
6.251920 1528541238.514991 0.000124 0.000166 0.000640 49.502253
6.264670 1528541238.527740 0.000128 0.000163 0.000633 49.666851
6.278074 1528541238.541144 0.000132 0.000162 0.000623 49.391966
6.290594 1528541238.553664 0.000133 0.000160 0.000635 49.140894
6.303307 1528541238.566377 0.000134 0.000159 0.000631 49.002530
6.315843 1528541238.578913 0.000135 0.000162 0.000623 48.682975
6.328861 1528541238.591931 0.000134 0.000160 0.000628 48.938626
6.341133 1528541238.604203 0.000135 0.000161 0.000625 48.862472
6.352406 1528541238.615476 0.000134 0.000160 0.000626 48.884653
6.364877 1528541238.627947 0.000135 0.000160 0.000625 48.459576
6.377245 1528541238.640315 0.000134 0.000160 0.000625 48.284741
6.390272 1528541238.653342 0.000134 0.000160 0.000622 48.030453
6.403270 1528541238.666340 0.000133 0.000161 0.000623 47.729820
6.415392 1528541238.678462 0.000133 0.000160 0.000623 47.349830
6.428310 1528541238.691380 0.000133 0.000160 0.000625 47.027839
6.439969 1528541238.703039 0.000132 0.000162 0.000618 46.867899
6.452132 1528541238.715202 0.000131 0.000159 0.000621 47.162557
6.464780 1528541238.727850 0.000131 0.000160 0.000623 46.952719
6.477105 1528541238.740175 0.000131 0.000159 0.000621 46.867506
6.489989 1528541238.753059 0.000131 0.000158 0.000622 46.767228
6.502226 1528541238.765296 0.000130 0.000158 0.000622 47.048574
6.514725 1528541238.777796 0.000130 0.000156 0.000623 47.100631
6.527355 1528541238.790426 0.000130 0.000158 0.000621 46.883339
6.540612 1528541238.803683 0.000129 0.000159 0.000622 46.869479
6.552353 1528541238.815423 0.000129 0.000158 0.000625 46.457330
6.565161 1528541238.828231 0.000129 0.000159 0.000624 46.457560
6.577379 1528541238.840449 0.000130 0.000158 0.000623 46.577681
6.590205 1528541238.853276 0.000130 0.000158 0.000620 46.512432
6.603154 1528541238.866224 0.000129 0.000157 0.000623 46.525868
6.615133 1528541238.878203 0.000129 0.000158 0.000622 46.552736
6.627643 1528541238.890713 0.000130 0.000158 0.000619 46.289406
6.640014 1528541238.903084 0.000129 0.000158 0.000617 46.286017
6.652411 1528541238.915481 0.000129 0.000157 0.000623 46.258022
6.664827 1528541238.927897 0.000129 0.000157 0.000622 46.397516
6.677346 1528541238.940416 0.000130 0.000157 0.000625 46.351790
6.690227 1528541238.953297 0.000131 0.000156 0.000632 45.915867
6.702128 1528541238.965198 0.000133 0.000157 0.000642 45.413505
6.714969 1528541238.978040 0.000139 0.000155 0.000653 44.219664
6.727338 1528541238.990408 0.000147 0.000152 0.000658 43.943630
6.739769 1528541239.002839 0.000152 0.000156 0.000664 42.699641
6.752418 1528541239.015488 0.000149 0.000157 0.000667 41.865735
6.764927 1528541239.027997 0.000146 0.000156 0.000670 41.433355
6.777319 1528541239.040389 0.000149 0.000160 0.000663 41.175315
6.789872 1528541239.052942 0.000150 0.000161 0.000662 40.827064
6.802462 1528541239.065532 0.000147 0.000157 0.000664 40.994236
6.814816 1528541239.077886 0.000148 0.000158 0.000660 40.885692
6.827308 1528541239.090378 0.000148 0.000157 0.000659 40.957103
6.839889 1528541239.102959 0.000148 0.000156 0.000665 41.278591
6.852433 1528541239.115503 0.000148 0.000155 0.000660 41.284508
6.864814 1528541239.127884 0.000140 0.000152 0.000668 41.024294
6.877413 1528541239.140483 0.000145 0.000152 0.000663 41.120750
6.890177 1528541239.153247 0.000144 0.000151 0.000663 40.991650
6.902843 1528541239.165913 0.000142 0.000151 0.000664 41.006425
6.914935 1528541239.178005 0.000137 0.000150 0.000663 40.966165
6.927614 1528541239.190685 0.000143 0.000149 0.000658 41.002668
6.939888 1528541239.202958 0.000142 0.000150 0.000664 41.052999
6.952376 1528541239.215446 0.000136 0.000150 0.000666 40.763719
6.965051 1528541239.228121 0.000141 0.000150 0.000663 41.108301
6.978309 1528541239.241379 0.000140 0.000149 0.000661 40.969135
6.989958 1528541239.253028 0.000143 0.000149 0.000663 41.202948
7.001865 1528541239.264935 0.000135 0.000150 0.000663 41.043838
7.014634 1528541239.277704 0.000140 0.000149 0.000664 41.364076
7.027457 1528541239.290527 0.000140 0.000150 0.000665 41.362235
7.039769 1528541239.302839 0.000140 0.000150 0.000662 41.273544
7.052289 1528541239.315359 0.000141 0.000150 0.000659 41.400808
7.064618 1528541239.327688 0.000135 0.000149 0.000658 41.237885
7.077102 1528541239.340173 0.000135 0.000150 0.000659 41.514158
7.089535 1528541239.352605 0.000134 0.000150 0.000662 41.235999
7.102151 1528541239.365221 0.000135 0.000151 0.000657 41.186105
7.114682 1528541239.377752 0.000134 0.000150 0.000668 41.474078
7.127110 1528541239.390180 0.000141 0.000150 0.000662 41.297040
7.139550 1528541239.402620 0.000135 0.000150 0.000665 41.107254
7.152242 1528541239.415312 0.000141 0.000150 0.000657 41.069450
7.164791 1528541239.427861 0.000141 0.000152 0.000654 41.332479
7.177974 1528541239.441044 0.000141 0.000151 0.000658 41.218331
7.190627 1528541239.453697 0.000142 0.000150 0.000658 41.259526
7.203360 1528541239.466430 0.000141 0.000152 0.000664 41.344782
7.215670 1528541239.478740 0.000135 0.000152 0.000657 41.195679
7.227275 1528541239.490345 0.000136 0.000151 0.000658 41.467663
7.239646 1528541239.502716 0.000142 0.000152 0.000662 41.621949
7.252014 1528541239.515084 0.000141 0.000153 0.000654 41.377317
7.264544 1528541239.527614 0.000143 0.000154 0.000654 41.407949
7.276822 1528541239.539892 0.000142 0.000151 0.000668 41.488167
7.289593 1528541239.552663 0.000130 0.000152 0.000669 41.607635
7.302112 1528541239.565182 0.000125 0.000154 0.000670 41.365606
7.314733 1528541239.577803 0.000123 0.000156 0.000670 41.573029
7.328108 1528541239.591178 0.000122 0.000155 0.000673 41.753663
7.341203 1528541239.604273 0.000121 0.000156 0.000674 41.598711
7.352946 1528541239.616016 0.000121 0.000155 0.000678 42.019327
7.364985 1528541239.628055 0.000122 0.000156 0.000677 42.102508
7.377258 1528541239.640328 0.000122 0.000157 0.000672 41.583053
7.389754 1528541239.652824 0.000121 0.000156 0.000676 41.739056
7.402235 1528541239.665305 0.000121 0.000156 0.000669 41.493341
7.414728 1528541239.677798 0.000121 0.000154 0.000677 41.415618
7.427266 1528541239.690336 0.000121 0.000154 0.000675 41.432410
7.440075 1528541239.703145 0.000121 0.000155 0.000670 41.568192
7.452272 1528541239.715342 0.000121 0.000154 0.000674 41.428899
7.464523 1528541239.727593 0.000120 0.000154 0.000672 41.140053
7.477510 1528541239.740581 0.000120 0.000154 0.000670 41.375260
7.489920 1528541239.752990 0.000120 0.000153 0.000669 41.153394
7.502326 1528541239.765396 0.000120 0.000152 0.000670 41.042847
7.514918 1528541239.777988 0.000120 0.000153 0.000669 40.982535
7.528471 1528541239.791541 0.000120 0.000152 0.000667 40.825237
7.540702 1528541239.803772 0.000119 0.000152 0.000667 41.091925
7.553111 1528541239.816181 0.000119 0.000152 0.000669 40.982135
7.564880 1528541239.827950 0.000119 0.000152 0.000669 40.906075
7.577006 1528541239.840076 0.000119 0.000152 0.000671 40.912941
7.590415 1528541239.853486 0.000119 0.000152 0.000669 40.872568
7.603062 1528541239.866132 0.000119 0.000152 0.000671 40.724187
7.615326 1528541239.878396 0.000120 0.000151 0.000667 40.552562
7.628044 1528541239.891114 0.000121 0.000153 0.000661 40.401956
7.639963 1528541239.903033 0.000123 0.000153 0.000653 40.280880
7.652082 1528541239.915152 0.000124 0.000153 0.000644 39.994328
7.665147 1528541239.928217 0.000125 0.000152 0.000643 40.192264
7.677123 1528541239.940193 0.000125 0.000151 0.000647 39.869833
7.689811 1528541239.952881 0.000125 0.000150 0.000658 39.892524
7.702330 1528541239.965400 0.000126 0.000150 0.000654 40.204533
7.714953 1528541239.978023 0.000126 0.000150 0.000651 39.979876
7.728144 1528541239.991215 0.000126 0.000150 0.000648 39.925549
7.741041 1528541240.004111 0.000126 0.000150 0.000650 40.084378
7.753578 1528541240.016648 0.000126 0.000150 0.000648 39.727625
7.765529 1528541240.028599 0.000127 0.000151 0.000644 39.854447
7.777635 1528541240.040705 0.000126 0.000151 0.000647 39.805598
7.789961 1528541240.053031 0.000126 0.000151 0.000652 39.962454
7.807250 1528541240.070321 0.000126 0.000152 0.000647 39.916716
7.815036 1528541240.078106 0.000127 0.000152 0.000645 40.153141
7.827213 1528541240.090283 0.000127 0.000150 0.000649 40.190258
7.840281 1528541240.103351 0.000127 0.000153 0.000651 40.233776
7.852521 1528541240.115591 0.000127 0.000152 0.000650 40.399628
7.864858 1528541240.127928 0.000127 0.000152 0.000643 40.267318
7.877131 1528541240.140202 0.000127 0.000154 0.000649 40.291604
7.889875 1528541240.152945 0.000127 0.000153 0.000647 40.172169
7.902544 1528541240.165614 0.000127 0.000153 0.000645 40.070496
7.914986 1528541240.178056 0.000127 0.000153 0.000647 40.458068
7.927587 1528541240.190657 0.000127 0.000153 0.000647 40.454832
7.939875 1528541240.202945 0.000127 0.000153 0.000650 40.310039
7.952407 1528541240.215477 0.000127 0.000154 0.000649 40.416589
7.964794 1528541240.227864 0.000127 0.000154 0.000652 40.290235
7.977512 1528541240.240582 0.000127 0.000154 0.000645 40.418428
7.990166 1528541240.253236 0.000137 0.000154 0.000643 40.596042
8.002800 1528541240.265870 0.000129 0.000155 0.000645 40.388631
8.014983 1528541240.278053 0.000127 0.000155 0.000646 40.331316
8.027635 1528541240.290705 0.000127 0.000154 0.000647 40.315233
8.040307 1528541240.303377 0.000127 0.000154 0.000647 40.191061
8.052865 1528541240.315935 0.000128 0.000155 0.000647 40.456832
8.065521 1528541240.328591 0.000128 0.000154 0.000649 40.262381
8.077961 1528541240.341031 0.000128 0.000153 0.000645 40.136783
8.090273 1528541240.353343 0.000128 0.000155 0.000646 40.418757
8.103523 1528541240.366593 0.000128 0.000154 0.000644 40.226322
8.116137 1528541240.379207 0.000128 0.000153 0.000645 40.264520
8.128869 1528541240.391939 0.000128 0.000154 0.000646 40.402808
8.140381 1528541240.403451 0.000130 0.000155 0.000646 40.448442
8.152694 1528541240.415764 0.000128 0.000155 0.000645 40.187450
8.164977 1528541240.428047 0.000129 0.000154 0.000645 40.162390
8.177558 1528541240.440629 0.000129 0.000154 0.000642 40.203177
8.189861 1528541240.452931 0.000130 0.000155 0.000642 40.297180
8.202294 1528541240.465364 0.000129 0.000154 0.000643 40.579099
8.214921 1528541240.477992 0.000131 0.000154 0.000643 40.386150
8.227428 1528541240.490499 0.000129 0.000155 0.000640 40.225792
8.239669 1528541240.502739 0.000129 0.000154 0.000645 40.315280
8.252818 1528541240.515888 0.000128 0.000155 0.000647 40.180403
8.264905 1528541240.527975 0.000129 0.000154 0.000646 40.384812
8.277541 1528541240.540611 0.000129 0.000154 0.000644 40.247664
8.290355 1528541240.553426 0.000129 0.000154 0.000642 40.249888
8.303369 1528541240.566439 0.000129 0.000154 0.000643 40.031977
8.316082 1528541240.579152 0.000138 0.000153 0.000639 40.228826
8.328452 1528541240.591522 0.000138 0.000153 0.000643 40.546631
8.340378 1528541240.603448 0.000131 0.000154 0.000644 40.230791
8.353395 1528541240.616465 0.000129 0.000155 0.000646 40.340305
8.365493 1528541240.628563 0.000129 0.000154 0.000646 40.377716
8.377636 1528541240.640707 0.000129 0.000154 0.000647 40.167984
8.390448 1528541240.653518 0.000129 0.000154 0.000645 40.405682
8.402762 1528541240.665832 0.000129 0.000154 0.000647 40.255881
8.415451 1528541240.678521 0.000138 0.000154 0.000640 40.406577
8.427786 1528541240.690856 0.000129 0.000153 0.000644 40.180780
8.440422 1528541240.703492 0.000138 0.000154 0.000640 40.212865
8.453070 1528541240.716141 0.000129 0.000153 0.000649 40.098505
8.465301 1528541240.728371 0.000129 0.000154 0.000646 40.578655
8.478184 1528541240.741255 0.000138 0.000154 0.000645 40.493853
8.490421 1528541240.753491 0.000130 0.000153 0.000646 40.489544
8.502689 1528541240.765759 0.000130 0.000154 0.000644 40.317230
8.515311 1528541240.778382 0.000130 0.000153 0.000638 40.476480
8.527736 1528541240.790807 0.000133 0.000151 0.000628 41.098900
8.540127 1528541240.803197 0.000133 0.000151 0.000629 41.133879
8.552752 1528541240.815822 0.000132 0.000150 0.000642 40.822677
8.565190 1528541240.828260 0.000131 0.000150 0.000647 40.778614
8.577606 1528541240.840677 0.000132 0.000149 0.000645 40.783191
8.590316 1528541240.853386 0.000132 0.000149 0.000644 41.025000
8.602544 1528541240.865614 0.000132 0.000149 0.000646 40.782864
8.615477 1528541240.878547 0.000132 0.000150 0.000641 40.928636
8.627714 1528541240.890784 0.000132 0.000150 0.000640 41.018669
8.640158 1528541240.903228 0.000132 0.000150 0.000639 40.480338
8.652771 1528541240.915841 0.000132 0.000149 0.000641 40.763359
8.665857 1528541240.928927 0.000132 0.000150 0.000639 40.587115
8.678224 1528541240.941294 0.000132 0.000150 0.000639 40.459965
8.691063 1528541240.954133 0.000132 0.000150 0.000638 40.471520
8.703517 1528541240.966587 0.000132 0.000150 0.000641 40.635518
8.715080 1528541240.978150 0.000132 0.000150 0.000640 40.590333
8.728374 1528541240.991444 0.000132 0.000149 0.000641 40.515875
8.740710 1528541241.003780 0.000132 0.000149 0.000637 40.503295
8.753442 1528541241.016512 0.000132 0.000150 0.000641 40.484553
8.765627 1528541241.028697 0.000132 0.000150 0.000641 40.250097
8.777785 1528541241.040855 0.000132 0.000151 0.000637 40.489971
8.789831 1528541241.052902 0.000131 0.000149 0.000642 40.310944
8.802287 1528541241.065357 0.000131 0.000149 0.000640 40.056925
8.814852 1528541241.077922 0.000131 0.000150 0.000640 40.162210
8.827168 1528541241.090238 0.000131 0.000149 0.000641 40.206604
8.839867 1528541241.102937 0.000130 0.000150 0.000640 39.995119
8.852077 1528541241.115147 0.000131 0.000151 0.000643 40.061441
8.864559 1528541241.127629 0.000130 0.000150 0.000642 39.973025
8.877137 1528541241.140208 0.000131 0.000150 0.000641 39.971253
8.889912 1528541241.152982 0.000131 0.000149 0.000641 39.930811
8.903769 1528541241.166840 0.000131 0.000150 0.000639 39.841699
8.915975 1528541241.179045 0.000131 0.000149 0.000639 39.904152
8.928797 1528541241.191867 0.000131 0.000149 0.000641 40.026211
8.940917 1528541241.203987 0.000131 0.000151 0.000638 39.751802
8.953211 1528541241.216281 0.000132 0.000150 0.000638 39.913342
8.965002 1528541241.228072 0.000131 0.000151 0.000642 39.888624
8.977389 1528541241.240459 0.000131 0.000151 0.000639 39.846781
8.990078 1528541241.253148 0.000132 0.000150 0.000640 39.819918
9.002522 1528541241.265592 0.000131 0.000150 0.000638 39.703975
9.015064 1528541241.278134 0.000131 0.000149 0.000639 39.843678
9.028347 1528541241.291417 0.000131 0.000148 0.000643 40.083044
9.041289 1528541241.304359 0.000129 0.000145 0.000645 40.300376
9.053902 1528541241.316972 0.000126 0.000143 0.000650 41.318210
9.065020 1528541241.328090 0.000122 0.000141 0.000662 43.095806
9.077285 1528541241.340355 0.000119 0.000141 0.000676 44.894248
9.089939 1528541241.353009 0.000118 0.000142 0.000690 46.357787
9.102440 1528541241.365510 0.000118 0.000142 0.000696 47.294062
9.115049 1528541241.378119 0.000117 0.000141 0.000705 48.073275
9.128523 1528541241.391593 0.000118 0.000142 0.000710 48.298423
9.140888 1528541241.403958 0.000118 0.000142 0.000710 48.545285
9.153293 1528541241.416363 0.000117 0.000140 0.000707 48.739172
9.166757 1528541241.429827 0.000117 0.000141 0.000711 48.538919
9.178530 1528541241.441600 0.000116 0.000140 0.000713 48.393296
9.190526 1528541241.453596 0.000116 0.000140 0.000713 48.621844
9.202703 1528541241.465773 0.000117 0.000141 0.000714 48.352802
9.215038 1528541241.478108 0.000116 0.000139 0.000713 48.442974
9.227384 1528541241.490454 0.000116 0.000140 0.000715 48.219389
9.240175 1528541241.503245 0.000116 0.000140 0.000714 48.233016
9.253436 1528541241.516506 0.000116 0.000140 0.000714 48.016590
9.265879 1528541241.528949 0.000115 0.000139 0.000715 48.163262
9.278599 1528541241.541669 0.000116 0.000140 0.000715 48.143586
9.291305 1528541241.554375 0.000115 0.000139 0.000715 48.096988
9.302879 1528541241.565949 0.000115 0.000140 0.000717 47.959058
9.315545 1528541241.578615 0.000116 0.000140 0.000709 48.221132
9.327922 1528541241.590992 0.000119 0.000138 0.000707 48.274158
9.340394 1528541241.603464 0.000120 0.000137 0.000704 48.068293
9.353276 1528541241.616346 0.000120 0.000137 0.000705 47.685860
9.365663 1528541241.628733 0.000120 0.000138 0.000701 47.444502
9.378022 1528541241.641092 0.000121 0.000139 0.000697 47.196789
9.390601 1528541241.653672 0.000121 0.000139 0.000692 46.964710
9.402842 1528541241.665912 0.000122 0.000140 0.000692 46.760434
9.416285 1528541241.679355 0.000122 0.000140 0.000691 46.738786
9.428597 1528541241.691667 0.000122 0.000139 0.000690 46.641792
9.441270 1528541241.704340 0.000122 0.000139 0.000688 46.792639
9.453189 1528541241.716259 0.000122 0.000138 0.000690 46.665733
9.465016 1528541241.728086 0.000122 0.000139 0.000688 46.269722
9.478006 1528541241.741076 0.000122 0.000139 0.000687 46.371876
9.490413 1528541241.753483 0.000121 0.000138 0.000691 46.312840
9.502676 1528541241.765746 0.000121 0.000138 0.000695 46.234341
9.515687 1528541241.778757 0.000121 0.000138 0.000690 46.066440
9.527499 1528541241.790570 0.000121 0.000138 0.000691 46.363817
9.540090 1528541241.803160 0.000120 0.000138 0.000691 46.199848
9.552711 1528541241.815781 0.000121 0.000139 0.000690 46.007928
9.565335 1528541241.828405 0.000121 0.000138 0.000690 46.031756
9.578838 1528541241.841908 0.000121 0.000139 0.000691 45.743310
9.591442 1528541241.854512 0.000121 0.000138 0.000691 45.980365
9.603628 1528541241.866698 0.000121 0.000138 0.000691 46.008972
9.616062 1528541241.879132 0.000121 0.000139 0.000689 46.039143
9.628785 1528541241.891855 0.000121 0.000138 0.000688 46.069604
9.641204 1528541241.904274 0.000120 0.000138 0.000691 46.286620
9.652871 1528541241.915941 0.000121 0.000139 0.000688 45.748382
9.665326 1528541241.928396 0.000121 0.000139 0.000686 45.703679
9.677803 1528541241.940873 0.000121 0.000139 0.000687 45.869942
9.690087 1528541241.953157 0.000121 0.000138 0.000686 46.023647
9.702726 1528541241.965796 0.000122 0.000138 0.000684 45.892203
9.715921 1528541241.978991 0.000122 0.000139 0.000684 45.569895
9.729112 1528541241.992182 0.000122 0.000138 0.000687 45.809063
9.741461 1528541242.004531 0.000122 0.000139 0.000688 45.667736
9.753410 1528541242.016480 0.000122 0.000140 0.000682 45.568044
9.767039 1528541242.030109 0.000122 0.000140 0.000686 45.697850
9.778569 1528541242.041639 0.000122 0.000140 0.000681 45.800064
9.790390 1528541242.053460 0.000122 0.000139 0.000686 45.936216
9.803409 1528541242.066479 0.000123 0.000139 0.000682 46.031756
9.815848 1528541242.078918 0.000123 0.000140 0.000687 45.667348
9.827984 1528541242.091054 0.000123 0.000139 0.000683 46.014799
9.840385 1528541242.103455 0.000123 0.000140 0.000682 45.504426
9.856763 1528541242.119833 0.000123 0.000140 0.000684 45.602993
9.865052 1528541242.128123 0.000124 0.000140 0.000681 45.794717
9.877745 1528541242.140815 0.000123 0.000139 0.000685 45.881234
9.890241 1528541242.153311 0.000124 0.000140 0.000681 45.962146
9.902747 1528541242.165817 0.000124 0.000140 0.000680 45.970585
9.915116 1528541242.178186 0.000124 0.000141 0.000681 45.763484
9.927720 1528541242.190790 0.000124 0.000141 0.000680 45.548290
9.939830 1528541242.202900 0.000124 0.000140 0.000682 45.578251
9.952451 1528541242.215521 0.000124 0.000141 0.000683 45.778612
9.965089 1528541242.228159 0.000124 0.000140 0.000683 45.707478
9.977653 1528541242.240723 0.000125 0.000141 0.000680 45.712584
9.990137 1528541242.253207 0.000125 0.000141 0.000680 45.817273
10.002576 1528541242.265646 0.000124 0.000140 0.000680 45.605021
10.015612 1528541242.278682 0.000124 0.000141 0.000680 45.581409
10.027908 1528541242.290978 0.000125 0.000142 0.000678 45.664962
10.040491 1528541242.303561 0.000125 0.000141 0.000678 45.635086
10.052727 1528541242.315797 0.000124 0.000140 0.000680 45.698974
10.064692 1528541242.327762 0.000125 0.000141 0.000680 45.667674
10.077466 1528541242.340536 0.000125 0.000142 0.000678 45.413932
10.089848 1528541242.352918 0.000125 0.000141 0.000676 45.584068
10.102438 1528541242.365508 0.000125 0.000140 0.000678 45.594639
10.114806 1528541242.377876 0.000124 0.000140 0.000680 45.752562
10.127513 1528541242.390583 0.000124 0.000141 0.000676 45.348772
10.139604 1528541242.402674 0.000125 0.000140 0.000679 45.278843
10.152488 1528541242.415559 0.000125 0.000140 0.000681 45.534888
10.165075 1528541242.428145 0.000125 0.000141 0.000673 45.381443
10.177379 1528541242.440449 0.000124 0.000142 0.000679 45.538720
10.190001 1528541242.453071 0.000123 0.000144 0.000676 45.636689
10.202359 1528541242.465429 0.000124 0.000146 0.000672 45.364110
10.215085 1528541242.478155 0.000124 0.000147 0.000665 45.022075
10.227545 1528541242.490615 0.000125 0.000148 0.000665 44.272319
10.239866 1528541242.502936 0.000126 0.000148 0.000658 44.207325
10.252239 1528541242.515310 0.000126 0.000149 0.000655 44.053373
10.264654 1528541242.527724 0.000125 0.000147 0.000659 44.210389
10.277499 1528541242.540569 0.000125 0.000147 0.000658 43.992804
10.290181 1528541242.553251 0.000125 0.000146 0.000657 43.910403
10.302309 1528541242.565379 0.000125 0.000148 0.000654 43.751847
10.315775 1528541242.578845 0.000125 0.000145 0.000659 44.046219
10.329170 1528541242.592240 0.000125 0.000147 0.000655 43.937118
10.340746 1528541242.603816 0.000125 0.000147 0.000656 44.055793
10.352534 1528541242.615604 0.000125 0.000147 0.000657 44.233372
10.365026 1528541242.628096 0.000126 0.000146 0.000654 44.300172
10.377485 1528541242.640555 0.000126 0.000147 0.000655 44.363720
10.390359 1528541242.653429 0.000126 0.000146 0.000656 44.563880
10.402514 1528541242.665584 0.000126 0.000145 0.000654 44.609676
10.414864 1528541242.677934 0.000126 0.000146 0.000656 44.483882
10.427363 1528541242.690433 0.000126 0.000147 0.000653 44.473189
10.440083 1528541242.703153 0.000126 0.000146 0.000656 44.522058
10.452629 1528541242.715699 0.000126 0.000146 0.000655 44.478240
10.464899 1528541242.727969 0.000126 0.000146 0.000654 44.665062
10.477403 1528541242.740473 0.000126 0.000146 0.000654 44.753866
10.490230 1528541242.753300 0.000127 0.000148 0.000651 44.418217
10.503611 1528541242.766681 0.000126 0.000146 0.000654 44.556100
10.516287 1528541242.779357 0.000126 0.000146 0.000656 44.485648
10.529352 1528541242.792422 0.000126 0.000147 0.000654 44.449275
10.540411 1528541242.803482 0.000127 0.000146 0.000655 44.730685
10.552886 1528541242.815956 0.000127 0.000147 0.000653 44.749346
10.565171 1528541242.828241 0.000127 0.000147 0.000653 44.631355
10.577731 1528541242.840801 0.000128 0.000148 0.000651 44.462754
10.591374 1528541242.854445 0.000127 0.000148 0.000656 44.693188
10.603468 1528541242.866538 0.000128 0.000148 0.000653 44.830730
10.616223 1528541242.879293 0.000128 0.000146 0.000653 44.843153
10.629006 1528541242.892076 0.000128 0.000148 0.000651 44.390910
10.640567 1528541242.903637 0.000128 0.000147 0.000652 44.573599
10.652907 1528541242.915977 0.000128 0.000146 0.000656 44.667119
10.665486 1528541242.928556 0.000128 0.000148 0.000655 44.526507
10.677896 1528541242.940966 0.000128 0.000147 0.000654 44.524060
10.690074 1528541242.953144 0.000128 0.000147 0.000654 44.607095
10.702965 1528541242.966035 0.000128 0.000148 0.000653 44.401483
10.715416 1528541242.978486 0.000128 0.000147 0.000656 44.446608
10.727820 1528541242.990890 0.000128 0.000147 0.000654 44.451820
10.740622 1528541243.003692 0.000129 0.000148 0.000655 44.248805
10.753204 1528541243.016274 0.000128 0.000148 0.000654 44.318668
10.765218 1528541243.028288 0.000128 0.000148 0.000652 44.597370
10.777775 1528541243.040845 0.000128 0.000148 0.000652 44.246006
10.790594 1528541243.053664 0.000128 0.000147 0.000653 44.183550
10.803132 1528541243.066202 0.000129 0.000147 0.000648 44.354535
10.815536 1528541243.078606 0.000128 0.000147 0.000652 44.355117
10.828105 1528541243.091175 0.000129 0.000147 0.000650 44.438133
10.840773 1528541243.103843 0.000129 0.000147 0.000652 44.345157
10.852842 1528541243.115912 0.000128 0.000147 0.000658 44.265088
10.865719 1528541243.128789 0.000129 0.000147 0.000649 44.527964
10.879372 1528541243.142442 0.000129 0.000147 0.000651 44.425528
10.891672 1528541243.154742 0.000129 0.000147 0.000651 44.432058
10.903734 1528541243.166804 0.000128 0.000147 0.000649 44.347165
10.916727 1528541243.179797 0.000128 0.000147 0.000652 44.287885
10.929502 1528541243.192572 0.000129 0.000147 0.000649 44.208852
10.940613 1528541243.203683 0.000129 0.000147 0.000650 44.125347
10.952914 1528541243.215984 0.000128 0.000147 0.000652 44.448549
10.965036 1528541243.228106 0.000128 0.000146 0.000650 44.415854
10.977443 1528541243.240513 0.000129 0.000146 0.000651 44.329419
10.990434 1528541243.253505 0.000128 0.000147 0.000651 44.199520
11.002920 1528541243.265990 0.000128 0.000145 0.000654 44.461818
11.015557 1528541243.278627 0.000129 0.000146 0.000652 44.202587
11.028226 1528541243.291296 0.000129 0.000147 0.000653 44.319427
11.041847 1528541243.304917 0.000128 0.000147 0.000656 44.070195
11.053841 1528541243.316911 0.000127 0.000147 0.000660 44.112689
11.066799 1528541243.329869 0.000126 0.000148 0.000664 44.514085
11.078371 1528541243.341441 0.000126 0.000150 0.000659 44.704685
11.090584 1528541243.353654 0.000126 0.000152 0.000658 44.305053
11.102792 1528541243.365862 0.000126 0.000153 0.000653 44.185787
11.115293 1528541243.378363 0.000127 0.000156 0.000646 43.687014
11.128084 1528541243.391154 0.000127 0.000157 0.000644 43.371940
11.140451 1528541243.403522 0.000127 0.000155 0.000646 43.379539
11.153088 1528541243.416158 0.000127 0.000155 0.000642 43.474576
11.165505 1528541243.428575 0.000127 0.000155 0.000647 43.179342
11.177765 1528541243.440835 0.000127 0.000155 0.000645 43.392840
11.190425 1528541243.453495 0.000127 0.000155 0.000644 43.409203
11.202885 1528541243.465955 0.000127 0.000154 0.000644 43.413401
11.215231 1528541243.478301 0.000127 0.000155 0.000642 43.439361
11.228716 1528541243.491786 0.000127 0.000154 0.000646 43.594227
11.241138 1528541243.504208 0.000127 0.000156 0.000645 43.423299
11.253929 1528541243.516999 0.000127 0.000155 0.000647 43.690993
11.265440 1528541243.528510 0.000127 0.000154 0.000647 43.864892
11.277906 1528541243.540977 0.000127 0.000154 0.000652 43.462185
11.290190 1528541243.553260 0.000127 0.000154 0.000647 43.707102
11.303196 1528541243.566267 0.000128 0.000155 0.000640 43.878914
11.315328 1528541243.578398 0.000129 0.000154 0.000633 43.563312
11.327997 1528541243.591067 0.000130 0.000154 0.000622 43.522956
11.340591 1528541243.603661 0.000129 0.000152 0.000630 43.225632
11.353280 1528541243.616350 0.000129 0.000150 0.000635 43.349305
11.365746 1528541243.628817 0.000128 0.000150 0.000645 43.639431
11.378455 1528541243.641525 0.000129 0.000150 0.000638 43.722189
11.390762 1528541243.653832 0.000129 0.000149 0.000640 43.648411
11.403464 1528541243.666534 0.000128 0.000150 0.000639 43.580258
11.415941 1528541243.679011 0.000129 0.000151 0.000637 43.300781
11.429119 1528541243.692189 0.000128 0.000149 0.000640 43.442827
11.441622 1528541243.704692 0.000129 0.000150 0.000640 43.287145
11.453025 1528541243.716095 0.000129 0.000149 0.000635 43.677150
11.465124 1528541243.728194 0.000129 0.000149 0.000637 43.433917
11.478137 1528541243.741207 0.000129 0.000148 0.000638 43.684282
11.490178 1528541243.753248 0.000129 0.000149 0.000637 43.424720
11.502636 1528541243.765706 0.000129 0.000149 0.000632 43.499036
11.515867 1528541243.778937 0.000129 0.000149 0.000640 43.424198
11.527837 1528541243.790907 0.000129 0.000149 0.000637 43.243957
11.540830 1528541243.803900 0.000129 0.000150 0.000638 43.091279
11.553015 1528541243.816086 0.000129 0.000149 0.000638 43.128243
11.565382 1528541243.828452 0.000128 0.000148 0.000639 43.407764
11.578061 1528541243.841131 0.000128 0.000148 0.000637 43.214989
11.590472 1528541243.853542 0.000129 0.000148 0.000635 43.498180
11.602869 1528541243.865939 0.000129 0.000149 0.000638 43.287212
11.615311 1528541243.878381 0.000129 0.000149 0.000637 43.408120
11.628808 1528541243.891878 0.000129 0.000149 0.000637 43.005924
11.641274 1528541243.904344 0.000129 0.000148 0.000639 43.606902
11.653716 1528541243.916786 0.000129 0.000149 0.000637 43.218690
11.666512 1528541243.929582 0.000129 0.000150 0.000633 43.315731
11.678803 1528541243.941873 0.000130 0.000150 0.000630 43.445618
11.690747 1528541243.953817 0.000129 0.000149 0.000635 43.359439
11.704019 1528541243.967089 0.000129 0.000149 0.000633 43.381124
11.717402 1528541243.980472 0.000129 0.000150 0.000634 43.191480
11.728526 1528541243.991596 0.000129 0.000149 0.000634 43.359602
11.740527 1528541244.003597 0.000129 0.000149 0.000634 43.412587
11.753248 1528541244.016318 0.000129 0.000150 0.000633 43.347439
11.765923 1528541244.028993 0.000129 0.000150 0.000633 43.371433
11.778382 1528541244.041452 0.000129 0.000149 0.000634 43.542434
11.790692 1528541244.053762 0.000129 0.000149 0.000633 43.509541
11.803296 1528541244.066366 0.000130 0.000150 0.000633 43.521889
11.815934 1528541244.079004 0.000130 0.000150 0.000632 43.412871
11.828305 1528541244.091376 0.000130 0.000150 0.000633 43.473686
11.840673 1528541244.103743 0.000130 0.000150 0.000634 43.513400
11.853376 1528541244.116446 0.000130 0.000150 0.000633 43.798915
11.866380 1528541244.129450 0.000130 0.000149 0.000635 43.789197
11.878945 1528541244.142015 0.000130 0.000152 0.000633 43.242594
11.890677 1528541244.153747 0.000131 0.000152 0.000628 43.413092
11.902828 1528541244.165899 0.000127 0.000155 0.000636 43.489100
11.915656 1528541244.178726 0.000124 0.000154 0.000644 44.010686
11.927975 1528541244.191045 0.000125 0.000154 0.000652 44.151407
11.940603 1528541244.203673 0.000126 0.000154 0.000649 43.800882
11.953220 1528541244.216290 0.000126 0.000154 0.000649 44.144592
11.965370 1528541244.228440 0.000126 0.000155 0.000647 43.929638
11.978200 1528541244.241270 0.000126 0.000156 0.000648 43.863745
11.991769 1528541244.254839 0.000126 0.000155 0.000647 44.016662
12.003897 1528541244.266967 0.000126 0.000153 0.000647 43.991125
12.016243 1528541244.279313 0.000125 0.000155 0.000647 43.960218
12.028750 1528541244.291820 0.000126 0.000156 0.000647 43.811801
12.040823 1528541244.303893 0.000126 0.000156 0.000645 43.695641
12.052655 1528541244.315726 0.000126 0.000155 0.000648 43.843799
12.065253 1528541244.328323 0.000126 0.000154 0.000648 43.787722
12.077810 1528541244.340880 0.000125 0.000155 0.000647 43.942517
12.091138 1528541244.354208 0.000126 0.000156 0.000645 43.495171
12.103702 1528541244.366772 0.000125 0.000154 0.000648 43.450360
12.116706 1528541244.379776 0.000126 0.000155 0.000646 43.549062
12.128588 1528541244.391658 0.000126 0.000155 0.000647 43.484965
12.141497 1528541244.404567 0.000126 0.000156 0.000645 43.500306
12.153790 1528541244.416860 0.000125 0.000155 0.000647 43.377949
12.166531 1528541244.429601 0.000126 0.000154 0.000648 43.589834
12.178943 1528541244.442013 0.000126 0.000154 0.000645 43.440039
12.190711 1528541244.453781 0.000125 0.000154 0.000647 43.783251
12.203156 1528541244.466226 0.000125 0.000154 0.000646 43.787315
12.215740 1528541244.478811 0.000125 0.000155 0.000645 43.542174
12.227928 1528541244.490998 0.000125 0.000155 0.000645 43.517139
12.240253 1528541244.503323 0.000125 0.000154 0.000647 43.755154
12.253143 1528541244.516213 0.000125 0.000155 0.000648 43.561689
12.265975 1528541244.529045 0.000125 0.000155 0.000649 43.668247
12.278089 1528541244.541159 0.000124 0.000154 0.000646 43.425153
12.290576 1528541244.553646 0.000124 0.000155 0.000646 43.645979
12.303881 1528541244.566952 0.000124 0.000156 0.000644 43.505469
12.316486 1528541244.579556 0.000123 0.000154 0.000648 43.689011
12.328659 1528541244.591729 0.000124 0.000154 0.000644 43.407760
12.341175 1528541244.604245 0.000124 0.000155 0.000643 43.497577
12.354186 1528541244.617256 0.000123 0.000154 0.000646 43.532821
12.366340 1528541244.629411 0.000123 0.000155 0.000647 43.384496
12.378626 1528541244.641696 0.000123 0.000154 0.000653 43.494914
12.390874 1528541244.653944 0.000123 0.000155 0.000645 43.539717
12.403502 1528541244.666572 0.000124 0.000154 0.000644 43.726301
12.416075 1528541244.679145 0.000123 0.000154 0.000646 43.473969
12.428770 1528541244.691840 0.000123 0.000154 0.000647 43.471996
12.440847 1528541244.703918 0.000124 0.000155 0.000645 43.798985
12.454152 1528541244.717222 0.000124 0.000155 0.000646 43.645917
12.466933 1528541244.730003 0.000124 0.000154 0.000646 43.656358
12.479234 1528541244.742304 0.000124 0.000154 0.000648 43.568484
12.490589 1528541244.753659 0.000124 0.000155 0.000645 43.606598
12.503042 1528541244.766112 0.000124 0.000154 0.000644 43.834487
12.515456 1528541244.778527 0.000124 0.000155 0.000644 43.543065
12.528346 1528541244.791416 0.000124 0.000155 0.000645 43.677266
12.540698 1528541244.803768 0.000124 0.000154 0.000648 43.943318
12.553273 1528541244.816343 0.000124 0.000155 0.000646 43.674149
12.565569 1528541244.828639 0.000124 0.000156 0.000643 43.631125
12.577980 1528541244.841050 0.000124 0.000156 0.000647 43.630963
12.590665 1528541244.853735 0.000124 0.000156 0.000647 43.756652
12.603084 1528541244.866154 0.000124 0.000155 0.000651 43.706343
12.615629 1528541244.878699 0.000125 0.000156 0.000643 43.761356
12.628318 1528541244.891388 0.000125 0.000156 0.000644 43.675727
12.640837 1528541244.903907 0.000125 0.000157 0.000649 43.813683
12.653217 1528541244.916287 0.000125 0.000159 0.000651 44.020597
12.665603 1528541244.928673 0.000134 0.000162 0.000648 43.794104
12.678528 1528541244.941598 0.000136 0.000162 0.000645 44.130185
12.690403 1528541244.953474 0.000134 0.000161 0.000650 43.826588
12.703129 1528541244.966199 0.000135 0.000163 0.000645 43.242694
12.715360 1528541244.978430 0.000136 0.000162 0.000646 43.046458
12.727944 1528541244.991014 0.000135 0.000162 0.000644 42.939339
12.740161 1528541245.003231 0.000135 0.000162 0.000646 43.047925
12.752850 1528541245.015920 0.000137 0.000162 0.000648 42.986640
12.765245 1528541245.028315 0.000136 0.000161 0.000647 43.331289
12.778180 1528541245.041250 0.000134 0.000162 0.000642 43.032847
12.790161 1528541245.053231 0.000134 0.000161 0.000648 43.380857
12.802874 1528541245.065944 0.000136 0.000161 0.000644 43.069911
12.815483 1528541245.078553 0.000133 0.000162 0.000642 42.924111
12.828032 1528541245.091103 0.000134 0.000162 0.000642 42.816316
12.840374 1528541245.103444 0.000133 0.000162 0.000641 42.882389
12.852496 1528541245.115566 0.000134 0.000162 0.000644 43.020498
12.865205 1528541245.128275 0.000136 0.000162 0.000643 42.903025
12.877951 1528541245.141021 0.000133 0.000162 0.000642 42.978507
12.890452 1528541245.153522 0.000136 0.000163 0.000641 43.045310
12.902679 1528541245.165749 0.000134 0.000162 0.000644 43.202935
12.915319 1528541245.178389 0.000133 0.000163 0.000643 43.004143
12.928080 1528541245.191150 0.000136 0.000163 0.000638 42.896982
12.941624 1528541245.204694 0.000135 0.000163 0.000642 42.946124
12.953959 1528541245.217030 0.000135 0.000163 0.000643 43.063183
12.966749 1528541245.229819 0.000135 0.000162 0.000642 43.113791
12.979161 1528541245.242231 0.000136 0.000163 0.000641 42.976037
12.991559 1528541245.254629 0.000133 0.000163 0.000644 42.836252
13.003573 1528541245.266643 0.000133 0.000162 0.000646 43.244377
13.015690 1528541245.278760 0.000136 0.000164 0.000641 43.227134
13.029344 1528541245.292414 0.000136 0.000163 0.000640 43.042374
13.041523 1528541245.304593 0.000137 0.000162 0.000640 43.207851
13.053328 1528541245.316398 0.000136 0.000163 0.000638 43.153946
13.065781 1528541245.328851 0.000134 0.000163 0.000640 42.972680
13.077873 1528541245.340943 0.000135 0.000162 0.000649 43.138470
13.090344 1528541245.353414 0.000136 0.000163 0.000642 43.158989
13.103037 1528541245.366107 0.000135 0.000163 0.000639 43.192719
13.115594 1528541245.378664 0.000136 0.000163 0.000641 43.091730
13.127990 1528541245.391061 0.000137 0.000163 0.000639 43.287588
13.141514 1528541245.404584 0.000136 0.000162 0.000644 43.173395
13.154206 1528541245.417276 0.000136 0.000163 0.000639 43.209654
13.166796 1528541245.429866 0.000137 0.000164 0.000643 43.324140
13.178839 1528541245.441909 0.000137 0.000162 0.000640 43.382714
13.191040 1528541245.454110 0.000135 0.000164 0.000642 43.136056
