-4.023054 1527941829.032959 0.000090 0.000131 0.000688 29.909411
-3.996345 1527941829.059668 0.000090 0.000132 0.000678 29.772144
-3.984982 1527941829.071031 0.000091 0.000132 0.000678 29.875560
-3.974511 1527941829.081502 0.000090 0.000131 0.000681 29.916750
-3.962845 1527941829.093168 0.000090 0.000131 0.000684 29.874802
-3.950506 1527941829.105507 0.000090 0.000132 0.000677 29.773722
-3.938383 1527941829.117630 0.000090 0.000131 0.000679 29.757254
-3.925900 1527941829.130113 0.000090 0.000131 0.000677 29.824297
-3.913690 1527941829.142323 0.000091 0.000131 0.000679 29.739870
-3.901220 1527941829.154793 0.000091 0.000132 0.000673 29.601250
-3.887515 1527941829.168498 0.000091 0.000132 0.000677 29.735006
-3.874936 1527941829.181077 0.000091 0.000131 0.000676 29.693202
-3.862607 1527941829.193406 0.000090 0.000131 0.000679 29.729165
-3.849958 1527941829.206055 0.000091 0.000131 0.000679 29.726372
-3.836954 1527941829.219059 0.000091 0.000132 0.000676 29.671644
-3.825536 1527941829.230477 0.000091 0.000132 0.000668 29.721798
-3.813369 1527941829.242644 0.000091 0.000130 0.000671 29.747958
-3.800849 1527941829.255164 0.000091 0.000131 0.000673 29.583769
-3.787289 1527941829.268724 0.000091 0.000131 0.000672 29.660923
-3.775179 1527941829.280834 0.000091 0.000131 0.000674 29.687874
-3.762319 1527941829.293694 0.000091 0.000130 0.000672 29.666066
-3.749558 1527941829.306454 0.000091 0.000131 0.000678 29.797705
-3.737732 1527941829.318281 0.000091 0.000131 0.000672 29.693685
-3.726124 1527941829.329889 0.000090 0.000131 0.000674 29.613924
-3.713373 1527941829.342640 0.000091 0.000131 0.000679 29.683082
-3.701021 1527941829.354991 0.000091 0.000131 0.000674 29.683357
-3.688306 1527941829.367707 0.000091 0.000131 0.000677 29.596900
-3.675231 1527941829.380782 0.000091 0.000131 0.000673 29.685957
-3.662670 1527941829.393342 0.000091 0.000131 0.000670 29.496939
-3.649849 1527941829.406163 0.000091 0.000131 0.000668 29.609178
-3.637711 1527941829.418302 0.000091 0.000132 0.000673 29.620757
-3.625197 1527941829.430816 0.000091 0.000132 0.000666 29.582296
-3.612423 1527941829.443589 0.000091 0.000132 0.000667 29.600352
-3.600293 1527941829.455720 0.000091 0.000132 0.000665 29.623431
-3.587842 1527941829.468171 0.000091 0.000132 0.000673 29.601053
-3.575804 1527941829.480209 0.000091 0.000132 0.000668 29.698136
-3.563703 1527941829.492310 0.000091 0.000132 0.000671 29.701780
-3.550628 1527941829.505385 0.000091 0.000132 0.000671 29.665951
-3.538303 1527941829.517709 0.000091 0.000132 0.000671 29.678082
-3.525872 1527941829.530140 0.000091 0.000132 0.000669 29.617420
-3.513403 1527941829.542610 0.000091 0.000132 0.000663 29.561219
-3.501097 1527941829.554916 0.000091 0.000132 0.000669 29.598487
-3.488576 1527941829.567437 0.000091 0.000132 0.000671 29.687071
-3.476048 1527941829.579965 0.000091 0.000133 0.000667 29.601218
-3.463678 1527941829.592335 0.000092 0.000132 0.000664 29.493350
-3.450694 1527941829.605319 0.000091 0.000133 0.000669 29.678878
-3.438640 1527941829.617373 0.000091 0.000133 0.000676 29.530656
-3.426035 1527941829.629978 0.000091 0.000132 0.000673 29.585737
-3.413554 1527941829.642459 0.000091 0.000133 0.000670 29.445858
-3.400595 1527941829.655418 0.000091 0.000133 0.000670 29.578657
-3.387011 1527941829.669002 0.000092 0.000134 0.000668 29.554838
-3.375233 1527941829.680779 0.000091 0.000133 0.000672 29.457572
-3.362709 1527941829.693304 0.000092 0.000133 0.000670 29.531539
-3.349625 1527941829.706388 0.000092 0.000134 0.000674 29.469899
-3.337660 1527941829.718353 0.000092 0.000134 0.000669 29.591294
-3.325049 1527941829.730964 0.000092 0.000134 0.000674 29.516523
-3.312819 1527941829.743194 0.000092 0.000133 0.000673 29.609448
-3.300699 1527941829.755314 0.000092 0.000134 0.000671 29.616607
-3.288360 1527941829.767653 0.000092 0.000134 0.000668 29.619015
-3.276029 1527941829.779984 0.000092 0.000134 0.000671 29.631281
-3.263467 1527941829.792546 0.000092 0.000134 0.000671 29.577156
-3.249662 1527941829.806351 0.000092 0.000134 0.000670 29.629927
-3.237394 1527941829.818619 0.000092 0.000134 0.000670 29.515041
-3.224851 1527941829.831162 0.000092 0.000133 0.000671 29.496589
-3.212404 1527941829.843608 0.000092 0.000134 0.000673 29.536346
-3.200062 1527941829.855951 0.000091 0.000134 0.000670 29.526028
-3.187565 1527941829.868448 0.000091 0.000133 0.000674 29.423474
-3.175749 1527941829.880264 0.000091 0.000134 0.000673 29.549665
-3.163258 1527941829.892755 0.000092 0.000133 0.000675 29.518832
-3.150501 1527941829.905511 0.000092 0.000133 0.000674 29.575737
-3.138331 1527941829.917682 0.000091 0.000134 0.000671 29.407207
-3.125832 1527941829.930181 0.000092 0.000134 0.000672 29.591424
-3.113315 1527941829.942698 0.000092 0.000134 0.000669 29.497307
-3.100275 1527941829.955738 0.000091 0.000134 0.000671 29.423826
-3.088032 1527941829.967980 0.000091 0.000133 0.000670 29.570688
-3.075715 1527941829.980298 0.000091 0.000133 0.000672 29.540110
-3.063131 1527941829.992882 0.000091 0.000133 0.000675 29.420044
-3.050244 1527941830.005769 0.000091 0.000133 0.000673 29.353651
-3.038245 1527941830.017767 0.000091 0.000133 0.000674 29.567950
-3.025627 1527941830.030386 0.000091 0.000133 0.000678 29.392077
-3.012771 1527941830.043242 0.000091 0.000133 0.000675 29.375504
-3.000475 1527941830.055537 0.000091 0.000133 0.000675 29.541225
-2.988305 1527941830.067708 0.000091 0.000133 0.000675 29.511337
-2.974932 1527941830.081081 0.000091 0.000133 0.000676 29.348243
-2.962507 1527941830.093506 0.000091 0.000133 0.000673 29.485147
-2.950434 1527941830.105578 0.000091 0.000133 0.000675 29.335445
-2.938603 1527941830.117410 0.000091 0.000133 0.000674 29.262479
-2.925051 1527941830.130962 0.000091 0.000133 0.000670 29.343321
-2.912608 1527941830.143405 0.000091 0.000132 0.000675 29.345413
-2.900541 1527941830.155472 0.000091 0.000133 0.000677 29.298247
-2.888094 1527941830.167918 0.000091 0.000132 0.000673 29.202060
-2.875942 1527941830.180071 0.000091 0.000132 0.000673 29.179972
-2.863735 1527941830.192277 0.000091 0.000132 0.000673 29.190859
-2.850945 1527941830.205067 0.000091 0.000133 0.000672 29.216319
-2.838554 1527941830.217459 0.000091 0.000133 0.000672 29.198517
-2.825731 1527941830.230282 0.000091 0.000133 0.000670 29.131770
-2.812727 1527941830.243286 0.000092 0.000133 0.000671 29.298258
-2.799366 1527941830.256647 0.000093 0.000133 0.000657 29.640866
-2.787230 1527941830.268783 0.000095 0.000135 0.000637 29.429329
-2.775181 1527941830.280832 0.000098 0.000134 0.000629 28.431016
-2.762811 1527941830.293202 0.000100 0.000134 0.000609 27.194846
-2.750551 1527941830.305462 0.000100 0.000135 0.000592 26.305132
-2.738019 1527941830.317994 0.000100 0.000134 0.000597 26.139627
-2.725169 1527941830.330844 0.000101 0.000134 0.000593 26.038922
-2.713003 1527941830.343010 0.000100 0.000133 0.000596 26.123022
-2.700792 1527941830.355221 0.000100 0.000134 0.000601 26.041635
-2.687868 1527941830.368145 0.000100 0.000134 0.000603 26.053614
-2.675603 1527941830.380410 0.000100 0.000133 0.000602 26.033917
-2.662997 1527941830.393016 0.000100 0.000134 0.000602 26.012438
-2.650715 1527941830.405298 0.000100 0.000133 0.000602 25.995407
-2.638173 1527941830.417840 0.000100 0.000133 0.000603 26.026861
-2.625652 1527941830.430361 0.000100 0.000133 0.000607 26.159342
-2.612309 1527941830.443703 0.000100 0.000134 0.000604 26.082855
-2.600162 1527941830.455851 0.000099 0.000133 0.000608 25.994418
-2.587448 1527941830.468565 0.000099 0.000133 0.000604 26.101191
-2.575902 1527941830.480111 0.000099 0.000134 0.000602 26.090697
-2.563435 1527941830.492578 0.000099 0.000134 0.000600 26.028911
-2.550107 1527941830.505906 0.000099 0.000134 0.000601 26.019345
-2.537233 1527941830.518780 0.000099 0.000134 0.000601 26.104207
-2.524856 1527941830.531157 0.000099 0.000134 0.000603 26.059578
-2.512410 1527941830.543603 0.000099 0.000134 0.000599 26.026266
-2.499866 1527941830.556146 0.000099 0.000133 0.000603 25.995746
-2.487062 1527941830.568950 0.000099 0.000134 0.000601 25.954073
-2.475847 1527941830.580165 0.000099 0.000134 0.000603 25.946867
-2.462936 1527941830.593077 0.000099 0.000134 0.000602 25.999927
-2.450626 1527941830.605387 0.000099 0.000134 0.000603 26.029788
-2.437690 1527941830.618323 0.000099 0.000134 0.000606 26.126821
-2.425816 1527941830.630197 0.000099 0.000134 0.000603 26.129753
-2.412456 1527941830.643557 0.000099 0.000134 0.000600 26.016934
-2.400005 1527941830.656008 0.000099 0.000134 0.000605 26.098874
-2.387561 1527941830.668452 0.000099 0.000134 0.000606 25.961364
-2.374943 1527941830.681070 0.000099 0.000134 0.000601 25.936729
-2.362418 1527941830.693595 0.000099 0.000134 0.000598 25.806136
-2.349709 1527941830.706304 0.000099 0.000133 0.000611 26.101727
-2.337061 1527941830.718951 0.000099 0.000134 0.000604 25.904464
-2.324739 1527941830.731274 0.000099 0.000134 0.000605 25.905336
-2.313410 1527941830.742603 0.000099 0.000134 0.000604 25.947186
-2.300789 1527941830.755224 0.000099 0.000134 0.000604 25.906350
-2.288359 1527941830.767653 0.000099 0.000135 0.000601 25.859873
-2.275800 1527941830.780213 0.000099 0.000134 0.000608 25.897980
-2.263056 1527941830.792957 0.000099 0.000134 0.000604 25.961474
-2.250555 1527941830.805458 0.000099 0.000134 0.000599 25.846169
-2.238153 1527941830.817859 0.000099 0.000134 0.000605 26.036919
-2.225617 1527941830.830396 0.000099 0.000134 0.000605 25.926237
-2.211578 1527941830.844435 0.000099 0.000134 0.000599 25.720783
-2.200114 1527941830.855898 0.000099 0.000135 0.000605 25.896315
-2.187483 1527941830.868530 0.000099 0.000134 0.000608 25.957698
-2.175643 1527941830.880369 0.000099 0.000134 0.000607 25.867154
-2.163528 1527941830.892485 0.000099 0.000134 0.000610 26.066464
-2.150605 1527941830.905408 0.000100 0.000134 0.000614 25.895323
-2.138302 1527941830.917711 0.000102 0.000134 0.000618 25.231188
-2.125725 1527941830.930288 0.000103 0.000136 0.000595 25.154349
-2.113080 1527941830.942933 0.000101 0.000135 0.000607 25.188575
-2.100532 1527941830.955481 0.000101 0.000134 0.000619 25.449183
-2.088009 1527941830.968004 0.000100 0.000134 0.000633 25.898928
-2.075720 1527941830.980293 0.000100 0.000133 0.000643 25.855422
-2.063174 1527941830.992839 0.000100 0.000134 0.000645 26.073711
-2.049824 1527941831.006188 0.000100 0.000134 0.000644 25.907834
-2.037345 1527941831.018668 0.000100 0.000133 0.000648 26.168878
-2.024908 1527941831.031105 0.000099 0.000133 0.000649 25.983916
-2.012336 1527941831.043677 0.000100 0.000134 0.000643 26.038009
-2.000437 1527941831.055575 0.000099 0.000134 0.000645 26.062206
-1.988209 1527941831.067804 0.000099 0.000134 0.000643 25.739013
-1.975793 1527941831.080220 0.000099 0.000133 0.000648 25.797264
-1.962885 1527941831.093128 0.000099 0.000133 0.000647 25.702016
-1.950590 1527941831.105422 0.000099 0.000134 0.000635 25.880244
-1.938182 1527941831.117831 0.000099 0.000134 0.000639 25.799598
-1.925467 1527941831.130546 0.000099 0.000134 0.000640 25.746671
-1.913057 1527941831.142956 0.000099 0.000133 0.000641 25.707817
-1.900614 1527941831.155399 0.000099 0.000133 0.000640 25.681162
-1.888177 1527941831.167836 0.000099 0.000133 0.000643 25.888342
-1.875803 1527941831.180210 0.000099 0.000132 0.000638 25.727756
-1.863029 1527941831.192984 0.000099 0.000133 0.000645 25.747117
-1.849952 1527941831.206060 0.000099 0.000133 0.000644 25.941770
-1.837121 1527941831.218892 0.000099 0.000132 0.000647 25.681561
-1.824842 1527941831.231171 0.000099 0.000133 0.000645 25.941606
-1.812306 1527941831.243707 0.000099 0.000133 0.000639 25.885189
-1.800608 1527941831.255405 0.000099 0.000133 0.000640 25.825957
-1.788235 1527941831.267778 0.000098 0.000133 0.000645 25.862182
-1.775626 1527941831.280387 0.000099 0.000133 0.000641 25.677229
-1.761884 1527941831.294129 0.000099 0.000132 0.000649 25.765816
-1.749849 1527941831.306164 0.000099 0.000133 0.000644 25.777086
-1.737185 1527941831.318828 0.000099 0.000133 0.000641 25.707677
-1.725229 1527941831.330784 0.000099 0.000133 0.000642 25.716667
-1.712522 1527941831.343491 0.000099 0.000133 0.000647 25.820326
-1.699720 1527941831.356293 0.000099 0.000133 0.000642 25.846132
-1.687202 1527941831.368811 0.000099 0.000133 0.000643 25.839146
-1.675472 1527941831.380541 0.000099 0.000133 0.000646 25.746291
-1.663370 1527941831.392643 0.000099 0.000133 0.000638 25.601459
-1.650800 1527941831.405213 0.000099 0.000134 0.000637 25.789186
-1.638205 1527941831.417808 0.000099 0.000133 0.000645 25.740301
-1.625982 1527941831.430031 0.000099 0.000133 0.000647 25.566920
-1.612373 1527941831.443640 0.000099 0.000134 0.000634 25.649906
-1.599681 1527941831.456332 0.000099 0.000133 0.000640 25.486901
-1.586946 1527941831.469066 0.000099 0.000133 0.000642 25.592787
-1.575588 1527941831.480424 0.000099 0.000133 0.000641 25.586587
-1.563421 1527941831.492592 0.000099 0.000133 0.000641 25.529718
-1.550865 1527941831.505148 0.000101 0.000133 0.000642 25.127271
-1.538154 1527941831.517859 0.000100 0.000132 0.000662 24.978884
-1.525372 1527941831.530641 0.000099 0.000134 0.000668 25.316910
-1.512596 1527941831.543417 0.000098 0.000134 0.000669 25.466415
-1.500314 1527941831.555699 0.000098 0.000134 0.000659 25.336487
-1.487741 1527941831.568272 0.000098 0.000134 0.000656 25.286601
-1.474971 1527941831.581042 0.000099 0.000134 0.000657 25.156477
-1.462806 1527941831.593207 0.000099 0.000134 0.000658 25.158083
-1.450470 1527941831.605543 0.000098 0.000134 0.000656 24.996271
-1.437788 1527941831.618225 0.000098 0.000134 0.000657 24.892551
-1.425123 1527941831.630890 0.000099 0.000134 0.000659 25.066813
-1.413291 1527941831.642722 0.000098 0.000133 0.000660 24.873498
-1.400948 1527941831.655065 0.000099 0.000134 0.000660 24.962856
-1.388515 1527941831.667498 0.000098 0.000134 0.000664 24.862562
-1.375849 1527941831.680164 0.000099 0.000134 0.000656 24.894830
-1.363172 1527941831.692841 0.000099 0.000133 0.000658 24.832269
-1.350699 1527941831.705314 0.000098 0.000133 0.000658 24.850693
-1.338092 1527941831.717921 0.000098 0.000133 0.000654 24.844087
-1.325446 1527941831.730567 0.000098 0.000133 0.000661 25.096467
-1.313047 1527941831.742965 0.000098 0.000133 0.000659 24.890632
-1.300720 1527941831.755292 0.000098 0.000133 0.000661 24.878006
-1.287997 1527941831.768016 0.000099 0.000133 0.000657 25.028858
-1.274753 1527941831.781260 0.000098 0.000133 0.000659 24.813500
-1.262046 1527941831.793967 0.000098 0.000133 0.000659 24.824216
-1.249894 1527941831.806119 0.000099 0.000133 0.000655 24.919934
-1.236931 1527941831.819082 0.000098 0.000133 0.000658 24.851928
-1.224672 1527941831.831341 0.000098 0.000133 0.000658 24.947531
-1.211939 1527941831.844074 0.000098 0.000133 0.000658 24.969555
-1.200201 1527941831.855812 0.000098 0.000133 0.000656 24.875742
-1.187783 1527941831.868230 0.000098 0.000133 0.000660 24.905841
-1.175445 1527941831.880568 0.000098 0.000133 0.000652 25.000201
-1.162867 1527941831.893146 0.000098 0.000133 0.000655 25.086484
-1.150622 1527941831.905391 0.000097 0.000133 0.000658 24.952596
-1.137938 1527941831.918075 0.000097 0.000132 0.000657 24.798039
-1.125813 1527941831.930199 0.000098 0.000133 0.000650 24.792466
-1.113203 1527941831.942810 0.000097 0.000133 0.000656 24.893064
-1.100846 1527941831.955167 0.000098 0.000132 0.000657 25.031506
-1.088526 1527941831.967487 0.000098 0.000133 0.000654 24.824263
-1.075997 1527941831.980016 0.000098 0.000133 0.000653 24.805683
-1.063388 1527941831.992625 0.000098 0.000133 0.000653 24.940065
-1.050878 1527941832.005135 0.000098 0.000133 0.000656 24.880551
-1.038382 1527941832.017631 0.000099 0.000133 0.000658 25.006778
-1.025775 1527941832.030238 0.000098 0.000133 0.000653 24.850196
-1.013123 1527941832.042890 0.000098 0.000133 0.000651 24.758217
-1.000240 1527941832.055773 0.000099 0.000133 0.000654 25.023878
-0.987822 1527941832.068191 0.000098 0.000133 0.000652 24.868077
-0.975561 1527941832.080451 0.000099 0.000133 0.000655 24.979169
-0.962630 1527941832.093383 0.000098 0.000134 0.000651 24.917313
-0.949788 1527941832.106225 0.000098 0.000133 0.000651 24.937310
-0.937265 1527941832.118748 0.000098 0.000133 0.000654 24.930236
-0.925014 1527941832.130999 0.000098 0.000133 0.000656 24.811158
-0.912134 1527941832.143879 0.000098 0.000134 0.000646 24.890248
-0.899481 1527941832.156532 0.000098 0.000132 0.000656 24.881020
-0.887231 1527941832.168782 0.000099 0.000134 0.000647 24.839943
-0.875545 1527941832.180468 0.000098 0.000133 0.000649 24.843608
-0.862844 1527941832.193169 0.000099 0.000134 0.000649 24.965011
-0.850214 1527941832.205799 0.000098 0.000133 0.000653 25.030366
-0.837882 1527941832.218131 0.000098 0.000134 0.000644 24.830001
-0.825160 1527941832.230853 0.000096 0.000135 0.000644 25.200695
-0.812164 1527941832.243849 0.000096 0.000134 0.000641 25.694189
-0.799695 1527941832.256318 0.000098 0.000134 0.000630 25.614359
-0.786959 1527941832.269053 0.000098 0.000136 0.000617 25.091691
-0.775474 1527941832.280539 0.000099 0.000135 0.000608 24.633793
-0.762120 1527941832.293893 0.000099 0.000134 0.000603 24.544266
-0.750176 1527941832.305836 0.000099 0.000134 0.000608 24.461614
-0.737914 1527941832.318099 0.000099 0.000135 0.000604 24.561310
-0.725360 1527941832.330653 0.000099 0.000134 0.000601 24.398832
-0.712841 1527941832.343172 0.000099 0.000134 0.000604 24.736012
-0.700138 1527941832.355875 0.000099 0.000133 0.000605 24.728392
-0.687435 1527941832.368578 0.000099 0.000133 0.000607 24.557495
-0.674616 1527941832.381397 0.000098 0.000133 0.000599 24.576798
-0.662323 1527941832.393690 0.000098 0.000133 0.000609 24.642683
-0.649766 1527941832.406247 0.000098 0.000133 0.000613 24.755124
-0.637810 1527941832.418202 0.000098 0.000134 0.000611 24.826793
-0.625571 1527941832.430442 0.000098 0.000132 0.000614 24.754562
-0.612903 1527941832.443110 0.000098 0.000133 0.000611 24.696056
-0.600269 1527941832.455744 0.000098 0.000133 0.000611 24.602166
-0.587121 1527941832.468892 0.000098 0.000133 0.000612 24.755972
-0.574710 1527941832.481303 0.000098 0.000133 0.000612 24.660611
-0.562067 1527941832.493946 0.000098 0.000132 0.000614 24.748579
-0.549717 1527941832.506296 0.000100 0.000132 0.000604 24.043885
-0.537169 1527941832.518844 0.000101 0.000131 0.000603 23.657211
-0.524786 1527941832.531227 0.000099 0.000132 0.000602 24.255810
-0.513073 1527941832.542940 0.000095 0.000130 0.000606 24.665283
-0.500531 1527941832.555482 0.000094 0.000130 0.000614 24.858455
-0.487920 1527941832.568093 0.000095 0.000130 0.000632 25.202481
-0.475457 1527941832.580556 0.000095 0.000130 0.000639 25.242621
-0.462901 1527941832.593112 0.000096 0.000130 0.000639 25.168899
-0.449564 1527941832.606449 0.000095 0.000130 0.000633 25.232290
-0.436911 1527941832.619102 0.000095 0.000130 0.000634 25.067689
-0.424575 1527941832.631438 0.000096 0.000130 0.000635 25.076208
-0.412107 1527941832.643905 0.000096 0.000130 0.000636 25.178745
-0.400212 1527941832.655801 0.000096 0.000130 0.000634 24.991849
-0.388029 1527941832.667984 0.000096 0.000129 0.000631 24.884477
-0.375754 1527941832.680259 0.000096 0.000130 0.000637 25.017893
-0.362975 1527941832.693038 0.000096 0.000129 0.000636 24.886309
-0.350192 1527941832.705821 0.000096 0.000130 0.000636 24.972368
-0.338008 1527941832.718005 0.000096 0.000130 0.000636 25.013891
-0.325266 1527941832.730747 0.000096 0.000130 0.000636 24.977616
-0.311777 1527941832.744236 0.000096 0.000129 0.000633 24.965104
-0.299485 1527941832.756528 0.000095 0.000130 0.000640 25.045374
-0.286798 1527941832.769215 0.000095 0.000129 0.000639 25.149668
-0.274458 1527941832.781554 0.000095 0.000129 0.000635 24.778324
-0.262453 1527941832.793560 0.000095 0.000129 0.000642 25.140901
-0.250206 1527941832.805807 0.000095 0.000130 0.000639 25.000549
-0.237945 1527941832.818068 0.000095 0.000131 0.000636 25.075354
-0.225083 1527941832.830930 0.000095 0.000130 0.000638 24.889622
-0.212581 1527941832.843432 0.000095 0.000130 0.000639 24.964417
-0.200423 1527941832.855590 0.000094 0.000129 0.000638 25.094528
-0.187670 1527941832.868342 0.000095 0.000130 0.000636 24.935111
-0.175090 1527941832.880923 0.000095 0.000129 0.000637 24.849421
-0.162651 1527941832.893362 0.000094 0.000130 0.000632 24.889314
-0.150166 1527941832.905847 0.000094 0.000130 0.000637 24.983868
-0.137507 1527941832.918506 0.000094 0.000129 0.000639 24.917980
-0.125371 1527941832.930641 0.000095 0.000129 0.000636 24.837112
-0.112526 1527941832.943487 0.000095 0.000129 0.000638 24.834289
-0.100341 1527941832.955672 0.000094 0.000130 0.000636 24.903900
-0.087700 1527941832.968313 0.000095 0.000130 0.000636 24.893370
-0.075269 1527941832.980744 0.000094 0.000129 0.000642 24.977908
-0.062647 1527941832.993366 0.000094 0.000129 0.000638 25.038056
-0.050228 1527941833.005785 0.000095 0.000130 0.000637 24.911301
-0.037707 1527941833.018306 0.000095 0.000129 0.000639 24.923608
-0.024992 1527941833.031021 0.000095 0.000129 0.000642 25.010096
-0.012499 1527941833.043514 0.000095 0.000130 0.000640 24.904280
-0.000232 1527941833.055780 0.000095 0.000129 0.000643 24.957570
0.012327 1527941833.068340 0.000095 0.000129 0.000642 25.001892
0.024885 1527941833.080898 0.000095 0.000129 0.000643 24.940170
0.037729 1527941833.093742 0.000095 0.000130 0.000637 24.877602
0.050656 1527941833.106669 0.000095 0.000130 0.000639 24.840254
0.062574 1527941833.118587 0.000095 0.000130 0.000643 24.911394
0.075251 1527941833.131264 0.000095 0.000130 0.000640 24.880434
0.087515 1527941833.143528 0.000095 0.000129 0.000637 24.811890
0.099963 1527941833.155976 0.000094 0.000130 0.000633 24.775011
0.112584 1527941833.168597 0.000095 0.000130 0.000635 24.715567
0.124944 1527941833.180957 0.000095 0.000130 0.000637 24.826154
0.137804 1527941833.193817 0.000095 0.000130 0.000633 24.770780
0.150430 1527941833.206443 0.000096 0.000130 0.000631 24.780954
0.163047 1527941833.219060 0.000096 0.000130 0.000628 24.523877
0.174771 1527941833.230784 0.000095 0.000128 0.000627 24.450878
0.187822 1527941833.243835 0.000096 0.000129 0.000623 24.937005
0.199810 1527941833.255823 0.000098 0.000127 0.000623 26.659598
0.212259 1527941833.268271 0.000099 0.000127 0.000613 28.996852
0.224823 1527941833.280836 0.000097 0.000128 0.000576 32.880504
0.237248 1527941833.293261 0.000095 0.000132 0.000551 36.444031
0.249751 1527941833.305764 0.000094 0.000133 0.000530 39.264671
0.262614 1527941833.318627 0.000094 0.000141 0.000530 41.088257
0.274959 1527941833.330972 0.000096 0.000148 0.000541 42.854069
0.287637 1527941833.343650 0.000098 0.000159 0.000544 44.943693
0.300692 1527941833.356705 0.000104 0.000179 0.000565 47.017148
0.312169 1527941833.368182 0.000111 0.000192 0.000616 50.305306
0.324865 1527941833.380878 0.000118 0.000196 0.000674 53.541642
0.337492 1527941833.393505 0.000124 0.000196 0.000708 56.799699
0.350446 1527941833.406459 0.000126 0.000197 0.000726 60.714341
0.363193 1527941833.419206 0.000129 0.000204 0.000726 64.805198
0.375688 1527941833.431701 0.000127 0.000207 0.000717 69.450771
0.387777 1527941833.443790 0.000124 0.000210 0.000679 73.903966
0.399847 1527941833.455860 0.000124 0.000222 0.000655 77.590503
0.413237 1527941833.469249 0.000121 0.000240 0.000631 82.550088
0.424940 1527941833.480953 0.000116 0.000245 0.000608 86.884276
0.437182 1527941833.493195 0.000111 0.000254 0.000608 90.795057
0.449717 1527941833.505730 0.000110 0.000250 0.000616 93.249959
0.462246 1527941833.518259 0.000109 0.000248 0.000630 95.560292
0.474860 1527941833.530873 0.000111 0.000240 0.000643 97.579848
0.487057 1527941833.543070 0.000114 0.000237 0.000665 99.194473
0.499828 1527941833.555841 0.000116 0.000228 0.000661 101.086948
0.512458 1527941833.568470 0.000117 0.000218 0.000669 103.111516
0.526101 1527941833.582114 0.000120 0.000211 0.000669 104.316902
0.537520 1527941833.593533 0.000123 0.000207 0.000663 105.600922
0.549916 1527941833.605929 0.000123 0.000206 0.000650 106.484621
0.562536 1527941833.618548 0.000124 0.000203 0.000651 107.376663
0.574874 1527941833.630887 0.000124 0.000199 0.000653 108.586149
0.587248 1527941833.643261 0.000126 0.000197 0.000652 108.747930
0.599905 1527941833.655918 0.000125 0.000196 0.000648 108.823750
0.612399 1527941833.668412 0.000126 0.000194 0.000652 109.115102
0.625080 1527941833.681093 0.000126 0.000193 0.000649 109.685825
0.637149 1527941833.693162 0.000127 0.000193 0.000650 110.211854
0.649817 1527941833.705830 0.000128 0.000192 0.000658 110.587351
0.662628 1527941833.718641 0.000128 0.000189 0.000649 111.250946
0.675075 1527941833.731088 0.000128 0.000189 0.000642 111.498921
0.687615 1527941833.743628 0.000129 0.000186 0.000647 111.722700
0.699787 1527941833.755800 0.000130 0.000186 0.000643 112.452270
0.712136 1527941833.768149 0.000131 0.000185 0.000639 112.788630
0.725599 1527941833.781612 0.000133 0.000183 0.000647 113.145987
0.738047 1527941833.794060 0.000133 0.000180 0.000644 113.827227
0.750707 1527941833.806720 0.000134 0.000179 0.000637 114.836573
0.762750 1527941833.818763 0.000135 0.000176 0.000638 115.638689
0.774920 1527941833.830932 0.000136 0.000174 0.000635 116.304210
0.787922 1527941833.843935 0.000135 0.000170 0.000659 117.413290
0.800415 1527941833.856428 0.000136 0.000169 0.000690 117.855904
0.813036 1527941833.869049 0.000136 0.000168 0.000687 118.344022
0.825546 1527941833.881558 0.000137 0.000165 0.000687 118.566025
0.838296 1527941833.894309 0.000136 0.000167 0.000687 118.357908
0.850034 1527941833.906047 0.000137 0.000167 0.000681 118.520021
0.862556 1527941833.918569 0.000138 0.000165 0.000684 118.559086
0.874868 1527941833.930881 0.000139 0.000166 0.000665 118.529067
0.887281 1527941833.943294 0.000140 0.000168 0.000662 118.504640
0.899668 1527941833.955680 0.000141 0.000167 0.000663 118.517707
0.912077 1527941833.968090 0.000142 0.000168 0.000658 118.415562
0.924840 1527941833.980853 0.000141 0.000169 0.000652 118.329256
0.937496 1527941833.993509 0.000142 0.000169 0.000648 118.184041
0.949878 1527941834.005890 0.000143 0.000170 0.000653 118.155147
0.962366 1527941834.018379 0.000144 0.000170 0.000640 118.169067
0.974933 1527941834.030946 0.000143 0.000170 0.000659 118.150256
0.987409 1527941834.043422 0.000145 0.000168 0.000649 118.048703
0.999840 1527941834.055853 0.000145 0.000167 0.000659 118.088096
1.013057 1527941834.069069 0.000144 0.000168 0.000661 118.381219
1.025558 1527941834.081570 0.000145 0.000168 0.000657 118.401137
1.038432 1527941834.094445 0.000145 0.000166 0.000670 118.489627
1.050791 1527941834.106804 0.000145 0.000165 0.000670 118.821379
1.063326 1527941834.119339 0.000145 0.000164 0.000665 118.869297
1.075551 1527941834.131564 0.000145 0.000166 0.000667 118.879924
1.087957 1527941834.143970 0.000145 0.000165 0.000682 118.997371
1.099988 1527941834.156001 0.000147 0.000165 0.000665 119.043999
1.112743 1527941834.168756 0.000147 0.000166 0.000665 119.107850
1.124981 1527941834.180994 0.000147 0.000167 0.000666 119.171917
1.137711 1527941834.193723 0.000149 0.000167 0.000656 118.960414
1.150043 1527941834.206056 0.000148 0.000166 0.000667 118.828550
1.162918 1527941834.218931 0.000149 0.000167 0.000658 118.466925
1.175299 1527941834.231312 0.000149 0.000166 0.000652 118.186100
1.187760 1527941834.243773 0.000149 0.000166 0.000654 117.799642
1.200228 1527941834.256241 0.000150 0.000166 0.000650 117.737345
1.212537 1527941834.268550 0.000151 0.000166 0.000647 117.790093
1.225120 1527941834.281132 0.000150 0.000166 0.000668 118.022430
1.237666 1527941834.293679 0.000152 0.000166 0.000648 117.746409
1.250035 1527941834.306047 0.000153 0.000167 0.000641 117.577573
1.263057 1527941834.319069 0.000153 0.000166 0.000643 117.742320
1.275287 1527941834.331300 0.000152 0.000165 0.000643 117.781328
1.287540 1527941834.343553 0.000152 0.000166 0.000642 117.464007
1.300280 1527941834.356292 0.000151 0.000166 0.000664 117.695443
1.312533 1527941834.368546 0.000153 0.000165 0.000647 117.613506
1.324977 1527941834.380990 0.000152 0.000166 0.000654 117.640450
1.337536 1527941834.393549 0.000153 0.000166 0.000651 117.638697
1.350109 1527941834.406122 0.000153 0.000165 0.000662 117.612694
1.362601 1527941834.418613 0.000154 0.000165 0.000646 117.350730
1.374933 1527941834.430946 0.000153 0.000165 0.000658 117.193113
1.387589 1527941834.443602 0.000154 0.000165 0.000654 117.264545
1.400083 1527941834.456096 0.000154 0.000166 0.000660 117.133398
1.412687 1527941834.468700 0.000155 0.000165 0.000641 116.924553
1.425094 1527941834.481107 0.000154 0.000165 0.000656 117.032299
1.437651 1527941834.493664 0.000157 0.000164 0.000632 116.670253
1.449884 1527941834.505897 0.000156 0.000165 0.000647 116.617456
1.462530 1527941834.518543 0.000156 0.000165 0.000644 116.633468
1.475564 1527941834.531577 0.000157 0.000166 0.000633 116.270016
1.488191 1527941834.544204 0.000157 0.000165 0.000635 116.376435
1.499899 1527941834.555912 0.000156 0.000165 0.000648 116.513156
1.512222 1527941834.568234 0.000157 0.000165 0.000634 116.374176
1.524718 1527941834.580731 0.000155 0.000165 0.000639 116.585514
1.537437 1527941834.593450 0.000155 0.000165 0.000640 116.607559
1.549964 1527941834.605977 0.000153 0.000165 0.000637 116.616338
1.562151 1527941834.618164 0.000155 0.000165 0.000635 116.309816
1.574934 1527941834.630947 0.000156 0.000165 0.000638 116.254978
1.587335 1527941834.643348 0.000155 0.000166 0.000636 116.346064
1.599878 1527941834.655891 0.000156 0.000165 0.000640 116.116448
1.612172 1527941834.668185 0.000156 0.000166 0.000636 116.295378
1.625170 1527941834.681183 0.000155 0.000166 0.000634 116.199739
1.638208 1527941834.694221 0.000156 0.000166 0.000634 116.086736
1.650661 1527941834.706674 0.000156 0.000166 0.000637 116.038147
1.663374 1527941834.719387 0.000157 0.000166 0.000638 116.217736
1.675730 1527941834.731743 0.000155 0.000167 0.000653 115.819568
1.688330 1527941834.744343 0.000156 0.000166 0.000651 115.937983
1.700444 1527941834.756457 0.000156 0.000166 0.000655 115.948697
1.713210 1527941834.769223 0.000155 0.000168 0.000654 115.934814
1.725890 1527941834.781903 0.000156 0.000167 0.000652 116.146297
1.737565 1527941834.793578 0.000156 0.000166 0.000656 116.234344
1.749778 1527941834.805791 0.000154 0.000167 0.000659 116.199667
1.762203 1527941834.818216 0.000155 0.000167 0.000661 116.082478
1.774432 1527941834.830445 0.000155 0.000167 0.000661 116.347114
1.786779 1527941834.842792 0.000155 0.000167 0.000658 116.374383
1.799808 1527941834.855821 0.000155 0.000167 0.000657 116.433513
1.812278 1527941834.868291 0.000156 0.000167 0.000665 116.761451
1.824740 1527941834.880753 0.000155 0.000167 0.000667 116.636729
1.837099 1527941834.893111 0.000156 0.000167 0.000667 116.978216
1.849539 1527941834.905551 0.000155 0.000166 0.000668 116.701651
1.862276 1527941834.918289 0.000156 0.000167 0.000662 116.831270
1.875071 1527941834.931084 0.000155 0.000166 0.000675 117.062513
1.887638 1527941834.943651 0.000155 0.000167 0.000668 116.991426
1.899903 1527941834.955915 0.000156 0.000167 0.000666 117.105889
1.913066 1527941834.969079 0.000155 0.000166 0.000676 117.267581
1.925259 1527941834.981272 0.000154 0.000167 0.000672 116.903265
1.937953 1527941834.993966 0.000154 0.000167 0.000666 116.867218
1.950136 1527941835.006149 0.000157 0.000167 0.000654 116.746839
1.962808 1527941835.018821 0.000154 0.000167 0.000667 116.925606
1.975020 1527941835.031033 0.000155 0.000168 0.000656 116.786553
1.987803 1527941835.043816 0.000154 0.000168 0.000664 116.860619
2.000136 1527941835.056149 0.000156 0.000168 0.000665 117.099195
2.013168 1527941835.069180 0.000155 0.000168 0.000670 117.155025
2.025321 1527941835.081334 0.000155 0.000168 0.000673 117.269224
2.037963 1527941835.093976 0.000155 0.000167 0.000667 117.131816
2.050480 1527941835.106493 0.000155 0.000168 0.000670 117.181971
2.062909 1527941835.118922 0.000156 0.000169 0.000675 117.146334
2.074999 1527941835.131012 0.000156 0.000168 0.000669 117.182848
2.087478 1527941835.143491 0.000155 0.000168 0.000674 117.152257
2.100059 1527941835.156071 0.000154 0.000168 0.000683 117.480355
2.112620 1527941835.168633 0.000156 0.000168 0.000669 117.234681
2.125037 1527941835.181050 0.000155 0.000168 0.000681 117.350554
2.137659 1527941835.193671 0.000154 0.000168 0.000685 117.544115
2.149821 1527941835.205834 0.000155 0.000169 0.000663 117.349754
2.162745 1527941835.218757 0.000156 0.000169 0.000665 117.490463
2.175049 1527941835.231062 0.000155 0.000170 0.000666 117.558450
2.187480 1527941835.243493 0.000156 0.000169 0.000672 117.716905
2.200100 1527941835.256113 0.000155 0.000169 0.000676 117.761564
2.212507 1527941835.268519 0.000156 0.000170 0.000667 117.791913
2.225079 1527941835.281092 0.000156 0.000170 0.000665 117.908039
2.237555 1527941835.293568 0.000156 0.000170 0.000668 117.797222
2.250260 1527941835.306273 0.000157 0.000170 0.000669 117.915482
2.262446 1527941835.318459 0.000156 0.000170 0.000684 118.007636
2.275130 1527941835.331143 0.000155 0.000170 0.000699 118.417195
2.287504 1527941835.343517 0.000155 0.000171 0.000687 118.195859
2.300109 1527941835.356122 0.000155 0.000171 0.000681 118.274493
2.312496 1527941835.368509 0.000155 0.000170 0.000691 118.425175
2.325198 1527941835.381211 0.000156 0.000171 0.000678 118.138535
2.337670 1527941835.393683 0.000156 0.000172 0.000676 118.133790
2.350715 1527941835.406728 0.000156 0.000172 0.000677 118.359269
2.363516 1527941835.419529 0.000155 0.000172 0.000693 118.468732
2.375594 1527941835.431607 0.000157 0.000172 0.000684 118.265496
2.388290 1527941835.444303 0.000156 0.000172 0.000677 118.131911
2.400585 1527941835.456598 0.000155 0.000172 0.000700 118.284079
2.413592 1527941835.469605 0.000156 0.000172 0.000679 118.145638
2.426100 1527941835.482113 0.000156 0.000172 0.000677 118.009049
2.438359 1527941835.494372 0.000156 0.000172 0.000676 117.911973
2.450961 1527941835.506974 0.000156 0.000172 0.000684 118.101074
2.462571 1527941835.518584 0.000157 0.000173 0.000673 118.104797
2.474952 1527941835.530965 0.000157 0.000172 0.000677 118.104867
2.488632 1527941835.544645 0.000155 0.000173 0.000692 118.307450
2.501043 1527941835.557056 0.000155 0.000174 0.000698 118.310615
2.513287 1527941835.569300 0.000155 0.000173 0.000680 118.019698
2.525960 1527941835.581973 0.000153 0.000173 0.000691 118.049916
2.538699 1527941835.594712 0.000154 0.000173 0.000691 118.307731
2.550808 1527941835.606821 0.000154 0.000173 0.000696 118.311038
2.563118 1527941835.619131 0.000153 0.000174 0.000695 118.284758
2.575506 1527941835.631519 0.000154 0.000173 0.000698 118.313822
2.587853 1527941835.643866 0.000153 0.000173 0.000698 118.220015
2.599907 1527941835.655920 0.000154 0.000173 0.000695 118.158394
2.612292 1527941835.668305 0.000152 0.000174 0.000699 118.270988
2.624717 1527941835.680730 0.000153 0.000174 0.000682 118.136231
2.637297 1527941835.693310 0.000151 0.000174 0.000690 118.061210
2.649863 1527941835.705876 0.000151 0.000175 0.000689 117.983951
2.662410 1527941835.718423 0.000150 0.000175 0.000688 118.051462
2.675081 1527941835.731094 0.000152 0.000176 0.000677 118.331382
2.687620 1527941835.743633 0.000152 0.000177 0.000667 118.339037
2.700166 1527941835.756179 0.000152 0.000176 0.000683 118.467163
2.712357 1527941835.768370 0.000151 0.000177 0.000675 118.431219
2.725096 1527941835.781108 0.000153 0.000179 0.000662 118.116003
2.737795 1527941835.793808 0.000153 0.000178 0.000659 117.899018
2.750721 1527941835.806734 0.000153 0.000177 0.000665 118.099357
2.763194 1527941835.819206 0.000153 0.000176 0.000673 118.207731
2.775347 1527941835.831360 0.000153 0.000176 0.000678 117.959633
2.787490 1527941835.843503 0.000152 0.000175 0.000679 117.847345
2.800534 1527941835.856547 0.000152 0.000177 0.000667 117.668798
2.812288 1527941835.868301 0.000152 0.000176 0.000669 117.715911
2.825949 1527941835.881962 0.000151 0.000176 0.000682 117.677709
2.838301 1527941835.894314 0.000151 0.000177 0.000682 117.477087
2.850693 1527941835.906706 0.000151 0.000176 0.000687 117.410570
2.862923 1527941835.918936 0.000151 0.000176 0.000693 117.673591
2.875121 1527941835.931134 0.000151 0.000177 0.000697 117.603007
2.887561 1527941835.943574 0.000150 0.000177 0.000698 117.283987
2.899991 1527941835.956003 0.000150 0.000177 0.000697 117.292425
2.913117 1527941835.969130 0.000150 0.000177 0.000694 117.392207
2.924814 1527941835.980827 0.000151 0.000178 0.000689 117.327191
2.937674 1527941835.993687 0.000151 0.000177 0.000690 117.511760
2.949840 1527941836.005853 0.000151 0.000179 0.000676 117.242138
2.962396 1527941836.018409 0.000151 0.000178 0.000683 117.186602
2.975110 1527941836.031123 0.000151 0.000177 0.000680 117.260830
2.987408 1527941836.043421 0.000151 0.000177 0.000685 117.338347
2.999749 1527941836.055762 0.000151 0.000178 0.000687 117.215819
3.012066 1527941836.068079 0.000152 0.000178 0.000673 117.079983
3.025435 1527941836.081448 0.000151 0.000178 0.000659 116.874506
3.037142 1527941836.093155 0.000152 0.000178 0.000667 116.988620
3.049752 1527941836.105765 0.000151 0.000179 0.000687 117.357880
3.062253 1527941836.118266 0.000151 0.000178 0.000686 117.478670
3.074627 1527941836.130640 0.000152 0.000179 0.000689 117.362677
3.087205 1527941836.143218 0.000152 0.000178 0.000684 117.383982
3.099778 1527941836.155791 0.000152 0.000179 0.000675 117.211869
3.112613 1527941836.168626 0.000151 0.000179 0.000685 117.220224
3.124963 1527941836.180975 0.000151 0.000179 0.000677 117.013438
3.139088 1527941836.195101 0.000151 0.000181 0.000669 116.593825
3.151198 1527941836.207211 0.000151 0.000180 0.000668 116.737370
3.163595 1527941836.219608 0.000152 0.000181 0.000673 116.722299
3.175075 1527941836.231087 0.000151 0.000180 0.000671 116.523060
3.188167 1527941836.244180 0.000152 0.000180 0.000661 116.026049
3.200445 1527941836.256458 0.000150 0.000181 0.000657 115.867881
3.212740 1527941836.268753 0.000151 0.000178 0.000664 115.941173
3.226022 1527941836.282035 0.000151 0.000180 0.000649 115.384473
3.238327 1527941836.294339 0.000152 0.000180 0.000635 115.281575
3.251042 1527941836.307055 0.000151 0.000180 0.000639 115.072438
3.263279 1527941836.319292 0.000151 0.000179 0.000627 114.609787
3.275408 1527941836.331421 0.000152 0.000178 0.000624 114.534116
3.287929 1527941836.343942 0.000151 0.000180 0.000626 114.504904
3.299972 1527941836.355985 0.000150 0.000179 0.000622 113.992156
3.313634 1527941836.369647 0.000149 0.000177 0.000619 113.832591
3.326015 1527941836.382028 0.000149 0.000178 0.000621 113.662332
3.338719 1527941836.394732 0.000149 0.000177 0.000622 113.727355
3.351254 1527941836.407267 0.000150 0.000176 0.000620 113.376224
3.363925 1527941836.419938 0.000150 0.000176 0.000618 113.150401
3.376002 1527941836.432014 0.000149 0.000176 0.000618 113.115118
3.388048 1527941836.444061 0.000149 0.000175 0.000616 112.919343
3.400175 1527941836.456187 0.000149 0.000175 0.000621 112.992655
3.412994 1527941836.469007 0.000148 0.000175 0.000619 112.960038
3.425329 1527941836.481342 0.000148 0.000175 0.000621 112.656588
3.437670 1527941836.493682 0.000148 0.000175 0.000614 112.152838
3.450086 1527941836.506099 0.000149 0.000174 0.000621 112.646752
3.462965 1527941836.518978 0.000151 0.000173 0.000618 112.495307
3.475950 1527941836.531962 0.000150 0.000173 0.000617 111.966805
3.488498 1527941836.544511 0.000153 0.000172 0.000615 111.608205
3.500274 1527941836.556287 0.000151 0.000170 0.000620 111.233973
3.512368 1527941836.568381 0.000151 0.000171 0.000629 111.195290
3.525278 1527941836.581291 0.000150 0.000170 0.000626 111.059649
3.537898 1527941836.593911 0.000150 0.000170 0.000636 110.538329
3.550363 1527941836.606376 0.000149 0.000170 0.000639 110.345355
3.562926 1527941836.618939 0.000148 0.000169 0.000641 110.232481
3.575276 1527941836.631289 0.000147 0.000169 0.000644 110.021504
3.587889 1527941836.643902 0.000147 0.000169 0.000642 109.762425
3.600426 1527941836.656439 0.000146 0.000169 0.000643 110.017026
3.612806 1527941836.668819 0.000146 0.000169 0.000640 109.744443
3.625353 1527941836.681365 0.000146 0.000170 0.000648 109.961430
3.637856 1527941836.693869 0.000145 0.000170 0.000650 109.331440
3.650691 1527941836.706704 0.000145 0.000170 0.000660 109.188790
3.662797 1527941836.718810 0.000145 0.000171 0.000656 109.179147
3.675390 1527941836.731403 0.000146 0.000170 0.000652 109.027247
3.687845 1527941836.743858 0.000145 0.000171 0.000661 109.201972
3.700238 1527941836.756251 0.000145 0.000170 0.000662 109.414907
3.712826 1527941836.768839 0.000144 0.000172 0.000656 109.438976
3.725843 1527941836.781856 0.000143 0.000174 0.000656 109.595799
3.738492 1527941836.794505 0.000143 0.000174 0.000657 110.245406
3.751264 1527941836.807276 0.000143 0.000176 0.000638 110.337863
3.762831 1527941836.818844 0.000141 0.000177 0.000624 110.865778
3.775077 1527941836.831090 0.000141 0.000176 0.000625 111.211161
3.787662 1527941836.843675 0.000141 0.000176 0.000616 111.043260
3.800136 1527941836.856149 0.000141 0.000177 0.000622 111.249307
3.812960 1527941836.868973 0.000141 0.000177 0.000624 111.351083
3.825103 1527941836.881116 0.000141 0.000177 0.000624 111.293899
3.838171 1527941836.894184 0.000140 0.000176 0.000627 111.161838
3.850938 1527941836.906951 0.000140 0.000177 0.000627 111.078376
3.863251 1527941836.919264 0.000140 0.000176 0.000629 111.088809
3.875742 1527941836.931755 0.000140 0.000176 0.000627 111.095482
3.888541 1527941836.944554 0.000140 0.000174 0.000629 111.126971
3.900910 1527941836.956923 0.000140 0.000174 0.000627 110.913288
3.913486 1527941836.969499 0.000139 0.000172 0.000632 110.661108
3.925741 1527941836.981754 0.000137 0.000171 0.000642 110.344373
3.937635 1527941836.993648 0.000137 0.000169 0.000650 110.257627
3.950109 1527941837.006121 0.000136 0.000169 0.000650 109.964516
3.962826 1527941837.018838 0.000135 0.000169 0.000659 109.702139
3.976516 1527941837.032529 0.000134 0.000167 0.000662 109.242526
3.988848 1527941837.044861 0.000133 0.000167 0.000663 108.957987
4.000711 1527941837.056724 0.000132 0.000167 0.000673 108.733866
4.013444 1527941837.069457 0.000130 0.000166 0.000676 108.388634
4.025324 1527941837.081337 0.000130 0.000165 0.000681 107.928758
4.038160 1527941837.094173 0.000128 0.000166 0.000671 107.075101
4.054712 1527941837.110725 0.000127 0.000165 0.000675 106.446206
4.062788 1527941837.118801 0.000126 0.000165 0.000671 105.917128
4.075741 1527941837.131754 0.000125 0.000164 0.000664 105.383848
4.088920 1527941837.144933 0.000125 0.000162 0.000663 104.887407
4.101242 1527941837.157255 0.000125 0.000162 0.000642 104.189201
4.112988 1527941837.169001 0.000123 0.000162 0.000639 103.754624
4.125077 1527941837.181090 0.000122 0.000161 0.000651 103.602706
4.137598 1527941837.193611 0.000122 0.000162 0.000646 103.244251
4.151073 1527941837.207085 0.000120 0.000162 0.000651 102.653487
4.163636 1527941837.219649 0.000119 0.000161 0.000656 102.440352
4.176004 1527941837.232017 0.000119 0.000161 0.000661 102.098070
4.188485 1527941837.244498 0.000118 0.000163 0.000665 101.655333
4.200858 1527941837.256871 0.000117 0.000163 0.000664 101.729451
4.212986 1527941837.268998 0.000115 0.000168 0.000666 101.133975
4.225142 1527941837.281155 0.000117 0.000171 0.000669 101.171074
4.237509 1527941837.293522 0.000121 0.000170 0.000669 101.299098
4.250832 1527941837.306845 0.000122 0.000169 0.000666 101.373751
4.262711 1527941837.318724 0.000122 0.000168 0.000666 101.017984
4.275373 1527941837.331386 0.000122 0.000168 0.000667 101.103529
4.287910 1527941837.343923 0.000120 0.000169 0.000675 100.706287
4.300038 1527941837.356051 0.000120 0.000168 0.000678 100.531787
4.312551 1527941837.368563 0.000119 0.000166 0.000695 100.381849
4.325054 1527941837.381067 0.000117 0.000167 0.000694 100.209640
4.337387 1527941837.393400 0.000117 0.000168 0.000700 100.106670
4.349830 1527941837.405843 0.000117 0.000167 0.000694 99.854589
4.362669 1527941837.418682 0.000116 0.000167 0.000701 99.849868
4.375047 1527941837.431060 0.000115 0.000168 0.000694 99.546036
4.387578 1527941837.443591 0.000115 0.000167 0.000694 99.551992
4.399733 1527941837.455746 0.000114 0.000166 0.000701 99.498989
4.412644 1527941837.468657 0.000114 0.000165 0.000699 99.468811
4.425061 1527941837.481074 0.000114 0.000166 0.000702 99.243767
4.437469 1527941837.493482 0.000114 0.000165 0.000694 99.105051
4.450061 1527941837.506074 0.000114 0.000166 0.000701 99.238110
4.462551 1527941837.518564 0.000113 0.000166 0.000698 99.287266
4.475269 1527941837.531282 0.000113 0.000166 0.000703 99.231251
4.487433 1527941837.543446 0.000112 0.000165 0.000699 99.089326
4.499917 1527941837.555930 0.000112 0.000165 0.000701 99.080729
4.512454 1527941837.568467 0.000112 0.000165 0.000703 98.970168
4.524913 1527941837.580926 0.000111 0.000167 0.000707 98.996802
4.537611 1527941837.593624 0.000111 0.000166 0.000706 98.850432
4.550046 1527941837.606059 0.000111 0.000166 0.000706 98.681942
4.562489 1527941837.618502 0.000110 0.000165 0.000706 98.354374
4.575142 1527941837.631155 0.000110 0.000166 0.000712 98.326455
4.587377 1527941837.643390 0.000109 0.000166 0.000714 97.891667
4.600055 1527941837.656068 0.000109 0.000165 0.000717 97.623812
4.613643 1527941837.669656 0.000109 0.000165 0.000721 97.605051
4.626242 1527941837.682255 0.000109 0.000167 0.000709 97.356356
4.638633 1527941837.694645 0.000108 0.000168 0.000714 97.256125
4.651389 1527941837.707402 0.000108 0.000167 0.000724 97.213116
4.663080 1527941837.719092 0.000108 0.000167 0.000729 96.966330
4.676205 1527941837.732218 0.000108 0.000166 0.000712 96.849880
4.688947 1527941837.744960 0.000108 0.000167 0.000711 96.821499
4.701342 1527941837.757355 0.000107 0.000165 0.000729 96.735379
4.712766 1527941837.768779 0.000107 0.000166 0.000727 96.544557
4.725206 1527941837.781219 0.000107 0.000166 0.000726 96.417546
4.738263 1527941837.794276 0.000107 0.000168 0.000710 96.407298
4.750146 1527941837.806159 0.000107 0.000166 0.000715 96.215021
4.762721 1527941837.818733 0.000106 0.000167 0.000721 96.230018
4.775160 1527941837.831173 0.000105 0.000168 0.000720 96.215123
4.787772 1527941837.843785 0.000106 0.000168 0.000721 95.823083
4.800174 1527941837.856187 0.000106 0.000169 0.000722 95.975404
4.812903 1527941837.868916 0.000105 0.000169 0.000713 95.763315
4.825357 1527941837.881370 0.000105 0.000168 0.000715 95.882900
4.837757 1527941837.893770 0.000105 0.000166 0.000719 95.794876
4.850784 1527941837.906796 0.000107 0.000166 0.000710 95.529238
4.862880 1527941837.918892 0.000107 0.000165 0.000705 95.029020
4.875256 1527941837.931268 0.000109 0.000166 0.000690 95.001390
4.888647 1527941837.944660 0.000108 0.000169 0.000681 95.327604
4.901157 1527941837.957170 0.000107 0.000172 0.000671 95.140674
4.913672 1527941837.969685 0.000107 0.000175 0.000654 94.774533
4.926174 1527941837.982187 0.000106 0.000177 0.000656 94.392966
4.938734 1527941837.994747 0.000106 0.000179 0.000651 93.606447
4.951331 1527941838.007344 0.000105 0.000180 0.000642 93.639156
4.963961 1527941838.019974 0.000104 0.000183 0.000655 92.730783
4.975441 1527941838.031454 0.000105 0.000182 0.000642 92.107726
4.987612 1527941838.043625 0.000104 0.000184 0.000635 91.819968
5.000315 1527941838.056328 0.000104 0.000185 0.000647 91.796895
5.013891 1527941838.069904 0.000103 0.000185 0.000648 91.372074
5.026026 1527941838.082039 0.000104 0.000186 0.000647 91.041766
5.038733 1527941838.094746 0.000103 0.000188 0.000636 90.928635
5.051110 1527941838.107123 0.000103 0.000187 0.000631 90.340187
5.062684 1527941838.118696 0.000103 0.000189 0.000636 90.006963
5.076289 1527941838.132302 0.000102 0.000189 0.000641 90.191897
5.087827 1527941838.143840 0.000103 0.000190 0.000639 89.885510
5.100118 1527941838.156131 0.000103 0.000190 0.000634 89.567395
5.112875 1527941838.168888 0.000103 0.000190 0.000634 89.169607
5.125430 1527941838.181443 0.000102 0.000191 0.000631 88.778292
5.138615 1527941838.194628 0.000102 0.000191 0.000634 88.638540
5.151241 1527941838.207254 0.000102 0.000192 0.000635 88.295900
5.163917 1527941838.219930 0.000100 0.000192 0.000631 88.061392
5.176196 1527941838.232209 0.000101 0.000191 0.000624 87.594657
5.189355 1527941838.245368 0.000102 0.000192 0.000625 86.986185
5.200823 1527941838.256835 0.000101 0.000193 0.000633 86.655290
5.213447 1527941838.269460 0.000101 0.000192 0.000625 86.111497
5.225482 1527941838.281495 0.000100 0.000193 0.000630 85.826332
5.238045 1527941838.294057 0.000101 0.000193 0.000631 85.682540
5.251055 1527941838.307068 0.000101 0.000194 0.000623 85.302830
5.263306 1527941838.319319 0.000100 0.000193 0.000630 85.140027
5.275692 1527941838.331705 0.000100 0.000193 0.000628 85.040766
5.288211 1527941838.344224 0.000101 0.000193 0.000632 84.956179
5.300817 1527941838.356830 0.000101 0.000194 0.000626 85.150077
5.313356 1527941838.369369 0.000101 0.000194 0.000624 85.040974
5.325864 1527941838.381877 0.000101 0.000194 0.000620 85.000851
5.338063 1527941838.394076 0.000100 0.000193 0.000622 84.867900
5.350821 1527941838.406833 0.000100 0.000192 0.000622 84.770465
5.363312 1527941838.419325 0.000099 0.000193 0.000628 85.046418
5.375551 1527941838.431564 0.000100 0.000193 0.000619 85.006975
5.388386 1527941838.444399 0.000099 0.000193 0.000620 84.892723
5.400572 1527941838.456585 0.000100 0.000192 0.000622 84.622318
5.413309 1527941838.469322 0.000100 0.000192 0.000621 84.661269
5.425602 1527941838.481615 0.000100 0.000192 0.000621 84.637453
5.438458 1527941838.494471 0.000100 0.000193 0.000619 84.697340
5.450633 1527941838.506646 0.000099 0.000193 0.000620 84.712716
5.463392 1527941838.519405 0.000100 0.000190 0.000607 84.232971
5.475825 1527941838.531838 0.000101 0.000190 0.000609 83.913765
5.488364 1527941838.544377 0.000099 0.000192 0.000604 84.060667
5.501095 1527941838.557108 0.000100 0.000191 0.000604 83.984594
5.513186 1527941838.569199 0.000100 0.000192 0.000607 84.152543
5.525832 1527941838.581845 0.000100 0.000192 0.000607 83.988109
5.538259 1527941838.594272 0.000100 0.000191 0.000605 84.118650
5.550924 1527941838.606937 0.000100 0.000192 0.000600 84.355422
5.563181 1527941838.619194 0.000099 0.000191 0.000604 84.138140
5.575931 1527941838.631943 0.000100 0.000191 0.000607 84.054670
5.588277 1527941838.644290 0.000099 0.000192 0.000610 84.358429
5.600848 1527941838.656861 0.000100 0.000190 0.000601 84.086594
5.613376 1527941838.669389 0.000099 0.000191 0.000605 84.116957
5.625827 1527941838.681840 0.000099 0.000191 0.000601 84.222715
5.638233 1527941838.694246 0.000100 0.000192 0.000606 83.991318
5.650737 1527941838.706750 0.000100 0.000191 0.000603 83.934534
5.663642 1527941838.719655 0.000099 0.000190 0.000604 83.622164
5.676302 1527941838.732315 0.000100 0.000193 0.000597 83.480607
5.688305 1527941838.744318 0.000100 0.000191 0.000597 82.168189
5.700848 1527941838.756861 0.000099 0.000196 0.000619 82.472809
5.713069 1527941838.769082 0.000103 0.000196 0.000610 81.784664
5.726435 1527941838.782448 0.000108 0.000200 0.000619 81.495748
5.739055 1527941838.795068 0.000109 0.000200 0.000618 81.235016
5.751250 1527941838.807263 0.000111 0.000198 0.000625 79.880216
5.764263 1527941838.820276 0.000109 0.000198 0.000643 79.311052
5.776420 1527941838.832433 0.000109 0.000197 0.000639 78.354861
5.788840 1527941838.844853 0.000108 0.000194 0.000642 77.787245
5.800717 1527941838.856730 0.000108 0.000192 0.000644 77.054397
5.813290 1527941838.869303 0.000107 0.000189 0.000641 76.263955
5.825823 1527941838.881836 0.000106 0.000188 0.000627 75.574990
5.838022 1527941838.894035 0.000106 0.000188 0.000623 75.199922
5.851277 1527941838.907290 0.000105 0.000187 0.000619 74.907665
5.863738 1527941838.919751 0.000106 0.000185 0.000620 74.530505
5.876416 1527941838.932429 0.000103 0.000185 0.000615 74.496450
5.888217 1527941838.944230 0.000105 0.000185 0.000613 74.289245
5.900625 1527941838.956638 0.000104 0.000184 0.000621 74.107666
5.913265 1527941838.969278 0.000103 0.000183 0.000614 74.041072
5.925758 1527941838.981771 0.000103 0.000182 0.000620 73.745470
5.938522 1527941838.994535 0.000104 0.000182 0.000615 73.706174
5.951150 1527941839.007163 0.000102 0.000181 0.000622 73.587670
5.963911 1527941839.019923 0.000102 0.000180 0.000631 73.246271
5.976511 1527941839.032524 0.000103 0.000181 0.000622 73.315584
5.988394 1527941839.044406 0.000104 0.000179 0.000619 73.088089
6.000880 1527941839.056892 0.000103 0.000180 0.000628 73.097848
6.013391 1527941839.069404 0.000104 0.000179 0.000619 72.951716
6.026054 1527941839.082067 0.000104 0.000179 0.000620 72.846850
6.038410 1527941839.094423 0.000104 0.000178 0.000619 72.500232
6.051029 1527941839.107042 0.000102 0.000178 0.000626 72.625882
6.063228 1527941839.119241 0.000103 0.000179 0.000625 72.597779
6.076584 1527941839.132596 0.000103 0.000179 0.000627 72.411212
6.089068 1527941839.145081 0.000102 0.000179 0.000629 72.172888
6.105711 1527941839.161724 0.000103 0.000179 0.000618 72.348088
6.114120 1527941839.170133 0.000103 0.000180 0.000628 72.173785
6.126276 1527941839.182289 0.000104 0.000179 0.000623 72.184163
6.138803 1527941839.194816 0.000103 0.000180 0.000622 71.946658
6.151131 1527941839.207144 0.000103 0.000179 0.000628 71.824397
6.163373 1527941839.219386 0.000102 0.000180 0.000627 71.678705
6.175436 1527941839.231449 0.000102 0.000179 0.000634 71.443745
6.188104 1527941839.244117 0.000102 0.000179 0.000630 71.383364
6.200436 1527941839.256449 0.000103 0.000179 0.000632 71.422890
6.213329 1527941839.269342 0.000102 0.000178 0.000635 71.285974
6.225562 1527941839.281574 0.000101 0.000178 0.000635 71.282430
6.237954 1527941839.293967 0.000102 0.000178 0.000633 71.158775
6.250544 1527941839.306557 0.000102 0.000178 0.000634 71.260825
6.263108 1527941839.319121 0.000101 0.000178 0.000632 71.112446
6.275705 1527941839.331718 0.000102 0.000178 0.000627 71.217696
6.288270 1527941839.344282 0.000101 0.000178 0.000630 71.208325
6.300554 1527941839.356566 0.000102 0.000177 0.000630 71.101683
6.313289 1527941839.369302 0.000102 0.000178 0.000628 71.099861
6.325766 1527941839.381778 0.000103 0.000179 0.000624 71.243188
6.338236 1527941839.394248 0.000102 0.000177 0.000627 71.154278
6.350575 1527941839.406588 0.000102 0.000177 0.000633 70.973189
6.363092 1527941839.419105 0.000102 0.000177 0.000632 70.804400
6.375931 1527941839.431943 0.000102 0.000177 0.000633 70.859779
6.388247 1527941839.444260 0.000102 0.000177 0.000633 70.898867
6.400598 1527941839.456611 0.000102 0.000178 0.000627 70.981537
6.413441 1527941839.469454 0.000103 0.000178 0.000629 70.854777
6.425845 1527941839.481858 0.000103 0.000177 0.000632 70.617965
6.438598 1527941839.494611 0.000103 0.000179 0.000619 70.736772
6.451463 1527941839.507476 0.000103 0.000178 0.000624 70.782353
6.463392 1527941839.519405 0.000102 0.000179 0.000632 70.642774
6.475546 1527941839.531559 0.000103 0.000179 0.000628 70.791204
6.487867 1527941839.543880 0.000103 0.000178 0.000629 70.448552
6.501051 1527941839.557064 0.000102 0.000178 0.000633 70.407049
6.512892 1527941839.568905 0.000102 0.000178 0.000629 70.526165
6.525499 1527941839.581512 0.000102 0.000178 0.000632 70.378439
6.537870 1527941839.593883 0.000101 0.000177 0.000632 70.291482
6.550276 1527941839.606289 0.000102 0.000177 0.000632 70.339030
6.563009 1527941839.619021 0.000103 0.000179 0.000630 70.235153
6.575605 1527941839.631618 0.000103 0.000178 0.000635 70.304736
6.588943 1527941839.644956 0.000103 0.000177 0.000631 70.074218
6.601509 1527941839.657522 0.000102 0.000177 0.000631 70.075119
6.613899 1527941839.669912 0.000103 0.000178 0.000627 69.953530
6.626597 1527941839.682610 0.000103 0.000178 0.000629 70.386296
6.639195 1527941839.695208 0.000103 0.000178 0.000625 70.116031
6.651247 1527941839.707260 0.000102 0.000177 0.000628 70.091429
6.664118 1527941839.720130 0.000103 0.000177 0.000634 69.943812
6.676177 1527941839.732189 0.000103 0.000177 0.000633 69.972761
6.688437 1527941839.744449 0.000104 0.000178 0.000632 69.958630
6.700385 1527941839.756398 0.000104 0.000178 0.000637 69.568983
6.714228 1527941839.770241 0.000103 0.000178 0.000640 69.552266
6.726408 1527941839.782421 0.000103 0.000178 0.000640 69.348534
6.738916 1527941839.794929 0.000104 0.000179 0.000636 69.569489
6.751335 1527941839.807348 0.000104 0.000179 0.000638 69.574542
6.763284 1527941839.819297 0.000103 0.000178 0.000639 69.701034
6.775796 1527941839.831809 0.000104 0.000178 0.000644 69.368480
6.787969 1527941839.843982 0.000104 0.000178 0.000644 69.319847
6.800592 1527941839.856605 0.000104 0.000178 0.000636 69.269409
6.813250 1527941839.869263 0.000104 0.000177 0.000640 69.140989
6.825679 1527941839.881692 0.000104 0.000178 0.000632 69.287069
6.839038 1527941839.895051 0.000104 0.000178 0.000641 69.263897
6.851381 1527941839.907394 0.000105 0.000177 0.000638 69.091659
6.864192 1527941839.920205 0.000104 0.000178 0.000634 69.571729
6.876302 1527941839.932315 0.000107 0.000178 0.000633 69.192097
6.888844 1527941839.944857 0.000108 0.000181 0.000626 69.946337
6.901748 1527941839.957761 0.000105 0.000185 0.000632 71.091267
6.914109 1527941839.970121 0.000107 0.000188 0.000647 71.080815
6.925800 1527941839.981813 0.000108 0.000186 0.000651 71.133296
6.938333 1527941839.994346 0.000109 0.000184 0.000649 70.543249
6.950659 1527941840.006671 0.000109 0.000181 0.000657 70.107639
6.963203 1527941840.019216 0.000109 0.000180 0.000655 69.915761
6.975732 1527941840.031745 0.000108 0.000179 0.000663 69.436795
6.988076 1527941840.044089 0.000108 0.000180 0.000658 69.456671
7.000566 1527941840.056579 0.000108 0.000179 0.000659 69.364520
7.013757 1527941840.069770 0.000107 0.000178 0.000663 69.177693
7.025613 1527941840.081626 0.000109 0.000178 0.000655 69.281654
7.038188 1527941840.094201 0.000108 0.000177 0.000663 69.148553
7.050880 1527941840.106893 0.000108 0.000177 0.000663 69.102815
7.063255 1527941840.119267 0.000107 0.000175 0.000661 69.015924
7.075832 1527941840.131845 0.000107 0.000175 0.000659 68.807682
7.088235 1527941840.144248 0.000107 0.000175 0.000660 68.720240
7.100471 1527941840.156484 0.000107 0.000174 0.000661 68.492005
7.112985 1527941840.168998 0.000107 0.000176 0.000665 68.342233
7.125952 1527941840.181965 0.000107 0.000176 0.000664 68.187051
7.138466 1527941840.194479 0.000107 0.000175 0.000655 67.971920
7.150766 1527941840.206779 0.000108 0.000176 0.000658 67.960158
7.163354 1527941840.219367 0.000108 0.000175 0.000659 67.975895
7.175976 1527941840.231989 0.000109 0.000175 0.000650 67.789030
7.188492 1527941840.244504 0.000108 0.000175 0.000663 67.508887
7.201059 1527941840.257071 0.000107 0.000174 0.000656 67.517776
7.213408 1527941840.269421 0.000108 0.000175 0.000653 67.355457
7.225941 1527941840.281954 0.000107 0.000174 0.000660 67.179177
7.239196 1527941840.295209 0.000107 0.000174 0.000660 66.979814
7.251024 1527941840.307037 0.000107 0.000173 0.000665 66.665821
7.263636 1527941840.319649 0.000108 0.000173 0.000661 66.659111
7.275947 1527941840.331959 0.000108 0.000174 0.000661 66.351546
7.288350 1527941840.344363 0.000107 0.000173 0.000662 66.130665
7.301019 1527941840.357032 0.000107 0.000173 0.000662 66.003872
7.313606 1527941840.369619 0.000107 0.000174 0.000661 65.887692
7.325966 1527941840.381979 0.000107 0.000173 0.000663 65.714456
7.338381 1527941840.394394 0.000107 0.000172 0.000669 65.507891
7.351906 1527941840.407919 0.000107 0.000172 0.000666 65.404341
7.363245 1527941840.419258 0.000107 0.000172 0.000659 65.360889
7.375880 1527941840.431892 0.000107 0.000173 0.000656 65.277301
7.388399 1527941840.444412 0.000107 0.000173 0.000665 65.036486
7.401202 1527941840.457215 0.000107 0.000172 0.000658 65.099334
7.413467 1527941840.469480 0.000108 0.000173 0.000655 64.991751
7.425697 1527941840.481709 0.000107 0.000172 0.000660 64.927941
7.438920 1527941840.494933 0.000106 0.000172 0.000662 64.816960
7.451258 1527941840.507271 0.000106 0.000171 0.000663 64.824471
7.464934 1527941840.520947 0.000106 0.000172 0.000667 64.626923
7.476290 1527941840.532303 0.000107 0.000170 0.000660 64.948844
7.488622 1527941840.544635 0.000106 0.000171 0.000664 64.834887
7.501460 1527941840.557472 0.000107 0.000172 0.000666 64.739839
7.514079 1527941840.570091 0.000106 0.000171 0.000663 64.685129
7.525922 1527941840.581934 0.000107 0.000171 0.000662 64.640398
7.538280 1527941840.594293 0.000108 0.000171 0.000658 64.661960
7.551453 1527941840.607466 0.000107 0.000171 0.000665 64.494135
7.564687 1527941840.620700 0.000107 0.000169 0.000664 64.446068
7.576681 1527941840.632694 0.000107 0.000171 0.000658 64.568152
7.588334 1527941840.644346 0.000108 0.000169 0.000672 63.754469
7.600974 1527941840.656987 0.000106 0.000172 0.000675 64.119831
7.613412 1527941840.669425 0.000106 0.000171 0.000697 63.564814
7.625716 1527941840.681729 0.000104 0.000171 0.000717 63.254922
7.638166 1527941840.694179 0.000106 0.000169 0.000728 62.983484
7.650521 1527941840.706534 0.000108 0.000166 0.000744 62.158438
7.663134 1527941840.719146 0.000109 0.000163 0.000745 61.637286
7.675617 1527941840.731629 0.000108 0.000161 0.000749 61.256101
7.688250 1527941840.744262 0.000107 0.000159 0.000750 61.065814
7.700993 1527941840.757006 0.000107 0.000158 0.000748 60.806773
7.713550 1527941840.769563 0.000107 0.000159 0.000743 60.619287
7.726762 1527941840.782775 0.000108 0.000158 0.000742 60.392289
7.739208 1527941840.795221 0.000105 0.000158 0.000750 60.244217
7.751481 1527941840.807493 0.000104 0.000157 0.000748 59.996943
7.764583 1527941840.820596 0.000104 0.000158 0.000755 59.975916
7.776709 1527941840.832722 0.000105 0.000158 0.000743 59.607667
7.789308 1527941840.845321 0.000104 0.000156 0.000751 59.361441
7.801786 1527941840.857799 0.000104 0.000157 0.000735 59.337138
7.814190 1527941840.870203 0.000103 0.000157 0.000738 59.064220
7.826157 1527941840.882170 0.000102 0.000157 0.000734 58.856990
7.838340 1527941840.894353 0.000102 0.000157 0.000732 58.931141
7.850832 1527941840.906845 0.000103 0.000156 0.000727 58.579205
7.863236 1527941840.919249 0.000104 0.000157 0.000720 58.537446
7.875543 1527941840.931556 0.000100 0.000156 0.000721 58.668270
7.888235 1527941840.944248 0.000102 0.000155 0.000724 58.456930
7.900766 1527941840.956779 0.000101 0.000156 0.000713 58.787556
7.913229 1527941840.969242 0.000102 0.000155 0.000715 58.285568
7.925570 1527941840.981583 0.000102 0.000155 0.000711 58.277867
7.939162 1527941840.995174 0.000102 0.000155 0.000711 58.114557
7.951756 1527941841.007769 0.000102 0.000155 0.000712 57.961687
7.964140 1527941841.020153 0.000103 0.000156 0.000707 58.177812
7.976305 1527941841.032318 0.000104 0.000156 0.000704 57.992775
7.988550 1527941841.044563 0.000105 0.000157 0.000700 58.145605
8.001234 1527941841.057247 0.000102 0.000157 0.000705 58.058961
8.013656 1527941841.069669 0.000102 0.000157 0.000705 58.160366
8.026045 1527941841.082058 0.000103 0.000157 0.000708 58.112936
8.038597 1527941841.094609 0.000100 0.000158 0.000722 58.879482
8.051024 1527941841.107037 0.000100 0.000161 0.000724 59.735089
8.063564 1527941841.119576 0.000103 0.000162 0.000712 60.329350
8.075954 1527941841.131967 0.000107 0.000162 0.000713 61.302167
8.088459 1527941841.144472 0.000110 0.000161 0.000712 61.222158
8.101344 1527941841.157357 0.000111 0.000161 0.000710 61.212717
8.113691 1527941841.169703 0.000110 0.000159 0.000728 61.269312
8.126546 1527941841.182559 0.000110 0.000158 0.000725 60.553430
8.139467 1527941841.195480 0.000110 0.000157 0.000729 60.284512
8.153067 1527941841.209080 0.000107 0.000156 0.000733 60.236282
8.164123 1527941841.220135 0.000108 0.000156 0.000727 59.947861
8.176558 1527941841.232571 0.000107 0.000158 0.000732 59.816103
8.188470 1527941841.244483 0.000108 0.000156 0.000742 59.571389
8.200698 1527941841.256711 0.000111 0.000154 0.000746 59.613490
8.213591 1527941841.269604 0.000111 0.000155 0.000742 59.696553
8.225879 1527941841.281892 0.000109 0.000155 0.000745 59.798797
8.238490 1527941841.294503 0.000109 0.000155 0.000746 59.630552
8.251091 1527941841.307103 0.000108 0.000154 0.000751 59.733339
8.263327 1527941841.319340 0.000110 0.000151 0.000761 59.340873
8.275815 1527941841.331828 0.000111 0.000151 0.000747 59.106529
8.288238 1527941841.344251 0.000110 0.000152 0.000746 58.817268
8.300857 1527941841.356870 0.000109 0.000151 0.000751 58.176885
8.313955 1527941841.369968 0.000108 0.000152 0.000742 58.143519
8.326280 1527941841.382293 0.000107 0.000148 0.000769 57.682865
8.339153 1527941841.395165 0.000110 0.000145 0.000765 57.219845
8.351536 1527941841.407549 0.000109 0.000147 0.000749 56.909459
8.364119 1527941841.420132 0.000108 0.000146 0.000737 56.216324
8.376356 1527941841.432369 0.000107 0.000144 0.000743 55.704041
8.389125 1527941841.445138 0.000106 0.000145 0.000756 55.683377
8.401472 1527941841.457484 0.000108 0.000143 0.000739 55.341786
8.413807 1527941841.469820 0.000106 0.000144 0.000748 55.267659
8.426132 1527941841.482145 0.000103 0.000146 0.000721 55.204563
8.438854 1527941841.494867 0.000104 0.000146 0.000706 54.329991
8.451343 1527941841.507356 0.000102 0.000146 0.000730 54.599568
8.463768 1527941841.519781 0.000102 0.000144 0.000716 54.126078
8.476177 1527941841.532190 0.000104 0.000144 0.000709 53.950648
8.489203 1527941841.545216 0.000105 0.000144 0.000691 53.652220
8.501478 1527941841.557491 0.000105 0.000146 0.000656 52.978457
8.513872 1527941841.569885 0.000102 0.000146 0.000682 53.044361
8.526617 1527941841.582630 0.000102 0.000144 0.000707 53.460359
8.538648 1527941841.594661 0.000103 0.000142 0.000698 53.464150
8.550920 1527941841.606932 0.000102 0.000144 0.000688 53.261182
8.563344 1527941841.619357 0.000102 0.000144 0.000653 52.446702
8.576141 1527941841.632154 0.000099 0.000145 0.000660 52.388900
8.588505 1527941841.644518 0.000100 0.000143 0.000679 52.411333
8.601233 1527941841.657246 0.000101 0.000142 0.000668 52.356657
8.613759 1527941841.669772 0.000103 0.000143 0.000638 52.198523
8.626207 1527941841.682220 0.000102 0.000144 0.000619 51.185179
8.639384 1527941841.695397 0.000099 0.000146 0.000608 50.996488
8.651342 1527941841.707355 0.000100 0.000143 0.000624 50.949104
8.663799 1527941841.719812 0.000099 0.000142 0.000624 50.872992
8.675878 1527941841.731890 0.000101 0.000143 0.000620 50.875680
8.688211 1527941841.744224 0.000100 0.000144 0.000606 50.529395
8.700877 1527941841.756890 0.000098 0.000145 0.000603 50.578842
8.713393 1527941841.769406 0.000099 0.000144 0.000632 50.703037
8.725802 1527941841.781815 0.000099 0.000142 0.000630 50.855587
8.738708 1527941841.794721 0.000101 0.000142 0.000607 50.584128
8.750750 1527941841.806763 0.000100 0.000142 0.000591 50.168494
8.763602 1527941841.819615 0.000099 0.000145 0.000572 49.524647
8.776193 1527941841.832206 0.000098 0.000145 0.000608 50.047486
8.789043 1527941841.845056 0.000099 0.000143 0.000616 50.006284
8.801503 1527941841.857516 0.000101 0.000142 0.000607 49.969479
8.813995 1527941841.870008 0.000104 0.000142 0.000599 49.388900
8.826469 1527941841.882482 0.000104 0.000141 0.000580 48.656401
8.838876 1527941841.894889 0.000104 0.000140 0.000604 49.261060
8.851053 1527941841.907066 0.000103 0.000137 0.000619 49.255874
8.863974 1527941841.919986 0.000103 0.000137 0.000619 49.219502
8.876178 1527941841.932191 0.000103 0.000138 0.000618 49.345226
8.889179 1527941841.945192 0.000103 0.000139 0.000603 48.802378
8.901560 1527941841.957573 0.000101 0.000139 0.000627 48.847629
8.914163 1527941841.970176 0.000101 0.000137 0.000640 48.897312
8.926755 1527941841.982768 0.000103 0.000137 0.000632 49.043812
8.939001 1527941841.995014 0.000103 0.000137 0.000627 48.741671
8.951273 1527941842.007286 0.000103 0.000139 0.000609 48.300430
8.964360 1527941842.020373 0.000102 0.000139 0.000620 48.643674
8.976565 1527941842.032578 0.000103 0.000137 0.000651 48.840203
8.989569 1527941842.045582 0.000104 0.000136 0.000635 49.029774
9.001854 1527941842.057867 0.000105 0.000138 0.000622 48.942172
9.014376 1527941842.070389 0.000104 0.000139 0.000607 48.457605
9.026198 1527941842.082211 0.000103 0.000140 0.000610 48.495469
9.038476 1527941842.094489 0.000102 0.000139 0.000641 48.644984
9.050966 1527941842.106979 0.000104 0.000137 0.000624 48.437421
9.063208 1527941842.119221 0.000106 0.000138 0.000607 48.264819
9.075647 1527941842.131660 0.000105 0.000140 0.000594 48.210826
9.088338 1527941842.144351 0.000105 0.000142 0.000587 47.914596
9.100737 1527941842.156750 0.000105 0.000141 0.000606 48.305085
9.113270 1527941842.169283 0.000106 0.000138 0.000630 48.949884
9.125593 1527941842.181606 0.000108 0.000138 0.000614 48.810823
9.137884 1527941842.193897 0.000108 0.000141 0.000604 49.085635
9.150566 1527941842.206579 0.000108 0.000142 0.000588 48.357496
9.164324 1527941842.220337 0.000105 0.000142 0.000608 48.358846
9.176816 1527941842.232829 0.000106 0.000141 0.000628 48.803236
9.189608 1527941842.245621 0.000108 0.000139 0.000626 48.933660
9.202096 1527941842.258109 0.000110 0.000140 0.000602 48.706541
9.214663 1527941842.270676 0.000109 0.000141 0.000601 48.434957
9.227236 1527941842.283248 0.000109 0.000140 0.000605 48.205197
9.239623 1527941842.295636 0.000107 0.000143 0.000617 48.494951
9.251759 1527941842.307771 0.000107 0.000142 0.000648 48.942354
9.263390 1527941842.319403 0.000105 0.000140 0.000654 49.119373
9.275992 1527941842.332005 0.000105 0.000140 0.000652 48.958429
9.288189 1527941842.344202 0.000104 0.000139 0.000661 48.513313
9.301246 1527941842.357259 0.000101 0.000140 0.000670 48.501744
9.313517 1527941842.369529 0.000098 0.000140 0.000673 48.252222
9.326021 1527941842.382034 0.000096 0.000140 0.000703 48.386257
9.339194 1527941842.395207 0.000097 0.000138 0.000713 48.571308
9.351744 1527941842.407757 0.000098 0.000136 0.000701 48.463682
9.364292 1527941842.420305 0.000098 0.000138 0.000688 48.192955
9.376707 1527941842.432720 0.000097 0.000138 0.000679 47.957862
9.388294 1527941842.444307 0.000097 0.000139 0.000673 47.824320
9.400903 1527941842.456916 0.000096 0.000138 0.000671 47.568119
9.413598 1527941842.469611 0.000098 0.000140 0.000659 47.242418
9.425824 1527941842.481837 0.000096 0.000138 0.000661 47.136627
9.438175 1527941842.494188 0.000097 0.000138 0.000651 46.919852
9.451889 1527941842.507902 0.000096 0.000138 0.000647 46.845150
9.464135 1527941842.520148 0.000095 0.000138 0.000647 46.872807
9.476725 1527941842.532738 0.000096 0.000138 0.000646 46.746649
9.489717 1527941842.545729 0.000095 0.000138 0.000643 46.774826
9.502215 1527941842.558228 0.000096 0.000138 0.000635 46.583259
9.513378 1527941842.569391 0.000096 0.000138 0.000641 46.746947
9.525708 1527941842.581721 0.000096 0.000136 0.000639 46.618463
9.538339 1527941842.594352 0.000096 0.000137 0.000633 46.434915
9.550763 1527941842.606776 0.000096 0.000137 0.000638 46.693626
9.563430 1527941842.619443 0.000096 0.000137 0.000635 46.737846
9.575983 1527941842.631996 0.000096 0.000137 0.000635 46.695264
9.588464 1527941842.644476 0.000096 0.000137 0.000637 46.761930
9.601143 1527941842.657156 0.000097 0.000137 0.000632 46.613725
9.613629 1527941842.669642 0.000096 0.000138 0.000632 46.835762
9.626037 1527941842.682050 0.000096 0.000137 0.000630 46.733886
9.638655 1527941842.694668 0.000096 0.000137 0.000632 46.675905
9.650897 1527941842.706910 0.000096 0.000138 0.000632 46.856991
9.663696 1527941842.719709 0.000098 0.000137 0.000625 46.508363
9.676064 1527941842.732077 0.000096 0.000137 0.000632 46.649389
9.688508 1527941842.744521 0.000096 0.000137 0.000627 46.662627
9.701283 1527941842.757296 0.000096 0.000136 0.000632 46.485341
9.713786 1527941842.769799 0.000096 0.000137 0.000633 46.851501
9.725974 1527941842.781987 0.000096 0.000137 0.000628 46.577317
9.738366 1527941842.794379 0.000097 0.000137 0.000627 46.636059
9.751044 1527941842.807057 0.000095 0.000137 0.000629 46.761550
9.763619 1527941842.819632 0.000095 0.000137 0.000641 46.728461
9.776064 1527941842.832077 0.000094 0.000138 0.000644 47.229237
9.788427 1527941842.844440 0.000096 0.000138 0.000635 47.254669
9.800910 1527941842.856923 0.000099 0.000137 0.000639 46.654644
9.813580 1527941842.869592 0.000101 0.000137 0.000644 46.198008
9.826788 1527941842.882801 0.000103 0.000135 0.000632 45.557283
9.839680 1527941842.895693 0.000102 0.000135 0.000635 45.344767
9.852238 1527941842.908251 0.000103 0.000135 0.000627 45.110449
9.864456 1527941842.920469 0.000101 0.000134 0.000634 45.106512
9.876360 1527941842.932373 0.000102 0.000134 0.000630 45.154988
9.888251 1527941842.944263 0.000101 0.000135 0.000638 45.095478
9.901090 1527941842.957103 0.000101 0.000135 0.000631 45.069350
9.914500 1527941842.970513 0.000101 0.000135 0.000627 45.006772
9.927040 1527941842.983052 0.000101 0.000135 0.000633 45.157411
9.939467 1527941842.995480 0.000100 0.000135 0.000636 45.038750
9.951987 1527941843.008000 0.000101 0.000134 0.000632 44.912752
9.964723 1527941843.020736 0.000101 0.000134 0.000631 44.781403
9.976110 1527941843.032122 0.000101 0.000135 0.000631 44.777194
9.988945 1527941843.044958 0.000103 0.000135 0.000632 44.642442
10.001408 1527941843.057421 0.000101 0.000135 0.000634 44.865562
10.013992 1527941843.070004 0.000101 0.000135 0.000636 44.839083
10.026050 1527941843.082062 0.000101 0.000135 0.000628 44.832526
10.038821 1527941843.094833 0.000101 0.000134 0.000627 44.745973
10.051341 1527941843.107354 0.000101 0.000134 0.000634 44.724823
10.063934 1527941843.119947 0.000101 0.000135 0.000638 44.727041
10.077585 1527941843.133598 0.000101 0.000135 0.000637 44.729132
10.089414 1527941843.145427 0.000101 0.000135 0.000635 44.720738
10.101300 1527941843.157312 0.000101 0.000135 0.000633 44.686179
10.114331 1527941843.170343 0.000101 0.000134 0.000633 44.661161
10.127025 1527941843.183038 0.000103 0.000135 0.000628 44.502004
10.138986 1527941843.194999 0.000101 0.000135 0.000625 44.791348
10.150930 1527941843.206943 0.000101 0.000135 0.000632 44.725378
10.163550 1527941843.219563 0.000101 0.000135 0.000632 44.700733
10.175914 1527941843.231927 0.000101 0.000134 0.000629 44.671496
10.188598 1527941843.244611 0.000101 0.000134 0.000626 44.550803
10.201744 1527941843.257756 0.000101 0.000134 0.000631 44.628815
10.213678 1527941843.269691 0.000101 0.000135 0.000625 44.675853
10.225980 1527941843.281992 0.000101 0.000135 0.000633 44.633050
10.238870 1527941843.294883 0.000101 0.000135 0.000621 44.560886
10.251107 1527941843.307120 0.000101 0.000135 0.000632 44.645646
10.264660 1527941843.320673 0.000101 0.000134 0.000632 44.619518
10.277078 1527941843.333091 0.000101 0.000135 0.000632 44.581094
10.289560 1527941843.345573 0.000102 0.000134 0.000632 44.499788
10.301969 1527941843.357982 0.000101 0.000134 0.000633 44.584920
10.314924 1527941843.370937 0.000101 0.000134 0.000632 44.498372
10.326601 1527941843.382614 0.000102 0.000134 0.000632 44.392743
10.338579 1527941843.394592 0.000105 0.000134 0.000637 43.722890
10.350964 1527941843.406977 0.000107 0.000133 0.000633 43.408820
10.363514 1527941843.419527 0.000106 0.000132 0.000635 43.000249
10.375657 1527941843.431670 0.000107 0.000134 0.000626 43.043871
10.388133 1527941843.444146 0.000107 0.000134 0.000630 42.835384
10.400856 1527941843.456868 0.000106 0.000133 0.000631 42.761933
10.413178 1527941843.469191 0.000106 0.000134 0.000636 42.774846
10.425902 1527941843.481915 0.000106 0.000133 0.000623 42.655179
10.438426 1527941843.494439 0.000106 0.000133 0.000634 42.818711
10.450966 1527941843.506979 0.000106 0.000133 0.000625 42.812035
10.463556 1527941843.519569 0.000106 0.000132 0.000635 42.742485
10.475990 1527941843.532003 0.000107 0.000133 0.000628 42.931162
10.488521 1527941843.544534 0.000106 0.000133 0.000640 42.785974
10.501119 1527941843.557132 0.000105 0.000132 0.000626 42.568682
10.513625 1527941843.569638 0.000106 0.000133 0.000635 42.696151
10.525919 1527941843.581932 0.000105 0.000132 0.000637 42.712117
10.538394 1527941843.594407 0.000106 0.000133 0.000629 42.622751
10.550768 1527941843.606781 0.000106 0.000133 0.000623 42.559479
10.563667 1527941843.619680 0.000105 0.000132 0.000627 42.489506
10.575822 1527941843.631835 0.000105 0.000132 0.000625 42.466066
10.588393 1527941843.644406 0.000106 0.000133 0.000622 42.494944
10.600939 1527941843.656952 0.000105 0.000133 0.000638 42.701463
10.613533 1527941843.669545 0.000105 0.000133 0.000626 42.647783
10.625699 1527941843.681712 0.000105 0.000133 0.000622 42.553325
10.638345 1527941843.694358 0.000105 0.000132 0.000625 42.399970
10.651109 1527941843.707122 0.000106 0.000132 0.000626 42.550037
10.663445 1527941843.719457 0.000106 0.000132 0.000635 42.617433
10.675980 1527941843.731993 0.000106 0.000133 0.000626 42.536382
10.688184 1527941843.744197 0.000106 0.000133 0.000635 42.699125
10.701134 1527941843.757147 0.000106 0.000133 0.000625 42.609511
10.713324 1527941843.769337 0.000106 0.000133 0.000627 42.538469
10.726066 1527941843.782079 0.000106 0.000133 0.000626 42.631359
10.738428 1527941843.794441 0.000106 0.000133 0.000622 42.531528
10.750948 1527941843.806961 0.000106 0.000132 0.000623 42.303710
10.763492 1527941843.819504 0.000105 0.000132 0.000623 42.462765
10.776051 1527941843.832064 0.000106 0.000132 0.000625 42.338472
10.788844 1527941843.844857 0.000106 0.000132 0.000624 42.478623
10.801177 1527941843.857190 0.000106 0.000133 0.000627 42.369176
10.814311 1527941843.870323 0.000105 0.000133 0.000619 42.389860
10.826842 1527941843.882855 0.000106 0.000132 0.000620 42.218472
10.838997 1527941843.895010 0.000106 0.000133 0.000623 42.400625
10.851470 1527941843.907482 0.000105 0.000131 0.000622 42.221656
10.864406 1527941843.920419 0.000105 0.000133 0.000623 42.275474
10.876376 1527941843.932389 0.000105 0.000132 0.000618 41.970377
10.889265 1527941843.945277 0.000106 0.000132 0.000623 42.338858
10.901623 1527941843.957636 0.000105 0.000132 0.000630 42.202382
10.913821 1527941843.969833 0.000105 0.000132 0.000629 42.283943
10.926531 1527941843.982544 0.000106 0.000133 0.000621 42.258015
10.939157 1527941843.995169 0.000105 0.000132 0.000629 42.109296
10.951522 1527941844.007535 0.000105 0.000133 0.000619 42.251446
10.963906 1527941844.019919 0.000105 0.000132 0.000620 41.936752
10.976625 1527941844.032638 0.000105 0.000132 0.000628 42.165656
10.989545 1527941844.045558 0.000105 0.000132 0.000627 42.017313
11.001729 1527941844.057742 0.000105 0.000132 0.000621 41.914088
11.014081 1527941844.070094 0.000105 0.000133 0.000617 41.978399
11.026866 1527941844.082879 0.000105 0.000132 0.000621 41.961295
11.039544 1527941844.095557 0.000104 0.000131 0.000621 41.999719
11.051432 1527941844.107445 0.000105 0.000132 0.000621 41.957188
11.064077 1527941844.120090 0.000104 0.000132 0.000629 41.999815
11.076622 1527941844.132635 0.000104 0.000132 0.000627 42.030996
11.089346 1527941844.145359 0.000105 0.000132 0.000620 41.906483
11.101448 1527941844.157461 0.000105 0.000133 0.000617 41.983043
11.114139 1527941844.170152 0.000104 0.000132 0.000616 41.922823
11.126970 1527941844.182983 0.000105 0.000132 0.000622 42.036229
11.138992 1527941844.195005 0.000104 0.000132 0.000630 41.975667
11.151491 1527941844.207504 0.000105 0.000132 0.000633 41.994401
11.164086 1527941844.220098 0.000105 0.000132 0.000620 41.900035
11.176335 1527941844.232348 0.000105 0.000132 0.000623 41.930017
11.189085 1527941844.245097 0.000105 0.000132 0.000623 41.942737
11.201891 1527941844.257904 0.000105 0.000133 0.000622 41.911281
11.214219 1527941844.270231 0.000105 0.000133 0.000633 42.032746
11.226970 1527941844.282983 0.000105 0.000132 0.000630 41.971989
11.239102 1527941844.295115 0.000105 0.000132 0.000621 41.882074
11.251727 1527941844.307740 0.000105 0.000133 0.000618 42.121148
11.264339 1527941844.320352 0.000105 0.000133 0.000623 41.945684
11.276722 1527941844.332735 0.000106 0.000132 0.000624 41.856933
11.289745 1527941844.345758 0.000105 0.000132 0.000630 41.821585
11.302294 1527941844.358307 0.000106 0.000131 0.000627 41.926384
11.314137 1527941844.370150 0.000110 0.000132 0.000589 41.481342
11.326554 1527941844.382567 0.000111 0.000134 0.000581 41.752823
11.338926 1527941844.394939 0.000111 0.000134 0.000595 41.715124
11.352266 1527941844.408279 0.000110 0.000135 0.000598 41.692391
11.364817 1527941844.420830 0.000110 0.000136 0.000592 41.835263
11.377228 1527941844.433241 0.000110 0.000135 0.000583 41.510014
11.389024 1527941844.445037 0.000109 0.000136 0.000591 41.590243
11.401283 1527941844.457296 0.000109 0.000136 0.000587 41.633680
11.414980 1527941844.470993 0.000109 0.000136 0.000577 41.498701
11.427330 1527941844.483343 0.000109 0.000136 0.000576 41.342659
11.438706 1527941844.494719 0.000108 0.000135 0.000580 41.298936
11.451070 1527941844.507082 0.000107 0.000135 0.000595 41.246577
11.464003 1527941844.520016 0.000108 0.000135 0.000589 41.208967
11.476376 1527941844.532389 0.000108 0.000135 0.000587 41.064498
11.488770 1527941844.544783 0.000108 0.000134 0.000588 40.982836
11.501313 1527941844.557326 0.000107 0.000134 0.000588 40.913895
11.514028 1527941844.570041 0.000107 0.000134 0.000586 40.793364
11.526258 1527941844.582271 0.000107 0.000134 0.000584 41.006898
11.538921 1527941844.594934 0.000107 0.000134 0.000585 41.000673
11.551169 1527941844.607182 0.000107 0.000134 0.000584 40.935280
11.563662 1527941844.619675 0.000108 0.000133 0.000586 40.828899
11.576070 1527941844.632083 0.000107 0.000134 0.000583 40.949799
11.588866 1527941844.644878 0.000108 0.000133 0.000581 40.805127
11.601191 1527941844.657204 0.000107 0.000134 0.000584 41.063499
11.614473 1527941844.670485 0.000107 0.000134 0.000584 41.003250
11.627174 1527941844.683187 0.000108 0.000134 0.000579 40.970607
11.639694 1527941844.695707 0.000108 0.000134 0.000582 41.076834
11.652398 1527941844.708411 0.000108 0.000134 0.000583 40.982471
11.664935 1527941844.720948 0.000108 0.000134 0.000586 41.085977
11.677651 1527941844.733664 0.000108 0.000134 0.000577 40.908656
11.689759 1527941844.745772 0.000108 0.000134 0.000583 41.015029
11.702188 1527941844.758201 0.000108 0.000134 0.000581 40.932371
11.715276 1527941844.771289 0.000108 0.000134 0.000583 41.062316
11.727263 1527941844.783276 0.000108 0.000134 0.000578 41.088338
11.739353 1527941844.795366 0.000108 0.000134 0.000584 41.090382
11.751281 1527941844.807294 0.000109 0.000134 0.000583 41.060682
11.763899 1527941844.819912 0.000108 0.000134 0.000579 41.100000
11.775953 1527941844.831966 0.000109 0.000135 0.000581 41.112541
11.788907 1527941844.844920 0.000109 0.000134 0.000578 40.941692
11.801209 1527941844.857222 0.000109 0.000134 0.000585 40.463151
11.814827 1527941844.870840 0.000110 0.000133 0.000578 40.137564
11.826976 1527941844.882989 0.000108 0.000133 0.000582 40.602717
11.839583 1527941844.895596 0.000106 0.000133 0.000585 41.158890
11.851851 1527941844.907863 0.000105 0.000134 0.000595 41.929132
11.864220 1527941844.920233 0.000104 0.000134 0.000604 42.416960
11.877829 1527941844.933842 0.000104 0.000135 0.000605 42.811760
11.890081 1527941844.946094 0.000104 0.000134 0.000606 43.051295
11.902394 1527941844.958407 0.000104 0.000134 0.000612 43.028862
11.915053 1527941844.971066 0.000103 0.000134 0.000611 42.980520
11.927511 1527941844.983524 0.000104 0.000133 0.000614 43.012310
11.939864 1527941844.995877 0.000104 0.000134 0.000607 43.142584
11.952466 1527941845.008479 0.000104 0.000134 0.000607 42.982446
11.964283 1527941845.020295 0.000104 0.000135 0.000608 43.048523
11.976074 1527941845.032086 0.000104 0.000134 0.000607 43.045919
11.988832 1527941845.044845 0.000104 0.000133 0.000619 43.084399
12.001083 1527941845.057096 0.000103 0.000134 0.000610 42.977062
12.014022 1527941845.070035 0.000104 0.000134 0.000609 43.051241
12.026295 1527941845.082308 0.000104 0.000134 0.000610 43.072822
12.039011 1527941845.095024 0.000104 0.000134 0.000608 43.023867
12.051393 1527941845.107406 0.000104 0.000133 0.000607 43.011822
12.064631 1527941845.120644 0.000104 0.000134 0.000611 43.029020
12.077411 1527941845.133424 0.000104 0.000134 0.000610 43.050363
12.089961 1527941845.145973 0.000104 0.000134 0.000611 43.065194
12.101475 1527941845.157488 0.000104 0.000133 0.000607 43.093123
12.114835 1527941845.170848 0.000104 0.000133 0.000614 43.036883
12.127131 1527941845.183144 0.000103 0.000134 0.000609 43.141234
12.139346 1527941845.195359 0.000104 0.000133 0.000609 43.136980
12.151246 1527941845.207258 0.000104 0.000134 0.000608 43.088366
12.163350 1527941845.219362 0.000104 0.000134 0.000611 43.064489
12.175985 1527941845.231998 0.000104 0.000133 0.000617 43.120863
12.188695 1527941845.244708 0.000104 0.000134 0.000607 43.069319
12.202409 1527941845.258422 0.000104 0.000134 0.000610 43.086435
12.214837 1527941845.270849 0.000104 0.000134 0.000607 43.196596
12.227215 1527941845.283228 0.000104 0.000134 0.000610 43.139841
12.240335 1527941845.296347 0.000104 0.000134 0.000610 43.149221
12.252414 1527941845.308427 0.000104 0.000133 0.000609 43.098385
12.264878 1527941845.320890 0.000104 0.000134 0.000609 43.222082
12.277456 1527941845.333468 0.000104 0.000134 0.000602 43.056428
12.289830 1527941845.345843 0.000103 0.000134 0.000617 43.236818
12.302282 1527941845.358294 0.000105 0.000134 0.000608 43.138260
12.314799 1527941845.370812 0.000105 0.000134 0.000612 43.195778
12.326710 1527941845.382722 0.000105 0.000134 0.000609 43.173590
12.339327 1527941845.395340 0.000105 0.000134 0.000608 43.160090
12.352491 1527941845.408504 0.000105 0.000134 0.000615 43.234368
12.365058 1527941845.421071 0.000105 0.000134 0.000606 43.226896
12.377393 1527941845.433406 0.000105 0.000134 0.000607 43.242690
12.389935 1527941845.445947 0.000104 0.000135 0.000606 43.305015
12.402324 1527941845.458337 0.000105 0.000135 0.000605 43.241154
12.414573 1527941845.470586 0.000105 0.000134 0.000609 43.237720
12.427283 1527941845.483296 0.000106 0.000135 0.000607 43.188143
12.440436 1527941845.496449 0.000106 0.000135 0.000602 43.231910
12.452412 1527941845.508425 0.000105 0.000135 0.000612 43.275285
12.464921 1527941845.520934 0.000106 0.000135 0.000608 43.243657
12.477289 1527941845.533302 0.000106 0.000135 0.000606 43.272806
12.489836 1527941845.545849 0.000106 0.000135 0.000608 43.274493
12.502095 1527941845.558108 0.000105 0.000135 0.000603 43.295019
12.514257 1527941845.570270 0.000106 0.000135 0.000601 43.263829
12.526812 1527941845.582825 0.000105 0.000135 0.000615 43.349922
12.539291 1527941845.595304 0.000107 0.000135 0.000603 43.333514
12.551811 1527941845.607824 0.000106 0.000135 0.000605 43.295926
12.564512 1527941845.620525 0.000106 0.000135 0.000604 43.331854
12.576733 1527941845.632746 0.000106 0.000136 0.000604 43.294169
12.589264 1527941845.645277 0.000107 0.000136 0.000604 43.253370
12.601935 1527941845.657948 0.000107 0.000135 0.000604 43.241160
12.614463 1527941845.670476 0.000107 0.000137 0.000599 43.378406
12.626758 1527941845.682770 0.000106 0.000138 0.000596 43.725396
12.639453 1527941845.695466 0.000105 0.000138 0.000586 44.428172
12.651943 1527941845.707956 0.000107 0.000137 0.000577 44.206778
12.664106 1527941845.720119 0.000111 0.000138 0.000565 43.606284
12.676840 1527941845.732852 0.000112 0.000139 0.000554 42.753266
12.689402 1527941845.745415 0.000112 0.000138 0.000543 42.221612
12.701842 1527941845.757855 0.000113 0.000138 0.000540 42.039866
12.714189 1527941845.770202 0.000112 0.000138 0.000540 41.854431
12.726657 1527941845.782670 0.000113 0.000139 0.000539 42.026415
12.739326 1527941845.795339 0.000113 0.000139 0.000538 42.070447
12.751722 1527941845.807735 0.000111 0.000138 0.000546 42.273993
12.764156 1527941845.820169 0.000111 0.000138 0.000544 42.139768
12.776689 1527941845.832702 0.000111 0.000138 0.000545 42.077733
12.789344 1527941845.845356 0.000111 0.000138 0.000541 42.053889
12.801915 1527941845.857928 0.000111 0.000139 0.000540 42.002959
12.814460 1527941845.870473 0.000111 0.000138 0.000543 41.925791
12.826843 1527941845.882856 0.000110 0.000138 0.000545 42.044622
12.839254 1527941845.895267 0.000111 0.000138 0.000545 41.924749
12.851744 1527941845.907757 0.000111 0.000138 0.000543 41.820432
12.864171 1527941845.920183 0.000110 0.000138 0.000543 41.851617
12.876837 1527941845.932850 0.000110 0.000138 0.000545 41.858138
12.889407 1527941845.945420 0.000110 0.000138 0.000540 41.975733
12.901829 1527941845.957842 0.000110 0.000138 0.000539 41.900268
12.914145 1527941845.970158 0.000110 0.000139 0.000539 41.864183
12.926908 1527941845.982921 0.000111 0.000138 0.000541 41.819838
12.939680 1527941845.995693 0.000110 0.000138 0.000539 41.789788
12.951906 1527941846.007919 0.000110 0.000138 0.000542 41.810240
12.964333 1527941846.020346 0.000111 0.000138 0.000540 41.766007
12.976835 1527941846.032848 0.000111 0.000137 0.000539 41.719442
12.989728 1527941846.045741 0.000111 0.000138 0.000538 41.712975
13.001881 1527941846.057894 0.000111 0.000138 0.000542 41.710080
13.014659 1527941846.070672 0.000111 0.000138 0.000542 41.813244
13.026874 1527941846.082887 0.000111 0.000137 0.000542 41.708743
13.039262 1527941846.095274 0.000110 0.000137 0.000544 41.707089
13.051602 1527941846.107615 0.000110 0.000138 0.000546 41.790576
13.063567 1527941846.119580 0.000111 0.000137 0.000541 41.692780
13.076099 1527941846.132112 0.000110 0.000137 0.000542 41.648817
13.088550 1527941846.144563 0.000110 0.000138 0.000541 41.685790
13.101119 1527941846.157132 0.000110 0.000138 0.000543 41.698299
13.113852 1527941846.169865 0.000111 0.000137 0.000542 41.704131
13.126468 1527941846.182481 0.000111 0.000137 0.000541 41.737365
13.139057 1527941846.195070 0.000110 0.000138 0.000545 41.900954
13.151309 1527941846.207322 0.000110 0.000138 0.000539 41.879664
13.163814 1527941846.219827 0.000111 0.000138 0.000542 41.766815
13.176101 1527941846.232114 0.000110 0.000137 0.000541 41.794832
13.188775 1527941846.244788 0.000111 0.000138 0.000545 41.806650
13.201271 1527941846.257284 0.000111 0.000138 0.000536 41.810169
13.213890 1527941846.269903 0.000111 0.000137 0.000538 41.735114
13.226673 1527941846.282686 0.000110 0.000137 0.000543 41.731759
13.238930 1527941846.294942 0.000111 0.000138 0.000545 41.870653
13.251589 1527941846.307602 0.000111 0.000137 0.000546 41.845832
13.263721 1527941846.319734 0.000110 0.000137 0.000545 41.794705
13.276377 1527941846.332390 0.000111 0.000138 0.000546 41.831487
13.289976 1527941846.345989 0.000111 0.000138 0.000544 41.755362
13.302664 1527941846.358677 0.000113 0.000137 0.000546 41.210568
13.314934 1527941846.370947 0.000115 0.000137 0.000536 40.846405
13.326774 1527941846.382787 0.000115 0.000137 0.000536 41.088346
13.338663 1527941846.394676 0.000112 0.000137 0.000533 41.883869
13.351374 1527941846.407387 0.000111 0.000138 0.000547 42.829002
13.363909 1527941846.419922 0.000110 0.000138 0.000554 43.147282
13.376282 1527941846.432295 0.000110 0.000136 0.000567 43.488164
13.388905 1527941846.444918 0.000108 0.000136 0.000570 43.965455
13.401401 1527941846.457414 0.000108 0.000135 0.000568 43.979197
13.413786 1527941846.469799 0.000109 0.000137 0.000553 44.007464
13.427522 1527941846.483535 0.000109 0.000136 0.000560 43.751373
13.440274 1527941846.496287 0.000109 0.000135 0.000558 43.411533
13.452689 1527941846.508702 0.000109 0.000135 0.000562 43.266655
13.465289 1527941846.521302 0.000108 0.000135 0.000555 43.331897
13.477876 1527941846.533889 0.000109 0.000135 0.000555 43.204560
13.489528 1527941846.545541 0.000109 0.000136 0.000560 43.249356
13.501524 1527941846.557537 0.000109 0.000136 0.000555 43.328527
13.515133 1527941846.571146 0.000109 0.000135 0.000560 43.198514
13.527870 1527941846.583883 0.000109 0.000136 0.000558 43.370218
13.540143 1527941846.596156 0.000109 0.000136 0.000557 43.261479
13.552385 1527941846.608398 0.000109 0.000137 0.000552 43.228330
13.564349 1527941846.620362 0.000109 0.000136 0.000555 43.091452
13.576540 1527941846.632553 0.000108 0.000135 0.000560 43.054373
13.588982 1527941846.644995 0.000108 0.000135 0.000559 42.933144
13.601541 1527941846.657554 0.000107 0.000135 0.000566 42.734027
13.614962 1527941846.670975 0.000106 0.000137 0.000575 42.878544
13.627275 1527941846.683288 0.000102 0.000138 0.000589 43.699784
13.639781 1527941846.695794 0.000098 0.000140 0.000591 44.781190
13.652178 1527941846.708190 0.000097 0.000143 0.000589 45.582765
13.664791 1527941846.720803 0.000096 0.000143 0.000588 46.214581
13.677933 1527941846.733946 0.000095 0.000143 0.000589 46.652436
13.690439 1527941846.746452 0.000096 0.000144 0.000579 46.742473
