-4.118280 1528562827.798572 0.000121 0.000136 0.000698 43.566128
-4.065449 1528562827.851403 0.000121 0.000136 0.000697 43.390027
-4.044782 1528562827.872070 0.000122 0.000137 0.000694 43.297963
-4.034055 1528562827.882797 0.000121 0.000137 0.000697 43.354868
-4.021414 1528562827.895438 0.000122 0.000137 0.000695 43.331048
-4.009380 1528562827.907472 0.000122 0.000136 0.000695 43.221915
-3.996743 1528562827.920109 0.000122 0.000136 0.000695 43.279040
-3.984209 1528562827.932643 0.000123 0.000137 0.000694 43.207625
-3.971673 1528562827.945179 0.000122 0.000138 0.000691 43.453643
-3.959263 1528562827.957589 0.000120 0.000138 0.000691 43.946082
-3.946599 1528562827.970253 0.000121 0.000139 0.000686 44.036425
-3.932420 1528562827.984432 0.000120 0.000138 0.000689 43.998122
-3.919935 1528562827.996917 0.000121 0.000138 0.000689 43.814268
-3.908114 1528562828.008738 0.000122 0.000138 0.000690 43.735455
-3.895468 1528562828.021384 0.000122 0.000138 0.000687 43.629893
-3.883080 1528562828.033772 0.000121 0.000139 0.000691 43.708236
-3.871093 1528562828.045759 0.000122 0.000139 0.000687 43.674724
-3.858697 1528562828.058155 0.000122 0.000138 0.000687 43.545252
-3.846250 1528562828.070602 0.000122 0.000138 0.000687 43.429005
-3.833672 1528562828.083180 0.000122 0.000138 0.000688 43.423992
-3.821079 1528562828.095773 0.000121 0.000138 0.000688 43.417691
-3.808261 1528562828.108591 0.000122 0.000138 0.000685 43.275597
-3.795808 1528562828.121044 0.000121 0.000138 0.000688 43.353870
-3.783162 1528562828.133690 0.000121 0.000138 0.000687 43.315541
-3.771231 1528562828.145621 0.000121 0.000138 0.000688 43.285748
-3.759043 1528562828.157809 0.000120 0.000138 0.000690 43.319977
-3.746221 1528562828.170631 0.000122 0.000138 0.000688 43.182786
-3.734289 1528562828.182563 0.000121 0.000138 0.000689 43.284008
-3.721152 1528562828.195700 0.000122 0.000138 0.000689 43.145346
-3.708879 1528562828.207973 0.000121 0.000138 0.000690 43.308583
-3.696419 1528562828.220433 0.000121 0.000138 0.000688 43.274388
-3.684047 1528562828.232805 0.000121 0.000138 0.000689 43.287463
-3.671448 1528562828.245404 0.000121 0.000138 0.000689 43.284960
-3.658778 1528562828.258074 0.000121 0.000138 0.000689 43.364293
-3.646372 1528562828.270480 0.000121 0.000137 0.000690 43.157827
-3.633038 1528562828.283814 0.000121 0.000138 0.000689 43.229279
-3.620678 1528562828.296174 0.000120 0.000138 0.000689 43.197348
-3.608138 1528562828.308714 0.000120 0.000138 0.000689 43.171475
-3.595110 1528562828.321742 0.000120 0.000138 0.000689 43.142260
-3.583307 1528562828.333545 0.000120 0.000138 0.000690 43.118868
-3.570409 1528562828.346443 0.000120 0.000138 0.000688 43.128306
-3.558050 1528562828.358802 0.000120 0.000138 0.000689 43.139367
-3.545707 1528562828.371145 0.000120 0.000138 0.000689 43.096215
-3.533739 1528562828.383113 0.000120 0.000138 0.000688 43.065013
-3.521157 1528562828.395695 0.000120 0.000139 0.000682 43.016386
-3.508636 1528562828.408216 0.000120 0.000139 0.000674 43.010168
-3.496163 1528562828.420689 0.000119 0.000140 0.000671 42.995861
-3.483303 1528562828.433549 0.000119 0.000139 0.000672 43.028382
-3.471109 1528562828.445743 0.000118 0.000140 0.000671 43.141095
-3.458766 1528562828.458086 0.000118 0.000139 0.000675 43.031489
-3.445995 1528562828.470857 0.000118 0.000139 0.000675 43.025749
-3.433443 1528562828.483409 0.000118 0.000139 0.000675 42.891561
-3.420977 1528562828.495875 0.000119 0.000139 0.000676 42.763828
-3.408412 1528562828.508440 0.000118 0.000139 0.000678 42.850125
-3.395937 1528562828.520915 0.000118 0.000139 0.000679 42.781499
-3.383566 1528562828.533286 0.000118 0.000140 0.000678 42.797843
-3.370543 1528562828.546309 0.000117 0.000140 0.000679 42.806283
-3.358258 1528562828.558594 0.000118 0.000139 0.000677 42.764536
-3.345977 1528562828.570875 0.000118 0.000139 0.000676 42.799175
-3.333330 1528562828.583522 0.000118 0.000139 0.000678 42.800379
-3.321234 1528562828.595618 0.000117 0.000139 0.000678 42.710195
-3.308858 1528562828.607994 0.000118 0.000139 0.000677 42.573063
-3.296191 1528562828.620661 0.000117 0.000139 0.000678 42.621759
-3.283116 1528562828.633736 0.000118 0.000139 0.000679 42.599495
-3.270837 1528562828.646015 0.000117 0.000140 0.000679 42.537967
-3.258236 1528562828.658616 0.000118 0.000140 0.000679 42.574421
-3.245723 1528562828.671129 0.000118 0.000140 0.000679 42.550457
-3.233353 1528562828.683499 0.000117 0.000139 0.000679 42.572648
-3.220959 1528562828.695893 0.000118 0.000139 0.000679 42.374837
-3.208175 1528562828.708677 0.000117 0.000139 0.000681 42.494237
-3.195541 1528562828.721311 0.000118 0.000139 0.000682 42.384740
-3.182434 1528562828.734418 0.000117 0.000139 0.000682 42.545741
-3.170385 1528562828.746467 0.000117 0.000139 0.000681 42.446776
-3.158406 1528562828.758446 0.000118 0.000139 0.000684 42.313681
-3.146238 1528562828.770614 0.000119 0.000139 0.000681 42.081936
-3.133521 1528562828.783331 0.000123 0.000137 0.000679 41.698868
-3.121298 1528562828.795554 0.000124 0.000135 0.000680 41.798983
-3.108783 1528562828.808069 0.000123 0.000135 0.000677 42.197495
-3.096339 1528562828.820513 0.000122 0.000134 0.000681 42.280164
-3.083748 1528562828.833104 0.000122 0.000135 0.000679 42.365318
-3.071200 1528562828.845652 0.000123 0.000134 0.000677 42.374340
-3.058825 1528562828.858027 0.000122 0.000135 0.000680 42.643944
-3.046564 1528562828.870288 0.000122 0.000135 0.000679 42.620772
-3.033446 1528562828.883406 0.000122 0.000135 0.000678 42.488686
-3.021353 1528562828.895499 0.000123 0.000135 0.000677 42.455055
-3.008551 1528562828.908301 0.000123 0.000135 0.000676 42.447285
-2.996129 1528562828.920723 0.000122 0.000134 0.000677 42.481253
-2.983282 1528562828.933570 0.000123 0.000134 0.000677 42.537008
-2.971217 1528562828.945635 0.000123 0.000134 0.000676 42.559919
-2.958602 1528562828.958250 0.000123 0.000134 0.000675 42.403795
-2.946240 1528562828.970612 0.000123 0.000134 0.000675 42.483692
-2.933884 1528562828.982968 0.000123 0.000134 0.000675 42.537853
-2.921112 1528562828.995740 0.000123 0.000134 0.000676 42.563624
-2.908888 1528562829.007964 0.000124 0.000134 0.000674 42.480189
-2.896524 1528562829.020328 0.000124 0.000134 0.000674 42.490116
-2.883673 1528562829.033179 0.000123 0.000134 0.000676 42.478514
-2.871022 1528562829.045830 0.000123 0.000134 0.000677 42.573276
-2.858764 1528562829.058088 0.000124 0.000134 0.000675 42.621503
-2.845167 1528562829.071685 0.000124 0.000133 0.000676 42.629028
-2.832029 1528562829.084823 0.000124 0.000134 0.000674 42.673572
-2.820315 1528562829.096537 0.000124 0.000134 0.000675 42.579474
-2.807763 1528562829.109089 0.000124 0.000134 0.000676 42.683203
-2.795447 1528562829.121405 0.000124 0.000133 0.000676 42.701341
-2.782604 1528562829.134248 0.000124 0.000134 0.000674 42.608881
-2.770100 1528562829.146752 0.000125 0.000134 0.000676 42.556175
-2.757051 1528562829.159801 0.000124 0.000134 0.000677 42.591009
-2.745791 1528562829.171061 0.000124 0.000133 0.000678 42.540001
-2.733396 1528562829.183456 0.000124 0.000134 0.000677 42.583904
-2.721445 1528562829.195407 0.000124 0.000134 0.000678 42.511656
-2.708774 1528562829.208078 0.000124 0.000134 0.000678 42.554436
-2.696297 1528562829.220555 0.000124 0.000134 0.000677 42.487479
-2.683669 1528562829.233183 0.000125 0.000134 0.000677 42.395451
-2.671312 1528562829.245540 0.000125 0.000134 0.000675 42.298537
-2.658675 1528562829.258177 0.000123 0.000134 0.000676 42.443626
-2.646244 1528562829.270608 0.000125 0.000133 0.000677 42.255610
-2.633994 1528562829.282858 0.000125 0.000134 0.000675 42.250897
-2.620996 1528562829.295856 0.000125 0.000133 0.000675 42.098529
-2.608274 1528562829.308578 0.000125 0.000133 0.000677 42.165420
-2.596167 1528562829.320685 0.000125 0.000135 0.000675 42.202165
-2.583475 1528562829.333377 0.000125 0.000134 0.000674 42.102612
-2.571206 1528562829.345646 0.000124 0.000134 0.000677 42.233329
-2.558601 1528562829.358251 0.000124 0.000134 0.000676 42.238754
-2.545892 1528562829.370960 0.000126 0.000134 0.000673 41.965241
-2.533332 1528562829.383520 0.000125 0.000134 0.000674 41.909472
-2.521346 1528562829.395506 0.000124 0.000134 0.000677 42.152281
-2.508596 1528562829.408256 0.000123 0.000135 0.000678 42.205295
-2.495246 1528562829.421606 0.000126 0.000134 0.000673 41.880355
-2.482984 1528562829.433868 0.000124 0.000134 0.000676 42.179372
-2.471014 1528562829.445838 0.000124 0.000134 0.000675 42.017194
-2.458561 1528562829.458291 0.000125 0.000134 0.000675 41.880174
-2.446036 1528562829.470816 0.000124 0.000134 0.000677 41.984230
-2.432956 1528562829.483896 0.000124 0.000134 0.000677 42.082467
-2.420784 1528562829.496068 0.000124 0.000134 0.000676 42.034477
-2.408484 1528562829.508368 0.000124 0.000134 0.000676 42.025159
-2.396060 1528562829.520792 0.000124 0.000134 0.000678 41.947726
-2.382831 1528562829.534021 0.000124 0.000134 0.000677 42.079934
-2.370524 1528562829.546328 0.000124 0.000134 0.000676 41.961063
-2.358369 1528562829.558483 0.000124 0.000134 0.000677 42.006235
-2.346670 1528562829.570182 0.000124 0.000134 0.000677 41.996489
-2.333871 1528562829.582981 0.000125 0.000134 0.000678 41.952434
-2.321645 1528562829.595206 0.000124 0.000134 0.000677 41.996467
-2.308797 1528562829.608055 0.000124 0.000134 0.000678 41.946650
-2.295397 1528562829.621455 0.000123 0.000135 0.000680 42.030783
-2.283247 1528562829.633605 0.000121 0.000137 0.000678 42.632075
-2.270807 1528562829.646045 0.000120 0.000136 0.000695 42.757623
-2.258046 1528562829.658806 0.000122 0.000136 0.000694 42.366647
-2.246544 1528562829.670308 0.000121 0.000136 0.000694 42.442790
-2.234271 1528562829.682581 0.000121 0.000136 0.000691 42.362580
-2.221568 1528562829.695284 0.000120 0.000136 0.000690 42.273843
-2.208880 1528562829.707972 0.000121 0.000136 0.000682 42.398215
-2.196567 1528562829.720285 0.000121 0.000135 0.000687 42.386951
-2.183895 1528562829.732957 0.000119 0.000136 0.000686 42.503069
-2.171144 1528562829.745708 0.000120 0.000135 0.000685 42.429131
-2.158924 1528562829.757928 0.000120 0.000136 0.000685 42.429254
-2.146150 1528562829.770702 0.000119 0.000136 0.000684 42.430004
-2.133724 1528562829.783128 0.000121 0.000135 0.000678 42.180157
-2.121188 1528562829.795664 0.000119 0.000135 0.000684 42.291991
-2.108538 1528562829.808314 0.000119 0.000135 0.000684 42.335091
-2.095892 1528562829.820960 0.000119 0.000135 0.000685 42.332041
-2.083268 1528562829.833584 0.000119 0.000134 0.000682 42.088271
-2.071008 1528562829.845844 0.000119 0.000135 0.000683 42.140863
-2.058278 1528562829.858574 0.000118 0.000135 0.000682 42.197064
-2.046142 1528562829.870710 0.000119 0.000134 0.000683 42.195739
-2.033495 1528562829.883357 0.000118 0.000134 0.000683 42.160755
-2.019439 1528562829.897413 0.000119 0.000134 0.000682 42.018866
-2.007771 1528562829.909081 0.000118 0.000134 0.000683 42.183519
-1.995173 1528562829.921679 0.000119 0.000134 0.000683 42.210583
-1.982663 1528562829.934189 0.000119 0.000134 0.000682 42.066720
-1.970789 1528562829.946063 0.000119 0.000134 0.000683 42.085625
-1.958370 1528562829.958482 0.000119 0.000134 0.000679 42.188822
-1.945840 1528562829.971012 0.000119 0.000134 0.000683 42.131095
-1.933535 1528562829.983317 0.000118 0.000134 0.000683 42.355544
-1.921082 1528562829.995770 0.000118 0.000134 0.000683 42.299193
-1.907204 1528562830.009648 0.000120 0.000134 0.000681 42.263694
-1.896077 1528562830.020775 0.000120 0.000134 0.000679 42.280265
-1.882858 1528562830.033994 0.000120 0.000134 0.000681 42.202101
-1.870504 1528562830.046348 0.000120 0.000134 0.000680 42.270938
-1.858055 1528562830.058797 0.000119 0.000134 0.000683 42.403590
-1.845536 1528562830.071316 0.000120 0.000134 0.000681 42.322610
-1.832618 1528562830.084234 0.000120 0.000134 0.000680 42.284835
-1.820655 1528562830.096197 0.000122 0.000133 0.000680 42.074494
-1.807642 1528562830.109210 0.000122 0.000134 0.000680 42.070630
-1.795593 1528562830.121259 0.000120 0.000134 0.000682 42.277622
-1.783741 1528562830.133111 0.000121 0.000134 0.000680 42.217923
-1.771407 1528562830.145445 0.000120 0.000134 0.000683 42.396029
-1.758884 1528562830.157968 0.000121 0.000134 0.000683 42.445839
-1.745924 1528562830.170928 0.000121 0.000134 0.000680 42.382214
-1.733308 1528562830.183544 0.000122 0.000134 0.000679 42.339174
-1.721031 1528562830.195821 0.000122 0.000135 0.000680 42.592894
-1.707824 1528562830.209028 0.000122 0.000134 0.000680 42.486464
-1.695590 1528562830.221262 0.000122 0.000134 0.000684 42.474777
-1.682902 1528562830.233950 0.000122 0.000135 0.000682 42.747067
-1.670823 1528562830.246029 0.000122 0.000134 0.000686 42.637753
-1.657870 1528562830.258982 0.000123 0.000135 0.000685 42.764732
-1.645610 1528562830.271242 0.000123 0.000135 0.000684 42.867685
-1.633018 1528562830.283834 0.000124 0.000135 0.000684 42.803474
-1.619623 1528562830.297229 0.000124 0.000135 0.000685 42.897091
-1.607611 1528562830.309241 0.000124 0.000135 0.000694 42.874499
-1.594850 1528562830.322002 0.000121 0.000134 0.000714 43.060047
-1.581959 1528562830.334893 0.000120 0.000133 0.000724 43.251785
-1.570748 1528562830.346104 0.000120 0.000133 0.000723 43.365165
-1.558514 1528562830.358338 0.000121 0.000133 0.000721 43.677397
-1.545749 1528562830.371103 0.000121 0.000133 0.000722 43.681107
-1.533670 1528562830.383182 0.000120 0.000134 0.000722 43.651419
-1.520972 1528562830.395880 0.000120 0.000133 0.000722 43.720975
-1.508434 1528562830.408418 0.000120 0.000133 0.000725 43.558298
-1.496269 1528562830.420583 0.000120 0.000133 0.000722 43.724922
-1.483704 1528562830.433148 0.000120 0.000133 0.000720 43.688246
-1.470540 1528562830.446312 0.000121 0.000133 0.000721 43.511680
-1.457600 1528562830.459252 0.000120 0.000133 0.000720 43.923532
-1.445694 1528562830.471158 0.000120 0.000133 0.000720 43.777844
-1.433450 1528562830.483402 0.000119 0.000133 0.000719 43.905739
-1.420976 1528562830.495876 0.000120 0.000134 0.000719 43.789110
-1.408831 1528562830.508021 0.000120 0.000134 0.000718 43.899864
-1.396271 1528562830.520581 0.000120 0.000133 0.000718 43.786170
-1.383676 1528562830.533176 0.000119 0.000134 0.000719 43.833464
-1.371178 1528562830.545674 0.000119 0.000134 0.000717 43.787208
-1.358638 1528562830.558214 0.000119 0.000134 0.000715 43.902442
-1.346310 1528562830.570542 0.000119 0.000134 0.000718 43.848013
-1.333919 1528562830.582933 0.000120 0.000134 0.000717 43.617446
-1.321368 1528562830.595484 0.000120 0.000135 0.000706 43.808915
-1.308985 1528562830.607867 0.000122 0.000135 0.000689 43.643404
-1.296236 1528562830.620616 0.000125 0.000134 0.000681 43.043016
-1.283468 1528562830.633384 0.000123 0.000135 0.000695 42.728666
-1.271104 1528562830.645748 0.000122 0.000135 0.000697 42.612330
-1.258778 1528562830.658074 0.000122 0.000135 0.000697 42.719471
-1.246686 1528562830.670166 0.000123 0.000135 0.000698 42.567504
-1.234031 1528562830.682821 0.000123 0.000135 0.000697 42.602022
-1.221207 1528562830.695645 0.000122 0.000134 0.000697 42.621112
-1.207725 1528562830.709127 0.000121 0.000134 0.000695 42.645309
-1.194990 1528562830.721862 0.000123 0.000134 0.000696 42.589032
-1.183067 1528562830.733785 0.000122 0.000134 0.000696 42.715048
-1.171080 1528562830.745772 0.000121 0.000134 0.000695 42.728724
-1.157276 1528562830.759576 0.000122 0.000134 0.000697 42.626316
-1.145291 1528562830.771561 0.000122 0.000133 0.000696 42.686479
-1.132127 1528562830.784725 0.000122 0.000133 0.000696 42.580728
-1.120287 1528562830.796565 0.000121 0.000133 0.000695 42.655421
-1.107954 1528562830.808898 0.000122 0.000133 0.000695 42.518318
-1.095053 1528562830.821799 0.000121 0.000133 0.000696 42.697654
-1.083334 1528562830.833518 0.000122 0.000133 0.000694 42.654215
-1.070799 1528562830.846053 0.000121 0.000133 0.000697 42.744230
-1.058443 1528562830.858409 0.000121 0.000133 0.000696 42.754499
-1.045910 1528562830.870942 0.000121 0.000133 0.000696 42.658859
-1.033700 1528562830.883152 0.000120 0.000133 0.000695 42.791149
-1.021235 1528562830.895617 0.000122 0.000132 0.000694 42.396989
-1.008889 1528562830.907963 0.000121 0.000133 0.000694 42.628642
-0.995456 1528562830.921396 0.000121 0.000133 0.000695 42.624176
-0.982996 1528562830.933856 0.000122 0.000132 0.000692 42.360763
-0.969775 1528562830.947077 0.000121 0.000133 0.000695 42.473552
-0.958343 1528562830.958509 0.000121 0.000133 0.000695 42.559169
-0.946326 1528562830.970526 0.000120 0.000132 0.000709 42.640513
-0.933753 1528562830.983099 0.000117 0.000133 0.000732 42.745844
-0.921107 1528562830.995745 0.000117 0.000133 0.000730 42.802697
-0.908297 1528562831.008555 0.000118 0.000133 0.000726 42.490511
-0.895758 1528562831.021094 0.000117 0.000133 0.000726 42.617842
-0.883842 1528562831.033010 0.000118 0.000132 0.000729 42.385132
-0.870657 1528562831.046195 0.000118 0.000132 0.000729 42.411264
-0.858379 1528562831.058473 0.000117 0.000132 0.000729 42.358199
-0.845872 1528562831.070980 0.000118 0.000132 0.000727 42.449596
-0.833770 1528562831.083082 0.000118 0.000132 0.000725 42.357552
-0.820791 1528562831.096061 0.000116 0.000131 0.000729 42.671341
-0.808302 1528562831.108550 0.000118 0.000131 0.000727 42.631428
-0.796016 1528562831.120836 0.000118 0.000131 0.000726 42.476276
-0.783555 1528562831.133297 0.000118 0.000131 0.000728 42.589798
-0.770161 1528562831.146691 0.000118 0.000130 0.000727 42.575754
-0.757605 1528562831.159247 0.000117 0.000130 0.000731 42.725819
-0.745607 1528562831.171245 0.000117 0.000130 0.000729 42.749143
-0.733228 1528562831.183624 0.000117 0.000130 0.000728 42.638246
-0.719977 1528562831.196875 0.000117 0.000130 0.000730 42.655566
-0.707765 1528562831.209087 0.000118 0.000129 0.000726 42.398625
-0.695668 1528562831.221184 0.000117 0.000130 0.000730 42.651990
-0.683102 1528562831.233750 0.000117 0.000129 0.000727 42.536409
-0.670764 1528562831.246088 0.000116 0.000129 0.000729 42.662530
-0.658573 1528562831.258279 0.000117 0.000129 0.000730 42.584561
-0.645074 1528562831.271778 0.000117 0.000129 0.000727 42.646373
-0.632271 1528562831.284581 0.000117 0.000129 0.000730 42.523138
-0.620490 1528562831.296362 0.000118 0.000129 0.000730 42.576314
-0.607618 1528562831.309234 0.000117 0.000129 0.000728 42.591725
-0.595714 1528562831.321138 0.000117 0.000129 0.000729 42.558682
-0.583207 1528562831.333645 0.000117 0.000129 0.000718 42.644332
-0.570461 1528562831.346391 0.000120 0.000129 0.000693 42.479908
-0.556342 1528562831.360510 0.000115 0.000130 0.000697 42.747248
-0.544735 1528562831.372117 0.000113 0.000131 0.000704 42.970582
-0.532193 1528562831.384659 0.000114 0.000131 0.000707 43.215900
-0.519789 1528562831.397063 0.000115 0.000131 0.000708 43.255987
-0.507611 1528562831.409241 0.000114 0.000131 0.000709 43.301850
-0.495730 1528562831.421122 0.000114 0.000130 0.000710 43.401035
-0.483056 1528562831.433796 0.000115 0.000131 0.000709 43.281966
-0.470499 1528562831.446353 0.000114 0.000130 0.000710 43.387571
-0.457364 1528562831.459488 0.000115 0.000130 0.000707 43.337563
-0.445004 1528562831.471848 0.000115 0.000130 0.000705 43.312866
-0.432390 1528562831.484462 0.000115 0.000130 0.000702 43.361471
-0.419889 1528562831.496963 0.000115 0.000129 0.000704 43.184053
-0.407405 1528562831.509447 0.000115 0.000129 0.000706 43.235828
-0.395132 1528562831.521720 0.000114 0.000129 0.000706 43.261273
-0.382429 1528562831.534423 0.000115 0.000129 0.000703 42.999008
-0.369914 1528562831.546938 0.000114 0.000129 0.000704 43.267360
-0.358408 1528562831.558444 0.000114 0.000129 0.000703 43.129228
-0.346014 1528562831.570838 0.000113 0.000129 0.000703 43.254785
-0.333394 1528562831.583458 0.000113 0.000129 0.000704 43.309585
-0.321094 1528562831.595758 0.000114 0.000129 0.000703 43.208846
-0.308131 1528562831.608721 0.000113 0.000129 0.000704 43.280873
-0.295924 1528562831.620928 0.000113 0.000129 0.000703 43.317721
-0.283225 1528562831.633627 0.000114 0.000129 0.000699 43.137560
-0.270664 1528562831.646188 0.000113 0.000129 0.000702 43.312675
-0.257453 1528562831.659399 0.000114 0.000129 0.000700 43.182491
-0.244390 1528562831.672462 0.000115 0.000129 0.000701 43.165993
-0.232522 1528562831.684330 0.000114 0.000129 0.000702 43.186321
-0.220396 1528562831.696456 0.000115 0.000129 0.000701 43.171719
-0.208718 1528562831.708134 0.000114 0.000129 0.000702 43.320193
-0.195973 1528562831.720879 0.000114 0.000129 0.000703 43.321149
-0.183350 1528562831.733502 0.000114 0.000129 0.000703 43.295708
-0.171252 1528562831.745600 0.000113 0.000129 0.000705 43.566950
-0.157295 1528562831.759557 0.000112 0.000129 0.000712 43.592685
-0.145000 1528562831.771852 0.000110 0.000128 0.000733 43.709387
-0.132363 1528562831.784489 0.000109 0.000128 0.000730 44.294342
-0.118811 1528562831.798041 0.000111 0.000127 0.000723 44.167204
-0.108413 1528562831.808439 0.000110 0.000127 0.000722 44.229243
-0.096220 1528562831.820632 0.000112 0.000127 0.000717 44.084256
-0.083599 1528562831.833253 0.000112 0.000127 0.000713 44.207455
-0.071120 1528562831.845732 0.000112 0.000127 0.000716 44.014254
-0.057627 1528562831.859225 0.000111 0.000127 0.000716 44.004867
-0.045179 1528562831.871673 0.000112 0.000127 0.000711 43.932101
-0.032544 1528562831.884308 0.000110 0.000127 0.000720 44.125873
-0.020535 1528562831.896317 0.000111 0.000127 0.000717 44.349528
-0.007996 1528562831.908856 0.000112 0.000126 0.000720 43.933054
0.004185 1528562831.921037 0.000111 0.000127 0.000718 44.428468
0.017089 1528562831.933941 0.000112 0.000127 0.000719 44.146936
0.029343 1528562831.946195 0.000111 0.000127 0.000719 44.412241
0.042016 1528562831.958868 0.000112 0.000127 0.000718 44.199680
0.053926 1528562831.970778 0.000111 0.000127 0.000718 44.451802
0.066656 1528562831.983508 0.000111 0.000127 0.000719 44.199168
0.079201 1528562831.996053 0.000112 0.000126 0.000720 43.969853
0.091454 1528562832.008306 0.000111 0.000128 0.000716 44.502217
0.104436 1528562832.021288 0.000111 0.000127 0.000718 44.272899
0.116691 1528562832.033543 0.000113 0.000127 0.000714 44.067824
0.129468 1528562832.046320 0.000111 0.000127 0.000715 44.402378
0.141688 1528562832.058540 0.000113 0.000127 0.000715 44.171425
0.154416 1528562832.071268 0.000112 0.000127 0.000712 44.353399
0.167280 1528562832.084132 0.000111 0.000127 0.000717 44.404226
0.179501 1528562832.096353 0.000112 0.000127 0.000715 44.293505
0.191672 1528562832.108524 0.000113 0.000127 0.000712 44.337460
0.204362 1528562832.121214 0.000112 0.000126 0.000717 44.260056
0.217010 1528562832.133862 0.000113 0.000127 0.000712 44.266948
0.229313 1528562832.146165 0.000113 0.000126 0.000716 44.195217
0.241887 1528562832.158739 0.000110 0.000127 0.000722 44.534510
0.254489 1528562832.171341 0.000111 0.000126 0.000705 44.243835
0.266701 1528562832.183553 0.000110 0.000126 0.000683 44.782255
0.279407 1528562832.196259 0.000108 0.000125 0.000685 45.547048
0.291799 1528562832.208651 0.000106 0.000125 0.000695 46.665605
0.304569 1528562832.221421 0.000105 0.000125 0.000705 47.514608
0.317067 1528562832.233919 0.000105 0.000125 0.000713 47.950199
0.329594 1528562832.246446 0.000106 0.000125 0.000714 48.205208
0.342057 1528562832.258909 0.000108 0.000124 0.000712 48.017748
0.354613 1528562832.271465 0.000107 0.000125 0.000709 48.224636
0.367581 1528562832.284433 0.000108 0.000124 0.000711 48.212530
0.379545 1528562832.296397 0.000109 0.000124 0.000711 48.236568
0.393107 1528562832.309959 0.000109 0.000124 0.000708 48.275023
0.405500 1528562832.322352 0.000110 0.000124 0.000706 48.536049
0.417845 1528562832.334697 0.000110 0.000124 0.000707 48.609937
0.429870 1528562832.346722 0.000112 0.000124 0.000704 48.829734
0.441936 1528562832.358788 0.000114 0.000123 0.000704 49.361174
0.454292 1528562832.371144 0.000116 0.000124 0.000705 49.559231
0.467610 1528562832.384462 0.000117 0.000125 0.000693 50.117835
0.480502 1528562832.397354 0.000114 0.000122 0.000681 52.065114
0.491544 1528562832.408396 0.000112 0.000124 0.000671 54.709270
0.504048 1528562832.420900 0.000110 0.000125 0.000666 57.084291
0.516697 1528562832.433549 0.000111 0.000124 0.000671 58.923853
0.529269 1528562832.446121 0.000115 0.000125 0.000671 60.155211
0.541507 1528562832.458359 0.000116 0.000127 0.000675 60.871808
0.555321 1528562832.472173 0.000117 0.000127 0.000685 61.221922
0.567893 1528562832.484745 0.000118 0.000128 0.000682 61.550800
0.580417 1528562832.497269 0.000120 0.000127 0.000681 62.176085
0.592714 1528562832.509566 0.000121 0.000127 0.000682 62.914132
0.605007 1528562832.521859 0.000122 0.000128 0.000688 63.485725
0.617385 1528562832.534237 0.000122 0.000131 0.000698 64.358219
0.629958 1528562832.546810 0.000121 0.000135 0.000694 65.368470
0.642458 1528562832.559310 0.000120 0.000139 0.000685 66.588914
0.654238 1528562832.571090 0.000118 0.000142 0.000681 67.331592
0.666792 1528562832.583644 0.000120 0.000144 0.000680 67.807503
0.679435 1528562832.596287 0.000124 0.000145 0.000681 68.575260
0.691900 1528562832.608752 0.000127 0.000146 0.000678 68.843863
0.703953 1528562832.620805 0.000130 0.000147 0.000670 68.982557
0.716588 1528562832.633440 0.000130 0.000146 0.000672 68.915722
0.729343 1528562832.646195 0.000130 0.000145 0.000669 69.190470
0.742711 1528562832.659563 0.000130 0.000145 0.000664 69.626708
0.754933 1528562832.671785 0.000131 0.000145 0.000658 69.909718
0.767528 1528562832.684380 0.000129 0.000149 0.000659 70.915006
0.779549 1528562832.696401 0.000126 0.000155 0.000654 72.098723
0.791965 1528562832.708817 0.000125 0.000159 0.000658 73.010566
0.804555 1528562832.721407 0.000126 0.000165 0.000651 74.299059
0.816833 1528562832.733685 0.000125 0.000171 0.000660 75.007413
0.829443 1528562832.746295 0.000126 0.000175 0.000660 74.992819
0.842515 1528562832.759367 0.000128 0.000176 0.000662 74.673725
0.854877 1528562832.771729 0.000128 0.000176 0.000664 74.853963
0.867481 1528562832.784333 0.000128 0.000180 0.000666 75.065439
0.879768 1528562832.796620 0.000132 0.000182 0.000663 75.192643
0.892334 1528562832.809186 0.000132 0.000184 0.000660 74.933126
0.905272 1528562832.822124 0.000133 0.000187 0.000660 75.258887
0.917330 1528562832.834182 0.000138 0.000187 0.000656 76.472373
0.929188 1528562832.846040 0.000138 0.000187 0.000660 76.995400
0.941591 1528562832.858443 0.000138 0.000192 0.000653 77.303150
0.954150 1528562832.871002 0.000139 0.000196 0.000655 77.914878
0.966918 1528562832.883770 0.000140 0.000194 0.000654 78.564870
0.979249 1528562832.896101 0.000139 0.000199 0.000658 79.703020
0.991894 1528562832.908746 0.000142 0.000201 0.000656 80.811395
1.004211 1528562832.921063 0.000143 0.000202 0.000660 82.117664
1.017006 1528562832.933858 0.000141 0.000208 0.000666 83.974218
1.030172 1528562832.947024 0.000143 0.000212 0.000677 85.037532
1.042949 1528562832.959801 0.000139 0.000219 0.000682 86.785069
1.055500 1528562832.972352 0.000140 0.000221 0.000680 88.482258
1.067855 1528562832.984707 0.000142 0.000203 0.000686 89.376513
1.079331 1528562832.996183 0.000144 0.000200 0.000674 90.539598
1.092001 1528562833.008853 0.000145 0.000198 0.000671 91.090196
1.104381 1528562833.021233 0.000148 0.000193 0.000653 91.106809
1.116994 1528562833.033846 0.000150 0.000192 0.000642 92.140359
1.129851 1528562833.046703 0.000152 0.000189 0.000642 92.909692
1.142224 1528562833.059076 0.000153 0.000187 0.000639 93.304313
1.154885 1528562833.071737 0.000157 0.000186 0.000634 94.090720
1.166778 1528562833.083630 0.000159 0.000188 0.000629 94.781639
1.179829 1528562833.096681 0.000159 0.000189 0.000623 94.931625
1.192636 1528562833.109488 0.000163 0.000187 0.000614 95.681326
1.204722 1528562833.121574 0.000164 0.000186 0.000616 95.739724
1.217725 1528562833.134577 0.000168 0.000186 0.000616 96.570769
1.230503 1528562833.147355 0.000170 0.000184 0.000608 96.867136
1.243048 1528562833.159900 0.000175 0.000183 0.000600 97.811971
1.254678 1528562833.171530 0.000177 0.000182 0.000592 97.676819
1.267045 1528562833.183897 0.000180 0.000182 0.000581 97.771205
1.279274 1528562833.196126 0.000179 0.000184 0.000583 97.643761
1.291738 1528562833.208590 0.000180 0.000187 0.000574 97.824480
1.304409 1528562833.221261 0.000179 0.000188 0.000571 97.877875
1.316746 1528562833.233598 0.000178 0.000189 0.000567 97.370335
1.330160 1528562833.247012 0.000177 0.000189 0.000565 97.534201
1.342668 1528562833.259520 0.000177 0.000188 0.000571 97.177878
1.355206 1528562833.272058 0.000176 0.000190 0.000573 97.058101
1.367530 1528562833.284382 0.000176 0.000191 0.000565 97.005227
1.380059 1528562833.296911 0.000176 0.000191 0.000570 96.750912
1.391755 1528562833.308607 0.000175 0.000193 0.000565 96.226722
1.403982 1528562833.320834 0.000175 0.000196 0.000562 96.363614
1.416664 1528562833.333516 0.000175 0.000196 0.000566 96.433202
1.430038 1528562833.346890 0.000175 0.000198 0.000569 96.020327
1.442355 1528562833.359207 0.000176 0.000198 0.000564 96.098761
1.454844 1528562833.371696 0.000175 0.000199 0.000565 96.649895
1.467859 1528562833.384711 0.000173 0.000199 0.000564 95.516031
1.480241 1528562833.397093 0.000173 0.000200 0.000568 95.970235
1.492659 1528562833.409511 0.000173 0.000202 0.000564 95.562422
1.504678 1528562833.421530 0.000173 0.000199 0.000564 95.460507
1.517152 1528562833.434004 0.000172 0.000198 0.000566 95.224700
1.530365 1528562833.447217 0.000171 0.000198 0.000559 94.700863
1.542823 1528562833.459675 0.000171 0.000199 0.000558 94.493933
1.555597 1528562833.472449 0.000171 0.000199 0.000550 94.581470
1.568116 1528562833.484968 0.000172 0.000204 0.000540 93.314284
1.579843 1528562833.496695 0.000172 0.000202 0.000545 92.607622
1.591916 1528562833.508768 0.000170 0.000201 0.000550 92.249925
1.604251 1528562833.521103 0.000168 0.000202 0.000556 92.230626
1.616890 1528562833.533742 0.000167 0.000202 0.000555 92.107813
1.629459 1528562833.546311 0.000166 0.000202 0.000559 91.789454
1.642645 1528562833.559497 0.000165 0.000202 0.000559 91.642498
1.655749 1528562833.572601 0.000164 0.000203 0.000560 91.154474
1.667933 1528562833.584785 0.000163 0.000202 0.000563 91.092292
1.679634 1528562833.596486 0.000161 0.000201 0.000567 90.936662
1.691613 1528562833.608465 0.000161 0.000200 0.000563 90.543922
1.703976 1528562833.620828 0.000159 0.000199 0.000567 90.364145
1.716544 1528562833.633396 0.000158 0.000199 0.000563 89.761543
1.729200 1528562833.646052 0.000158 0.000198 0.000570 90.260770
1.741704 1528562833.658556 0.000157 0.000199 0.000566 89.959310
1.754179 1528562833.671031 0.000156 0.000199 0.000563 89.780200
1.766678 1528562833.683530 0.000156 0.000199 0.000565 88.962575
1.779252 1528562833.696104 0.000156 0.000196 0.000569 89.038078
1.791478 1528562833.708330 0.000155 0.000197 0.000569 88.917680
1.804124 1528562833.720976 0.000155 0.000196 0.000567 88.642789
1.816710 1528562833.733562 0.000154 0.000195 0.000573 89.131003
1.829025 1528562833.745877 0.000154 0.000194 0.000574 88.800570
1.841804 1528562833.758656 0.000152 0.000193 0.000577 88.532055
1.854133 1528562833.770985 0.000152 0.000193 0.000578 88.112188
1.867003 1528562833.783855 0.000151 0.000190 0.000580 88.110912
1.879481 1528562833.796333 0.000150 0.000189 0.000585 87.988952
1.892702 1528562833.809554 0.000150 0.000187 0.000583 87.480056
1.905184 1528562833.822036 0.000150 0.000188 0.000582 87.378809
1.918160 1528562833.835012 0.000149 0.000188 0.000584 87.208431
1.930815 1528562833.847667 0.000149 0.000187 0.000590 87.266276
1.943286 1528562833.860138 0.000148 0.000186 0.000589 86.754270
1.954289 1528562833.871141 0.000148 0.000183 0.000596 86.573846
1.966748 1528562833.883600 0.000147 0.000185 0.000591 86.387735
1.979374 1528562833.896226 0.000146 0.000182 0.000602 85.634100
1.991376 1528562833.908228 0.000147 0.000180 0.000615 85.325494
2.004209 1528562833.921061 0.000148 0.000179 0.000626 85.192254
2.016933 1528562833.933785 0.000148 0.000181 0.000626 84.700344
2.029763 1528562833.946615 0.000147 0.000183 0.000624 84.391045
2.042139 1528562833.958991 0.000147 0.000180 0.000624 83.071631
2.055742 1528562833.972594 0.000147 0.000177 0.000635 82.728535
2.068026 1528562833.984878 0.000148 0.000173 0.000636 81.716431
2.080090 1528562833.996942 0.000148 0.000172 0.000628 81.490137
2.091586 1528562834.008438 0.000149 0.000169 0.000638 81.028721
2.104441 1528562834.021293 0.000148 0.000168 0.000636 80.845574
2.116715 1528562834.033567 0.000147 0.000167 0.000637 80.350620
2.130345 1528562834.047197 0.000146 0.000165 0.000638 79.518199
2.142640 1528562834.059492 0.000144 0.000163 0.000640 79.040020
2.155121 1528562834.071973 0.000143 0.000163 0.000640 78.745602
2.167535 1528562834.084387 0.000143 0.000161 0.000638 78.169564
2.180050 1528562834.096902 0.000142 0.000157 0.000644 77.610651
2.193102 1528562834.109954 0.000140 0.000157 0.000635 77.085018
2.204583 1528562834.121435 0.000140 0.000157 0.000635 76.554903
2.216867 1528562834.133719 0.000139 0.000156 0.000630 76.346610
2.230150 1528562834.147002 0.000139 0.000154 0.000646 76.489346
2.243024 1528562834.159876 0.000137 0.000152 0.000638 76.131672
2.255151 1528562834.172003 0.000137 0.000151 0.000643 76.069949
2.267985 1528562834.184837 0.000136 0.000151 0.000637 75.790868
2.280653 1528562834.197505 0.000135 0.000149 0.000636 75.561273
2.293076 1528562834.209928 0.000134 0.000148 0.000642 75.656537
2.304689 1528562834.221541 0.000134 0.000147 0.000638 75.674779
2.316839 1528562834.233691 0.000133 0.000146 0.000633 75.656205
2.331036 1528562834.247888 0.000132 0.000145 0.000639 75.800575
2.342375 1528562834.259227 0.000131 0.000145 0.000642 75.628666
2.354641 1528562834.271493 0.000130 0.000143 0.000644 75.520902
2.367020 1528562834.283872 0.000131 0.000143 0.000639 75.714169
2.379303 1528562834.296155 0.000130 0.000142 0.000644 75.609642
2.391688 1528562834.308540 0.000129 0.000141 0.000642 75.369427
2.404462 1528562834.321314 0.000128 0.000141 0.000644 75.374316
2.417033 1528562834.333885 0.000127 0.000140 0.000645 75.370658
2.430389 1528562834.347241 0.000127 0.000140 0.000647 75.333104
2.442764 1528562834.359616 0.000127 0.000139 0.000646 75.258987
2.455099 1528562834.371951 0.000125 0.000137 0.000649 75.120547
2.467009 1528562834.383861 0.000126 0.000137 0.000647 75.042608
2.479283 1528562834.396135 0.000126 0.000138 0.000649 74.820610
2.491683 1528562834.408535 0.000124 0.000136 0.000652 74.868372
2.505460 1528562834.422312 0.000124 0.000136 0.000654 74.760810
2.518066 1528562834.434918 0.000125 0.000137 0.000647 74.838696
2.530335 1528562834.447187 0.000124 0.000136 0.000651 74.860834
2.543400 1528562834.460252 0.000122 0.000135 0.000655 74.681490
2.555460 1528562834.472312 0.000123 0.000135 0.000655 74.699490
2.567660 1528562834.484512 0.000122 0.000135 0.000654 74.703820
2.579627 1528562834.496479 0.000120 0.000134 0.000661 74.232525
2.592880 1528562834.509732 0.000121 0.000134 0.000664 73.604348
2.604605 1528562834.521457 0.000123 0.000133 0.000674 72.392931
2.617913 1528562834.534765 0.000124 0.000133 0.000694 70.765704
2.630366 1528562834.547218 0.000126 0.000138 0.000693 69.132018
2.643332 1528562834.560184 0.000126 0.000145 0.000695 67.849964
2.655390 1528562834.572242 0.000124 0.000151 0.000701 66.719669
2.667527 1528562834.584379 0.000122 0.000155 0.000708 65.451594
2.679316 1528562834.596168 0.000122 0.000156 0.000714 64.663901
2.693257 1528562834.610109 0.000121 0.000156 0.000718 63.968091
2.705529 1528562834.622381 0.000121 0.000155 0.000717 63.401203
2.718075 1528562834.634927 0.000121 0.000154 0.000720 63.217944
2.730833 1528562834.647685 0.000123 0.000153 0.000711 63.005774
2.743510 1528562834.660362 0.000121 0.000152 0.000715 62.734749
2.756413 1528562834.673265 0.000121 0.000151 0.000718 62.462536
2.767625 1528562834.684477 0.000121 0.000150 0.000719 62.319766
2.779365 1528562834.696217 0.000122 0.000150 0.000717 62.230943
2.792126 1528562834.708978 0.000121 0.000148 0.000722 62.059719
2.805522 1528562834.722374 0.000120 0.000149 0.000721 61.994692
2.818177 1528562834.735029 0.000121 0.000147 0.000724 61.866168
2.830393 1528562834.747245 0.000120 0.000147 0.000723 61.821013
2.842865 1528562834.759717 0.000120 0.000147 0.000722 61.713462
2.854649 1528562834.771501 0.000120 0.000147 0.000723 61.635811
2.866868 1528562834.783720 0.000119 0.000146 0.000729 61.528349
2.879401 1528562834.796253 0.000119 0.000147 0.000729 61.418390
2.891977 1528562834.808829 0.000119 0.000147 0.000724 61.428932
2.905353 1528562834.822205 0.000118 0.000146 0.000730 61.315619
2.917840 1528562834.834692 0.000119 0.000145 0.000726 61.205520
2.930846 1528562834.847698 0.000119 0.000145 0.000728 61.153622
2.942824 1528562834.859676 0.000119 0.000144 0.000725 61.079557
2.955573 1528562834.872425 0.000119 0.000145 0.000723 61.029152
2.967603 1528562834.884455 0.000118 0.000145 0.000723 60.970530
2.979376 1528562834.896228 0.000117 0.000145 0.000724 60.944764
2.992407 1528562834.909259 0.000117 0.000144 0.000726 60.997301
3.004455 1528562834.921307 0.000117 0.000144 0.000723 60.943828
3.016844 1528562834.933696 0.000117 0.000144 0.000725 61.052395
3.029383 1528562834.946235 0.000118 0.000144 0.000724 60.987585
3.041456 1528562834.958308 0.000117 0.000144 0.000724 60.954490
3.054551 1528562834.971403 0.000117 0.000143 0.000729 60.849716
3.067015 1528562834.983867 0.000117 0.000142 0.000728 60.811024
3.079526 1528562834.996378 0.000117 0.000141 0.000744 60.510826
3.091740 1528562835.008592 0.000114 0.000138 0.000752 60.548628
3.104299 1528562835.021151 0.000112 0.000136 0.000757 60.830958
3.117063 1528562835.033915 0.000110 0.000136 0.000760 61.175255
3.130106 1528562835.046958 0.000109 0.000135 0.000760 61.485034
3.143055 1528562835.059907 0.000109 0.000136 0.000766 61.801636
3.155354 1528562835.072206 0.000110 0.000135 0.000764 61.794757
3.168128 1528562835.084980 0.000110 0.000136 0.000761 61.757278
3.180603 1528562835.097455 0.000109 0.000135 0.000770 61.710691
3.193389 1528562835.110241 0.000109 0.000135 0.000763 61.572091
3.205717 1528562835.122569 0.000109 0.000135 0.000762 61.634231
3.218577 1528562835.135429 0.000109 0.000135 0.000766 61.597228
3.230155 1528562835.147007 0.000109 0.000135 0.000769 61.553096
3.243325 1528562835.160177 0.000109 0.000134 0.000767 61.487526
3.254871 1528562835.171723 0.000108 0.000135 0.000766 61.522257
3.267157 1528562835.184009 0.000109 0.000134 0.000767 61.558441
3.279935 1528562835.196787 0.000108 0.000134 0.000765 61.389330
3.292819 1528562835.209671 0.000109 0.000134 0.000765 61.307973
3.305120 1528562835.221972 0.000109 0.000134 0.000764 61.278874
3.317242 1528562835.234094 0.000108 0.000135 0.000759 61.372631
3.330185 1528562835.247037 0.000109 0.000135 0.000761 61.223379
3.342824 1528562835.259676 0.000109 0.000134 0.000762 61.267912
3.354978 1528562835.271830 0.000108 0.000135 0.000764 61.282674
3.367483 1528562835.284335 0.000108 0.000135 0.000763 61.233150
3.379911 1528562835.296763 0.000108 0.000135 0.000764 61.265852
3.392674 1528562835.309526 0.000107 0.000134 0.000763 61.254721
3.405213 1528562835.322065 0.000107 0.000135 0.000763 61.259895
3.417332 1528562835.334184 0.000108 0.000135 0.000761 61.192529
3.429934 1528562835.346786 0.000108 0.000134 0.000761 61.192412
3.442569 1528562835.359421 0.000107 0.000134 0.000761 61.150954
3.455218 1528562835.372070 0.000108 0.000134 0.000760 61.052978
3.467723 1528562835.384575 0.000109 0.000134 0.000758 61.017558
3.480604 1528562835.397456 0.000108 0.000134 0.000759 61.055042
3.492481 1528562835.409333 0.000108 0.000135 0.000757 61.017661
3.505016 1528562835.421868 0.000108 0.000135 0.000762 61.017207
3.517741 1528562835.434593 0.000108 0.000135 0.000763 61.063011
3.530373 1528562835.447225 0.000109 0.000135 0.000757 61.060311
3.542650 1528562835.459502 0.000109 0.000135 0.000761 61.034602
3.555069 1528562835.471921 0.000109 0.000135 0.000760 60.982494
3.567676 1528562835.484528 0.000110 0.000135 0.000761 60.948495
3.580258 1528562835.497110 0.000110 0.000134 0.000761 60.922085
3.592605 1528562835.509457 0.000110 0.000135 0.000758 60.917671
3.605388 1528562835.522240 0.000109 0.000135 0.000761 60.842047
3.617867 1528562835.534719 0.000110 0.000135 0.000757 60.799568
3.629985 1528562835.546837 0.000109 0.000135 0.000758 60.789124
3.642720 1528562835.559572 0.000109 0.000134 0.000758 60.782683
3.655328 1528562835.572180 0.000109 0.000135 0.000759 60.700960
3.667602 1528562835.584454 0.000109 0.000135 0.000760 60.657793
3.679857 1528562835.596709 0.000109 0.000135 0.000760 60.675081
3.692617 1528562835.609469 0.000110 0.000135 0.000760 60.621500
3.704906 1528562835.621758 0.000110 0.000135 0.000761 60.587344
3.717391 1528562835.634243 0.000111 0.000135 0.000761 60.582901
3.729938 1528562835.646790 0.000110 0.000135 0.000762 60.593291
3.742123 1528562835.658975 0.000110 0.000135 0.000762 60.531289
3.754740 1528562835.671592 0.000110 0.000135 0.000762 60.542254
3.767199 1528562835.684051 0.000110 0.000134 0.000763 60.436374
3.779685 1528562835.696537 0.000110 0.000135 0.000763 60.426013
3.792787 1528562835.709639 0.000110 0.000135 0.000764 60.394860
3.805176 1528562835.722028 0.000110 0.000134 0.000763 60.359303
3.817677 1528562835.734529 0.000110 0.000134 0.000764 60.346205
3.829881 1528562835.746733 0.000110 0.000134 0.000762 60.255634
3.843482 1528562835.760334 0.000110 0.000135 0.000761 60.302902
3.855590 1528562835.772442 0.000110 0.000134 0.000762 60.242812
3.868172 1528562835.785024 0.000110 0.000135 0.000764 60.288218
3.880985 1528562835.797837 0.000110 0.000134 0.000761 60.296353
3.893263 1528562835.810115 0.000110 0.000134 0.000764 60.237241
3.905469 1528562835.822321 0.000110 0.000134 0.000762 60.247683
3.917685 1528562835.834537 0.000110 0.000134 0.000762 60.224564
3.930513 1528562835.847365 0.000111 0.000135 0.000758 59.818080
3.942381 1528562835.859233 0.000112 0.000135 0.000746 59.818746
3.954993 1528562835.871845 0.000112 0.000135 0.000734 59.756651
3.967167 1528562835.884019 0.000112 0.000136 0.000733 59.596746
3.979827 1528562835.896679 0.000112 0.000136 0.000731 59.504903
3.992393 1528562835.909245 0.000112 0.000136 0.000732 59.311196
4.004660 1528562835.921512 0.000111 0.000137 0.000734 59.238935
4.017387 1528562835.934239 0.000111 0.000137 0.000735 59.119314
4.029904 1528562835.946756 0.000111 0.000136 0.000733 59.035895
4.042120 1528562835.958972 0.000111 0.000136 0.000735 58.990264
4.056194 1528562835.973046 0.000111 0.000136 0.000731 58.900063
4.068360 1528562835.985212 0.000111 0.000135 0.000731 58.869602
4.080553 1528562835.997405 0.000111 0.000136 0.000728 58.819911
4.092686 1528562836.009538 0.000111 0.000135 0.000730 58.735231
4.105353 1528562836.022205 0.000112 0.000135 0.000729 58.684507
4.117928 1528562836.034780 0.000111 0.000136 0.000730 58.693342
4.130628 1528562836.047480 0.000111 0.000135 0.000730 58.651250
4.143607 1528562836.060459 0.000111 0.000135 0.000727 58.632676
4.155798 1528562836.072650 0.000110 0.000135 0.000729 58.656920
4.167561 1528562836.084413 0.000110 0.000135 0.000729 58.612975
4.179629 1528562836.096481 0.000111 0.000135 0.000729 58.628005
4.192057 1528562836.108909 0.000111 0.000135 0.000728 58.684169
4.204489 1528562836.121341 0.000110 0.000135 0.000732 58.765356
4.216980 1528562836.133832 0.000110 0.000135 0.000730 58.721986
4.229660 1528562836.146512 0.000111 0.000135 0.000729 58.752757
4.241923 1528562836.158775 0.000111 0.000135 0.000731 58.661220
4.254520 1528562836.171372 0.000111 0.000134 0.000730 58.701621
4.267060 1528562836.183912 0.000111 0.000135 0.000730 58.698918
4.279373 1528562836.196225 0.000111 0.000134 0.000732 58.670782
4.292214 1528562836.209066 0.000111 0.000135 0.000731 58.595692
4.304636 1528562836.221488 0.000110 0.000135 0.000729 58.644409
4.316809 1528562836.233661 0.000111 0.000135 0.000726 58.566002
4.329673 1528562836.246525 0.000110 0.000134 0.000732 58.570632
4.341803 1528562836.258655 0.000112 0.000134 0.000731 58.622540
4.354326 1528562836.271178 0.000111 0.000134 0.000732 58.630781
4.366995 1528562836.283847 0.000111 0.000134 0.000732 58.603905
4.379562 1528562836.296414 0.000110 0.000135 0.000730 58.563659
4.391817 1528562836.308669 0.000111 0.000134 0.000730 58.480392
4.404442 1528562836.321294 0.000111 0.000135 0.000730 58.439493
4.416939 1528562836.333791 0.000111 0.000134 0.000730 58.428296
4.429179 1528562836.346031 0.000111 0.000135 0.000727 58.363000
4.442840 1528562836.359692 0.000112 0.000135 0.000728 58.317451
4.454478 1528562836.371330 0.000112 0.000134 0.000729 58.338278
4.467551 1528562836.384403 0.000112 0.000135 0.000727 58.331908
4.479472 1528562836.396324 0.000113 0.000135 0.000728 58.288514
4.492244 1528562836.409096 0.000112 0.000135 0.000732 58.336346
4.504483 1528562836.421335 0.000112 0.000134 0.000731 58.340067
4.516911 1528562836.433763 0.000112 0.000134 0.000728 58.336359
4.529223 1528562836.446075 0.000112 0.000134 0.000729 58.188239
4.542164 1528562836.459016 0.000112 0.000134 0.000726 58.150358
4.554449 1528562836.471301 0.000112 0.000134 0.000726 58.131011
4.568199 1528562836.485051 0.000113 0.000135 0.000721 58.034010
4.580457 1528562836.497309 0.000112 0.000135 0.000720 57.981261
4.593237 1528562836.510089 0.000112 0.000135 0.000720 58.010158
4.606317 1528562836.523169 0.000112 0.000135 0.000722 57.971793
4.618411 1528562836.535263 0.000113 0.000136 0.000720 58.097088
4.629849 1528562836.546701 0.000113 0.000135 0.000721 58.116700
4.642181 1528562836.559033 0.000113 0.000135 0.000717 58.010869
4.655599 1528562836.572451 0.000114 0.000134 0.000715 57.862241
4.668250 1528562836.585102 0.000114 0.000134 0.000716 57.813656
4.680756 1528562836.597608 0.000113 0.000132 0.000725 57.902311
4.693335 1528562836.610187 0.000112 0.000129 0.000729 57.937559
4.705762 1528562836.622614 0.000111 0.000128 0.000740 58.258717
4.717610 1528562836.634462 0.000110 0.000126 0.000748 58.521321
4.729762 1528562836.646614 0.000111 0.000126 0.000739 58.494629
4.743637 1528562836.660489 0.000112 0.000124 0.000737 58.161735
4.755837 1528562836.672689 0.000114 0.000123 0.000736 57.706078
4.768616 1528562836.685468 0.000114 0.000124 0.000729 57.422430
4.781196 1528562836.698048 0.000114 0.000123 0.000721 56.964526
4.793913 1528562836.710765 0.000115 0.000123 0.000720 56.718737
4.805874 1528562836.722726 0.000115 0.000124 0.000712 56.502525
4.817629 1528562836.734481 0.000114 0.000124 0.000711 56.391150
4.829565 1528562836.746417 0.000115 0.000124 0.000706 56.406551
4.842168 1528562836.759020 0.000116 0.000124 0.000705 56.362388
4.854710 1528562836.771562 0.000115 0.000124 0.000704 56.316265
4.867271 1528562836.784123 0.000116 0.000124 0.000703 56.321631
4.879504 1528562836.796356 0.000116 0.000124 0.000702 56.145207
4.892138 1528562836.808990 0.000115 0.000124 0.000702 56.118617
4.904780 1528562836.821632 0.000115 0.000124 0.000702 56.154099
4.918530 1528562836.835382 0.000114 0.000125 0.000702 56.105971
4.929687 1528562836.846539 0.000115 0.000124 0.000702 56.015831
4.942394 1528562836.859246 0.000115 0.000124 0.000701 55.956222
4.955252 1528562836.872104 0.000114 0.000124 0.000701 55.792884
4.967586 1528562836.884438 0.000114 0.000124 0.000700 55.788810
4.980378 1528562836.897230 0.000114 0.000124 0.000699 55.735813
4.992745 1528562836.909597 0.000115 0.000124 0.000695 55.633143
5.005376 1528562836.922228 0.000114 0.000124 0.000697 55.613817
5.018167 1528562836.935019 0.000114 0.000124 0.000697 55.561489
5.029976 1528562836.946828 0.000115 0.000124 0.000695 55.602689
5.042907 1528562836.959759 0.000115 0.000124 0.000696 55.665020
5.055368 1528562836.972220 0.000115 0.000124 0.000695 55.672689
5.067977 1528562836.984829 0.000114 0.000124 0.000694 55.538094
5.080185 1528562836.997037 0.000114 0.000124 0.000698 55.653006
5.092923 1528562837.009775 0.000115 0.000124 0.000696 55.644875
5.105448 1528562837.022300 0.000115 0.000124 0.000695 55.679061
5.117640 1528562837.034492 0.000115 0.000124 0.000696 55.622198
5.130134 1528562837.046986 0.000115 0.000124 0.000698 55.677615
5.143362 1528562837.060214 0.000115 0.000124 0.000695 55.688754
5.155023 1528562837.071875 0.000115 0.000124 0.000694 55.652426
5.167917 1528562837.084769 0.000115 0.000124 0.000697 55.632526
5.180411 1528562837.097263 0.000115 0.000125 0.000696 55.645166
5.192849 1528562837.109701 0.000115 0.000125 0.000688 55.585004
5.205722 1528562837.122574 0.000116 0.000124 0.000693 55.536696
5.218230 1528562837.135082 0.000115 0.000124 0.000692 55.475604
5.230575 1528562837.147427 0.000115 0.000124 0.000689 55.428867
5.242802 1528562837.159654 0.000115 0.000125 0.000689 55.466902
5.255147 1528562837.171999 0.000115 0.000124 0.000692 55.485744
5.268924 1528562837.185776 0.000116 0.000124 0.000692 55.503379
5.280802 1528562837.197654 0.000116 0.000124 0.000693 55.488548
5.292853 1528562837.209705 0.000116 0.000124 0.000689 55.416224
5.305096 1528562837.221948 0.000116 0.000124 0.000690 55.501769
5.317268 1528562837.234120 0.000116 0.000124 0.000694 55.548502
5.330913 1528562837.247765 0.000115 0.000125 0.000689 55.623531
5.343226 1528562837.260078 0.000116 0.000125 0.000691 55.571790
5.355507 1528562837.272359 0.000116 0.000125 0.000690 55.594624
5.367860 1528562837.284712 0.000116 0.000125 0.000692 55.624989
5.380303 1528562837.297155 0.000116 0.000125 0.000689 55.598808
5.392732 1528562837.309584 0.000116 0.000125 0.000690 55.517306
5.405149 1528562837.322001 0.000117 0.000125 0.000689 55.534725
5.417881 1528562837.334733 0.000116 0.000125 0.000687 55.528375
5.430128 1528562837.346980 0.000116 0.000125 0.000691 55.530607
5.443103 1528562837.359955 0.000117 0.000125 0.000689 55.419838
5.455281 1528562837.372133 0.000116 0.000125 0.000692 55.551604
5.467484 1528562837.384336 0.000117 0.000125 0.000689 55.402375
5.480103 1528562837.396955 0.000117 0.000125 0.000689 55.452496
5.492567 1528562837.409419 0.000117 0.000125 0.000690 55.437036
5.505193 1528562837.422045 0.000117 0.000125 0.000688 55.443003
5.517682 1528562837.434534 0.000117 0.000125 0.000689 55.457357
5.529911 1528562837.446763 0.000117 0.000125 0.000691 55.475757
5.542783 1528562837.459635 0.000117 0.000125 0.000687 55.354831
5.555152 1528562837.472004 0.000118 0.000125 0.000687 55.313948
5.567651 1528562837.484503 0.000118 0.000125 0.000689 55.366564
5.580048 1528562837.496900 0.000119 0.000125 0.000687 55.393954
5.592894 1528562837.509746 0.000118 0.000125 0.000688 55.331082
5.604965 1528562837.521817 0.000119 0.000125 0.000687 55.248463
5.617394 1528562837.534246 0.000118 0.000127 0.000688 55.135371
5.630227 1528562837.547079 0.000118 0.000129 0.000686 54.950595
5.642223 1528562837.559075 0.000120 0.000128 0.000685 54.926178
5.654883 1528562837.571735 0.000122 0.000127 0.000681 54.930014
5.667636 1528562837.584488 0.000124 0.000127 0.000673 54.736261
5.680252 1528562837.597104 0.000123 0.000127 0.000668 54.559555
5.692867 1528562837.609719 0.000124 0.000126 0.000661 54.369932
5.705132 1528562837.621984 0.000124 0.000126 0.000660 54.222178
5.717847 1528562837.634699 0.000123 0.000126 0.000661 53.996764
5.730401 1528562837.647253 0.000124 0.000125 0.000656 54.003399
5.743313 1528562837.660165 0.000125 0.000125 0.000651 53.858258
5.755530 1528562837.672382 0.000124 0.000125 0.000655 53.793621
5.768398 1528562837.685250 0.000125 0.000125 0.000655 53.849329
5.780900 1528562837.697752 0.000124 0.000125 0.000656 53.863737
5.792433 1528562837.709285 0.000124 0.000125 0.000653 53.721096
5.804930 1528562837.721782 0.000124 0.000125 0.000654 53.712855
5.817500 1528562837.734352 0.000124 0.000125 0.000655 53.673197
5.830480 1528562837.747332 0.000124 0.000125 0.000654 53.601010
5.843125 1528562837.759977 0.000123 0.000125 0.000657 53.572103
5.855509 1528562837.772361 0.000124 0.000125 0.000654 53.433133
5.868336 1528562837.785188 0.000124 0.000124 0.000655 53.330836
5.880337 1528562837.797189 0.000123 0.000124 0.000655 53.383632
5.892715 1528562837.809567 0.000123 0.000124 0.000655 53.280503
5.904821 1528562837.821673 0.000123 0.000124 0.000655 53.303905
5.917304 1528562837.834156 0.000123 0.000125 0.000653 53.280985
5.929766 1528562837.846618 0.000123 0.000125 0.000654 53.238652
5.942445 1528562837.859297 0.000123 0.000125 0.000654 53.272983
5.955166 1528562837.872018 0.000123 0.000125 0.000651 53.242099
5.967571 1528562837.884423 0.000123 0.000124 0.000652 53.305968
5.980347 1528562837.897199 0.000123 0.000124 0.000653 53.298095
5.992954 1528562837.909806 0.000123 0.000124 0.000655 53.416234
6.006180 1528562837.923032 0.000123 0.000124 0.000653 53.347590
6.019075 1528562837.935927 0.000123 0.000124 0.000655 53.374725
6.030840 1528562837.947692 0.000123 0.000124 0.000655 53.409557
6.043066 1528562837.959918 0.000124 0.000124 0.000652 53.303879
6.056084 1528562837.972936 0.000123 0.000124 0.000656 53.421655
6.068316 1528562837.985168 0.000123 0.000125 0.000653 53.373681
6.080264 1528562837.997116 0.000123 0.000125 0.000654 53.418912
6.092632 1528562838.009484 0.000123 0.000125 0.000654 53.442739
6.105035 1528562838.021887 0.000123 0.000125 0.000654 53.361424
6.117395 1528562838.034247 0.000124 0.000125 0.000651 53.340307
6.131284 1528562838.048136 0.000123 0.000125 0.000650 53.262990
6.143913 1528562838.060765 0.000123 0.000125 0.000649 52.998346
6.156702 1528562838.073554 0.000122 0.000126 0.000652 53.252275
6.168771 1528562838.085623 0.000120 0.000126 0.000656 53.327433
6.180311 1528562838.097163 0.000120 0.000128 0.000657 53.093314
6.192946 1528562838.109798 0.000120 0.000129 0.000649 52.726513
6.205271 1528562838.122123 0.000122 0.000130 0.000639 52.309627
6.217868 1528562838.134720 0.000121 0.000131 0.000634 51.835671
6.230047 1528562838.146899 0.000121 0.000130 0.000629 51.612327
6.242802 1528562838.159654 0.000121 0.000130 0.000630 51.276558
6.255447 1528562838.172299 0.000121 0.000130 0.000631 51.029558
6.268740 1528562838.185592 0.000121 0.000130 0.000628 50.756432
6.281029 1528562838.197881 0.000121 0.000129 0.000630 50.476383
6.292791 1528562838.209643 0.000121 0.000129 0.000628 50.623708
6.305032 1528562838.221884 0.000120 0.000129 0.000629 50.492492
6.317546 1528562838.234398 0.000120 0.000129 0.000629 50.303650
6.330053 1528562838.246905 0.000121 0.000129 0.000627 50.268490
6.342377 1528562838.259229 0.000120 0.000129 0.000629 50.161194
6.354944 1528562838.271796 0.000121 0.000128 0.000631 50.035171
6.367470 1528562838.284322 0.000121 0.000128 0.000629 50.096697
6.379982 1528562838.296834 0.000120 0.000128 0.000626 50.245192
6.392600 1528562838.309452 0.000121 0.000128 0.000630 49.980929
6.404911 1528562838.321763 0.000121 0.000127 0.000628 49.993048
6.417543 1528562838.334395 0.000120 0.000128 0.000626 50.189585
6.430944 1528562838.347796 0.000120 0.000128 0.000627 50.097255
6.443076 1528562838.359928 0.000121 0.000128 0.000627 50.039711
6.455494 1528562838.372346 0.000120 0.000127 0.000629 50.036142
6.468658 1528562838.385510 0.000121 0.000127 0.000629 49.948880
6.480864 1528562838.397716 0.000120 0.000128 0.000627 50.071548
6.493369 1528562838.410221 0.000121 0.000127 0.000629 49.854595
6.505802 1528562838.422654 0.000120 0.000128 0.000625 49.990108
6.518601 1528562838.435453 0.000121 0.000128 0.000625 49.902586
6.530613 1528562838.447465 0.000121 0.000128 0.000624 49.939678
6.543110 1528562838.459962 0.000121 0.000128 0.000627 49.963973
6.555550 1528562838.472402 0.000121 0.000128 0.000624 49.913576
6.567735 1528562838.484587 0.000121 0.000128 0.000624 49.901341
6.580801 1528562838.497653 0.000121 0.000128 0.000622 49.967593
6.593288 1528562838.510140 0.000121 0.000128 0.000623 50.012505
6.605232 1528562838.522084 0.000121 0.000128 0.000625 49.952114
6.618288 1528562838.535140 0.000121 0.000129 0.000626 50.054953
6.630663 1528562838.547515 0.000121 0.000129 0.000624 50.123372
6.642901 1528562838.559753 0.000122 0.000129 0.000622 49.934209
6.655429 1528562838.572281 0.000122 0.000129 0.000622 49.972067
6.667832 1528562838.584684 0.000121 0.000129 0.000623 49.959073
6.680646 1528562838.597498 0.000122 0.000129 0.000615 49.886265
6.692999 1528562838.609851 0.000123 0.000128 0.000609 49.349380
6.705173 1528562838.622025 0.000122 0.000129 0.000607 48.814821
6.718522 1528562838.635374 0.000122 0.000127 0.000619 48.759814
6.730841 1528562838.647693 0.000122 0.000126 0.000631 49.056383
6.743927 1528562838.660779 0.000122 0.000126 0.000635 49.201888
6.755618 1528562838.672470 0.000121 0.000126 0.000639 49.381248
6.768536 1528562838.685388 0.000121 0.000125 0.000638 49.337003
6.780929 1528562838.697781 0.000122 0.000126 0.000635 49.265612
6.793626 1528562838.710478 0.000121 0.000126 0.000635 49.179496
6.806035 1528562838.722887 0.000121 0.000126 0.000636 49.051350
6.818817 1528562838.735669 0.000121 0.000126 0.000637 49.007800
6.830562 1528562838.747414 0.000121 0.000126 0.000636 48.835911
6.842510 1528562838.759362 0.000121 0.000126 0.000634 48.710893
6.856725 1528562838.773577 0.000121 0.000125 0.000636 48.868912
6.868510 1528562838.785362 0.000121 0.000125 0.000635 48.888714
6.880514 1528562838.797366 0.000121 0.000126 0.000635 48.837207
6.892735 1528562838.809587 0.000121 0.000125 0.000635 48.751277
6.904966 1528562838.821818 0.000121 0.000125 0.000635 48.781582
6.917829 1528562838.834681 0.000121 0.000125 0.000635 48.690946
6.930178 1528562838.847030 0.000121 0.000126 0.000632 48.693056
6.942977 1528562838.859829 0.000121 0.000126 0.000634 48.699072
6.955468 1528562838.872320 0.000121 0.000125 0.000634 48.737236
6.967491 1528562838.884343 0.000121 0.000126 0.000633 48.695117
6.980311 1528562838.897163 0.000121 0.000126 0.000632 48.739528
6.992873 1528562838.909725 0.000121 0.000125 0.000636 48.841110
7.005556 1528562838.922408 0.000121 0.000126 0.000631 48.783816
7.017751 1528562838.934603 0.000121 0.000125 0.000633 48.747356
7.030078 1528562838.946930 0.000121 0.000125 0.000631 48.679466
7.043631 1528562838.960483 0.000121 0.000125 0.000631 48.707603
7.056327 1528562838.973179 0.000121 0.000125 0.000632 48.796065
7.068815 1528562838.985667 0.000121 0.000124 0.000632 48.852176
7.081175 1528562838.998027 0.000121 0.000126 0.000631 48.759620
7.092726 1528562839.009578 0.000121 0.000127 0.000629 48.671567
7.105467 1528562839.022319 0.000121 0.000126 0.000631 48.728108
7.117476 1528562839.034328 0.000121 0.000126 0.000631 48.790832
7.130182 1528562839.047034 0.000121 0.000125 0.000635 48.785646
7.142809 1528562839.059661 0.000121 0.000126 0.000632 48.797063
7.155081 1528562839.071933 0.000120 0.000126 0.000631 48.768604
7.167536 1528562839.084388 0.000119 0.000128 0.000626 48.944568
7.180171 1528562839.097023 0.000118 0.000129 0.000623 49.441805
7.192662 1528562839.109514 0.000119 0.000127 0.000632 49.636309
7.205096 1528562839.121948 0.000119 0.000126 0.000637 49.633954
7.217726 1528562839.134578 0.000119 0.000125 0.000636 49.631518
7.231099 1528562839.147951 0.000120 0.000125 0.000636 49.523783
7.243545 1528562839.160397 0.000119 0.000126 0.000636 49.546971
7.256228 1528562839.173080 0.000120 0.000125 0.000635 49.573781
7.269236 1528562839.186088 0.000120 0.000126 0.000633 49.565348
7.281308 1528562839.198160 0.000120 0.000126 0.000632 49.546884
7.293125 1528562839.209977 0.000119 0.000127 0.000631 49.645587
7.304922 1528562839.221774 0.000119 0.000126 0.000633 49.607957
7.317500 1528562839.234352 0.000120 0.000127 0.000629 49.610817
7.330133 1528562839.246985 0.000120 0.000126 0.000630 49.704084
7.342734 1528562839.259586 0.000119 0.000126 0.000630 49.522386
7.355086 1528562839.271938 0.000119 0.000127 0.000631 49.645950
7.367423 1528562839.284275 0.000119 0.000127 0.000631 49.619022
7.380195 1528562839.297047 0.000119 0.000126 0.000634 49.783472
7.392717 1528562839.309569 0.000120 0.000126 0.000630 49.780826
7.405226 1528562839.322078 0.000119 0.000126 0.000632 49.918973
7.417814 1528562839.334666 0.000119 0.000126 0.000632 49.872306
7.430357 1528562839.347209 0.000119 0.000125 0.000636 49.760250
7.443563 1528562839.360415 0.000119 0.000126 0.000636 49.832274
7.456002 1528562839.372854 0.000119 0.000126 0.000632 49.821481
7.468687 1528562839.385539 0.000119 0.000126 0.000634 49.793918
7.480341 1528562839.397193 0.000120 0.000126 0.000633 49.669336
7.492722 1528562839.409574 0.000120 0.000126 0.000632 49.722349
7.505783 1528562839.422635 0.000120 0.000126 0.000633 49.767823
7.518797 1528562839.435649 0.000120 0.000126 0.000633 49.758520
7.531725 1528562839.448577 0.000120 0.000126 0.000630 49.811166
7.542690 1528562839.459542 0.000120 0.000127 0.000630 49.729559
7.555381 1528562839.472233 0.000120 0.000126 0.000630 49.767998
7.567689 1528562839.484541 0.000120 0.000126 0.000633 49.729463
7.580463 1528562839.497315 0.000120 0.000126 0.000629 49.571019
7.592614 1528562839.509466 0.000120 0.000127 0.000629 49.670056
7.606192 1528562839.523044 0.000120 0.000127 0.000630 49.546947
7.618516 1528562839.535368 0.000120 0.000127 0.000629 49.720471
7.631236 1528562839.548088 0.000120 0.000126 0.000630 49.620812
7.643430 1528562839.560282 0.000121 0.000127 0.000628 49.564270
7.656046 1528562839.572898 0.000121 0.000128 0.000625 49.559670
7.668815 1528562839.585667 0.000121 0.000129 0.000626 49.312538
7.681217 1528562839.598069 0.000121 0.000128 0.000623 49.447564
7.693780 1528562839.610632 0.000121 0.000127 0.000631 49.525165
7.706376 1528562839.623228 0.000121 0.000128 0.000628 49.661841
7.718726 1528562839.635578 0.000121 0.000128 0.000629 49.582677
7.730958 1528562839.647810 0.000121 0.000128 0.000628 49.516161
7.743574 1528562839.660426 0.000121 0.000128 0.000631 49.499384
7.755332 1528562839.672184 0.000121 0.000129 0.000631 49.536869
7.767760 1528562839.684612 0.000121 0.000128 0.000632 49.666246
7.780453 1528562839.697305 0.000122 0.000129 0.000630 49.492433
7.792770 1528562839.709622 0.000122 0.000128 0.000632 49.558809
7.805442 1528562839.722294 0.000122 0.000129 0.000632 49.455497
7.818051 1528562839.734903 0.000122 0.000129 0.000632 49.446944
7.830541 1528562839.747393 0.000122 0.000129 0.000632 49.416320
7.843038 1528562839.759890 0.000122 0.000128 0.000631 49.501489
7.855488 1528562839.772340 0.000122 0.000129 0.000635 49.562646
7.868728 1528562839.785580 0.000122 0.000129 0.000633 49.513804
7.881099 1528562839.797951 0.000122 0.000129 0.000631 49.438328
7.892932 1528562839.809784 0.000122 0.000129 0.000633 49.461461
7.905122 1528562839.821974 0.000122 0.000130 0.000631 49.403344
7.918043 1528562839.834895 0.000122 0.000130 0.000631 49.399149
7.930278 1528562839.847130 0.000122 0.000129 0.000631 49.448141
7.942617 1528562839.859469 0.000122 0.000129 0.000634 49.527355
7.956231 1528562839.873083 0.000123 0.000130 0.000632 49.430605
7.968636 1528562839.885488 0.000123 0.000130 0.000633 49.368803
7.981154 1528562839.898006 0.000123 0.000130 0.000636 49.533240
7.992957 1528562839.909809 0.000123 0.000129 0.000636 49.450872
8.005281 1528562839.922133 0.000123 0.000130 0.000631 49.476363
8.017564 1528562839.934416 0.000123 0.000129 0.000633 49.511234
8.030443 1528562839.947295 0.000123 0.000129 0.000631 49.472294
8.042910 1528562839.959762 0.000123 0.000131 0.000629 49.435735
8.055676 1528562839.972528 0.000123 0.000130 0.000632 49.438092
8.067928 1528562839.984780 0.000123 0.000130 0.000630 49.514613
8.080397 1528562839.997249 0.000124 0.000130 0.000635 49.219329
8.093490 1528562840.010342 0.000122 0.000130 0.000652 48.664078
8.111569 1528562840.028421 0.000122 0.000128 0.000656 48.409052
8.119333 1528562840.036185 0.000122 0.000126 0.000668 48.584674
8.131422 1528562840.048274 0.000122 0.000125 0.000672 48.879991
8.143385 1528562840.060237 0.000122 0.000126 0.000671 49.127358
8.155312 1528562840.072164 0.000122 0.000127 0.000672 49.258229
8.167968 1528562840.084820 0.000122 0.000126 0.000675 49.387958
8.180573 1528562840.097425 0.000122 0.000127 0.000670 49.229343
8.192780 1528562840.109632 0.000122 0.000127 0.000670 49.148491
8.205308 1528562840.122160 0.000122 0.000126 0.000673 49.137424
8.217854 1528562840.134706 0.000122 0.000127 0.000668 49.096084
8.230412 1528562840.147264 0.000122 0.000127 0.000667 48.996269
8.242911 1528562840.159763 0.000122 0.000127 0.000666 49.049504
8.255383 1528562840.172235 0.000122 0.000127 0.000668 48.963364
8.268130 1528562840.184982 0.000122 0.000128 0.000663 48.916056
8.280578 1528562840.197430 0.000122 0.000127 0.000665 48.991782
8.293040 1528562840.209892 0.000122 0.000126 0.000666 49.077829
8.305390 1528562840.222242 0.000122 0.000128 0.000663 48.970664
8.318187 1528562840.235039 0.000122 0.000126 0.000663 49.025917
8.330332 1528562840.247184 0.000122 0.000127 0.000662 49.007197
8.342757 1528562840.259609 0.000122 0.000126 0.000662 49.037945
8.355426 1528562840.272278 0.000122 0.000127 0.000663 48.992871
8.368396 1528562840.285248 0.000122 0.000128 0.000659 48.821426
8.381211 1528562840.298063 0.000122 0.000128 0.000662 48.813195
8.393140 1528562840.309992 0.000122 0.000128 0.000659 48.859320
8.405650 1528562840.322502 0.000122 0.000126 0.000662 48.972451
8.418271 1528562840.335123 0.000122 0.000127 0.000662 48.961162
8.430754 1528562840.347606 0.000122 0.000127 0.000659 48.929874
8.442791 1528562840.359643 0.000122 0.000127 0.000664 49.050382
8.455426 1528562840.372278 0.000122 0.000127 0.000665 49.083924
8.468059 1528562840.384911 0.000122 0.000127 0.000662 49.038789
8.480855 1528562840.397707 0.000122 0.000128 0.000662 48.962005
8.493140 1528562840.409992 0.000122 0.000127 0.000663 49.034061
8.505906 1528562840.422758 0.000122 0.000127 0.000662 49.060368
8.517955 1528562840.434807 0.000122 0.000128 0.000662 49.039099
8.530691 1528562840.447543 0.000122 0.000126 0.000663 49.145068
8.543421 1528562840.460273 0.000122 0.000128 0.000658 48.951743
8.556698 1528562840.473550 0.000122 0.000126 0.000660 49.079468
8.568583 1528562840.485435 0.000122 0.000127 0.000659 49.074639
8.581763 1528562840.498615 0.000123 0.000126 0.000663 49.196685
8.593754 1528562840.510606 0.000123 0.000128 0.000659 49.072438
8.606126 1528562840.522978 0.000123 0.000127 0.000663 49.144506
8.618602 1528562840.535454 0.000123 0.000127 0.000663 49.211471
8.630517 1528562840.547369 0.000123 0.000129 0.000662 49.045970
8.643792 1528562840.560644 0.000123 0.000127 0.000662 49.129911
8.655586 1528562840.572438 0.000123 0.000129 0.000661 48.973553
8.668359 1528562840.585211 0.000123 0.000128 0.000657 49.135322
8.681134 1528562840.597986 0.000124 0.000128 0.000655 49.321343
8.693226 1528562840.610078 0.000125 0.000128 0.000643 49.945101
8.705995 1528562840.622847 0.000125 0.000128 0.000653 50.152723
8.718243 1528562840.635095 0.000126 0.000127 0.000653 50.115827
8.730556 1528562840.647408 0.000126 0.000128 0.000644 50.057321
8.743093 1528562840.659945 0.000126 0.000128 0.000644 49.977612
8.755461 1528562840.672313 0.000126 0.000129 0.000641 49.944444
8.767890 1528562840.684742 0.000126 0.000128 0.000643 49.925853
8.780551 1528562840.697403 0.000126 0.000128 0.000637 50.016433
8.793603 1528562840.710455 0.000126 0.000128 0.000640 49.962484
8.805449 1528562840.722301 0.000126 0.000128 0.000641 49.935495
8.818665 1528562840.735517 0.000126 0.000128 0.000643 49.989269
8.831644 1528562840.748496 0.000126 0.000128 0.000641 49.910810
8.843957 1528562840.760809 0.000126 0.000127 0.000645 49.961931
8.856075 1528562840.772927 0.000126 0.000127 0.000646 49.813580
8.868953 1528562840.785805 0.000125 0.000127 0.000649 49.838718
8.882202 1528562840.799054 0.000125 0.000127 0.000648 49.864557
8.893413 1528562840.810265 0.000126 0.000127 0.000642 49.843702
8.906373 1528562840.823225 0.000125 0.000127 0.000646 49.979389
8.918035 1528562840.834887 0.000125 0.000127 0.000643 49.804105
8.931308 1528562840.848160 0.000125 0.000128 0.000643 50.006093
8.943714 1528562840.860566 0.000126 0.000128 0.000636 49.889093
8.956659 1528562840.873511 0.000126 0.000128 0.000640 49.858726
8.969188 1528562840.886040 0.000125 0.000127 0.000643 49.797801
8.981524 1528562840.898376 0.000125 0.000127 0.000643 49.800103
8.994332 1528562840.911184 0.000125 0.000127 0.000643 49.855671
9.005954 1528562840.922806 0.000125 0.000128 0.000643 49.740013
9.019166 1528562840.936018 0.000126 0.000127 0.000642 49.919306
9.030428 1528562840.947280 0.000126 0.000128 0.000641 49.858245
9.043082 1528562840.959934 0.000126 0.000127 0.000639 50.075870
9.055268 1528562840.972120 0.000126 0.000127 0.000639 49.919182
9.067726 1528562840.984578 0.000126 0.000127 0.000636 49.858277
9.080219 1528562840.997071 0.000125 0.000127 0.000640 49.998550
9.092740 1528562841.009592 0.000126 0.000127 0.000636 50.084084
9.105251 1528562841.022103 0.000126 0.000127 0.000640 50.116472
9.117726 1528562841.034578 0.000126 0.000128 0.000641 49.927925
9.131390 1528562841.048242 0.000126 0.000127 0.000641 50.005904
9.142423 1528562841.059275 0.000126 0.000128 0.000639 50.007416
9.155153 1528562841.072005 0.000126 0.000127 0.000639 50.135302
9.167499 1528562841.084351 0.000125 0.000127 0.000641 50.161657
9.180541 1528562841.097393 0.000126 0.000128 0.000639 49.964146
9.193846 1528562841.110698 0.000126 0.000128 0.000640 49.936197
9.206886 1528562841.123738 0.000126 0.000127 0.000641 50.027376
9.218849 1528562841.135701 0.000126 0.000128 0.000640 50.165865
9.231234 1528562841.148086 0.000126 0.000128 0.000640 50.182154
9.244645 1528562841.161497 0.000126 0.000128 0.000638 50.195070
9.256010 1528562841.172862 0.000126 0.000128 0.000633 50.315253
9.268800 1528562841.185652 0.000126 0.000127 0.000642 50.135338
9.281435 1528562841.198287 0.000126 0.000128 0.000637 49.992709
9.293183 1528562841.210035 0.000126 0.000127 0.000641 50.166719
9.305856 1528562841.222708 0.000126 0.000128 0.000640 49.982913
9.318256 1528562841.235108 0.000126 0.000128 0.000641 50.027849
9.330579 1528562841.247431 0.000126 0.000128 0.000635 50.246595
9.342977 1528562841.259829 0.000126 0.000128 0.000637 50.098062
9.357147 1528562841.273999 0.000126 0.000127 0.000642 50.020229
9.368098 1528562841.284950 0.000126 0.000128 0.000639 50.118969
9.381650 1528562841.298502 0.000126 0.000128 0.000638 50.132952
9.394311 1528562841.311163 0.000126 0.000128 0.000635 50.230258
9.405643 1528562841.322495 0.000126 0.000128 0.000640 50.143595
9.418368 1528562841.335220 0.000126 0.000128 0.000639 50.104607
9.430733 1528562841.347585 0.000126 0.000127 0.000643 50.176723
9.443225 1528562841.360077 0.000126 0.000129 0.000637 50.105744
9.455456 1528562841.372308 0.000126 0.000128 0.000642 50.094923
9.468158 1528562841.385010 0.000127 0.000129 0.000638 50.134299
9.480722 1528562841.397574 0.000126 0.000130 0.000635 49.798146
9.493170 1528562841.410022 0.000124 0.000134 0.000638 48.840842
9.505487 1528562841.422339 0.000123 0.000133 0.000646 48.860440
9.518871 1528562841.435723 0.000123 0.000132 0.000650 48.915204
9.531362 1528562841.448214 0.000123 0.000132 0.000653 48.911006
9.543775 1528562841.460627 0.000123 0.000132 0.000654 48.778838
9.556525 1528562841.473377 0.000122 0.000131 0.000656 48.800449
9.568953 1528562841.485805 0.000122 0.000133 0.000654 48.664520
9.580890 1528562841.497742 0.000123 0.000132 0.000656 48.606465
9.593269 1528562841.510121 0.000123 0.000131 0.000656 48.705154
9.606054 1528562841.522906 0.000123 0.000132 0.000657 48.680690
9.618449 1528562841.535301 0.000123 0.000131 0.000658 48.723707
9.630651 1528562841.547503 0.000123 0.000132 0.000658 48.733413
9.643251 1528562841.560103 0.000122 0.000131 0.000658 48.713459
9.656243 1528562841.573095 0.000122 0.000131 0.000656 48.685851
9.669134 1528562841.585986 0.000123 0.000131 0.000656 48.692454
9.681958 1528562841.598810 0.000122 0.000130 0.000660 48.644436
9.693839 1528562841.610691 0.000123 0.000130 0.000658 48.530159
9.705921 1528562841.622773 0.000123 0.000131 0.000657 48.592618
9.718160 1528562841.635012 0.000122 0.000130 0.000659 48.555545
9.730650 1528562841.647502 0.000123 0.000130 0.000659 48.408070
9.743258 1528562841.660110 0.000123 0.000131 0.000658 48.525398
9.755696 1528562841.672548 0.000123 0.000130 0.000657 48.341865
9.769115 1528562841.685967 0.000123 0.000130 0.000655 48.424017
9.781678 1528562841.698530 0.000123 0.000130 0.000656 48.392525
9.794138 1528562841.710990 0.000122 0.000131 0.000656 48.376238
9.805561 1528562841.722413 0.000123 0.000132 0.000652 48.275912
9.817844 1528562841.734696 0.000123 0.000131 0.000655 48.365762
9.830677 1528562841.747529 0.000123 0.000130 0.000657 48.415240
9.843046 1528562841.759898 0.000122 0.000131 0.000657 48.403776
9.855634 1528562841.772486 0.000122 0.000131 0.000657 48.416995
9.868157 1528562841.785009 0.000123 0.000130 0.000657 48.438110
9.880489 1528562841.797341 0.000122 0.000131 0.000658 48.366838
9.892924 1528562841.809776 0.000122 0.000131 0.000658 48.347884
9.905604 1528562841.822456 0.000122 0.000131 0.000657 48.316467
9.917885 1528562841.834737 0.000122 0.000131 0.000656 48.268232
9.930564 1528562841.847416 0.000122 0.000130 0.000657 48.245634
9.943412 1528562841.860264 0.000122 0.000131 0.000655 48.217756
9.956040 1528562841.872892 0.000122 0.000131 0.000657 48.244024
9.968499 1528562841.885351 0.000122 0.000131 0.000656 48.180378
9.981145 1528562841.897997 0.000122 0.000130 0.000654 48.264583
9.994011 1528562841.910863 0.000122 0.000131 0.000657 48.225643
10.006544 1528562841.923396 0.000122 0.000131 0.000655 48.210113
10.018827 1528562841.935679 0.000122 0.000131 0.000653 48.210430
10.031374 1528562841.948225 0.000122 0.000131 0.000656 48.264174
10.043671 1528562841.960523 0.000122 0.000132 0.000653 48.023102
10.056018 1528562841.972870 0.000122 0.000131 0.000654 48.182783
10.068943 1528562841.985795 0.000122 0.000130 0.000655 48.173148
10.081174 1528562841.998026 0.000122 0.000131 0.000655 48.069409
10.093801 1528562842.010653 0.000122 0.000131 0.000651 48.051577
10.106270 1528562842.023122 0.000122 0.000131 0.000657 48.106411
10.119025 1528562842.035877 0.000122 0.000131 0.000657 48.109271
10.131207 1528562842.048059 0.000122 0.000130 0.000654 48.018354
10.144024 1528562842.060876 0.000123 0.000131 0.000656 48.036168
10.160057 1528562842.076909 0.000122 0.000132 0.000654 47.873993
10.168425 1528562842.085277 0.000122 0.000131 0.000654 48.084562
10.181349 1528562842.098201 0.000122 0.000131 0.000657 48.083351
10.193128 1528562842.109980 0.000122 0.000131 0.000655 48.083005
10.206137 1528562842.122989 0.000122 0.000131 0.000655 48.095438
10.218060 1528562842.134912 0.000122 0.000132 0.000658 48.003980
10.231590 1528562842.148442 0.000123 0.000133 0.000653 47.825370
10.244108 1528562842.160960 0.000122 0.000132 0.000655 47.886458
10.256496 1528562842.173348 0.000121 0.000133 0.000659 47.856761
10.269092 1528562842.185944 0.000122 0.000134 0.000659 47.847835
10.281820 1528562842.198672 0.000124 0.000134 0.000651 47.927115
10.293170 1528562842.210022 0.000125 0.000131 0.000653 48.188620
10.305274 1528562842.222126 0.000126 0.000133 0.000649 48.030213
10.317998 1528562842.234850 0.000126 0.000132 0.000648 47.957420
10.330149 1528562842.247001 0.000126 0.000133 0.000645 47.638653
10.344165 1528562842.261017 0.000126 0.000133 0.000646 47.453692
10.356241 1528562842.273093 0.000126 0.000132 0.000648 47.296146
10.368381 1528562842.285233 0.000126 0.000132 0.000648 47.129775
10.380687 1528562842.297539 0.000125 0.000133 0.000640 47.002890
10.393535 1528562842.310387 0.000126 0.000132 0.000647 47.227626
10.405542 1528562842.322394 0.000125 0.000131 0.000646 47.199960
10.418052 1528562842.334904 0.000125 0.000132 0.000647 47.283053
10.430388 1528562842.347240 0.000125 0.000133 0.000645 47.219882
10.443002 1528562842.359854 0.000125 0.000132 0.000646 47.213283
10.455317 1528562842.372169 0.000126 0.000133 0.000641 47.025383
10.467983 1528562842.384835 0.000126 0.000131 0.000645 47.265564
10.480457 1528562842.397309 0.000126 0.000132 0.000642 47.078812
10.492875 1528562842.409727 0.000125 0.000132 0.000643 47.111535
10.506100 1528562842.422952 0.000125 0.000133 0.000642 46.919777
10.518250 1528562842.435102 0.000125 0.000133 0.000642 46.967023
10.530231 1528562842.447083 0.000125 0.000133 0.000640 46.862408
10.542724 1528562842.459576 0.000125 0.000133 0.000641 46.944228
10.555394 1528562842.472246 0.000126 0.000133 0.000641 46.787842
10.568067 1528562842.484919 0.000126 0.000132 0.000642 46.823323
10.580392 1528562842.497244 0.000126 0.000132 0.000638 46.807123
10.593010 1528562842.509862 0.000126 0.000132 0.000641 46.848843
10.605605 1528562842.522457 0.000126 0.000131 0.000644 47.013554
10.618125 1528562842.534977 0.000126 0.000131 0.000644 47.026662
10.630633 1528562842.547485 0.000126 0.000132 0.000642 47.020827
10.642878 1528562842.559730 0.000126 0.000133 0.000641 46.921882
10.655298 1528562842.572150 0.000126 0.000131 0.000643 46.945633
10.667975 1528562842.584827 0.000126 0.000131 0.000644 47.080134
10.681907 1528562842.598759 0.000126 0.000131 0.000642 46.987406
10.694146 1528562842.610998 0.000124 0.000134 0.000635 46.707818
10.706119 1528562842.622971 0.000123 0.000134 0.000630 46.900790
10.718162 1528562842.635014 0.000123 0.000133 0.000624 47.688384
10.730459 1528562842.647311 0.000122 0.000130 0.000632 48.150096
10.743097 1528562842.659949 0.000124 0.000129 0.000640 48.100239
10.755309 1528562842.672161 0.000123 0.000128 0.000649 47.834701
10.768038 1528562842.684890 0.000124 0.000127 0.000651 47.807331
10.780547 1528562842.697399 0.000124 0.000126 0.000656 47.767847
10.794310 1528562842.711162 0.000124 0.000127 0.000654 47.770102
10.806248 1528562842.723100 0.000123 0.000126 0.000656 47.862245
10.818858 1528562842.735710 0.000123 0.000128 0.000651 47.929712
10.830738 1528562842.747590 0.000123 0.000126 0.000654 48.057274
10.843219 1528562842.760071 0.000123 0.000126 0.000654 47.942172
10.855491 1528562842.772343 0.000122 0.000127 0.000651 47.925237
10.868756 1528562842.785608 0.000122 0.000125 0.000656 48.097500
10.881145 1528562842.797997 0.000122 0.000126 0.000655 47.927966
10.894088 1528562842.810940 0.000121 0.000128 0.000657 47.698730
10.906500 1528562842.823352 0.000121 0.000127 0.000658 47.775838
10.918694 1528562842.835546 0.000122 0.000126 0.000657 48.044475
10.930892 1528562842.847744 0.000122 0.000126 0.000653 47.962280
10.943198 1528562842.860050 0.000121 0.000127 0.000653 47.825525
10.955710 1528562842.872562 0.000121 0.000126 0.000655 47.988912
10.969367 1528562842.886219 0.000122 0.000125 0.000659 47.925086
10.982022 1528562842.898874 0.000121 0.000125 0.000657 48.092238
10.994371 1528562842.911223 0.000121 0.000126 0.000654 47.920822
11.006161 1528562842.923013 0.000122 0.000126 0.000654 47.947847
11.018383 1528562842.935235 0.000121 0.000128 0.000652 47.730423
11.030908 1528562842.947760 0.000122 0.000127 0.000652 47.993474
11.044224 1528562842.961076 0.000121 0.000127 0.000647 47.968269
11.057018 1528562842.973870 0.000122 0.000127 0.000650 48.022168
11.069251 1528562842.986103 0.000122 0.000127 0.000648 48.036693
11.081950 1528562842.998802 0.000122 0.000127 0.000650 47.957607
11.094582 1528562843.011434 0.000122 0.000126 0.000650 48.098491
11.106182 1528562843.023034 0.000122 0.000126 0.000650 48.089914
11.118379 1528562843.035231 0.000122 0.000126 0.000655 48.055047
11.130659 1528562843.047511 0.000122 0.000126 0.000651 48.108857
11.143205 1528562843.060057 0.000122 0.000127 0.000648 47.956526
11.155519 1528562843.072371 0.000122 0.000126 0.000650 48.047605
11.168261 1528562843.085113 0.000122 0.000127 0.000649 47.867469
11.180468 1528562843.097320 0.000122 0.000127 0.000652 47.956884
11.193243 1528562843.110095 0.000122 0.000128 0.000648 47.966319
11.205869 1528562843.122721 0.000122 0.000128 0.000646 47.857347
11.218660 1528562843.135512 0.000122 0.000129 0.000645 47.838194
11.230973 1528562843.147825 0.000122 0.000127 0.000649 48.059615
11.243500 1528562843.160352 0.000122 0.000128 0.000648 47.935862
11.256023 1528562843.172875 0.000122 0.000129 0.000647 47.930218
11.268747 1528562843.185599 0.000122 0.000128 0.000647 47.966749
11.281259 1528562843.198111 0.000123 0.000129 0.000647 47.836984
11.293431 1528562843.210283 0.000122 0.000128 0.000650 47.953039
11.306014 1528562843.222866 0.000122 0.000128 0.000651 47.938867
11.318467 1528562843.235319 0.000123 0.000128 0.000650 48.003281
11.331215 1528562843.248067 0.000123 0.000127 0.000650 48.047901
11.343600 1528562843.260452 0.000122 0.000129 0.000648 47.993790
11.356732 1528562843.273584 0.000123 0.000129 0.000648 47.788241
11.368859 1528562843.285711 0.000122 0.000129 0.000648 47.746430
11.380787 1528562843.297639 0.000122 0.000129 0.000647 47.734413
11.393347 1528562843.310199 0.000123 0.000128 0.000650 47.805485
11.405911 1528562843.322763 0.000123 0.000128 0.000649 47.973107
11.419081 1528562843.335933 0.000123 0.000128 0.000650 47.789358
11.431098 1528562843.347950 0.000122 0.000129 0.000648 47.766080
11.443517 1528562843.360369 0.000123 0.000130 0.000648 47.732256
11.456284 1528562843.373136 0.000123 0.000128 0.000649 47.888541
11.468796 1528562843.385648 0.000123 0.000130 0.000648 47.745451
11.481111 1528562843.397963 0.000123 0.000129 0.000651 47.727567
11.493464 1528562843.410316 0.000123 0.000129 0.000650 47.829515
11.506377 1528562843.423229 0.000123 0.000128 0.000654 47.918278
11.519125 1528562843.435977 0.000123 0.000129 0.000652 47.803715
11.531759 1528562843.448611 0.000123 0.000129 0.000651 47.904932
11.543278 1528562843.460130 0.000123 0.000129 0.000652 47.776560
11.556446 1528562843.473298 0.000123 0.000129 0.000651 48.149095
11.569022 1528562843.485874 0.000123 0.000130 0.000650 48.190285
11.581728 1528562843.498580 0.000124 0.000129 0.000654 48.783436
11.594241 1528562843.511093 0.000125 0.000128 0.000662 48.866104
11.606825 1528562843.523677 0.000126 0.000127 0.000664 48.905752
11.619718 1528562843.536570 0.000126 0.000128 0.000661 48.634808
11.631462 1528562843.548314 0.000126 0.000129 0.000657 48.476104
11.643361 1528562843.560213 0.000126 0.000128 0.000660 48.508857
11.655767 1528562843.572619 0.000127 0.000127 0.000652 48.337338
11.669369 1528562843.586221 0.000126 0.000128 0.000652 48.298761
11.681422 1528562843.598274 0.000126 0.000127 0.000653 48.420165
11.694118 1528562843.610970 0.000127 0.000128 0.000653 48.444656
11.706951 1528562843.623803 0.000126 0.000127 0.000652 48.576889
11.719134 1528562843.635986 0.000126 0.000126 0.000655 48.530242
11.731242 1528562843.648094 0.000126 0.000128 0.000650 48.415031
11.744702 1528562843.661554 0.000125 0.000127 0.000654 48.639318
11.756622 1528562843.673474 0.000126 0.000127 0.000650 48.543698
11.769186 1528562843.686038 0.000125 0.000127 0.000647 48.622386
11.781095 1528562843.697947 0.000125 0.000126 0.000652 48.570610
11.794068 1528562843.710920 0.000125 0.000127 0.000651 48.547778
11.806329 1528562843.723181 0.000126 0.000127 0.000647 48.497957
11.818772 1528562843.735624 0.000126 0.000127 0.000648 48.397414
11.831874 1528562843.748726 0.000125 0.000127 0.000649 48.428874
11.844315 1528562843.761167 0.000125 0.000127 0.000648 48.354220
11.857495 1528562843.774347 0.000125 0.000126 0.000650 48.466102
11.868742 1528562843.785594 0.000125 0.000126 0.000651 48.488091
11.881136 1528562843.797988 0.000126 0.000126 0.000649 48.451957
11.893634 1528562843.810486 0.000125 0.000126 0.000651 48.479529
11.906390 1528562843.823242 0.000125 0.000127 0.000649 48.575600
11.918854 1528562843.835706 0.000126 0.000126 0.000652 48.293489
11.930900 1528562843.847752 0.000125 0.000126 0.000651 48.472610
11.943497 1528562843.860349 0.000125 0.000126 0.000651 48.406381
11.956037 1528562843.872889 0.000125 0.000126 0.000652 48.356472
11.969826 1528562843.886678 0.000126 0.000126 0.000650 48.278045
11.981157 1528562843.898009 0.000125 0.000126 0.000650 48.539556
11.993923 1528562843.910775 0.000126 0.000127 0.000651 48.334505
12.006908 1528562843.923760 0.000125 0.000126 0.000651 48.414479
12.018911 1528562843.935763 0.000125 0.000127 0.000646 48.583981
12.031381 1528562843.948233 0.000126 0.000127 0.000646 48.418758
12.043695 1528562843.960547 0.000126 0.000126 0.000647 48.487026
12.056393 1528562843.973245 0.000126 0.000128 0.000646 48.201263
12.069182 1528562843.986034 0.000125 0.000126 0.000650 48.534141
12.081052 1528562843.997904 0.000125 0.000126 0.000651 48.379221
12.094088 1528562844.010940 0.000126 0.000127 0.000649 48.420584
12.105941 1528562844.022793 0.000125 0.000126 0.000652 48.330927
12.119345 1528562844.036197 0.000126 0.000127 0.000652 48.311349
12.131909 1528562844.048761 0.000125 0.000127 0.000651 48.416289
12.144829 1528562844.061681 0.000126 0.000126 0.000651 48.474195
12.156557 1528562844.073409 0.000126 0.000128 0.000645 48.430889
12.168463 1528562844.085315 0.000125 0.000126 0.000651 48.592236
12.181891 1528562844.098743 0.000126 0.000126 0.000651 48.478196
12.194844 1528562844.111696 0.000126 0.000127 0.000651 48.265416
12.206978 1528562844.123830 0.000126 0.000129 0.000643 48.316516
12.218555 1528562844.135407 0.000125 0.000129 0.000646 48.243303
12.230989 1528562844.147840 0.000125 0.000129 0.000648 48.512499
12.243518 1528562844.160370 0.000125 0.000129 0.000646 48.470957
12.255935 1528562844.172787 0.000125 0.000130 0.000645 48.433711
12.268152 1528562844.185004 0.000125 0.000130 0.000645 48.495185
12.280830 1528562844.197682 0.000125 0.000130 0.000640 48.413407
12.293393 1528562844.210245 0.000124 0.000130 0.000644 48.581488
12.305800 1528562844.222652 0.000124 0.000129 0.000646 48.462318
12.318528 1528562844.235380 0.000125 0.000131 0.000636 48.359030
12.330913 1528562844.247765 0.000124 0.000130 0.000644 48.472796
12.343397 1528562844.260249 0.000124 0.000130 0.000639 48.359477
12.356808 1528562844.273660 0.000124 0.000129 0.000643 48.620388
12.369445 1528562844.286297 0.000124 0.000129 0.000645 48.423334
12.381712 1528562844.298564 0.000123 0.000129 0.000647 48.462055
12.394448 1528562844.311300 0.000124 0.000129 0.000642 48.485472
12.406099 1528562844.322951 0.000124 0.000128 0.000646 48.564206
12.418878 1528562844.335730 0.000123 0.000128 0.000647 48.481784
12.430891 1528562844.347743 0.000124 0.000128 0.000647 48.525823
12.444402 1528562844.361254 0.000124 0.000128 0.000647 48.513603
12.457017 1528562844.373869 0.000124 0.000128 0.000645 48.462522
12.469656 1528562844.386508 0.000124 0.000130 0.000643 48.185699
12.482501 1528562844.399353 0.000124 0.000129 0.000643 48.449313
12.493868 1528562844.410720 0.000124 0.000128 0.000646 48.424604
12.506193 1528562844.423045 0.000124 0.000128 0.000647 48.401743
12.518537 1528562844.435389 0.000124 0.000128 0.000643 48.464918
12.531055 1528562844.447907 0.000124 0.000127 0.000646 48.397967
12.543317 1528562844.460169 0.000123 0.000128 0.000646 48.408306
12.556049 1528562844.472901 0.000124 0.000128 0.000642 48.478117
12.568543 1528562844.485395 0.000124 0.000130 0.000641 48.148069
12.580817 1528562844.497669 0.000124 0.000128 0.000644 48.380689
12.594524 1528562844.511376 0.000124 0.000128 0.000642 48.519616
12.606819 1528562844.523671 0.000124 0.000128 0.000644 48.482242
12.619268 1528562844.536120 0.000124 0.000128 0.000645 48.537667
12.631624 1528562844.548476 0.000124 0.000129 0.000645 48.397326
12.643384 1528562844.560236 0.000124 0.000128 0.000645 48.437990
12.655893 1528562844.572745 0.000124 0.000129 0.000643 48.493010
12.668295 1528562844.585147 0.000124 0.000129 0.000645 48.495708
12.682234 1528562844.599086 0.000124 0.000128 0.000646 48.417811
12.694330 1528562844.611182 0.000125 0.000128 0.000644 48.473831
12.706701 1528562844.623553 0.000125 0.000128 0.000643 48.493054
12.720020 1528562844.636872 0.000125 0.000130 0.000640 48.283207
12.731938 1528562844.648790 0.000125 0.000128 0.000644 48.489254
12.743576 1528562844.660428 0.000125 0.000129 0.000645 48.424915
12.756346 1528562844.673198 0.000125 0.000129 0.000644 48.480956
12.768871 1528562844.685723 0.000126 0.000130 0.000642 48.362652
12.781320 1528562844.698172 0.000125 0.000129 0.000644 48.394460
12.794128 1528562844.710980 0.000126 0.000130 0.000641 48.404538
12.806359 1528562844.723211 0.000126 0.000132 0.000628 48.152491
12.818630 1528562844.735482 0.000125 0.000134 0.000632 47.786906
12.831870 1528562844.748722 0.000124 0.000134 0.000641 47.178508
12.844836 1528562844.761688 0.000123 0.000130 0.000653 47.581155
12.856894 1528562844.773746 0.000124 0.000129 0.000655 47.642917
12.868807 1528562844.785659 0.000124 0.000128 0.000664 47.927294
12.881135 1528562844.797987 0.000124 0.000128 0.000667 48.142564
12.893114 1528562844.809966 0.000124 0.000127 0.000668 48.266500
12.905894 1528562844.822746 0.000123 0.000127 0.000671 48.349986
12.918622 1528562844.835474 0.000123 0.000128 0.000667 48.131539
12.930594 1528562844.847446 0.000122 0.000126 0.000677 48.148633
12.943263 1528562844.860115 0.000121 0.000125 0.000679 48.185554
12.955716 1528562844.872568 0.000122 0.000126 0.000676 48.054114
12.968240 1528562844.885092 0.000122 0.000125 0.000677 48.012777
12.980436 1528562844.897288 0.000122 0.000126 0.000676 47.974568
12.993242 1528562844.910094 0.000122 0.000127 0.000674 47.734569
13.005659 1528562844.922511 0.000121 0.000127 0.000671 47.549179
13.018131 1528562844.934983 0.000121 0.000128 0.000671 47.516700
13.030927 1528562844.947779 0.000121 0.000126 0.000673 47.757556
13.043082 1528562844.959934 0.000121 0.000128 0.000667 47.627266
13.055694 1528562844.972546 0.000121 0.000125 0.000672 47.906947
13.068408 1528562844.985260 0.000121 0.000127 0.000668 47.711030
13.080662 1528562844.997514 0.000121 0.000125 0.000670 47.773294
13.093230 1528562845.010082 0.000121 0.000126 0.000668 47.675652
13.105695 1528562845.022547 0.000122 0.000126 0.000671 47.603108
13.118027 1528562845.034879 0.000121 0.000126 0.000667 47.488908
13.130779 1528562845.047631 0.000121 0.000125 0.000669 47.609885
13.143430 1528562845.060282 0.000121 0.000124 0.000669 47.602171
13.155747 1528562845.072599 0.000121 0.000126 0.000667 47.404841
13.168487 1528562845.085339 0.000121 0.000125 0.000670 47.541445
13.180844 1528562845.097696 0.000121 0.000126 0.000669 47.447229
13.194520 1528562845.111372 0.000121 0.000126 0.000667 47.353592
13.207252 1528562845.124104 0.000121 0.000125 0.000669 47.505174
13.219844 1528562845.136696 0.000121 0.000125 0.000670 47.536064
13.231838 1528562845.148690 0.000121 0.000127 0.000665 47.283160
13.244703 1528562845.161555 0.000122 0.000124 0.000665 47.617110
13.257450 1528562845.174302 0.000122 0.000126 0.000655 48.027006
13.268707 1528562845.185559 0.000122 0.000125 0.000662 48.231080
13.280712 1528562845.197564 0.000123 0.000124 0.000665 48.341654
13.293616 1528562845.210468 0.000123 0.000126 0.000658 47.962738
13.306072 1528562845.222924 0.000122 0.000127 0.000657 47.954642
13.318361 1528562845.235213 0.000121 0.000126 0.000656 48.041223
13.331110 1528562845.247962 0.000122 0.000126 0.000654 47.993185
13.344574 1528562845.261426 0.000121 0.000126 0.000656 48.036565
13.357334 1528562845.274186 0.000122 0.000126 0.000657 48.126924
13.369887 1528562845.286739 0.000122 0.000126 0.000655 48.061949
13.381989 1528562845.298841 0.000122 0.000126 0.000653 48.119452
13.394882 1528562845.311734 0.000122 0.000126 0.000657 48.152375
13.407704 1528562845.324556 0.000121 0.000125 0.000657 48.243491
13.419875 1528562845.336727 0.000121 0.000125 0.000657 48.185576
13.432471 1528562845.349323 0.000122 0.000125 0.000655 48.049973
13.443952 1528562845.360804 0.000122 0.000125 0.000654 48.029578
13.456540 1528562845.373392 0.000122 0.000125 0.000656 48.089299
13.469019 1528562845.385871 0.000122 0.000125 0.000658 48.120286
13.481455 1528562845.398307 0.000122 0.000125 0.000657 48.042378
13.494031 1528562845.410883 0.000122 0.000124 0.000658 48.099279
13.506579 1528562845.423431 0.000122 0.000124 0.000658 48.053263
13.519478 1528562845.436330 0.000122 0.000124 0.000658 48.099241
13.531888 1528562845.448740 0.000122 0.000125 0.000657 48.088016
13.544103 1528562845.460955 0.000123 0.000125 0.000657 47.922932
13.556662 1528562845.473514 0.000122 0.000125 0.000659 47.958406
13.568882 1528562845.485734 0.000122 0.000124 0.000658 47.977091
13.581479 1528562845.498331 0.000123 0.000125 0.000658 47.913503
13.594008 1528562845.510860 0.000122 0.000124 0.000660 48.039680
13.606608 1528562845.523460 0.000122 0.000125 0.000658 47.984581
