-5.152831 1528395426.662240 0.000000 0.000001 0.000001 99.448450
-5.140250 1528395426.674821 0.000000 0.000001 0.000001 91.172213
-5.115169 1528395426.699902 0.000000 0.000001 0.000002 107.021199
-5.102745 1528395426.712326 0.000000 0.000000 0.000002 119.521149
-4.764959 1528395427.050112 0.000007 0.000048 0.000197 128.691162
-4.752116 1528395427.062955 0.000089 0.000171 0.000403 99.464590
-4.739805 1528395427.075266 0.000159 0.000314 0.000544 125.695317
-4.726960 1528395427.088111 0.000112 0.000222 0.001529 119.255961
-4.714675 1528395427.100396 0.000136 0.000267 0.001115 116.608455
-4.702298 1528395427.112774 0.000179 0.000255 0.000618 102.605581
-4.689724 1528395427.125347 0.000152 0.000247 0.000479 82.270844
-4.677145 1528395427.137926 0.000101 0.000215 0.001159 41.658860
-4.664787 1528395427.150285 0.000099 0.000179 0.001554 41.871997
-4.651869 1528395427.163202 0.000141 0.000161 0.001309 48.281612
-4.639945 1528395427.175127 0.000089 0.000155 0.000524 66.207010
-4.627387 1528395427.187685 0.000107 0.000151 0.000576 61.031875
-4.614759 1528395427.200312 0.000115 0.000152 0.000731 57.963192
-4.602438 1528395427.212633 0.000112 0.000162 0.000920 58.818340
-4.588957 1528395427.226114 0.000104 0.000170 0.001174 64.242295
-4.577050 1528395427.238021 0.000098 0.000163 0.001107 68.566147
-4.564441 1528395427.250630 0.000106 0.000174 0.001139 75.286945
-4.552330 1528395427.262741 0.000106 0.000202 0.001167 80.533580
-4.540352 1528395427.274720 0.000100 0.000209 0.001114 83.197044
-4.527773 1528395427.287298 0.000100 0.000211 0.001067 84.076881
-4.515256 1528395427.299815 0.000100 0.000216 0.001049 84.770665
-4.502808 1528395427.312264 0.000098 0.000224 0.001041 84.607445
-4.489885 1528395427.325186 0.000097 0.000240 0.001068 82.694810
-4.477371 1528395427.337700 0.000094 0.000257 0.000989 79.063775
-4.464104 1528395427.350967 0.000088 0.000252 0.000961 74.996856
-4.451399 1528395427.363672 0.000096 0.000245 0.000922 71.162025
-4.439195 1528395427.375876 0.000100 0.000242 0.000863 68.786683
-4.426630 1528395427.388442 0.000090 0.000229 0.000853 67.706478
-4.414375 1528395427.400696 0.000085 0.000223 0.000850 67.746301
-4.401830 1528395427.413241 0.000086 0.000208 0.000858 69.098679
-4.389949 1528395427.425123 0.000089 0.000204 0.000835 69.908344
-4.377698 1528395427.437373 0.000096 0.000206 0.000797 68.582674
-4.365163 1528395427.449908 0.000095 0.000202 0.000711 67.703296
-4.352390 1528395427.462681 0.000109 0.000186 0.000642 67.432487
-4.340073 1528395427.474998 0.000115 0.000162 0.000735 67.993584
-4.326638 1528395427.488434 0.000122 0.000145 0.000808 68.458919
-4.314513 1528395427.500558 0.000127 0.000136 0.000859 70.029077
-4.302024 1528395427.513047 0.000125 0.000137 0.000885 71.600772
-4.289678 1528395427.525393 0.000122 0.000153 0.000896 73.570244
-4.277357 1528395427.537714 0.000124 0.000155 0.000841 74.458150
-4.265010 1528395427.550061 0.000131 0.000157 0.000839 75.347198
-4.251578 1528395427.563493 0.000137 0.000158 0.000834 75.794816
-4.238691 1528395427.576380 0.000135 0.000157 0.000813 75.645819
-4.226090 1528395427.588981 0.000139 0.000161 0.000830 75.382990
-4.214047 1528395427.601025 0.000139 0.000164 0.000844 75.059554
-4.201675 1528395427.613397 0.000139 0.000163 0.000840 74.378747
-4.188921 1528395427.626150 0.000135 0.000162 0.000816 73.096513
-4.176109 1528395427.638962 0.000134 0.000161 0.000829 72.966250
-4.163924 1528395427.651147 0.000132 0.000161 0.000826 71.981711
-4.151690 1528395427.663381 0.000129 0.000162 0.000821 71.717594
-4.138899 1528395427.676172 0.000130 0.000160 0.000793 70.346443
-4.127121 1528395427.687950 0.000127 0.000160 0.000811 69.998772
-4.115130 1528395427.699941 0.000121 0.000153 0.000847 70.446768
-4.102449 1528395427.712623 0.000121 0.000152 0.000821 69.749420
-4.089566 1528395427.725505 0.000125 0.000160 0.000793 68.490771
-4.077519 1528395427.737552 0.000124 0.000161 0.000787 67.924521
-4.064885 1528395427.750187 0.000125 0.000162 0.000771 67.059765
-4.052785 1528395427.762286 0.000122 0.000152 0.000767 66.950561
-4.039814 1528395427.775257 0.000124 0.000160 0.000768 66.454613
-4.027396 1528395427.787675 0.000126 0.000162 0.000766 66.341738
-4.015066 1528395427.800006 0.000126 0.000160 0.000757 65.831424
-4.002781 1528395427.812291 0.000124 0.000159 0.000763 66.334308
-3.990147 1528395427.824924 0.000124 0.000155 0.000751 65.743204
-3.977576 1528395427.837495 0.000124 0.000155 0.000755 65.824227
-3.964909 1528395427.850163 0.000124 0.000159 0.000759 66.283230
-3.952420 1528395427.862651 0.000125 0.000154 0.000747 65.481406
-3.939763 1528395427.875309 0.000125 0.000156 0.000752 65.628025
-3.927363 1528395427.887708 0.000125 0.000157 0.000747 65.497670
-3.914775 1528395427.900297 0.000125 0.000160 0.000747 65.201861
-3.902295 1528395427.912776 0.000125 0.000155 0.000733 64.466877
-3.889837 1528395427.925235 0.000125 0.000156 0.000741 64.836496
-3.877219 1528395427.937852 0.000125 0.000154 0.000737 64.348868
-3.864459 1528395427.950612 0.000125 0.000158 0.000547 60.910207
-3.852515 1528395427.962557 0.000124 0.000160 0.000560 62.113099
-3.839880 1528395427.975191 0.000125 0.000156 0.000550 60.989714
-3.827375 1528395427.987696 0.000128 0.000153 0.000732 64.434449
-3.814830 1528395428.000241 0.000128 0.000158 0.000748 65.479619
-3.802327 1528395428.012744 0.000129 0.000163 0.000566 62.164653
-3.789803 1528395428.025269 0.000131 0.000160 0.000543 59.409893
-3.777121 1528395428.037951 0.000133 0.000162 0.000715 63.554137
-3.764757 1528395428.050314 0.000133 0.000158 0.000707 62.545075
-3.751669 1528395428.063403 0.000133 0.000161 0.000712 62.869304
-3.738589 1528395428.076482 0.000133 0.000160 0.000714 62.852561
-3.726573 1528395428.088498 0.000133 0.000157 0.000703 62.316172
-3.714065 1528395428.101007 0.000132 0.000156 0.000701 62.194464
-3.701357 1528395428.113715 0.000132 0.000156 0.000701 62.195251
-3.689437 1528395428.125635 0.000133 0.000160 0.000709 62.900711
-3.677679 1528395428.137393 0.000132 0.000160 0.000703 62.364979
-3.664774 1528395428.150297 0.000133 0.000159 0.000704 62.080643
-3.652763 1528395428.162308 0.000131 0.000155 0.000684 61.091980
-3.639899 1528395428.175172 0.000132 0.000159 0.000696 61.690485
-3.626975 1528395428.188096 0.000132 0.000155 0.000689 60.701255
-3.614280 1528395428.200792 0.000131 0.000156 0.000693 60.967727
-3.601880 1528395428.213192 0.000131 0.000154 0.000684 60.539474
-3.589437 1528395428.225635 0.000132 0.000160 0.000700 61.391568
-3.576911 1528395428.238160 0.000131 0.000155 0.000678 60.161235
-3.564214 1528395428.250858 0.000131 0.000159 0.000702 60.891049
-3.551535 1528395428.263536 0.000131 0.000158 0.000692 60.508226
-3.539684 1528395428.275387 0.000132 0.000160 0.000696 60.614038
-3.527258 1528395428.287814 0.000132 0.000155 0.000681 59.828311
-3.515211 1528395428.299860 0.000132 0.000157 0.000706 60.504570
-3.502577 1528395428.312494 0.000132 0.000155 0.000678 59.324061
-3.488869 1528395428.326202 0.000132 0.000155 0.000686 59.436357
-3.476444 1528395428.338627 0.000132 0.000158 0.000694 59.804627
-3.464006 1528395428.351065 0.000131 0.000158 0.000695 59.732810
-3.451906 1528395428.363165 0.000133 0.000159 0.000698 59.852853
-3.438782 1528395428.376289 0.000133 0.000154 0.000688 58.801200
-3.426101 1528395428.388970 0.000132 0.000158 0.000697 59.429897
-3.413933 1528395428.401138 0.000133 0.000156 0.000709 58.617502
-3.401371 1528395428.413701 0.000133 0.000154 0.000679 58.378224
-3.390067 1528395428.425004 0.000133 0.000154 0.000684 58.522958
-3.377785 1528395428.437287 0.000133 0.000153 0.000694 58.522722
-3.365146 1528395428.449925 0.000133 0.000155 0.000700 58.702359
-3.352745 1528395428.462326 0.000133 0.000154 0.000686 58.333847
-3.338648 1528395428.476423 0.000133 0.000154 0.000680 58.030328
-3.326551 1528395428.488521 0.000133 0.000154 0.000691 58.304167
-3.314698 1528395428.500374 0.000132 0.000154 0.000705 58.360284
-3.302366 1528395428.512705 0.000133 0.000153 0.000681 57.873109
-3.290021 1528395428.525050 0.000133 0.000154 0.000699 58.002007
-3.277551 1528395428.537520 0.000132 0.000154 0.000707 58.490896
-3.264932 1528395428.550139 0.000129 0.000153 0.000495 54.044574
-3.251623 1528395428.563448 0.000131 0.000153 0.000703 57.984623
-3.238563 1528395428.576508 0.000131 0.000153 0.000703 57.805543
-3.226461 1528395428.588610 0.000131 0.000152 0.000697 58.081381
-3.213827 1528395428.601245 0.000131 0.000153 0.000703 58.190086
-3.201550 1528395428.613521 0.000133 0.000159 0.000711 59.058056
-3.188698 1528395428.626373 0.000130 0.000152 0.000705 57.995187
-3.176540 1528395428.638531 0.000130 0.000152 0.000697 57.842695
-3.164244 1528395428.650828 0.000131 0.000152 0.000697 57.800572
-3.152812 1528395428.662260 0.000130 0.000152 0.000701 57.664609
-3.140245 1528395428.674827 0.000131 0.000154 0.000695 57.816930
-3.126290 1528395428.688782 0.000131 0.000156 0.000714 58.514826
-3.113949 1528395428.701122 0.000131 0.000153 0.000715 58.151354
-3.101620 1528395428.713451 0.000132 0.000158 0.000730 58.483430
-3.088447 1528395428.726624 0.000131 0.000157 0.000719 58.244277
-3.076109 1528395428.738963 0.000130 0.000153 0.000691 57.314499
-3.063697 1528395428.751374 0.000130 0.000152 0.000701 57.339996
-3.051978 1528395428.763094 0.000129 0.000152 0.000695 57.264407
-3.039622 1528395428.775450 0.000132 0.000156 0.000712 57.865686
-3.027208 1528395428.787863 0.000129 0.000152 0.000707 57.279751
-3.014682 1528395428.800390 0.000130 0.000151 0.000702 57.451727
-3.002670 1528395428.812401 0.000130 0.000151 0.000698 57.098670
-2.989947 1528395428.825124 0.000132 0.000158 0.000730 58.314139
-2.977438 1528395428.837633 0.000129 0.000151 0.000694 57.328659
-2.963564 1528395428.851508 0.000132 0.000157 0.000707 58.338208
-2.951519 1528395428.863552 0.000131 0.000157 0.000717 58.133566
-2.938811 1528395428.876261 0.000129 0.000151 0.000707 57.108853
-2.926637 1528395428.888435 0.000130 0.000151 0.000697 57.042084
-2.914622 1528395428.900449 0.000129 0.000151 0.000703 56.922593
-2.902282 1528395428.912789 0.000128 0.000151 0.000493 53.227201
-2.889733 1528395428.925338 0.000131 0.000157 0.000719 57.986418
-2.877266 1528395428.937805 0.000129 0.000152 0.000704 57.115716
-2.864530 1528395428.950542 0.000127 0.000150 0.000494 53.262587
-2.851151 1528395428.963920 0.000128 0.000151 0.000493 52.734806
-2.839865 1528395428.975206 0.000135 0.000151 0.000701 56.086522
-2.826728 1528395428.988344 0.000135 0.000152 0.000692 55.847422
-2.814211 1528395429.000860 0.000134 0.000159 0.000710 56.307429
-2.801552 1528395429.013519 0.000131 0.000155 0.000488 49.940429
-2.788451 1528395429.026620 0.000130 0.000154 0.000484 49.486018
-2.776639 1528395429.038433 0.000131 0.000154 0.000485 49.714490
-2.764736 1528395429.050335 0.000131 0.000154 0.000483 49.325251
-2.752487 1528395429.062584 0.000130 0.000152 0.000484 49.446541
-2.738301 1528395429.076770 0.000132 0.000154 0.000487 48.663882
-2.726150 1528395429.088921 0.000132 0.000155 0.000489 48.491686
-2.713510 1528395429.101561 0.000131 0.000154 0.000489 48.830274
-2.701126 1528395429.113945 0.000131 0.000153 0.000490 48.626045
-2.688838 1528395429.126234 0.000131 0.000155 0.000486 48.750929
-2.676485 1528395429.138587 0.000131 0.000155 0.000487 48.494198
-2.664164 1528395429.150908 0.000131 0.000156 0.000488 48.643458
-2.651962 1528395429.163109 0.000130 0.000155 0.000486 49.099935
-2.639865 1528395429.175206 0.000131 0.000156 0.000489 48.711711
-2.627529 1528395429.187542 0.000131 0.000155 0.000487 48.449983
-2.615166 1528395429.199905 0.000130 0.000155 0.000488 48.641063
-2.602331 1528395429.212740 0.000131 0.000154 0.000491 48.757283
-2.589801 1528395429.225271 0.000130 0.000156 0.000487 49.212410
-2.577674 1528395429.237397 0.000132 0.000154 0.000490 48.404055
-2.564809 1528395429.250262 0.000131 0.000155 0.000493 48.482418
-2.552267 1528395429.262805 0.000131 0.000157 0.000487 48.599646
-2.539914 1528395429.275157 0.000132 0.000155 0.000490 48.541033
-2.526202 1528395429.288869 0.000131 0.000156 0.000489 48.477456
-2.513783 1528395429.301289 0.000132 0.000155 0.000487 48.399342
-2.501245 1528395429.313826 0.000131 0.000155 0.000487 48.502436
-2.488957 1528395429.326114 0.000132 0.000156 0.000489 48.223030
-2.476280 1528395429.338791 0.000132 0.000155 0.000489 48.200916
-2.463980 1528395429.351091 0.000131 0.000156 0.000487 48.289767
-2.452433 1528395429.362639 0.000132 0.000156 0.000488 48.203081
-2.440258 1528395429.374813 0.000132 0.000156 0.000489 48.331905
-2.427731 1528395429.387340 0.000131 0.000157 0.000490 48.172373
-2.415219 1528395429.399853 0.000132 0.000156 0.000489 48.320293
-2.402889 1528395429.412183 0.000132 0.000156 0.000489 48.504402
-2.390367 1528395429.424705 0.000132 0.000156 0.000491 48.464740
-2.377182 1528395429.437889 0.000131 0.000157 0.000489 48.236789
-2.364976 1528395429.450095 0.000132 0.000155 0.000489 48.358331
-2.352786 1528395429.462285 0.000132 0.000156 0.000491 48.514139
-2.340181 1528395429.474890 0.000130 0.000155 0.000484 48.815564
-2.327760 1528395429.487311 0.000131 0.000155 0.000486 48.278400
-2.315267 1528395429.499804 0.000131 0.000156 0.000487 48.070922
-2.302264 1528395429.512807 0.000132 0.000155 0.000488 48.218947
-2.290109 1528395429.524963 0.000131 0.000156 0.000489 48.193492
-2.277009 1528395429.538062 0.000132 0.000156 0.000489 48.193388
-2.264027 1528395429.551044 0.000132 0.000156 0.000485 48.404597
-2.251457 1528395429.563614 0.000132 0.000156 0.000488 48.271580
-2.238643 1528395429.576429 0.000132 0.000155 0.000487 48.213673
-2.226121 1528395429.588950 0.000132 0.000155 0.000489 48.338345
-2.214154 1528395429.600918 0.000131 0.000157 0.000493 48.823113
-2.201592 1528395429.613480 0.000132 0.000155 0.000488 48.103753
-2.189604 1528395429.625468 0.000132 0.000155 0.000490 48.010722
-2.177730 1528395429.637341 0.000131 0.000155 0.000490 48.196487
-2.165013 1528395429.650059 0.000132 0.000155 0.000491 48.026398
-2.152386 1528395429.662685 0.000130 0.000153 0.000497 48.468383
-2.139659 1528395429.675412 0.000130 0.000151 0.000507 48.311859
-2.127304 1528395429.687768 0.000130 0.000152 0.000517 47.986409
-2.114949 1528395429.700122 0.000131 0.000153 0.000517 47.970087
-2.102115 1528395429.712956 0.000131 0.000153 0.000518 48.049628
-2.089738 1528395429.725333 0.000132 0.000153 0.000512 47.870915
-2.077038 1528395429.738033 0.000131 0.000152 0.000520 48.603645
-2.065170 1528395429.749901 0.000131 0.000153 0.000514 47.900000
-2.052398 1528395429.762673 0.000134 0.000150 0.000771 53.065214
-2.039425 1528395429.775647 0.000129 0.000152 0.000507 48.233830
-2.027237 1528395429.787835 0.000131 0.000154 0.000521 48.696139
-2.014664 1528395429.800407 0.000131 0.000152 0.000515 47.855569
-2.001337 1528395429.813735 0.000131 0.000154 0.000528 48.889649
-1.988714 1528395429.826357 0.000130 0.000152 0.000516 47.780417
-1.976064 1528395429.839007 0.000131 0.000151 0.000519 47.806024
-1.963715 1528395429.851356 0.000130 0.000152 0.000520 47.927336
-1.951435 1528395429.863637 0.000130 0.000152 0.000517 47.546293
-1.938747 1528395429.876325 0.000131 0.000152 0.000520 47.941287
-1.926363 1528395429.888708 0.000130 0.000154 0.000524 48.186101
-1.913433 1528395429.901639 0.000131 0.000153 0.000527 48.477155
-1.901361 1528395429.913710 0.000131 0.000157 0.000532 49.084092
-1.888484 1528395429.926588 0.000130 0.000154 0.000527 48.637132
-1.876977 1528395429.938094 0.000129 0.000152 0.000519 47.798740
-1.864558 1528395429.950513 0.000130 0.000151 0.000524 48.205580
-1.851933 1528395429.963138 0.000130 0.000152 0.000519 48.082621
-1.839723 1528395429.975348 0.000133 0.000155 0.000511 46.707379
-1.827273 1528395429.987798 0.000131 0.000156 0.000506 46.729589
-1.814766 1528395430.000305 0.000128 0.000160 0.000537 47.721890
-1.802095 1528395430.012976 0.000126 0.000159 0.000541 47.469241
-1.789429 1528395430.025642 0.000126 0.000159 0.000538 47.645282
-1.776994 1528395430.038077 0.000126 0.000160 0.000547 47.908682
-1.763831 1528395430.051240 0.000126 0.000169 0.000554 49.633044
-1.751436 1528395430.063636 0.000126 0.000169 0.000564 50.126033
-1.738720 1528395430.076352 0.000126 0.000160 0.000544 47.890034
-1.726577 1528395430.088494 0.000126 0.000167 0.000559 49.227110
-1.713702 1528395430.101369 0.000126 0.000159 0.000542 47.879140
-1.701334 1528395430.113737 0.000127 0.000170 0.000553 49.643284
-1.689321 1528395430.125751 0.000126 0.000159 0.000537 47.403642
-1.677094 1528395430.137977 0.000127 0.000159 0.000541 47.734107
-1.664698 1528395430.150373 0.000127 0.000157 0.000548 48.037697
-1.652115 1528395430.162957 0.000126 0.000158 0.000542 47.473180
-1.639776 1528395430.175296 0.000126 0.000169 0.000556 49.356978
-1.627187 1528395430.187884 0.000125 0.000158 0.000543 47.576337
-1.614822 1528395430.200250 0.000125 0.000157 0.000542 47.424622
-1.602400 1528395430.212671 0.000126 0.000159 0.000543 47.434852
-1.589574 1528395430.225498 0.000126 0.000159 0.000547 47.733480
-1.576882 1528395430.238190 0.000125 0.000159 0.000542 47.401749
-1.564581 1528395430.250490 0.000126 0.000158 0.000543 47.216315
-1.551831 1528395430.263241 0.000127 0.000159 0.000541 47.081248
-1.539679 1528395430.275393 0.000126 0.000157 0.000543 47.134824
-1.526540 1528395430.288531 0.000126 0.000158 0.000540 47.133767
-1.513716 1528395430.301356 0.000126 0.000161 0.000549 47.830955
-1.501309 1528395430.313762 0.000126 0.000158 0.000542 47.089768
-1.488706 1528395430.326365 0.000126 0.000160 0.000546 47.345753
-1.475707 1528395430.339365 0.000125 0.000158 0.000542 47.203541
-1.463552 1528395430.351520 0.000126 0.000158 0.000546 47.435399
-1.451182 1528395430.363889 0.000127 0.000158 0.000543 46.885699
-1.438658 1528395430.376413 0.000126 0.000161 0.000549 47.722721
-1.426105 1528395430.388966 0.000127 0.000159 0.000548 47.425078
-1.413644 1528395430.401428 0.000127 0.000161 0.000549 47.931131
-1.401139 1528395430.413932 0.000126 0.000162 0.000545 47.854230
-1.388113 1528395430.426959 0.000123 0.000161 0.000539 47.567514
-1.375946 1528395430.439126 0.000123 0.000160 0.000560 47.421363
-1.363833 1528395430.451238 0.000122 0.000153 0.000522 45.407117
-1.352040 1528395430.463031 0.000121 0.000157 0.000547 48.499601
-1.339707 1528395430.475365 0.000121 0.000166 0.000561 49.973469
-1.327201 1528395430.487871 0.000121 0.000168 0.000563 50.281222
-1.314541 1528395430.500530 0.000121 0.000162 0.000559 49.432193
-1.302016 1528395430.513055 0.000121 0.000158 0.000550 48.779672
-1.288957 1528395430.526114 0.000120 0.000154 0.000512 46.630536
-1.276701 1528395430.538370 0.000121 0.000172 0.000571 50.933280
-1.263461 1528395430.551610 0.000120 0.000158 0.000551 48.716357
-1.251156 1528395430.563915 0.000120 0.000157 0.000547 48.566325
-1.239299 1528395430.575772 0.000120 0.000157 0.000545 48.133771
-1.225976 1528395430.589096 0.000119 0.000160 0.000553 48.772540
-1.213730 1528395430.601341 0.000120 0.000165 0.000560 49.598543
-1.201235 1528395430.613837 0.000119 0.000159 0.000546 48.380947
-1.188388 1528395430.626684 0.000119 0.000156 0.000550 48.097928
-1.177013 1528395430.638058 0.000119 0.000156 0.000546 48.116650
-1.164371 1528395430.650701 0.000119 0.000155 0.000544 48.244593
-1.151545 1528395430.663527 0.000118 0.000151 0.000511 45.898712
-1.139581 1528395430.675490 0.000118 0.000156 0.000545 48.372626
-1.127175 1528395430.687896 0.000119 0.000157 0.000552 48.715688
-1.113446 1528395430.701626 0.000118 0.000156 0.000545 48.254597
-1.101020 1528395430.714052 0.000119 0.000156 0.000546 48.121202
-1.088168 1528395430.726904 0.000119 0.000156 0.000550 48.015376
-1.076341 1528395430.738730 0.000119 0.000155 0.000541 47.643067
-1.063689 1528395430.751383 0.000119 0.000156 0.000540 47.937728
-1.050627 1528395430.764444 0.000118 0.000156 0.000540 47.651217
-1.038563 1528395430.776508 0.000118 0.000156 0.000541 47.986188
-1.026946 1528395430.788126 0.000118 0.000155 0.000544 47.724727
-1.014402 1528395430.800670 0.000118 0.000157 0.000539 47.588143
-1.001859 1528395430.813212 0.000118 0.000156 0.000542 47.891337
-0.989698 1528395430.825374 0.000118 0.000166 0.000559 49.946230
-0.977209 1528395430.837862 0.000118 0.000155 0.000541 47.662818
-0.964509 1528395430.850563 0.000119 0.000156 0.000545 47.592476
-0.952079 1528395430.862992 0.000118 0.000165 0.000552 48.992151
-0.939325 1528395430.875746 0.000119 0.000155 0.000542 47.799865
-0.926834 1528395430.888237 0.000119 0.000155 0.000536 47.557885
-0.914105 1528395430.900966 0.000119 0.000155 0.000541 47.612574
-0.901773 1528395430.913298 0.000119 0.000155 0.000540 47.590351
-0.889576 1528395430.925495 0.000118 0.000149 0.000504 44.831843
-0.876675 1528395430.938397 0.000120 0.000156 0.000545 47.480663
-0.864077 1528395430.950994 0.000119 0.000154 0.000538 47.213022
-0.851864 1528395430.963207 0.000119 0.000156 0.000543 47.646611
-0.839378 1528395430.975693 0.000120 0.000168 0.000561 49.715006
-0.826818 1528395430.988253 0.000120 0.000156 0.000543 47.234590
-0.813148 1528395431.001924 0.000119 0.000163 0.000559 49.141140
-0.800813 1528395431.014258 0.000120 0.000156 0.000542 47.078860
-0.788088 1528395431.026983 0.000119 0.000156 0.000542 47.444200
-0.776803 1528395431.038268 0.000120 0.000158 0.000544 47.568418
-0.764496 1528395431.050576 0.000119 0.000155 0.000543 47.507942
-0.750614 1528395431.064457 0.000120 0.000158 0.000548 47.650418
-0.738486 1528395431.076586 0.000119 0.000155 0.000538 47.103527
-0.726477 1528395431.088594 0.000119 0.000166 0.000559 49.621300
-0.714607 1528395431.100464 0.000119 0.000156 0.000540 47.211093
-0.702084 1528395431.112987 0.000120 0.000157 0.000547 48.096617
-0.688107 1528395431.126964 0.000119 0.000156 0.000541 47.187668
-0.676488 1528395431.138583 0.000119 0.000155 0.000535 46.744639
-0.664365 1528395431.150707 0.000120 0.000156 0.000542 47.098022
-0.652079 1528395431.162992 0.000120 0.000156 0.000544 46.966235
-0.639310 1528395431.175762 0.000119 0.000155 0.000538 46.854229
-0.626682 1528395431.188390 0.000119 0.000156 0.000537 46.806335
-0.614661 1528395431.200411 0.000119 0.000157 0.000539 46.715531
-0.601511 1528395431.213560 0.000119 0.000156 0.000541 46.941283
-0.589305 1528395431.225766 0.000120 0.000156 0.000540 46.521352
-0.576821 1528395431.238251 0.000120 0.000157 0.000544 46.851040
-0.564107 1528395431.250965 0.000119 0.000157 0.000543 47.104715
-0.551714 1528395431.263357 0.000119 0.000157 0.000543 47.081096
-0.539190 1528395431.275881 0.000119 0.000157 0.000547 47.250720
-0.526910 1528395431.288162 0.000119 0.000157 0.000539 46.858211
-0.514522 1528395431.300550 0.000120 0.000156 0.000541 47.168678
-0.501536 1528395431.313535 0.000120 0.000167 0.000558 48.637619
-0.489297 1528395431.325774 0.000119 0.000157 0.000541 47.057167
-0.476619 1528395431.338452 0.000121 0.000157 0.000544 47.250431
-0.464232 1528395431.350839 0.000120 0.000157 0.000542 47.221704
-0.451608 1528395431.363463 0.000119 0.000158 0.000539 47.011095
-0.438549 1528395431.376522 0.000119 0.000157 0.000535 46.508360
-0.426125 1528395431.388947 0.000119 0.000157 0.000540 46.614618
-0.413391 1528395431.401680 0.000120 0.000157 0.000547 46.807601
-0.402301 1528395431.412770 0.000121 0.000154 0.000563 47.214744
-0.389798 1528395431.425274 0.000124 0.000165 0.000598 48.793103
-0.377048 1528395431.438024 0.000125 0.000153 0.000575 47.192864
-0.364686 1528395431.450386 0.000127 0.000156 0.000585 47.349989
-0.352184 1528395431.462888 0.000127 0.000153 0.000578 46.784567
-0.339542 1528395431.475529 0.000126 0.000154 0.000573 46.510876
-0.326545 1528395431.488526 0.000125 0.000153 0.000568 46.537518
-0.313881 1528395431.501190 0.000126 0.000154 0.000573 46.151955
-0.301413 1528395431.513658 0.000126 0.000161 0.000585 47.597759
-0.289020 1528395431.526052 0.000126 0.000152 0.000572 45.830225
-0.276601 1528395431.538471 0.000127 0.000165 0.000595 48.575913
-0.264138 1528395431.550933 0.000126 0.000162 0.000583 47.583839
-0.251806 1528395431.563265 0.000125 0.000150 0.000558 45.341743
-0.239262 1528395431.575809 0.000127 0.000152 0.000564 45.701585
-0.226821 1528395431.588251 0.000125 0.000151 0.000559 45.235857
-0.214121 1528395431.600950 0.000125 0.000151 0.000561 45.774098
-0.201470 1528395431.613601 0.000125 0.000151 0.000560 45.687799
-0.189242 1528395431.625829 0.000124 0.000149 0.000554 45.535643
-0.177016 1528395431.638056 0.000124 0.000147 0.000543 43.931620
-0.164501 1528395431.650570 0.000125 0.000149 0.000551 45.347592
-0.152020 1528395431.663052 0.000124 0.000149 0.000549 45.130043
-0.139504 1528395431.675568 0.000125 0.000149 0.000552 45.501187
-0.127311 1528395431.687760 0.000126 0.000148 0.000546 44.530848
-0.114701 1528395431.700371 0.000125 0.000148 0.000552 44.748211
-0.101430 1528395431.713641 0.000126 0.000149 0.000545 44.789065
-0.088524 1528395431.726548 0.000124 0.000149 0.000550 44.783948
-0.075964 1528395431.739107 0.000125 0.000149 0.000547 44.577971
-0.063291 1528395431.751781 0.000124 0.000148 0.000549 44.856467
-0.050514 1528395431.764558 0.000125 0.000149 0.000549 44.937557
-0.037900 1528395431.777172 0.000125 0.000148 0.000548 44.736924
-0.026736 1528395431.788336 0.000125 0.000148 0.000547 44.549268
-0.014323 1528395431.800749 0.000125 0.000145 0.000522 42.779084
-0.001771 1528395431.813300 0.000124 0.000144 0.000517 43.235267
0.010667 1528395431.825738 0.000123 0.000145 0.000520 43.300027
0.023207 1528395431.838279 0.000126 0.000144 0.000523 43.363862
0.035808 1528395431.850880 0.000125 0.000144 0.000528 43.244047
0.048274 1528395431.863346 0.000126 0.000144 0.000521 43.626597
0.060634 1528395431.875706 0.000126 0.000143 0.000526 43.280738
0.073226 1528395431.888297 0.000126 0.000146 0.000537 44.144219
0.086949 1528395431.902020 0.000126 0.000143 0.000525 42.732977
0.099200 1528395431.914271 0.000126 0.000142 0.000522 42.982057
0.111222 1528395431.926293 0.000126 0.000143 0.000525 42.773289
0.123816 1528395431.938887 0.000125 0.000143 0.000520 42.835997
0.135919 1528395431.950990 0.000126 0.000142 0.000526 42.668260
0.148745 1528395431.963816 0.000127 0.000142 0.000523 42.688651
0.161050 1528395431.976121 0.000126 0.000143 0.000523 42.812640
0.173501 1528395431.988573 0.000126 0.000143 0.000523 42.718498
0.186214 1528395432.001285 0.000126 0.000143 0.000522 42.746654
0.198624 1528395432.013695 0.000126 0.000142 0.000525 42.773767
0.211007 1528395432.026078 0.000125 0.000147 0.000538 44.355522
0.223671 1528395432.038742 0.000126 0.000146 0.000541 44.313853
0.236110 1528395432.051182 0.000126 0.000144 0.000522 42.927174
0.248718 1528395432.063789 0.000126 0.000144 0.000524 43.009149
0.260849 1528395432.075921 0.000126 0.000145 0.000518 42.830292
0.273631 1528395432.088703 0.000126 0.000146 0.000508 42.618634
0.285751 1528395432.100823 0.000125 0.000140 0.000502 44.063272
0.298273 1528395432.113345 0.000126 0.000139 0.000494 45.765781
0.311314 1528395432.126385 0.000124 0.000140 0.000494 46.784859
0.324024 1528395432.139095 0.000121 0.000142 0.000666 51.861684
0.337060 1528395432.152131 0.000121 0.000146 0.000670 52.583369
0.348533 1528395432.163605 0.000121 0.000146 0.000498 48.225084
0.360989 1528395432.176060 0.000122 0.000145 0.000497 47.673548
0.373340 1528395432.188411 0.000121 0.000149 0.000684 53.347188
0.385745 1528395432.200816 0.000124 0.000149 0.000501 48.688675
0.398545 1528395432.213616 0.000127 0.000149 0.000496 48.653730
0.410885 1528395432.225956 0.000131 0.000150 0.000487 49.143080
0.423065 1528395432.238136 0.000134 0.000153 0.000480 50.204891
0.435720 1528395432.250792 0.000142 0.000156 0.000480 51.692081
0.449165 1528395432.264237 0.000150 0.000169 0.000676 59.697736
0.461483 1528395432.276554 0.000153 0.000172 0.000677 63.558931
0.474482 1528395432.289553 0.000162 0.000171 0.000703 67.490448
0.487067 1528395432.302138 0.000160 0.000170 0.000741 71.090795
0.499695 1528395432.314767 0.000152 0.000173 0.000762 74.838381
0.511399 1528395432.326470 0.000139 0.000168 0.000810 79.031787
0.523243 1528395432.338315 0.000130 0.000165 0.000859 82.374675
0.535747 1528395432.350818 0.000135 0.000166 0.000769 86.329497
0.548252 1528395432.363323 0.000134 0.000171 0.000740 90.635338
0.560223 1528395432.375295 0.000140 0.000176 0.000727 95.557698
0.573005 1528395432.388077 0.000145 0.000188 0.000708 98.757918
0.585397 1528395432.400468 0.000144 0.000203 0.000658 102.195703
0.597755 1528395432.412827 0.000144 0.000211 0.000643 105.296564
0.610286 1528395432.425357 0.000144 0.000215 0.000648 107.416554
0.622788 1528395432.437860 0.000144 0.000220 0.000640 109.097960
0.635159 1528395432.450230 0.000142 0.000233 0.000645 111.191493
0.647983 1528395432.463054 0.000141 0.000234 0.000657 112.472567
0.660285 1528395432.475356 0.000140 0.000239 0.000662 113.832949
0.672708 1528395432.487779 0.000142 0.000244 0.000662 115.402445
0.685197 1528395432.500268 0.000141 0.000245 0.000670 115.991887
0.698142 1528395432.513214 0.000142 0.000246 0.000669 117.151481
0.710792 1528395432.525863 0.000142 0.000251 0.000647 118.288366
0.724639 1528395432.539710 0.000141 0.000251 0.000641 119.045919
0.736572 1528395432.551643 0.000143 0.000256 0.000653 120.291620
0.748760 1528395432.563832 0.000140 0.000255 0.000643 121.227093
0.761790 1528395432.576862 0.000140 0.000256 0.000615 123.182332
0.774294 1528395432.589365 0.000142 0.000259 0.000579 125.209727
0.787031 1528395432.602103 0.000143 0.000258 0.000587 126.387469
0.798177 1528395432.613249 0.000141 0.000256 0.000580 126.888045
0.810665 1528395432.625736 0.000141 0.000255 0.000579 127.064211
0.823078 1528395432.638149 0.000141 0.000253 0.000570 127.184919
0.835671 1528395432.650742 0.000143 0.000254 0.000565 126.704965
0.848465 1528395432.663536 0.000142 0.000254 0.000562 125.649176
0.860427 1528395432.675498 0.000142 0.000256 0.000567 125.413571
0.873065 1528395432.688136 0.000142 0.000258 0.000568 125.142197
0.885614 1528395432.700685 0.000143 0.000255 0.000563 125.163010
0.897996 1528395432.713068 0.000143 0.000259 0.000561 125.092844
0.910686 1528395432.725757 0.000144 0.000257 0.000557 125.253739
0.922791 1528395432.737862 0.000142 0.000254 0.000561 125.997680
0.935792 1528395432.750863 0.000142 0.000258 0.000563 125.951679
0.949292 1528395432.764364 0.000143 0.000257 0.000561 126.038025
0.961741 1528395432.776813 0.000143 0.000256 0.000565 126.613406
0.974274 1528395432.789345 0.000144 0.000256 0.000561 126.565765
0.986700 1528395432.801772 0.000144 0.000258 0.000566 126.621446
0.998330 1528395432.813402 0.000143 0.000256 0.000566 126.675071
1.011094 1528395432.826166 0.000144 0.000259 0.000567 126.847059
1.024370 1528395432.839442 0.000144 0.000258 0.000573 126.836388
1.036414 1528395432.851485 0.000143 0.000258 0.000575 127.104163
1.048846 1528395432.863917 0.000145 0.000259 0.000567 127.188641
1.061496 1528395432.876568 0.000144 0.000261 0.000566 127.038526
1.073611 1528395432.888682 0.000145 0.000262 0.000565 127.227736
1.085502 1528395432.900573 0.000142 0.000261 0.000570 127.321461
1.099734 1528395432.914805 0.000142 0.000263 0.000557 127.352709
1.111761 1528395432.926832 0.000144 0.000260 0.000565 126.894531
1.123365 1528395432.938437 0.000143 0.000259 0.000557 126.840273
1.136167 1528395432.951238 0.000144 0.000260 0.000559 126.401685
1.148318 1528395432.963389 0.000142 0.000259 0.000561 126.614645
1.160819 1528395432.975890 0.000142 0.000260 0.000561 126.789816
1.173146 1528395432.988217 0.000141 0.000260 0.000559 126.833244
1.186311 1528395433.001383 0.000141 0.000260 0.000561 126.640255
1.198422 1528395433.013494 0.000142 0.000261 0.000557 126.680272
1.211053 1528395433.026124 0.000142 0.000265 0.000564 126.905191
1.223363 1528395433.038435 0.000141 0.000263 0.000559 126.437250
1.236409 1528395433.051480 0.000141 0.000264 0.000557 126.225569
1.249460 1528395433.064531 0.000141 0.000264 0.000563 126.819142
1.260942 1528395433.076014 0.000142 0.000266 0.000559 126.248732
1.273555 1528395433.088626 0.000141 0.000264 0.000556 126.204680
1.286003 1528395433.101074 0.000142 0.000265 0.000562 126.091312
1.298365 1528395433.113436 0.000143 0.000265 0.000562 126.104334
1.311144 1528395433.126215 0.000143 0.000264 0.000559 125.954913
1.323493 1528395433.138564 0.000142 0.000265 0.000563 125.791737
1.335914 1528395433.150985 0.000143 0.000264 0.000570 125.928778
1.348594 1528395433.163666 0.000143 0.000264 0.000571 126.088087
1.362539 1528395433.177610 0.000143 0.000265 0.000563 126.123737
1.374517 1528395433.189589 0.000144 0.000269 0.000569 126.385747
1.387032 1528395433.202104 0.000143 0.000267 0.000573 126.372121
1.399608 1528395433.214679 0.000143 0.000271 0.000574 126.859075
1.411182 1528395433.226254 0.000144 0.000267 0.000568 126.313277
1.423778 1528395433.238849 0.000144 0.000269 0.000568 125.790081
1.436098 1528395433.251169 0.000145 0.000267 0.000571 125.539647
1.448683 1528395433.263754 0.000144 0.000266 0.000578 125.822038
1.460938 1528395433.276010 0.000144 0.000267 0.000574 125.562289
1.473912 1528395433.288984 0.000142 0.000262 0.000581 125.639907
1.486078 1528395433.301149 0.000144 0.000264 0.000580 125.533087
1.499549 1528395433.314620 0.000144 0.000266 0.000582 126.263427
1.511858 1528395433.326929 0.000144 0.000264 0.000582 126.094780
1.524044 1528395433.339115 0.000143 0.000264 0.000577 126.358999
1.536772 1528395433.351844 0.000145 0.000266 0.000575 125.858290
1.548431 1528395433.363503 0.000144 0.000269 0.000583 126.577794
1.561543 1528395433.376614 0.000146 0.000266 0.000578 126.404370
1.573443 1528395433.388515 0.000146 0.000267 0.000576 126.414012
1.586071 1528395433.401143 0.000145 0.000266 0.000574 126.459040
1.598636 1528395433.413708 0.000146 0.000270 0.000581 127.061276
1.611363 1528395433.426434 0.000146 0.000265 0.000576 126.473904
1.623468 1528395433.438539 0.000146 0.000265 0.000577 126.396098
1.636035 1528395433.451107 0.000146 0.000267 0.000581 127.046705
1.648722 1528395433.463793 0.000145 0.000272 0.000584 127.184496
1.661632 1528395433.476703 0.000146 0.000267 0.000578 126.522771
1.674601 1528395433.489672 0.000146 0.000269 0.000585 126.390700
1.687077 1528395433.502148 0.000146 0.000267 0.000586 126.416649
1.699553 1528395433.514624 0.000146 0.000265 0.000588 126.467565
1.711082 1528395433.526154 0.000147 0.000267 0.000583 126.346579
1.723189 1528395433.538260 0.000147 0.000269 0.000587 126.494143
1.735496 1528395433.550567 0.000145 0.000267 0.000589 126.513739
1.748553 1528395433.563624 0.000145 0.000268 0.000592 126.252853
1.761101 1528395433.576172 0.000148 0.000267 0.000587 126.538933
1.773224 1528395433.588295 0.000149 0.000268 0.000585 126.561645
1.785789 1528395433.600861 0.000146 0.000268 0.000585 126.012277
1.798186 1528395433.613257 0.000147 0.000268 0.000583 126.067054
1.810453 1528395433.625524 0.000146 0.000272 0.000594 126.808015
1.823154 1528395433.638225 0.000149 0.000269 0.000587 126.926674
1.835414 1528395433.650485 0.000148 0.000269 0.000588 126.385427
1.848075 1528395433.663146 0.000147 0.000271 0.000591 126.809307
1.860796 1528395433.675868 0.000148 0.000273 0.000593 126.834798
1.873452 1528395433.688524 0.000148 0.000274 0.000589 127.080639
1.886168 1528395433.701240 0.000149 0.000271 0.000595 127.283866
1.899273 1528395433.714344 0.000147 0.000273 0.000596 127.191554
1.911747 1528395433.726818 0.000148 0.000269 0.000595 127.110524
1.924034 1528395433.739105 0.000149 0.000269 0.000594 126.745675
1.937458 1528395433.752529 0.000148 0.000271 0.000593 126.432280
1.949482 1528395433.764554 0.000149 0.000272 0.000595 127.424436
1.961440 1528395433.776512 0.000149 0.000275 0.000594 127.395755
1.973982 1528395433.789053 0.000149 0.000268 0.000596 126.657838
1.985952 1528395433.801024 0.000150 0.000274 0.000592 127.083446
1.998410 1528395433.813481 0.000148 0.000274 0.000597 127.040741
2.010904 1528395433.825975 0.000150 0.000269 0.000597 126.635364
2.023465 1528395433.838536 0.000148 0.000270 0.000603 127.202227
2.035905 1528395433.850976 0.000150 0.000273 0.000600 127.245644
2.048392 1528395433.863464 0.000149 0.000269 0.000599 126.341898
2.061011 1528395433.876082 0.000147 0.000271 0.000608 127.043382
2.074128 1528395433.889199 0.000148 0.000271 0.000605 127.148002
2.086560 1528395433.901631 0.000148 0.000271 0.000603 127.020102
2.099181 1528395433.914253 0.000149 0.000270 0.000600 126.617952
2.111540 1528395433.926611 0.000147 0.000271 0.000600 126.775277
2.124191 1528395433.939263 0.000148 0.000269 0.000599 126.970279
2.136319 1528395433.951391 0.000150 0.000266 0.000601 126.155950
2.148429 1528395433.963500 0.000149 0.000270 0.000602 126.834717
2.160831 1528395433.975903 0.000149 0.000268 0.000606 126.924964
2.173252 1528395433.988324 0.000150 0.000269 0.000600 126.852979
2.185913 1528395434.000985 0.000147 0.000268 0.000598 126.162278
2.199321 1528395434.014392 0.000148 0.000271 0.000599 126.836422
2.211933 1528395434.027005 0.000150 0.000271 0.000590 126.732577
2.224283 1528395434.039354 0.000147 0.000268 0.000609 126.337596
2.235765 1528395434.050836 0.000149 0.000270 0.000608 127.490524
2.248055 1528395434.063127 0.000148 0.000271 0.000606 127.284795
2.260349 1528395434.075420 0.000149 0.000272 0.000605 127.210606
2.273043 1528395434.088114 0.000149 0.000271 0.000609 127.400472
2.285812 1528395434.100884 0.000149 0.000271 0.000611 127.411753
2.298178 1528395434.113249 0.000150 0.000271 0.000610 127.557361
2.310903 1528395434.125975 0.000149 0.000272 0.000610 127.491021
2.324690 1528395434.139761 0.000150 0.000272 0.000606 127.373182
2.337392 1528395434.152464 0.000149 0.000269 0.000611 126.674375
2.349685 1528395434.164757 0.000148 0.000270 0.000614 127.167717
2.360825 1528395434.175896 0.000149 0.000273 0.000614 127.721174
2.373077 1528395434.188148 0.000153 0.000269 0.000610 127.097050
2.385643 1528395434.200715 0.000150 0.000270 0.000612 128.118543
2.398133 1528395434.213204 0.000150 0.000268 0.000616 128.336307
2.410667 1528395434.225739 0.000150 0.000268 0.000614 128.000934
2.424130 1528395434.239202 0.000151 0.000268 0.000617 128.226830
2.436936 1528395434.252007 0.000150 0.000269 0.000615 128.125483
2.449211 1528395434.264282 0.000150 0.000268 0.000616 127.972855
2.461871 1528395434.276943 0.000150 0.000268 0.000613 128.243661
2.473656 1528395434.288728 0.000151 0.000267 0.000609 127.400814
2.485768 1528395434.300839 0.000150 0.000268 0.000617 127.898920
2.498199 1528395434.313270 0.000150 0.000267 0.000605 127.357218
2.511691 1528395434.326763 0.000150 0.000268 0.000608 127.261973
2.524171 1528395434.339242 0.000151 0.000267 0.000610 128.280262
2.536599 1528395434.351671 0.000150 0.000272 0.000616 127.842550
2.548401 1528395434.363473 0.000151 0.000272 0.000609 127.108742
2.560900 1528395434.375972 0.000150 0.000269 0.000620 127.351210
2.573259 1528395434.388330 0.000151 0.000275 0.000619 127.926730
2.585683 1528395434.400754 0.000151 0.000271 0.000622 128.138291
2.598773 1528395434.413844 0.000153 0.000270 0.000618 128.121693
2.611302 1528395434.426373 0.000151 0.000274 0.000616 128.022123
2.624131 1528395434.439202 0.000151 0.000272 0.000612 128.235795
2.636786 1528395434.451857 0.000151 0.000273 0.000613 127.618687
2.649507 1528395434.464578 0.000152 0.000270 0.000613 127.513967
2.662811 1528395434.477883 0.000153 0.000275 0.000616 128.189839
2.673710 1528395434.488781 0.000154 0.000274 0.000614 128.125770
2.685915 1528395434.500987 0.000153 0.000274 0.000615 128.228216
2.698473 1528395434.513544 0.000157 0.000275 0.000616 128.317844
2.710982 1528395434.526053 0.000154 0.000274 0.000616 128.336555
2.724188 1528395434.539259 0.000153 0.000276 0.000620 128.357157
2.737139 1528395434.552210 0.000155 0.000273 0.000623 128.622789
2.749617 1528395434.564689 0.000155 0.000269 0.000614 128.113678
2.761965 1528395434.577036 0.000157 0.000275 0.000607 128.393199
2.774154 1528395434.589226 0.000155 0.000274 0.000605 128.500465
2.786612 1528395434.601683 0.000159 0.000274 0.000602 128.366534
2.799422 1528395434.614493 0.000157 0.000272 0.000599 128.266164
2.811984 1528395434.627055 0.000156 0.000273 0.000588 128.108306
2.823941 1528395434.639012 0.000151 0.000271 0.000587 128.045293
2.840586 1528395434.655657 0.000151 0.000271 0.000580 128.034377
2.848768 1528395434.663840 0.000153 0.000267 0.000574 127.517544
2.862187 1528395434.677258 0.000152 0.000271 0.000574 127.719069
2.874599 1528395434.689671 0.000152 0.000269 0.000574 127.820257
2.886991 1528395434.702062 0.000152 0.000269 0.000581 127.805241
2.898534 1528395434.713605 0.000153 0.000269 0.000575 127.380109
2.911264 1528395434.726336 0.000151 0.000265 0.000583 126.939064
2.923346 1528395434.738418 0.000151 0.000264 0.000585 126.924124
2.936298 1528395434.751369 0.000152 0.000270 0.000586 127.329869
2.948722 1528395434.763793 0.000154 0.000269 0.000594 127.127754
2.961355 1528395434.776426 0.000153 0.000267 0.000595 127.234122
2.973383 1528395434.788454 0.000154 0.000271 0.000602 127.705900
2.986300 1528395434.801371 0.000153 0.000273 0.000595 128.198295
2.998584 1528395434.813655 0.000154 0.000271 0.000601 127.961304
3.011306 1528395434.826378 0.000156 0.000274 0.000593 128.236697
3.023438 1528395434.838509 0.000153 0.000273 0.000595 128.662665
3.036167 1528395434.851238 0.000156 0.000271 0.000602 128.692977
3.048427 1528395434.863498 0.000154 0.000273 0.000607 129.025305
3.060913 1528395434.875984 0.000157 0.000274 0.000603 129.003285
3.073333 1528395434.888404 0.000155 0.000276 0.000602 129.493992
3.086563 1528395434.901634 0.000158 0.000269 0.000602 128.903687
3.098336 1528395434.913408 0.000156 0.000272 0.000603 129.511540
3.110754 1528395434.925826 0.000158 0.000273 0.000603 129.368104
3.123044 1528395434.938115 0.000158 0.000273 0.000602 129.330728
3.135564 1528395434.950635 0.000160 0.000275 0.000602 129.029774
3.148200 1528395434.963272 0.000158 0.000275 0.000606 129.154323
3.160883 1528395434.975955 0.000159 0.000271 0.000601 128.930724
3.173151 1528395434.988223 0.000159 0.000274 0.000600 129.351681
3.185864 1528395435.000936 0.000157 0.000271 0.000601 128.796087
3.198986 1528395435.014057 0.000156 0.000274 0.000604 129.342140
3.211260 1528395435.026332 0.000156 0.000274 0.000601 129.280830
3.223160 1528395435.038232 0.000159 0.000269 0.000604 128.562711
3.235489 1528395435.050560 0.000158 0.000273 0.000597 129.026593
3.248247 1528395435.063318 0.000156 0.000270 0.000602 128.506630
3.260703 1528395435.075775 0.000159 0.000271 0.000607 129.019877
3.273195 1528395435.088266 0.000158 0.000271 0.000608 128.917095
3.285834 1528395435.100906 0.000159 0.000271 0.000601 128.867491
3.298181 1528395435.113253 0.000157 0.000272 0.000605 129.106881
3.310939 1528395435.126010 0.000159 0.000268 0.000605 129.245256
3.323312 1528395435.138383 0.000159 0.000269 0.000601 129.173981
3.335791 1528395435.150862 0.000158 0.000272 0.000597 129.041393
3.348157 1528395435.163228 0.000158 0.000270 0.000596 128.949549
3.361351 1528395435.176422 0.000156 0.000272 0.000601 129.035465
3.373537 1528395435.188609 0.000154 0.000271 0.000602 129.084981
3.385843 1528395435.200915 0.000155 0.000271 0.000599 128.813253
3.398197 1528395435.213269 0.000154 0.000269 0.000599 128.167407
3.410771 1528395435.225842 0.000154 0.000270 0.000600 128.155833
3.424379 1528395435.239450 0.000156 0.000274 0.000597 128.524983
3.436582 1528395435.251653 0.000156 0.000275 0.000602 128.358136
3.448665 1528395435.263736 0.000156 0.000271 0.000600 128.513139
3.462167 1528395435.277238 0.000157 0.000269 0.000596 127.786018
3.474011 1528395435.289082 0.000156 0.000271 0.000603 127.837755
3.486590 1528395435.301662 0.000154 0.000273 0.000610 128.512143
3.498475 1528395435.313546 0.000154 0.000272 0.000609 128.523007
3.511164 1528395435.326235 0.000157 0.000275 0.000600 128.243085
3.523186 1528395435.338258 0.000155 0.000271 0.000606 128.265154
3.535926 1528395435.350998 0.000153 0.000271 0.000605 127.945495
3.549811 1528395435.364882 0.000153 0.000272 0.000611 128.243728
3.562011 1528395435.377082 0.000153 0.000272 0.000606 128.037362
3.574541 1528395435.389612 0.000155 0.000270 0.000591 127.133499
3.587107 1528395435.402178 0.000154 0.000271 0.000598 127.758552
3.598873 1528395435.413944 0.000156 0.000272 0.000604 128.051463
3.611112 1528395435.426183 0.000153 0.000274 0.000607 128.041242
3.624114 1528395435.439185 0.000154 0.000272 0.000603 127.661951
3.636585 1528395435.451656 0.000153 0.000269 0.000606 128.077796
3.649019 1528395435.464090 0.000151 0.000270 0.000593 128.101860
3.661402 1528395435.476473 0.000153 0.000271 0.000592 127.653527
3.674128 1528395435.489199 0.000153 0.000270 0.000591 127.445849
3.686672 1528395435.501743 0.000155 0.000273 0.000585 127.293502
3.698983 1528395435.514054 0.000157 0.000271 0.000587 127.316059
3.712095 1528395435.527166 0.000159 0.000271 0.000583 127.286372
3.724212 1528395435.539283 0.000156 0.000271 0.000586 127.108705
3.736562 1528395435.551633 0.000156 0.000270 0.000586 127.046893
3.748770 1528395435.563842 0.000157 0.000269 0.000591 126.759720
3.761301 1528395435.576372 0.000155 0.000271 0.000588 126.331595
3.773730 1528395435.588801 0.000154 0.000271 0.000588 125.955382
3.786551 1528395435.601622 0.000150 0.000269 0.000596 126.035197
3.798830 1528395435.613901 0.000151 0.000266 0.000598 125.938228
3.811311 1528395435.626383 0.000153 0.000264 0.000602 126.121451
3.824062 1528395435.639133 0.000152 0.000268 0.000601 126.961570
3.836333 1528395435.651404 0.000156 0.000267 0.000610 127.013188
3.848842 1528395435.663913 0.000153 0.000268 0.000611 126.996279
3.861966 1528395435.677038 0.000155 0.000269 0.000618 126.845846
3.874701 1528395435.689772 0.000157 0.000269 0.000610 126.887793
3.887528 1528395435.702600 0.000155 0.000267 0.000612 126.815929
3.898986 1528395435.714057 0.000156 0.000268 0.000623 127.523732
3.912330 1528395435.727401 0.000157 0.000270 0.000618 127.128547
3.924857 1528395435.739928 0.000155 0.000269 0.000623 127.215690
3.937248 1528395435.752320 0.000155 0.000268 0.000618 126.928058
3.949542 1528395435.764613 0.000156 0.000269 0.000621 127.518456
3.961849 1528395435.776920 0.000156 0.000272 0.000613 127.027776
3.973717 1528395435.788789 0.000155 0.000272 0.000616 127.112185
3.986265 1528395435.801336 0.000155 0.000270 0.000622 127.160140
3.998517 1528395435.813588 0.000154 0.000269 0.000623 127.370688
4.011043 1528395435.826114 0.000156 0.000268 0.000616 127.655815
4.023472 1528395435.838544 0.000156 0.000273 0.000621 127.563554
4.036069 1528395435.851141 0.000154 0.000269 0.000617 127.708052
4.048676 1528395435.863747 0.000155 0.000268 0.000625 127.966037
4.061203 1528395435.876274 0.000156 0.000266 0.000619 127.356241
4.073523 1528395435.888594 0.000156 0.000265 0.000620 127.109305
4.086115 1528395435.901187 0.000156 0.000269 0.000619 126.963317
4.099557 1528395435.914628 0.000155 0.000270 0.000615 126.509095
4.112516 1528395435.927588 0.000156 0.000269 0.000613 126.332904
4.124737 1528395435.939808 0.000158 0.000269 0.000612 126.033808
4.137018 1528395435.952089 0.000156 0.000272 0.000610 126.128262
4.149505 1528395435.964577 0.000156 0.000272 0.000602 125.927007
4.161656 1528395435.976728 0.000153 0.000274 0.000603 125.940702
4.173740 1528395435.988811 0.000153 0.000272 0.000601 126.137486
4.186266 1528395436.001338 0.000157 0.000271 0.000602 126.315995
4.199443 1528395436.014515 0.000157 0.000271 0.000607 126.481860
4.212366 1528395436.027437 0.000155 0.000273 0.000596 126.419996
4.225191 1528395436.040262 0.000155 0.000271 0.000598 126.490483
4.237602 1528395436.052673 0.000155 0.000267 0.000601 126.050685
4.250161 1528395436.065232 0.000153 0.000268 0.000591 126.065770
4.262327 1528395436.077399 0.000154 0.000267 0.000593 126.649400
4.274777 1528395436.089849 0.000155 0.000267 0.000591 126.473781
4.287439 1528395436.102510 0.000153 0.000269 0.000593 126.207279
4.299029 1528395436.114100 0.000154 0.000265 0.000596 125.476128
4.311523 1528395436.126595 0.000152 0.000266 0.000598 125.676344
4.323934 1528395436.139006 0.000151 0.000266 0.000598 125.254437
4.336087 1528395436.151158 0.000153 0.000262 0.000600 124.628042
4.348807 1528395436.163878 0.000151 0.000265 0.000600 125.108952
4.361438 1528395436.176509 0.000154 0.000260 0.000595 124.180940
4.373898 1528395436.188970 0.000153 0.000263 0.000601 124.736920
4.386254 1528395436.201325 0.000151 0.000260 0.000600 124.947473
4.398688 1528395436.213759 0.000150 0.000260 0.000600 125.038086
4.411150 1528395436.226221 0.000149 0.000257 0.000593 124.490968
4.423767 1528395436.238838 0.000150 0.000256 0.000592 124.726418
4.436393 1528395436.251465 0.000151 0.000260 0.000582 124.916859
4.448842 1528395436.263913 0.000152 0.000262 0.000583 124.875386
4.461471 1528395436.276542 0.000151 0.000263 0.000577 124.798076
4.475695 1528395436.290766 0.000149 0.000263 0.000577 124.820477
4.486480 1528395436.301551 0.000147 0.000265 0.000583 124.704076
4.499132 1528395436.314203 0.000147 0.000263 0.000585 124.628058
4.512363 1528395436.327435 0.000148 0.000262 0.000581 124.609863
4.524920 1528395436.339991 0.000150 0.000260 0.000577 124.189969
4.537392 1528395436.352464 0.000146 0.000258 0.000592 123.779629
4.549554 1528395436.364626 0.000144 0.000255 0.000597 122.889376
4.562202 1528395436.377273 0.000143 0.000258 0.000599 123.135028
4.574089 1528395436.389160 0.000142 0.000257 0.000598 122.873125
4.585969 1528395436.401040 0.000140 0.000256 0.000593 122.259355
4.599543 1528395436.414615 0.000139 0.000257 0.000596 121.790810
4.612213 1528395436.427284 0.000139 0.000258 0.000594 121.414642
4.624833 1528395436.439904 0.000139 0.000252 0.000592 120.904572
4.637430 1528395436.452501 0.000137 0.000254 0.000594 121.709641
4.650306 1528395436.465377 0.000137 0.000256 0.000592 121.494764
4.662601 1528395436.477672 0.000135 0.000253 0.000597 121.924779
4.674178 1528395436.489250 0.000134 0.000251 0.000596 121.980930
4.686243 1528395436.501315 0.000133 0.000251 0.000586 121.286792
4.698628 1528395436.513699 0.000134 0.000250 0.000591 121.404874
4.711347 1528395436.526419 0.000134 0.000250 0.000595 122.188063
4.723910 1528395436.538981 0.000132 0.000244 0.000587 121.526730
4.737414 1528395436.552485 0.000132 0.000249 0.000588 122.013811
4.749660 1528395436.564731 0.000131 0.000245 0.000588 121.251404
4.762775 1528395436.577847 0.000131 0.000243 0.000588 121.142334
4.773962 1528395436.589033 0.000131 0.000244 0.000594 121.843770
4.786450 1528395436.601521 0.000130 0.000241 0.000587 120.965563
4.798506 1528395436.613578 0.000131 0.000241 0.000591 121.304504
4.811502 1528395436.626574 0.000133 0.000240 0.000595 122.084890
4.823904 1528395436.638976 0.000133 0.000238 0.000597 121.860008
4.836447 1528395436.651518 0.000134 0.000237 0.000593 122.048544
4.848829 1528395436.663900 0.000135 0.000240 0.000597 123.070139
4.861403 1528395436.676474 0.000136 0.000241 0.000598 123.449920
4.874039 1528395436.689110 0.000139 0.000241 0.000606 123.878704
4.886497 1528395436.701568 0.000139 0.000241 0.000602 124.039558
4.899312 1528395436.714383 0.000139 0.000239 0.000591 123.820070
4.912302 1528395436.727373 0.000140 0.000239 0.000598 124.171746
4.924270 1528395436.739342 0.000139 0.000242 0.000600 124.775635
4.936717 1528395436.751789 0.000139 0.000236 0.000598 124.271535
4.949783 1528395436.764854 0.000139 0.000241 0.000601 125.047720
4.962571 1528395436.777643 0.000138 0.000236 0.000596 124.544818
4.975285 1528395436.790357 0.000138 0.000238 0.000590 124.613124
4.987682 1528395436.802753 0.000137 0.000236 0.000594 124.503949
4.999231 1528395436.814302 0.000139 0.000237 0.000591 124.350607
5.011331 1528395436.826403 0.000138 0.000242 0.000590 124.763809
5.025043 1528395436.840114 0.000138 0.000238 0.000585 124.139308
5.036845 1528395436.851917 0.000137 0.000241 0.000588 124.524369
5.049256 1528395436.864327 0.000137 0.000238 0.000588 123.776945
5.061520 1528395436.876592 0.000137 0.000241 0.000591 124.118113
5.073907 1528395436.888978 0.000137 0.000239 0.000588 123.432006
5.086256 1528395436.901327 0.000138 0.000239 0.000582 123.373502
5.098595 1528395436.913666 0.000136 0.000239 0.000585 123.284059
5.111114 1528395436.926185 0.000136 0.000239 0.000579 122.894684
5.123652 1528395436.938724 0.000137 0.000242 0.000588 123.320115
5.136554 1528395436.951625 0.000135 0.000238 0.000586 122.606174
5.149076 1528395436.964147 0.000137 0.000237 0.000588 122.530681
5.161311 1528395436.976382 0.000135 0.000241 0.000594 122.806035
5.174086 1528395436.989157 0.000136 0.000241 0.000599 122.824674
5.186556 1528395437.001627 0.000134 0.000237 0.000595 122.214514
5.198961 1528395437.014033 0.000137 0.000239 0.000594 122.575538
5.211294 1528395437.026366 0.000134 0.000240 0.000599 122.640778
5.223896 1528395437.038968 0.000134 0.000237 0.000593 122.085922
5.236317 1528395437.051388 0.000134 0.000237 0.000588 121.837608
5.248950 1528395437.064022 0.000135 0.000238 0.000588 122.366039
5.261429 1528395437.076501 0.000134 0.000234 0.000591 121.946810
5.273713 1528395437.088784 0.000134 0.000236 0.000585 121.827247
5.286464 1528395437.101536 0.000133 0.000234 0.000588 121.816324
5.298928 1528395437.113999 0.000133 0.000234 0.000589 121.687769
5.312531 1528395437.127602 0.000133 0.000232 0.000590 121.617082
5.324647 1528395437.139719 0.000134 0.000233 0.000587 121.546974
5.337186 1528395437.152257 0.000132 0.000232 0.000585 121.542578
5.350139 1528395437.165211 0.000133 0.000232 0.000578 121.259597
5.362235 1528395437.177306 0.000131 0.000233 0.000582 121.473438
5.373983 1528395437.189054 0.000134 0.000232 0.000587 121.686191
5.386576 1528395437.201647 0.000133 0.000237 0.000589 122.114612
5.399266 1528395437.214337 0.000133 0.000231 0.000588 121.741275
5.411538 1528395437.226609 0.000133 0.000231 0.000589 121.889133
5.424283 1528395437.239354 0.000133 0.000232 0.000582 121.926764
5.436528 1528395437.251599 0.000134 0.000230 0.000584 122.057583
5.449201 1528395437.264272 0.000134 0.000231 0.000583 122.138831
5.462280 1528395437.277351 0.000133 0.000231 0.000579 121.996508
5.475363 1528395437.290434 0.000134 0.000229 0.000581 121.887009
5.487461 1528395437.302532 0.000134 0.000231 0.000581 121.887110
5.499732 1528395437.314804 0.000134 0.000230 0.000581 121.992439
5.512604 1528395437.327675 0.000133 0.000231 0.000577 121.922646
5.524718 1528395437.339789 0.000135 0.000234 0.000580 121.722841
5.537277 1528395437.352348 0.000134 0.000232 0.000582 121.948060
5.549803 1528395437.364874 0.000134 0.000231 0.000585 122.043198
5.562928 1528395437.378000 0.000133 0.000233 0.000583 121.939879
5.575278 1528395437.390349 0.000133 0.000234 0.000581 121.904416
5.586710 1528395437.401781 0.000133 0.000232 0.000589 122.071581
5.598945 1528395437.414017 0.000133 0.000235 0.000583 121.795810
5.611555 1528395437.426626 0.000132 0.000233 0.000576 121.402107
5.623875 1528395437.438946 0.000133 0.000232 0.000577 121.508110
5.636474 1528395437.451545 0.000132 0.000235 0.000583 121.362883
5.649130 1528395437.464201 0.000132 0.000235 0.000582 121.164958
5.661534 1528395437.476605 0.000133 0.000233 0.000584 121.267704
5.674522 1528395437.489594 0.000133 0.000236 0.000587 121.448997
5.686767 1528395437.501838 0.000133 0.000236 0.000582 121.458472
5.699043 1528395437.514114 0.000131 0.000235 0.000581 121.189238
5.711504 1528395437.526576 0.000130 0.000231 0.000571 120.533033
5.725188 1528395437.540259 0.000130 0.000230 0.000570 120.369607
5.737427 1528395437.552498 0.000133 0.000229 0.000573 119.665202
5.749110 1528395437.564181 0.000134 0.000228 0.000570 119.151886
5.761253 1528395437.576324 0.000135 0.000226 0.000566 118.581887
5.775195 1528395437.590266 0.000137 0.000226 0.000561 117.987543
5.787742 1528395437.602814 0.000138 0.000224 0.000559 117.532411
5.799156 1528395437.614228 0.000138 0.000222 0.000561 116.983314
5.811622 1528395437.626693 0.000137 0.000220 0.000559 116.463314
5.824010 1528395437.639081 0.000136 0.000219 0.000562 116.132778
5.836650 1528395437.651721 0.000136 0.000217 0.000566 115.957776
5.849122 1528395437.664193 0.000138 0.000217 0.000567 116.072401
5.861295 1528395437.676366 0.000138 0.000217 0.000572 116.039533
5.874016 1528395437.689087 0.000140 0.000217 0.000560 116.093640
5.886320 1528395437.701391 0.000139 0.000218 0.000562 116.337963
5.898932 1528395437.714003 0.000140 0.000221 0.000558 116.253983
5.911668 1528395437.726739 0.000140 0.000220 0.000567 116.715386
5.924093 1528395437.739164 0.000139 0.000222 0.000565 117.005209
5.936812 1528395437.751884 0.000140 0.000220 0.000566 116.782447
5.949255 1528395437.764326 0.000139 0.000221 0.000562 116.931557
5.961631 1528395437.776702 0.000140 0.000221 0.000567 116.802268
5.974157 1528395437.789228 0.000138 0.000220 0.000561 116.385589
5.986717 1528395437.801788 0.000138 0.000219 0.000560 116.158385
5.999196 1528395437.814267 0.000137 0.000220 0.000555 115.797773
6.011418 1528395437.826489 0.000137 0.000218 0.000552 115.599899
6.025354 1528395437.840425 0.000137 0.000217 0.000561 115.714294
6.037491 1528395437.852563 0.000135 0.000216 0.000562 115.445197
6.049907 1528395437.864979 0.000138 0.000214 0.000557 114.847109
6.062329 1528395437.877400 0.000137 0.000213 0.000556 114.495302
6.074406 1528395437.889477 0.000137 0.000213 0.000566 114.438401
6.086819 1528395437.901890 0.000138 0.000211 0.000563 113.904605
6.099215 1528395437.914287 0.000137 0.000210 0.000573 114.099041
6.111598 1528395437.926670 0.000136 0.000209 0.000575 113.526382
6.124456 1528395437.939527 0.000135 0.000208 0.000580 113.202226
6.136711 1528395437.951782 0.000135 0.000207 0.000588 112.895912
6.149242 1528395437.964314 0.000133 0.000206 0.000598 112.744735
6.161723 1528395437.976795 0.000132 0.000205 0.000614 112.457139
6.174551 1528395437.989622 0.000134 0.000202 0.000619 112.086466
6.187036 1528395438.002107 0.000133 0.000201 0.000621 111.935151
6.199546 1528395438.014618 0.000133 0.000200 0.000629 111.742284
6.212277 1528395438.027348 0.000132 0.000198 0.000617 111.056415
6.224847 1528395438.039918 0.000130 0.000198 0.000641 111.166546
6.236890 1528395438.051961 0.000131 0.000196 0.000636 111.030047
6.249227 1528395438.064298 0.000131 0.000194 0.000640 110.597185
6.261754 1528395438.076825 0.000133 0.000191 0.000641 110.354527
6.274243 1528395438.089314 0.000132 0.000188 0.000637 109.700492
6.286904 1528395438.101975 0.000134 0.000186 0.000644 109.689071
6.299783 1528395438.114855 0.000133 0.000187 0.000656 109.836435
6.312169 1528395438.127240 0.000138 0.000188 0.000649 110.115062
6.324470 1528395438.139542 0.000138 0.000189 0.000649 110.385313
6.336478 1528395438.151550 0.000141 0.000189 0.000643 110.163433
6.348858 1528395438.163929 0.000142 0.000187 0.000632 110.092200
6.361330 1528395438.176401 0.000143 0.000188 0.000624 109.968516
6.374407 1528395438.189478 0.000143 0.000187 0.000643 110.471102
6.386504 1528395438.201575 0.000148 0.000185 0.000645 110.645539
6.398988 1528395438.214060 0.000147 0.000186 0.000664 111.302347
6.411692 1528395438.226763 0.000146 0.000185 0.000662 111.249612
6.424516 1528395438.239588 0.000146 0.000186 0.000667 111.449168
6.437070 1528395438.252141 0.000147 0.000186 0.000667 111.646737
6.449798 1528395438.264869 0.000145 0.000183 0.000671 111.900796
6.462906 1528395438.277977 0.000146 0.000183 0.000672 111.927997
6.474241 1528395438.289312 0.000145 0.000183 0.000672 112.047149
6.486427 1528395438.301498 0.000144 0.000183 0.000672 111.552740
6.498970 1528395438.314042 0.000145 0.000179 0.000680 111.286077
6.511389 1528395438.326460 0.000144 0.000180 0.000688 110.636797
6.523962 1528395438.339034 0.000140 0.000176 0.000692 110.232963
6.536498 1528395438.351569 0.000140 0.000175 0.000693 109.925464
6.549278 1528395438.364349 0.000139 0.000172 0.000700 109.532732
6.561590 1528395438.376661 0.000140 0.000170 0.000701 109.060190
6.574994 1528395438.390066 0.000141 0.000167 0.000711 108.722386
6.587461 1528395438.402532 0.000139 0.000165 0.000714 108.120165
6.599788 1528395438.414859 0.000142 0.000161 0.000706 107.124560
6.611841 1528395438.426912 0.000143 0.000159 0.000680 105.523593
6.624384 1528395438.439456 0.000143 0.000154 0.000667 104.364455
6.636670 1528395438.451741 0.000141 0.000156 0.000670 103.573573
6.649531 1528395438.464602 0.000139 0.000156 0.000690 103.190882
6.662370 1528395438.477442 0.000137 0.000157 0.000710 102.253840
6.674208 1528395438.489280 0.000137 0.000158 0.000728 101.392317
6.686385 1528395438.501456 0.000136 0.000158 0.000720 100.166451
6.699566 1528395438.514637 0.000137 0.000159 0.000715 99.015357
6.711062 1528395438.526134 0.000134 0.000159 0.000708 97.713068
6.724915 1528395438.539986 0.000133 0.000159 0.000717 96.909701
6.737558 1528395438.552629 0.000130 0.000160 0.000697 95.114390
6.749841 1528395438.564912 0.000129 0.000160 0.000707 94.248507
6.762603 1528395438.577674 0.000130 0.000160 0.000699 92.966062
6.774199 1528395438.589271 0.000130 0.000158 0.000707 91.989378
6.787176 1528395438.602248 0.000132 0.000157 0.000746 91.207239
6.799391 1528395438.614463 0.000133 0.000157 0.000726 90.159944
6.812556 1528395438.627627 0.000133 0.000157 0.000747 90.124787
6.824368 1528395438.639439 0.000132 0.000158 0.000756 89.788790
6.836808 1528395438.651879 0.000133 0.000159 0.000762 89.826904
6.849390 1528395438.664462 0.000134 0.000158 0.000759 89.951280
6.862755 1528395438.677826 0.000133 0.000158 0.000757 89.834173
6.875470 1528395438.690541 0.000133 0.000157 0.000755 90.144492
6.887986 1528395438.703057 0.000132 0.000156 0.000764 90.151717
6.899546 1528395438.714617 0.000131 0.000157 0.000766 90.053797
6.912379 1528395438.727450 0.000131 0.000156 0.000765 89.982100
6.924820 1528395438.739892 0.000129 0.000156 0.000768 89.683219
6.937129 1528395438.752200 0.000129 0.000155 0.000745 89.520111
6.949636 1528395438.764707 0.000129 0.000156 0.000757 89.306102
6.962355 1528395438.777427 0.000129 0.000155 0.000766 89.325419
6.974807 1528395438.789879 0.000128 0.000156 0.000756 89.060703
6.986974 1528395438.802046 0.000127 0.000155 0.000771 88.825720
6.999489 1528395438.814560 0.000127 0.000157 0.000765 88.653232
7.012539 1528395438.827610 0.000127 0.000158 0.000766 88.346360
7.024946 1528395438.840017 0.000127 0.000158 0.000773 88.366351
7.037586 1528395438.852658 0.000127 0.000157 0.000763 88.130562
7.049878 1528395438.864950 0.000128 0.000157 0.000758 87.927983
7.062316 1528395438.877388 0.000127 0.000157 0.000766 87.770861
7.074685 1528395438.889757 0.000127 0.000157 0.000749 87.358421
7.086963 1528395438.902035 0.000126 0.000158 0.000754 87.289077
7.099726 1528395438.914797 0.000126 0.000157 0.000751 86.963211
7.112391 1528395438.927462 0.000126 0.000157 0.000755 87.013103
7.124777 1528395438.939848 0.000126 0.000156 0.000759 87.007938
7.137157 1528395438.952229 0.000126 0.000158 0.000758 86.890953
7.149394 1528395438.964465 0.000127 0.000154 0.000715 87.199052
7.161973 1528395438.977045 0.000126 0.000155 0.000720 87.129955
7.174612 1528395438.989683 0.000126 0.000155 0.000713 87.008801
7.186978 1528395439.002049 0.000126 0.000155 0.000712 87.101901
7.199491 1528395439.014562 0.000125 0.000157 0.000765 86.687316
7.211812 1528395439.026883 0.000125 0.000158 0.000765 86.816636
7.224511 1528395439.039582 0.000125 0.000158 0.000768 87.390514
7.238046 1528395439.053118 0.000125 0.000160 0.000767 87.681320
7.250603 1528395439.065674 0.000126 0.000159 0.000771 88.210983
7.263039 1528395439.078110 0.000125 0.000160 0.000784 88.448136
7.275000 1528395439.090071 0.000126 0.000160 0.000798 88.786336
7.287386 1528395439.102458 0.000128 0.000158 0.000792 89.188973
7.299403 1528395439.114474 0.000128 0.000158 0.000794 89.674177
7.311204 1528395439.126275 0.000128 0.000156 0.000799 90.170332
7.323802 1528395439.138873 0.000129 0.000156 0.000791 90.355290
7.336458 1528395439.151530 0.000129 0.000154 0.000788 90.839132
7.349807 1528395439.164878 0.000131 0.000154 0.000781 91.036218
7.362833 1528395439.177904 0.000131 0.000152 0.000781 91.063085
7.375166 1528395439.190238 0.000132 0.000152 0.000780 90.912170
7.387886 1528395439.202957 0.000133 0.000151 0.000779 90.857880
7.399764 1528395439.214835 0.000133 0.000150 0.000780 90.689380
7.413199 1528395439.228270 0.000133 0.000151 0.000785 90.643918
7.425303 1528395439.240375 0.000133 0.000151 0.000788 90.336426
7.437504 1528395439.252575 0.000133 0.000151 0.000783 90.115755
7.449277 1528395439.264349 0.000133 0.000150 0.000777 89.828335
7.461942 1528395439.277013 0.000133 0.000151 0.000788 89.311301
7.474594 1528395439.289665 0.000132 0.000150 0.000773 89.236531
7.487393 1528395439.302464 0.000133 0.000151 0.000764 88.662590
7.499800 1528395439.314871 0.000132 0.000150 0.000769 88.239971
7.511939 1528395439.327010 0.000132 0.000148 0.000727 88.515159
7.524863 1528395439.339935 0.000132 0.000149 0.000720 87.968689
7.537126 1528395439.352197 0.000132 0.000150 0.000764 87.110027
7.550211 1528395439.365282 0.000132 0.000151 0.000763 86.804859
7.562466 1528395439.377537 0.000132 0.000151 0.000764 86.764475
7.575278 1528395439.390350 0.000132 0.000150 0.000769 86.589500
7.587665 1528395439.402736 0.000131 0.000152 0.000771 86.124647
7.599416 1528395439.414487 0.000131 0.000153 0.000774 85.977583
7.611811 1528395439.426882 0.000131 0.000153 0.000773 85.755390
7.624389 1528395439.439460 0.000130 0.000154 0.000765 85.548542
7.637191 1528395439.452262 0.000130 0.000154 0.000788 85.487162
7.649475 1528395439.464546 0.000129 0.000154 0.000778 85.402581
7.662597 1528395439.477669 0.000129 0.000155 0.000774 85.024549
7.674787 1528395439.489858 0.000130 0.000154 0.000769 84.996114
7.686904 1528395439.501975 0.000129 0.000154 0.000776 84.842623
7.699820 1528395439.514891 0.000128 0.000155 0.000785 84.549386
7.712322 1528395439.527393 0.000129 0.000155 0.000782 84.531037
7.724894 1528395439.539965 0.000128 0.000155 0.000784 84.368709
7.737138 1528395439.552209 0.000128 0.000155 0.000779 84.159137
7.749462 1528395439.564533 0.000128 0.000157 0.000783 84.078872
7.762356 1528395439.577427 0.000128 0.000157 0.000779 84.785437
7.774947 1528395439.590019 0.000129 0.000157 0.000780 85.102226
7.787184 1528395439.602255 0.000128 0.000158 0.000778 85.399979
7.799607 1528395439.614678 0.000130 0.000159 0.000784 85.972970
7.812105 1528395439.627176 0.000129 0.000159 0.000792 87.218636
7.824393 1528395439.639464 0.000131 0.000159 0.000793 88.295592
7.837423 1528395439.652494 0.000133 0.000159 0.000792 89.234060
7.849491 1528395439.664562 0.000135 0.000158 0.000794 90.464696
7.861976 1528395439.677047 0.000137 0.000156 0.000793 91.444090
7.874439 1528395439.689510 0.000138 0.000157 0.000782 92.202554
7.886651 1528395439.701722 0.000140 0.000156 0.000768 92.781994
7.898738 1528395439.713809 0.000141 0.000156 0.000778 93.060584
7.911397 1528395439.726469 0.000144 0.000154 0.000756 94.072831
7.923834 1528395439.738906 0.000145 0.000153 0.000743 94.272819
7.936344 1528395439.751416 0.000145 0.000153 0.000743 94.421412
7.949108 1528395439.764179 0.000145 0.000153 0.000743 94.526685
7.961381 1528395439.776453 0.000146 0.000152 0.000743 94.639754
7.974884 1528395439.789955 0.000144 0.000154 0.000742 94.712561
7.986923 1528395439.801994 0.000143 0.000155 0.000739 94.573699
7.999569 1528395439.814641 0.000141 0.000155 0.000746 94.429636
8.011750 1528395439.826821 0.000140 0.000155 0.000732 94.070615
8.024415 1528395439.839486 0.000138 0.000156 0.000736 93.767506
8.036973 1528395439.852044 0.000137 0.000156 0.000714 93.494216
8.049665 1528395439.864736 0.000137 0.000156 0.000712 93.070242
8.061960 1528395439.877032 0.000137 0.000163 0.000711 92.761676
8.074785 1528395439.889856 0.000134 0.000156 0.000715 92.016615
8.087125 1528395439.902196 0.000133 0.000157 0.000714 91.197849
8.099276 1528395439.914347 0.000132 0.000156 0.000716 90.946174
8.112120 1528395439.927191 0.000131 0.000156 0.000714 90.267013
8.124460 1528395439.939532 0.000131 0.000155 0.000718 89.894949
8.136796 1528395439.951868 0.000131 0.000156 0.000721 89.571549
8.149528 1528395439.964599 0.000131 0.000155 0.000724 89.332016
8.161999 1528395439.977070 0.000130 0.000156 0.000729 89.209008
8.174282 1528395439.989354 0.000129 0.000156 0.000729 88.774925
8.186864 1528395440.001935 0.000128 0.000157 0.000760 88.355532
8.199346 1528395440.014417 0.000128 0.000159 0.000758 88.198698
8.211874 1528395440.026945 0.000129 0.000157 0.000748 87.587720
8.225196 1528395440.040267 0.000129 0.000157 0.000746 87.462841
8.238145 1528395440.053216 0.000130 0.000158 0.000706 87.099673
8.250281 1528395440.065352 0.000130 0.000161 0.000767 86.460215
8.262768 1528395440.077839 0.000130 0.000162 0.000773 85.934878
8.274577 1528395440.089649 0.000129 0.000163 0.000763 85.911221
8.287026 1528395440.102097 0.000128 0.000164 0.000774 85.603497
8.299206 1528395440.114277 0.000128 0.000164 0.000767 85.358732
8.311883 1528395440.126954 0.000128 0.000164 0.000764 85.188367
8.324402 1528395440.139473 0.000127 0.000164 0.000769 85.004405
8.336662 1528395440.151733 0.000127 0.000163 0.000764 84.659670
8.348922 1528395440.163993 0.000126 0.000163 0.000772 84.690528
8.361567 1528395440.176638 0.000126 0.000164 0.000772 84.401470
8.375508 1528395440.190579 0.000126 0.000164 0.000760 83.921889
8.387765 1528395440.202836 0.000126 0.000164 0.000774 83.856924
8.400555 1528395440.215627 0.000125 0.000164 0.000780 83.505888
8.412710 1528395440.227781 0.000126 0.000162 0.000769 83.576105
8.424746 1528395440.239817 0.000126 0.000162 0.000773 83.140362
8.437051 1528395440.252122 0.000126 0.000161 0.000776 82.913141
8.450192 1528395440.265263 0.000125 0.000162 0.000772 82.809743
8.463161 1528395440.278232 0.000126 0.000160 0.000776 82.615545
8.475693 1528395440.290764 0.000125 0.000159 0.000784 82.266745
8.487406 1528395440.302477 0.000126 0.000158 0.000779 82.152637
8.499600 1528395440.314671 0.000127 0.000156 0.000766 81.878268
8.512030 1528395440.327101 0.000126 0.000156 0.000782 81.696085
8.524417 1528395440.339489 0.000126 0.000155 0.000778 81.502087
8.537060 1528395440.352131 0.000126 0.000155 0.000776 81.316395
8.550044 1528395440.365116 0.000127 0.000153 0.000761 81.049666
8.562318 1528395440.377389 0.000126 0.000152 0.000770 80.962335
8.574319 1528395440.389390 0.000127 0.000148 0.000756 80.352556
8.586737 1528395440.401809 0.000127 0.000151 0.000755 80.609002
8.599563 1528395440.414635 0.000127 0.000155 0.000778 81.515846
8.612057 1528395440.427128 0.000129 0.000157 0.000781 81.961600
8.624880 1528395440.439951 0.000130 0.000157 0.000783 82.121775
8.637277 1528395440.452348 0.000131 0.000158 0.000789 82.539059
8.650218 1528395440.465290 0.000130 0.000157 0.000786 82.781616
8.662409 1528395440.477481 0.000129 0.000158 0.000785 83.504184
8.674787 1528395440.489858 0.000129 0.000163 0.000790 84.523522
8.687234 1528395440.502306 0.000128 0.000164 0.000793 85.445756
8.699811 1528395440.514883 0.000128 0.000165 0.000785 85.624230
8.712485 1528395440.527557 0.000128 0.000163 0.000797 85.855973
8.724897 1528395440.539968 0.000128 0.000162 0.000789 85.968069
8.737497 1528395440.552568 0.000129 0.000161 0.000782 86.326085
8.749633 1528395440.564704 0.000128 0.000159 0.000783 86.426959
8.762321 1528395440.577392 0.000129 0.000157 0.000774 86.537840
8.775537 1528395440.590608 0.000128 0.000157 0.000781 86.691599
8.788144 1528395440.603215 0.000129 0.000156 0.000775 86.684372
8.800503 1528395440.615575 0.000128 0.000154 0.000778 86.529232
8.812688 1528395440.627760 0.000128 0.000153 0.000769 86.379453
8.825659 1528395440.640730 0.000128 0.000153 0.000778 86.301102
8.837976 1528395440.653047 0.000127 0.000154 0.000778 86.052217
8.849366 1528395440.664437 0.000127 0.000155 0.000774 85.917965
8.861855 1528395440.676926 0.000126 0.000155 0.000781 85.811147
8.874539 1528395440.689611 0.000126 0.000154 0.000789 85.773878
8.887259 1528395440.702331 0.000126 0.000156 0.000780 85.396475
8.900051 1528395440.715122 0.000126 0.000155 0.000774 85.145413
8.912179 1528395440.727250 0.000126 0.000157 0.000787 84.841260
8.924389 1528395440.739460 0.000135 0.000156 0.000788 84.654396
8.937346 1528395440.752418 0.000125 0.000158 0.000785 83.959616
8.949373 1528395440.764444 0.000125 0.000157 0.000784 83.937719
8.962445 1528395440.777516 0.000124 0.000158 0.000775 83.492704
8.974551 1528395440.789622 0.000124 0.000156 0.000780 83.051991
8.986975 1528395440.802047 0.000124 0.000156 0.000778 82.725682
9.000366 1528395440.815438 0.000125 0.000154 0.000775 82.299662
9.012735 1528395440.827806 0.000125 0.000152 0.000779 81.891540
9.024792 1528395440.839864 0.000125 0.000150 0.000777 81.463556
9.036821 1528395440.851892 0.000124 0.000151 0.000792 81.256304
9.049327 1528395440.864398 0.000125 0.000150 0.000800 81.046604
9.061747 1528395440.876819 0.000126 0.000148 0.000785 80.755290
9.074148 1528395440.889219 0.000126 0.000146 0.000768 80.379399
9.087734 1528395440.902805 0.000125 0.000146 0.000783 80.278390
9.099891 1528395440.914962 0.000126 0.000145 0.000774 80.068741
9.112478 1528395440.927549 0.000128 0.000144 0.000742 79.878580
9.124945 1528395440.940017 0.000127 0.000143 0.000772 79.890028
9.137084 1528395440.952156 0.000127 0.000142 0.000768 79.766933
9.149283 1528395440.964354 0.000128 0.000140 0.000764 79.626061
9.161688 1528395440.976759 0.000128 0.000140 0.000759 79.569553
9.174720 1528395440.989792 0.000128 0.000140 0.000762 79.487156
9.187015 1528395441.002086 0.000128 0.000140 0.000768 79.506709
9.199338 1528395441.014409 0.000129 0.000139 0.000762 79.454051
9.211764 1528395441.026835 0.000129 0.000139 0.000770 79.397427
9.224349 1528395441.039421 0.000128 0.000140 0.000764 79.290025
9.236467 1528395441.051539 0.000128 0.000139 0.000763 79.173550
9.249064 1528395441.064136 0.000128 0.000139 0.000780 79.046836
9.261810 1528395441.076881 0.000128 0.000139 0.000769 78.710758
9.274163 1528395441.089235 0.000128 0.000138 0.000783 78.703203
9.286848 1528395441.101920 0.000128 0.000138 0.000757 78.292651
9.299173 1528395441.114244 0.000128 0.000137 0.000762 78.253583
9.311841 1528395441.126912 0.000127 0.000136 0.000772 78.182290
9.324267 1528395441.139338 0.000127 0.000137 0.000760 78.188513
9.336608 1528395441.151680 0.000127 0.000136 0.000738 77.789453
9.349321 1528395441.164392 0.000127 0.000136 0.000739 77.696102
9.361835 1528395441.176906 0.000127 0.000136 0.000737 77.529666
9.374294 1528395441.189365 0.000125 0.000137 0.000727 77.256355
9.386667 1528395441.201738 0.000122 0.000138 0.000752 77.361015
9.399164 1528395441.214236 0.000120 0.000138 0.000758 77.736311
9.411847 1528395441.226919 0.000120 0.000139 0.000758 77.828959
9.424254 1528395441.239325 0.000120 0.000139 0.000761 77.923373
9.436797 1528395441.251868 0.000119 0.000137 0.000772 77.964523
9.449112 1528395441.264183 0.000119 0.000137 0.000759 77.825880
9.461643 1528395441.276714 0.000118 0.000137 0.000759 77.667227
9.474342 1528395441.289413 0.000118 0.000137 0.000752 77.582370
9.486620 1528395441.301692 0.000118 0.000137 0.000761 77.352318
9.498960 1528395441.314032 0.000118 0.000137 0.000764 77.385837
9.511571 1528395441.326643 0.000118 0.000137 0.000761 77.211268
9.525478 1528395441.340549 0.000117 0.000136 0.000774 77.300519
9.537775 1528395441.352847 0.000117 0.000135 0.000769 77.235896
9.550122 1528395441.365193 0.000117 0.000136 0.000763 77.092426
9.563036 1528395441.378108 0.000117 0.000135 0.000767 77.189364
9.575351 1528395441.390422 0.000118 0.000136 0.000765 76.990749
9.587570 1528395441.402641 0.000118 0.000136 0.000759 76.943155
9.599486 1528395441.414557 0.000117 0.000134 0.000766 77.009306
9.612231 1528395441.427302 0.000118 0.000135 0.000760 76.842541
9.624712 1528395441.439783 0.000118 0.000136 0.000766 76.726417
9.637262 1528395441.452333 0.000117 0.000135 0.000773 76.695785
9.649873 1528395441.464945 0.000117 0.000134 0.000766 76.546665
9.662497 1528395441.477569 0.000116 0.000135 0.000770 76.579583
9.675195 1528395441.490267 0.000117 0.000134 0.000765 76.548719
9.687246 1528395441.502317 0.000117 0.000134 0.000771 76.471650
9.699790 1528395441.514862 0.000116 0.000134 0.000776 76.411068
9.712667 1528395441.527739 0.000116 0.000134 0.000782 76.425510
9.725042 1528395441.540113 0.000116 0.000134 0.000785 76.293753
9.737484 1528395441.552556 0.000116 0.000134 0.000780 76.396557
9.750240 1528395441.565311 0.000117 0.000134 0.000782 76.366958
9.762709 1528395441.577781 0.000116 0.000134 0.000781 76.233474
9.775357 1528395441.590429 0.000116 0.000134 0.000785 76.189341
9.787194 1528395441.602266 0.000116 0.000134 0.000786 76.190802
9.799611 1528395441.614683 0.000116 0.000134 0.000791 76.208568
9.812733 1528395441.627804 0.000116 0.000134 0.000784 76.065106
9.825285 1528395441.640356 0.000117 0.000134 0.000770 75.646856
9.837864 1528395441.652936 0.000116 0.000134 0.000778 75.630660
9.850476 1528395441.665548 0.000116 0.000134 0.000776 75.859240
9.862221 1528395441.677292 0.000117 0.000133 0.000781 75.839356
9.874520 1528395441.689591 0.000116 0.000134 0.000784 75.655258
9.888168 1528395441.703240 0.000117 0.000134 0.000788 75.695359
9.899858 1528395441.714930 0.000116 0.000134 0.000798 75.548494
9.912122 1528395441.727193 0.000116 0.000133 0.000804 75.572534
9.924598 1528395441.739670 0.000116 0.000133 0.000804 75.169925
9.937290 1528395441.752361 0.000116 0.000134 0.000807 75.363043
9.949367 1528395441.764439 0.000117 0.000134 0.000797 75.418362
9.962222 1528395441.777294 0.000117 0.000134 0.000805 75.430967
9.974642 1528395441.789713 0.000116 0.000134 0.000811 75.356534
9.987252 1528395441.802323 0.000117 0.000134 0.000802 75.409555
10.000499 1528395441.815571 0.000117 0.000134 0.000807 75.399460
10.012120 1528395441.827192 0.000119 0.000137 0.000809 75.066318
10.024756 1528395441.839827 0.000119 0.000136 0.000807 75.169305
10.037233 1528395441.852305 0.000120 0.000146 0.000807 75.095050
10.049410 1528395441.864482 0.000119 0.000137 0.000809 75.162491
10.062083 1528395441.877154 0.000118 0.000137 0.000801 74.959409
10.074670 1528395441.889741 0.000119 0.000138 0.000809 75.165713
10.087370 1528395441.902442 0.000119 0.000138 0.000800 74.974774
10.099643 1528395441.914714 0.000119 0.000138 0.000804 74.949091
10.113266 1528395441.928338 0.000119 0.000138 0.000804 75.115029
10.124704 1528395441.939775 0.000120 0.000138 0.000798 74.839660
10.137117 1528395441.952188 0.000124 0.000138 0.000794 74.093484
10.149457 1528395441.964528 0.000126 0.000138 0.000808 73.893827
10.161992 1528395441.977064 0.000126 0.000138 0.000811 74.064420
10.174711 1528395441.989783 0.000124 0.000137 0.000814 74.267183
10.187454 1528395442.002525 0.000123 0.000138 0.000817 74.271179
10.199975 1528395442.015046 0.000123 0.000139 0.000809 73.889507
10.212315 1528395442.027387 0.000123 0.000139 0.000810 73.794199
10.226025 1528395442.041096 0.000122 0.000140 0.000815 73.645278
10.237221 1528395442.052292 0.000122 0.000139 0.000813 73.822761
10.250314 1528395442.065386 0.000122 0.000140 0.000811 73.818621
10.262832 1528395442.077904 0.000123 0.000138 0.000809 73.874930
10.275218 1528395442.090289 0.000123 0.000138 0.000811 74.085169
10.288173 1528395442.103245 0.000123 0.000138 0.000795 73.690166
10.300010 1528395442.115082 0.000123 0.000137 0.000809 73.660496
10.312766 1528395442.127837 0.000122 0.000138 0.000813 73.754939
10.325097 1528395442.140168 0.000122 0.000137 0.000808 73.476721
10.338625 1528395442.153697 0.000122 0.000136 0.000796 73.417533
10.350011 1528395442.165082 0.000122 0.000137 0.000788 73.422846
10.362546 1528395442.177617 0.000122 0.000137 0.000797 73.293086
10.374979 1528395442.190050 0.000122 0.000137 0.000783 73.050858
10.387327 1528395442.202399 0.000122 0.000137 0.000783 73.173424
10.400024 1528395442.215096 0.000122 0.000137 0.000793 73.073020
10.412681 1528395442.227752 0.000121 0.000136 0.000785 73.020783
10.424704 1528395442.239776 0.000121 0.000136 0.000804 72.988494
10.437490 1528395442.252561 0.000122 0.000136 0.000789 72.919917
10.449902 1528395442.264973 0.000121 0.000136 0.000805 72.998098
10.462747 1528395442.277818 0.000121 0.000136 0.000786 72.491864
10.475338 1528395442.290409 0.000121 0.000136 0.000796 72.784858
10.487838 1528395442.302910 0.000121 0.000136 0.000790 72.631110
10.499902 1528395442.314973 0.000121 0.000136 0.000786 72.535601
10.512332 1528395442.327404 0.000121 0.000136 0.000793 72.618108
10.525051 1528395442.340122 0.000121 0.000136 0.000787 72.598026
10.537572 1528395442.352643 0.000120 0.000136 0.000809 72.630141
10.550275 1528395442.365346 0.000121 0.000136 0.000784 72.431737
10.562543 1528395442.377614 0.000121 0.000136 0.000782 72.411748
10.575245 1528395442.390316 0.000121 0.000135 0.000788 72.500475
10.587536 1528395442.402607 0.000121 0.000135 0.000785 72.410829
10.600004 1528395442.415076 0.000121 0.000136 0.000780 72.395864
10.612643 1528395442.427714 0.000121 0.000136 0.000784 72.333576
10.625147 1528395442.440219 0.000121 0.000136 0.000786 72.523646
10.637587 1528395442.452658 0.000122 0.000136 0.000797 72.749544
10.649737 1528395442.464808 0.000121 0.000136 0.000789 72.457187
10.662088 1528395442.477160 0.000121 0.000136 0.000790 72.505240
10.674377 1528395442.489448 0.000121 0.000136 0.000780 72.462046
10.686984 1528395442.502055 0.000122 0.000136 0.000786 72.782993
10.699484 1528395442.514555 0.000121 0.000136 0.000798 72.799090
10.713458 1528395442.528530 0.000122 0.000136 0.000788 72.883638
10.726106 1528395442.541178 0.000121 0.000136 0.000797 72.980777
10.738648 1528395442.553719 0.000121 0.000137 0.000798 73.176698
10.750966 1528395442.566037 0.000122 0.000137 0.000790 73.024984
10.762629 1528395442.577700 0.000123 0.000136 0.000810 73.464985
10.775406 1528395442.590477 0.000122 0.000135 0.000822 74.210954
10.787098 1528395442.602169 0.000124 0.000135 0.000835 74.552822
10.799960 1528395442.615032 0.000126 0.000136 0.000831 74.700028
10.812951 1528395442.628022 0.000127 0.000136 0.000830 75.071019
10.825115 1528395442.640187 0.000128 0.000137 0.000814 75.016822
10.837508 1528395442.652579 0.000130 0.000137 0.000804 74.958994
10.850522 1528395442.665593 0.000128 0.000137 0.000805 74.766448
10.862485 1528395442.677556 0.000129 0.000137 0.000805 74.682482
10.874886 1528395442.689957 0.000129 0.000137 0.000810 74.571096
10.887856 1528395442.702928 0.000128 0.000137 0.000795 74.411885
10.899873 1528395442.714944 0.000129 0.000137 0.000778 74.075388
10.912831 1528395442.727902 0.000129 0.000139 0.000786 73.854603
10.924937 1528395442.740009 0.000128 0.000138 0.000785 73.792412
10.937828 1528395442.752899 0.000126 0.000139 0.000773 73.553837
10.950149 1528395442.765220 0.000125 0.000139 0.000766 73.568892
10.962637 1528395442.777709 0.000125 0.000140 0.000759 73.574827
10.974867 1528395442.789938 0.000124 0.000140 0.000769 73.644604
10.987738 1528395442.802809 0.000124 0.000138 0.000778 73.813269
11.000722 1528395442.815793 0.000127 0.000137 0.000760 73.559042
11.013955 1528395442.829026 0.000128 0.000138 0.000741 73.094888
11.026344 1528395442.841415 0.000127 0.000138 0.000743 73.453889
11.037115 1528395442.852186 0.000127 0.000138 0.000751 73.800504
11.049519 1528395442.864591 0.000125 0.000138 0.000761 73.825855
11.063179 1528395442.878250 0.000124 0.000138 0.000776 73.844844
11.075321 1528395442.890392 0.000124 0.000138 0.000766 73.795414
11.087812 1528395442.902884 0.000124 0.000137 0.000763 73.677350
11.100211 1528395442.915283 0.000124 0.000138 0.000753 73.396922
11.113181 1528395442.928252 0.000125 0.000138 0.000757 73.215794
11.125277 1528395442.940349 0.000126 0.000137 0.000735 72.890435
11.138250 1528395442.953321 0.000125 0.000138 0.000730 72.647052
11.150467 1528395442.965539 0.000125 0.000137 0.000737 72.201817
11.163422 1528395442.978493 0.000124 0.000137 0.000747 72.327120
11.174756 1528395442.989827 0.000124 0.000137 0.000737 72.041517
11.187258 1528395443.002329 0.000125 0.000137 0.000721 72.046219
11.199749 1528395443.014820 0.000124 0.000136 0.000748 72.108803
11.212311 1528395443.027382 0.000124 0.000137 0.000734 72.237578
11.224575 1528395443.039647 0.000124 0.000136 0.000730 72.134163
11.237416 1528395443.052487 0.000125 0.000137 0.000699 71.591374
11.249491 1528395443.064562 0.000124 0.000136 0.000720 71.540051
11.262226 1528395443.077298 0.000124 0.000136 0.000721 71.438046
11.274639 1528395443.089710 0.000125 0.000138 0.000720 71.434281
11.287332 1528395443.102404 0.000124 0.000136 0.000737 71.314342
11.300537 1528395443.115609 0.000123 0.000136 0.000740 71.073120
11.313194 1528395443.128265 0.000124 0.000137 0.000737 71.093643
11.325796 1528395443.140867 0.000124 0.000136 0.000737 70.728582
11.338309 1528395443.153381 0.000123 0.000137 0.000749 70.771779
11.351145 1528395443.166216 0.000124 0.000136 0.000748 70.636211
11.363628 1528395443.178699 0.000124 0.000136 0.000732 70.148752
11.375609 1528395443.190680 0.000124 0.000135 0.000709 69.313041
11.387354 1528395443.202426 0.000124 0.000135 0.000741 69.889611
11.399913 1528395443.214984 0.000123 0.000134 0.000729 69.172333
11.412287 1528395443.227358 0.000124 0.000134 0.000723 69.242652
11.424486 1528395443.239558 0.000125 0.000135 0.000730 69.563401
11.437258 1528395443.252329 0.000124 0.000135 0.000734 69.710113
11.449745 1528395443.264816 0.000122 0.000134 0.000739 69.927217
11.462513 1528395443.277584 0.000119 0.000136 0.000742 69.752013
11.474518 1528395443.289589 0.000118 0.000136 0.000758 70.101938
11.487114 1528395443.302186 0.000117 0.000137 0.000757 69.668042
11.499653 1528395443.314725 0.000118 0.000137 0.000760 69.879216
11.512343 1528395443.327414 0.000118 0.000137 0.000765 70.099740
11.525062 1528395443.340134 0.000118 0.000137 0.000760 70.023686
11.537464 1528395443.352535 0.000118 0.000137 0.000766 69.892373
11.549685 1528395443.364756 0.000118 0.000137 0.000791 69.994065
11.562444 1528395443.377515 0.000119 0.000137 0.000773 69.830722
11.575154 1528395443.390225 0.000118 0.000137 0.000778 69.804865
11.587365 1528395443.402436 0.000119 0.000136 0.000774 69.566132
11.600487 1528395443.415558 0.000120 0.000135 0.000756 68.957668
11.612437 1528395443.427508 0.000120 0.000137 0.000773 69.637736
11.625015 1528395443.440087 0.000120 0.000137 0.000779 69.480241
11.637713 1528395443.452784 0.000120 0.000137 0.000770 69.296817
11.650228 1528395443.465299 0.000120 0.000136 0.000758 69.074999
11.663387 1528395443.478458 0.000120 0.000137 0.000769 69.357402
11.675175 1528395443.490246 0.000121 0.000137 0.000763 69.106662
11.687928 1528395443.502999 0.000121 0.000136 0.000739 68.523557
11.700051 1528395443.515122 0.000121 0.000138 0.000753 69.122744
11.712402 1528395443.527473 0.000121 0.000137 0.000749 68.661652
11.725015 1528395443.540087 0.000122 0.000136 0.000734 68.125387
11.737265 1528395443.552336 0.000122 0.000138 0.000740 68.423194
11.749915 1528395443.564987 0.000122 0.000137 0.000745 68.510576
11.763195 1528395443.578266 0.000122 0.000137 0.000729 68.169307
11.775628 1528395443.590699 0.000122 0.000137 0.000744 68.394933
11.788188 1528395443.603259 0.000122 0.000136 0.000717 67.490347
11.800630 1528395443.615701 0.000122 0.000137 0.000745 68.302105
11.812741 1528395443.627812 0.000122 0.000136 0.000727 67.607017
11.824783 1528395443.639854 0.000122 0.000135 0.000725 67.555941
11.837334 1528395443.652405 0.000122 0.000136 0.000728 67.860078
11.850072 1528395443.665144 0.000122 0.000137 0.000733 67.996366
11.862478 1528395443.677549 0.000122 0.000137 0.000735 67.965627
11.875092 1528395443.690164 0.000122 0.000135 0.000721 67.287297
11.887674 1528395443.702745 0.000122 0.000135 0.000723 67.415594
11.900248 1528395443.715319 0.000122 0.000136 0.000736 67.607234
11.912696 1528395443.727767 0.000122 0.000135 0.000714 67.001910
11.925295 1528395443.740366 0.000123 0.000137 0.000729 67.660019
11.937477 1528395443.752548 0.000122 0.000135 0.000723 67.099185
11.949894 1528395443.764966 0.000122 0.000136 0.000727 67.350968
11.962527 1528395443.777599 0.000122 0.000137 0.000724 67.356463
11.974502 1528395443.789573 0.000122 0.000137 0.000731 67.454287
11.986966 1528395443.802037 0.000122 0.000137 0.000723 67.389074
11.999557 1528395443.814628 0.000122 0.000137 0.000733 67.505050
12.012110 1528395443.827181 0.000123 0.000136 0.000727 67.331723
12.024731 1528395443.839803 0.000124 0.000136 0.000722 67.261188
12.036750 1528395443.851821 0.000123 0.000135 0.000697 66.437882
12.049397 1528395443.864468 0.000123 0.000137 0.000712 67.009987
12.062292 1528395443.877363 0.000123 0.000135 0.000695 66.228432
12.074655 1528395443.889726 0.000124 0.000136 0.000711 66.815310
12.088540 1528395443.903611 0.000123 0.000139 0.000714 66.724148
12.100851 1528395443.915922 0.000123 0.000142 0.000711 65.696645
12.113580 1528395443.928651 0.000123 0.000143 0.000727 65.986480
12.126116 1528395443.941188 0.000125 0.000142 0.000727 66.094805
12.138913 1528395443.953985 0.000126 0.000142 0.000755 66.970703
12.151438 1528395443.966509 0.000126 0.000141 0.000776 67.666301
12.163696 1528395443.978768 0.000126 0.000140 0.000787 68.207336
12.175597 1528395443.990669 0.000127 0.000138 0.000769 67.960061
12.187484 1528395444.002555 0.000127 0.000138 0.000782 68.231378
12.200162 1528395444.015233 0.000128 0.000137 0.000774 67.875672
12.213304 1528395444.028375 0.000129 0.000136 0.000764 67.588103
12.226034 1528395444.041106 0.000128 0.000137 0.000762 67.618871
12.238456 1528395444.053527 0.000129 0.000136 0.000756 67.604370
12.249928 1528395444.064999 0.000129 0.000136 0.000751 67.263547
12.263244 1528395444.078315 0.000130 0.000135 0.000750 67.222263
12.275858 1528395444.090929 0.000130 0.000136 0.000745 66.905622
