-6.842645 1528201023.497324 0.000172 0.000931 0.001422 111.248153
-6.830347 1528201023.509622 0.000476 0.000569 0.001580 86.060257
-6.817883 1528201023.522086 0.000264 0.000395 0.000900 46.568226
-6.805857 1528201023.534112 0.000243 0.000298 0.001226 29.856173
-6.793477 1528201023.546492 0.000128 0.000330 0.001147 22.790210
-6.780805 1528201023.559164 0.000169 0.000548 0.000758 25.647956
-6.767426 1528201023.572542 0.000106 0.000438 0.000847 70.588596
-6.755127 1528201023.584842 0.000129 0.000218 0.000479 43.534742
-6.741891 1528201023.598077 0.000036 0.000125 0.000174 34.211968
-6.729653 1528201023.610315 0.000042 0.000068 0.000152 108.233797
-6.718549 1528201023.621419 0.000013 0.000029 0.000329 109.009763
-6.331021 1528201024.008948 0.000004 0.000009 0.000022 90.802267
-6.318489 1528201024.021479 0.000053 0.000129 0.000242 44.407527
-6.304365 1528201024.035604 0.000000 0.000007 0.000148 51.894977
-6.280222 1528201024.059746 0.000002 0.000017 0.000080 56.856476
-6.268389 1528201024.071579 0.000040 0.000462 0.001052 69.040359
-6.255520 1528201024.084448 0.000269 0.000966 0.001267 87.526780
-6.242683 1528201024.097286 0.000326 0.000405 0.000684 117.490336
-6.230434 1528201024.109535 0.000179 0.000245 0.001010 147.057247
-6.218221 1528201024.121747 0.000171 0.000250 0.001245 146.507141
-6.205547 1528201024.134422 0.000091 0.000818 0.000988 130.860860
-6.193260 1528201024.146708 0.000276 0.000836 0.000960 109.879726
-6.180362 1528201024.159607 0.000239 0.000379 0.000627 163.857007
-6.167442 1528201024.172526 0.000232 0.000486 0.000941 133.534095
-6.155178 1528201024.184791 0.000336 0.000552 0.000998 156.231566
-6.143016 1528201024.196953 0.000184 0.000605 0.001334 116.451015
-6.130354 1528201024.209614 0.000302 0.000485 0.000677 30.867855
-6.118033 1528201024.221936 0.000133 0.000352 0.000699 26.106506
-6.105445 1528201024.234524 0.000189 0.000315 0.001130 57.717726
-6.092922 1528201024.247046 0.000109 0.000281 0.001107 41.745155
-6.080717 1528201024.259252 0.000083 0.000343 0.001297 90.828435
-6.068072 1528201024.271896 0.000231 0.000409 0.000805 90.330561
-6.055171 1528201024.284797 0.000110 0.000179 0.000761 57.737418
-6.043060 1528201024.296909 0.000116 0.000140 0.001011 62.469120
-6.029782 1528201024.310187 0.000075 0.000187 0.001034 64.209889
-6.017420 1528201024.322548 0.000091 0.000217 0.000996 79.820866
-6.004873 1528201024.335096 0.000172 0.000296 0.001959 93.608197
-5.992591 1528201024.347378 0.000182 0.000416 0.000848 64.404897
-5.980788 1528201024.359180 0.000060 0.000266 0.000485 61.999536
-5.967772 1528201024.372197 0.000105 0.000179 0.001406 50.145931
-5.956065 1528201024.383903 0.000096 0.000395 0.001318 50.533732
-5.943461 1528201024.396507 0.000102 0.000900 0.001086 80.668100
-5.930974 1528201024.408994 0.000374 0.000820 0.001449 97.958313
-5.918633 1528201024.421335 0.000187 0.000388 0.001115 53.651371
-5.905987 1528201024.433981 0.000140 0.000381 0.001430 40.205642
-5.893566 1528201024.446403 0.000139 0.000308 0.001543 34.602295
-5.880850 1528201024.459119 0.000143 0.000274 0.001440 44.484785
-5.868402 1528201024.471566 0.000148 0.001133 0.001376 61.589193
-5.856148 1528201024.483820 0.000328 0.001082 0.001358 66.896900
-5.843467 1528201024.496501 0.000195 0.000606 0.001223 36.170747
-5.830959 1528201024.509010 0.000188 0.000418 0.001414 22.576487
-5.818246 1528201024.521723 0.000144 0.000454 0.001297 16.235777
-5.805299 1528201024.534670 0.000327 0.000725 0.001069 68.392905
-5.792663 1528201024.547305 0.000222 0.000914 0.001626 71.601356
-5.780521 1528201024.559448 0.000407 0.000806 0.001073 71.545789
-5.768186 1528201024.571782 0.000252 0.000451 0.000725 44.733634
-5.755664 1528201024.584305 0.000146 0.000558 0.000962 33.414471
-5.743108 1528201024.596861 0.000374 0.000539 0.000712 10.324124
-5.730989 1528201024.608979 0.000187 0.000850 0.001588 93.311234
-5.718373 1528201024.621595 0.000146 0.000913 0.001623 90.875188
-5.705626 1528201024.634343 0.000208 0.000847 0.001198 89.939830
-5.693097 1528201024.646871 0.000156 0.000686 0.000832 66.478283
-5.680790 1528201024.659179 0.000231 0.000601 0.000751 64.265927
-5.668182 1528201024.671787 0.000195 0.000605 0.001153 147.463737
-5.654795 1528201024.685174 0.000213 0.000410 0.001018 146.500321
-5.642314 1528201024.697655 0.000434 0.000575 0.000782 140.510835
-5.630844 1528201024.709125 0.000534 0.000641 0.000931 111.329962
-5.618852 1528201024.721116 0.000397 0.000686 0.000979 96.516422
-5.605882 1528201024.734087 0.000363 0.000577 0.000710 86.685785
-5.592513 1528201024.747456 0.000352 0.000458 0.000612 60.562378
-5.579962 1528201024.760007 0.000224 0.000360 0.000590 51.965980
-5.566662 1528201024.773306 0.000184 0.000296 0.000584 46.023628
-5.554502 1528201024.785466 0.000153 0.000222 0.000657 42.488494
-5.542774 1528201024.797194 0.000135 0.000183 0.000668 43.380248
-5.530681 1528201024.809287 0.000138 0.000150 0.000708 42.424395
-5.518186 1528201024.821782 0.000138 0.000149 0.000685 40.781497
-5.505206 1528201024.834762 0.000134 0.000152 0.000676 38.721769
-5.492733 1528201024.847235 0.000131 0.000148 0.000693 38.134577
-5.480163 1528201024.859805 0.000133 0.000146 0.000675 39.227308
-5.467965 1528201024.872004 0.000134 0.000147 0.000670 40.408278
-5.455295 1528201024.884673 0.000133 0.000139 0.000675 40.780547
-5.442807 1528201024.897161 0.000134 0.000154 0.000675 40.517005
-5.430473 1528201024.909495 0.000135 0.000142 0.000675 40.821439
-5.417660 1528201024.922309 0.000132 0.000137 0.000679 39.819055
-5.404937 1528201024.935031 0.000125 0.000133 0.000695 39.213879
-5.392776 1528201024.947192 0.000125 0.000135 0.000709 39.275223
-5.380832 1528201024.959136 0.000126 0.000132 0.000723 40.890049
-5.367567 1528201024.972401 0.000123 0.000132 0.000744 42.289596
-5.354566 1528201024.985402 0.000123 0.000133 0.000737 41.882940
-5.341971 1528201024.997997 0.000120 0.000133 0.000736 41.336863
-5.329918 1528201025.010050 0.000118 0.000131 0.000731 41.575672
-5.318122 1528201025.021847 0.000117 0.000133 0.000737 41.729192
-5.305378 1528201025.034590 0.000118 0.000137 0.000737 41.865723
-5.293344 1528201025.046625 0.000118 0.000138 0.000718 41.258630
-5.280032 1528201025.059937 0.000117 0.000138 0.000710 40.827757
-5.267280 1528201025.072689 0.000119 0.000136 0.000707 40.503442
-5.254668 1528201025.085300 0.000117 0.000134 0.000705 39.887545
-5.242927 1528201025.097042 0.000117 0.000138 0.000690 39.247680
-5.230662 1528201025.109306 0.000117 0.000137 0.000696 39.112234
-5.218334 1528201025.121634 0.000116 0.000137 0.000692 38.899653
-5.205690 1528201025.134279 0.000116 0.000135 0.000689 38.954921
-5.193614 1528201025.146355 0.000116 0.000134 0.000688 38.786676
-5.181161 1528201025.158807 0.000112 0.000134 0.000700 38.467500
-5.168323 1528201025.171645 0.000112 0.000136 0.000709 38.569834
-5.155891 1528201025.184078 0.000114 0.000137 0.000704 39.468617
-5.143125 1528201025.196844 0.000114 0.000141 0.000700 40.064197
-5.130118 1528201025.209850 0.000117 0.000138 0.000723 40.779720
-5.117404 1528201025.222565 0.000122 0.000139 0.000742 42.858980
-5.105022 1528201025.234947 0.000122 0.000138 0.000752 44.981422
-5.092791 1528201025.247177 0.000125 0.000139 0.000763 46.345948
-5.080348 1528201025.259620 0.000124 0.000137 0.000778 47.345201
-5.067781 1528201025.272187 0.000125 0.000135 0.000807 48.138102
-5.055119 1528201025.284849 0.000123 0.000134 0.000824 48.988237
-5.042312 1528201025.297657 0.000125 0.000140 0.000842 50.013038
-5.029794 1528201025.310174 0.000126 0.000141 0.000832 50.958040
-5.017459 1528201025.322510 0.000125 0.000142 0.000767 51.590498
-5.004797 1528201025.335171 0.000124 0.000146 0.000754 52.806000
-4.992271 1528201025.347697 0.000124 0.000148 0.000744 54.023290
-4.979769 1528201025.360199 0.000125 0.000152 0.000739 55.000321
-4.967379 1528201025.372589 0.000123 0.000154 0.000754 54.865177
-4.955245 1528201025.384723 0.000113 0.000167 0.000784 53.689540
-4.942765 1528201025.397203 0.000123 0.000187 0.000799 53.194870
-4.930200 1528201025.409768 0.000121 0.000204 0.000889 53.883318
-4.917413 1528201025.422556 0.000119 0.000196 0.000864 53.467351
-4.904919 1528201025.435050 0.000116 0.000159 0.000900 55.436343
-4.892727 1528201025.447242 0.000106 0.000137 0.000911 57.869010
-4.880066 1528201025.459902 0.000098 0.000146 0.000988 61.879217
-4.867849 1528201025.472119 0.000111 0.000147 0.000957 66.210563
-4.855766 1528201025.484202 0.000111 0.000149 0.000983 68.494806
-4.842048 1528201025.497921 0.000106 0.000149 0.000949 66.861390
-4.829663 1528201025.510305 0.000104 0.000144 0.000884 62.965579
-4.817359 1528201025.522609 0.000101 0.000143 0.000875 59.050663
-4.804734 1528201025.535235 0.000100 0.000140 0.000903 55.901701
-4.792918 1528201025.547050 0.000100 0.000138 0.000896 53.750244
-4.780531 1528201025.559438 0.000100 0.000138 0.000853 51.841788
-4.768206 1528201025.571763 0.000100 0.000136 0.000804 50.025308
-4.755828 1528201025.584141 0.000101 0.000137 0.000784 49.021296
-4.743008 1528201025.596961 0.000102 0.000138 0.000754 48.308870
-4.730657 1528201025.609312 0.000102 0.000137 0.000743 48.363756
-4.716981 1528201025.622987 0.000102 0.000137 0.000743 48.636193
-4.704706 1528201025.635262 0.000103 0.000139 0.000754 48.841046
-4.692499 1528201025.647469 0.000104 0.000139 0.000743 48.959797
-4.679283 1528201025.660686 0.000104 0.000139 0.000740 49.209140
-4.667328 1528201025.672641 0.000105 0.000139 0.000729 49.078832
-4.654242 1528201025.685727 0.000106 0.000140 0.000727 48.987594
-4.642543 1528201025.697425 0.000106 0.000139 0.000724 48.888547
-4.630518 1528201025.709451 0.000106 0.000139 0.000718 48.630165
-4.618439 1528201025.721530 0.000106 0.000139 0.000708 48.144037
-4.605922 1528201025.734047 0.000106 0.000138 0.000703 47.883092
-4.592998 1528201025.746971 0.000106 0.000138 0.000704 47.804035
-4.580881 1528201025.759087 0.000106 0.000138 0.000681 47.485784
-4.567344 1528201025.772624 0.000106 0.000138 0.000679 47.201927
-4.554505 1528201025.785464 0.000107 0.000140 0.000676 47.530406
-4.542742 1528201025.797226 0.000106 0.000139 0.000679 47.557663
-4.530580 1528201025.809389 0.000107 0.000139 0.000675 47.657078
-4.517262 1528201025.822706 0.000107 0.000137 0.000676 47.389119
-4.504859 1528201025.835110 0.000107 0.000138 0.000679 47.621086
-4.492322 1528201025.847647 0.000106 0.000138 0.000684 47.492873
-4.479645 1528201025.860324 0.000106 0.000138 0.000677 47.583748
-4.467506 1528201025.872462 0.000105 0.000137 0.000679 47.127826
-4.454627 1528201025.885341 0.000104 0.000137 0.000678 47.102464
-4.442059 1528201025.897910 0.000103 0.000136 0.000676 46.887931
-4.429614 1528201025.910355 0.000103 0.000134 0.000675 46.610547
-4.418084 1528201025.921885 0.000103 0.000135 0.000671 46.523189
-4.406039 1528201025.933930 0.000102 0.000134 0.000668 46.379581
-4.393026 1528201025.946942 0.000102 0.000135 0.000664 46.292576
-4.380874 1528201025.959095 0.000102 0.000135 0.000659 46.427057
-4.368318 1528201025.971650 0.000102 0.000134 0.000659 46.063068
-4.355873 1528201025.984095 0.000103 0.000134 0.000657 45.884763
-4.343450 1528201025.996519 0.000106 0.000133 0.000661 45.353895
-4.330297 1528201026.009672 0.000110 0.000134 0.000646 44.542774
-4.316799 1528201026.023170 0.000115 0.000134 0.000625 43.120589
-4.304080 1528201026.035889 0.000118 0.000135 0.000602 41.461179
-4.292637 1528201026.047332 0.000118 0.000134 0.000592 40.185802
-4.280470 1528201026.059499 0.000118 0.000134 0.000573 39.314320
-4.268442 1528201026.071527 0.000111 0.000129 0.000519 39.484729
-4.256158 1528201026.083811 0.000111 0.000129 0.000517 39.453150
-4.243461 1528201026.096507 0.000110 0.000127 0.000524 39.793877
-4.229819 1528201026.110150 0.000109 0.000127 0.000524 39.861521
-4.217365 1528201026.122604 0.000107 0.000128 0.000520 39.705519
-4.204630 1528201026.135339 0.000107 0.000127 0.000518 39.580632
-4.193284 1528201026.146685 0.000107 0.000127 0.000521 39.883115
-4.180895 1528201026.159073 0.000106 0.000128 0.000517 39.589746
-4.168325 1528201026.171644 0.000106 0.000127 0.000522 39.512215
-4.155614 1528201026.184355 0.000106 0.000127 0.000523 39.751458
-4.143068 1528201026.196901 0.000105 0.000127 0.000518 39.555231
-4.130593 1528201026.209375 0.000105 0.000126 0.000526 39.736803
-4.118022 1528201026.221946 0.000106 0.000127 0.000522 39.793423
-4.105449 1528201026.234519 0.000105 0.000127 0.000521 39.837486
-4.092979 1528201026.246989 0.000105 0.000127 0.000519 39.735466
-4.080463 1528201026.259505 0.000106 0.000127 0.000513 39.755106
-4.067345 1528201026.272624 0.000105 0.000127 0.000513 39.778826
-4.054496 1528201026.285473 0.000106 0.000127 0.000512 39.552355
-4.041996 1528201026.297972 0.000106 0.000127 0.000518 39.741180
-4.029965 1528201026.310003 0.000107 0.000127 0.000511 39.761427
-4.016811 1528201026.323158 0.000107 0.000127 0.000510 39.683215
-4.004541 1528201026.335428 0.000108 0.000128 0.000511 39.909937
-3.991949 1528201026.348019 0.000108 0.000128 0.000509 39.892499
-3.979614 1528201026.360354 0.000108 0.000128 0.000508 39.894692
-3.968025 1528201026.371943 0.000108 0.000129 0.000504 39.584690
-3.955451 1528201026.384517 0.000108 0.000129 0.000508 39.701528
-3.943263 1528201026.396706 0.000108 0.000128 0.000510 39.597669
-3.930615 1528201026.409353 0.000108 0.000129 0.000507 39.395506
-3.917385 1528201026.422583 0.000108 0.000129 0.000513 39.702955
-3.905556 1528201026.434412 0.000109 0.000129 0.000505 39.412041
-3.892916 1528201026.447052 0.000108 0.000130 0.000508 39.557323
-3.880740 1528201026.459228 0.000109 0.000130 0.000509 39.182574
-3.867807 1528201026.472162 0.000110 0.000131 0.000499 38.921245
-3.855488 1528201026.484481 0.000110 0.000132 0.000485 38.538679
-3.842647 1528201026.497322 0.000108 0.000133 0.000482 39.423529
-3.830302 1528201026.509667 0.000108 0.000132 0.000498 39.341970
-3.817129 1528201026.522840 0.000109 0.000133 0.000506 39.573251
-3.804152 1528201026.535816 0.000109 0.000133 0.000508 40.312058
-3.792505 1528201026.547464 0.000109 0.000133 0.000517 40.263349
-3.779836 1528201026.560133 0.000108 0.000133 0.000513 40.148335
-3.766784 1528201026.573185 0.000107 0.000133 0.000518 40.020436
-3.754863 1528201026.585106 0.000106 0.000133 0.000513 39.743464
-3.742518 1528201026.597451 0.000106 0.000133 0.000510 39.874471
-3.730488 1528201026.609481 0.000106 0.000133 0.000518 39.890370
-3.718141 1528201026.621828 0.000106 0.000133 0.000516 39.717501
-3.705703 1528201026.634265 0.000105 0.000133 0.000513 39.818165
-3.691629 1528201026.648340 0.000105 0.000134 0.000517 39.757977
-3.680689 1528201026.659280 0.000105 0.000133 0.000516 39.952602
-3.667846 1528201026.672122 0.000105 0.000133 0.000521 40.002469
-3.655511 1528201026.684458 0.000104 0.000134 0.000508 40.148722
-3.642860 1528201026.697108 0.000104 0.000134 0.000506 39.871226
-3.630002 1528201026.709966 0.000104 0.000134 0.000507 40.328760
-3.617935 1528201026.722034 0.000104 0.000133 0.000516 40.043910
-3.605078 1528201026.734890 0.000103 0.000133 0.000515 40.077912
-3.592446 1528201026.747522 0.000104 0.000133 0.000510 39.937460
-3.580090 1528201026.759878 0.000103 0.000133 0.000513 39.821911
-3.567781 1528201026.772187 0.000103 0.000133 0.000510 39.926425
-3.554773 1528201026.785195 0.000103 0.000132 0.000511 39.875294
-3.542146 1528201026.797822 0.000103 0.000133 0.000511 39.830304
-3.530443 1528201026.809525 0.000103 0.000133 0.000508 39.620437
-3.518350 1528201026.821618 0.000104 0.000134 0.000493 39.727612
-3.505884 1528201026.834084 0.000104 0.000134 0.000490 39.593004
-3.493420 1528201026.846549 0.000104 0.000135 0.000491 40.066800
-3.480942 1528201026.859026 0.000104 0.000137 0.000493 41.360793
-3.465910 1528201026.874059 0.000106 0.000140 0.000472 42.572927
-3.454511 1528201026.885457 0.000108 0.000140 0.000468 43.855737
-3.442613 1528201026.897355 0.000110 0.000142 0.000463 44.877906
-3.430279 1528201026.909689 0.000111 0.000143 0.000459 45.302255
-3.418190 1528201026.921779 0.000114 0.000143 0.000462 45.086485
-3.405692 1528201026.934276 0.000115 0.000144 0.000451 44.950621
-3.392993 1528201026.946975 0.000115 0.000144 0.000459 45.115420
-3.379630 1528201026.960339 0.000116 0.000145 0.000451 44.622214
-3.367172 1528201026.972796 0.000116 0.000145 0.000448 44.287380
-3.354652 1528201026.985317 0.000117 0.000145 0.000451 44.355004
-3.341736 1528201026.998233 0.000116 0.000146 0.000446 44.283791
-3.329625 1528201027.010343 0.000116 0.000145 0.000454 44.413978
-3.317991 1528201027.021977 0.000116 0.000146 0.000449 43.907756
-3.305193 1528201027.034775 0.000116 0.000146 0.000449 44.065779
-3.292917 1528201027.047052 0.000116 0.000145 0.000452 44.166080
-3.280345 1528201027.059623 0.000116 0.000145 0.000449 43.853655
-3.268017 1528201027.071951 0.000116 0.000145 0.000450 43.581779
-3.255515 1528201027.084453 0.000117 0.000146 0.000453 43.834496
-3.242856 1528201027.097113 0.000117 0.000146 0.000449 43.889523
-3.230416 1528201027.109552 0.000117 0.000147 0.000446 43.875440
-3.217773 1528201027.122196 0.000116 0.000149 0.000431 44.709701
-3.205085 1528201027.134884 0.000118 0.000146 0.000425 43.955198
-3.191994 1528201027.147974 0.000118 0.000146 0.000420 43.727082
-3.179710 1528201027.160258 0.000118 0.000146 0.000435 44.795239
-3.166982 1528201027.172986 0.000120 0.000154 0.000469 45.214989
-3.155207 1528201027.184761 0.000121 0.000157 0.000489 46.705119
-3.142736 1528201027.197232 0.000124 0.000161 0.000501 48.055071
-3.130337 1528201027.209631 0.000129 0.000166 0.000520 48.534076
-3.117739 1528201027.222229 0.000132 0.000166 0.000538 49.249057
-3.105109 1528201027.234859 0.000133 0.000168 0.000548 49.141085
-3.092787 1528201027.247181 0.000134 0.000167 0.000571 49.792177
-3.079740 1528201027.260228 0.000133 0.000167 0.000538 49.443811
-3.067673 1528201027.272295 0.000132 0.000165 0.000548 50.429445
-3.054924 1528201027.285044 0.000131 0.000165 0.000548 50.641986
-3.042520 1528201027.297449 0.000130 0.000164 0.000578 51.392431
-3.029766 1528201027.310202 0.000129 0.000165 0.000538 50.897966
-3.017499 1528201027.322470 0.000129 0.000165 0.000525 50.144469
-3.005221 1528201027.334747 0.000127 0.000163 0.000534 50.605109
-2.992906 1528201027.347062 0.000127 0.000162 0.000523 50.121690
-2.980334 1528201027.359635 0.000125 0.000161 0.000537 50.764602
-2.967094 1528201027.372874 0.000125 0.000162 0.000530 50.234304
-2.955286 1528201027.384682 0.000123 0.000160 0.000532 50.191438
-2.942632 1528201027.397336 0.000123 0.000160 0.000543 50.241352
-2.930043 1528201027.409926 0.000122 0.000160 0.000521 49.976955
-2.917523 1528201027.422446 0.000121 0.000159 0.000520 49.899589
-2.904997 1528201027.434972 0.000121 0.000159 0.000516 49.712861
-2.892688 1528201027.447281 0.000119 0.000159 0.000525 49.746458
-2.880116 1528201027.459852 0.000119 0.000159 0.000518 49.847424
-2.867622 1528201027.472346 0.000119 0.000158 0.000521 49.679131
-2.855127 1528201027.484842 0.000118 0.000157 0.000526 49.830371
-2.842819 1528201027.497149 0.000118 0.000158 0.000518 49.707761
-2.830116 1528201027.509852 0.000117 0.000157 0.000521 49.880885
-2.817729 1528201027.522239 0.000117 0.000157 0.000527 50.017042
-2.804610 1528201027.535358 0.000117 0.000157 0.000520 49.989190
-2.792551 1528201027.547418 0.000116 0.000157 0.000526 50.041584
-2.780317 1528201027.559651 0.000116 0.000157 0.000524 50.405857
-2.767652 1528201027.572317 0.000116 0.000156 0.000523 49.992086
-2.754925 1528201027.585044 0.000115 0.000156 0.000528 50.086606
-2.742493 1528201027.597475 0.000115 0.000157 0.000520 50.359076
-2.730231 1528201027.609738 0.000114 0.000155 0.000530 50.227527
-2.717758 1528201027.622210 0.000114 0.000155 0.000525 50.093491
-2.705284 1528201027.634684 0.000113 0.000155 0.000527 49.985687
-2.692660 1528201027.647308 0.000113 0.000155 0.000527 50.065011
-2.680090 1528201027.659878 0.000113 0.000155 0.000518 49.896965
-2.667553 1528201027.672415 0.000113 0.000155 0.000521 49.978111
-2.655156 1528201027.684812 0.000113 0.000155 0.000524 50.300001
-2.642309 1528201027.697659 0.000113 0.000154 0.000525 50.138173
-2.629907 1528201027.710061 0.000113 0.000154 0.000527 50.145320
-2.617246 1528201027.722723 0.000113 0.000154 0.000529 50.073095
-2.605092 1528201027.734876 0.000113 0.000154 0.000526 50.217997
-2.592201 1528201027.747768 0.000113 0.000155 0.000524 50.125854
-2.580054 1528201027.759914 0.000112 0.000153 0.000528 50.057768
-2.567753 1528201027.772216 0.000112 0.000154 0.000523 50.046133
-2.554920 1528201027.785048 0.000113 0.000154 0.000509 49.590477
-2.542506 1528201027.797463 0.000113 0.000153 0.000512 49.731435
-2.529938 1528201027.810030 0.000113 0.000153 0.000515 49.834323
-2.517216 1528201027.822752 0.000113 0.000153 0.000514 49.732497
-2.505007 1528201027.834962 0.000114 0.000155 0.000514 50.272065
-2.492437 1528201027.847531 0.000115 0.000155 0.000510 49.947275
-2.480195 1528201027.859773 0.000116 0.000158 0.000512 50.202794
-2.466633 1528201027.873335 0.000116 0.000151 0.000429 51.114241
-2.454264 1528201027.885705 0.000120 0.000153 0.000423 50.704628
-2.441405 1528201027.898563 0.000125 0.000151 0.000415 49.420600
-2.429447 1528201027.910522 0.000128 0.000146 0.000409 47.681726
-2.417989 1528201027.921979 0.000131 0.000141 0.000430 48.127594
-2.405339 1528201027.934630 0.000132 0.000138 0.000455 48.867193
-2.393035 1528201027.946934 0.000132 0.000136 0.000483 49.534509
-2.380167 1528201027.959802 0.000128 0.000138 0.000504 49.680570
-2.367744 1528201027.972224 0.000124 0.000144 0.000529 50.295964
-2.355554 1528201027.984414 0.000124 0.000152 0.000574 53.040247
-2.342824 1528201027.997145 0.000126 0.000154 0.000626 56.496275
-2.330260 1528201028.009709 0.000131 0.000149 0.000716 61.107241
-2.318058 1528201028.021910 0.000145 0.000153 0.000807 66.028258
-2.305506 1528201028.034462 0.000133 0.000203 0.000886 68.265564
-2.292909 1528201028.047059 0.000132 0.000318 0.000903 71.235643
-2.280132 1528201028.059836 0.000150 0.000635 0.000798 55.271220
-2.267826 1528201028.072142 0.000309 0.000589 0.000903 40.152248
-2.255336 1528201028.084633 0.000376 0.000564 0.001351 72.930901
-2.242893 1528201028.097075 0.000136 0.000909 0.001662 79.911773
-2.230617 1528201028.109351 0.000296 0.000982 0.001245 78.318960
-2.216778 1528201028.123190 0.000383 0.000605 0.000744 72.660910
-2.204418 1528201028.135550 0.000133 0.000318 0.000870 48.276244
-2.191859 1528201028.148110 0.000201 0.000438 0.000838 51.843333
-2.179471 1528201028.160498 0.000358 0.000514 0.000985 26.370819
-2.166606 1528201028.173362 0.000108 0.000830 0.001243 56.841886
-2.154762 1528201028.185207 0.000257 0.001027 0.001155 91.542669
-2.142746 1528201028.197222 0.000361 0.000448 0.001059 126.943378
-2.130543 1528201028.209425 0.000240 0.000290 0.001280 156.872339
-2.117137 1528201028.222831 0.000437 0.000600 0.001526 145.140629
-2.104641 1528201028.235327 0.000395 0.000762 0.001463 131.294963
-2.092232 1528201028.247737 0.000402 0.000756 0.001728 85.146984
-2.079700 1528201028.260268 0.000368 0.000505 0.000819 138.165149
-2.067497 1528201028.272471 0.000181 0.000319 0.000821 136.260936
-2.054472 1528201028.285496 0.000135 0.000190 0.001005 132.235581
-2.042083 1528201028.297886 0.000139 0.000376 0.001186 129.760541
-2.029652 1528201028.310316 0.000090 0.000223 0.001182 118.328242
-2.017151 1528201028.322818 0.000083 0.000268 0.002151 87.493688
-2.004781 1528201028.335187 0.000199 0.000230 0.001605 101.388704
-1.992693 1528201028.347275 0.000153 0.000192 0.000865 133.126994
-1.979152 1528201028.360816 0.000132 0.000215 0.001406 131.994278
-1.966320 1528201028.373648 0.000091 0.000289 0.001725 135.728729
-1.954417 1528201028.385551 0.000065 0.000385 0.001882 129.147563
-1.941945 1528201028.398023 0.000104 0.000501 0.001078 99.746050
-1.929426 1528201028.410543 0.000215 0.000376 0.001105 82.206045
-1.917609 1528201028.422359 0.000235 0.000281 0.000759 104.366547
-1.905448 1528201028.434521 0.000086 0.000243 0.000733 112.804655
-1.892854 1528201028.447114 0.000073 0.000299 0.000976 117.476419
-1.880459 1528201028.459509 0.000095 0.000261 0.001169 117.723992
-1.866374 1528201028.473595 0.000110 0.000655 0.000970 115.287019
-1.855303 1528201028.484666 0.000088 0.000727 0.001056 94.407980
-1.842696 1528201028.497272 0.000324 0.000838 0.001438 85.651437
-1.829793 1528201028.510176 0.000163 0.000440 0.001031 117.412272
-1.817374 1528201028.522595 0.000132 0.000419 0.001203 131.067568
-1.804706 1528201028.535262 0.000174 0.000506 0.001188 141.870238
-1.792577 1528201028.547392 0.000161 0.000727 0.001046 112.581434
-1.779426 1528201028.560543 0.000164 0.001148 0.001305 76.547875
-1.767176 1528201028.572792 0.000311 0.000705 0.001447 96.118531
-1.753844 1528201028.586124 0.000165 0.000559 0.001057 116.188931
-1.742406 1528201028.597563 0.000161 0.000772 0.001063 157.095534
-1.730188 1528201028.609780 0.000230 0.000595 0.000832 134.705101
-1.717972 1528201028.621996 0.000254 0.000591 0.001353 94.529118
-1.705200 1528201028.634768 0.000170 0.000472 0.001862 79.049831
-1.692760 1528201028.647208 0.000260 0.000640 0.001078 81.792914
-1.679587 1528201028.660382 0.000224 0.000531 0.000828 108.403774
-1.666187 1528201028.673781 0.000187 0.000658 0.000733 65.895265
-1.653752 1528201028.686217 0.000206 0.000485 0.000836 46.049931
-1.641584 1528201028.698385 0.000203 0.000476 0.000550 50.040034
-1.630047 1528201028.709922 0.000210 0.000315 0.000556 59.017265
-1.617693 1528201028.722275 0.000175 0.000206 0.000654 54.419161
-1.605327 1528201028.734642 0.000139 0.000168 0.000618 47.218972
-1.592523 1528201028.747446 0.000129 0.000157 0.000610 45.899717
-1.580056 1528201028.759913 0.000125 0.000159 0.000614 46.873730
-1.567446 1528201028.772522 0.000126 0.000136 0.000628 45.755526
-1.554731 1528201028.785238 0.000117 0.000126 0.000651 43.529465
-1.541888 1528201028.798080 0.000109 0.000121 0.000680 41.923232
-1.529892 1528201028.810076 0.000107 0.000120 0.000692 40.019690
-1.517026 1528201028.822942 0.000106 0.000119 0.000693 38.381840
-1.504299 1528201028.835670 0.000105 0.000118 0.000689 37.178073
-1.491875 1528201028.848094 0.000107 0.000117 0.000686 36.131883
-1.479826 1528201028.860142 0.000105 0.000116 0.000687 36.084813
-1.466850 1528201028.873119 0.000105 0.000114 0.000678 36.960091
-1.455036 1528201028.884932 0.000108 0.000114 0.000678 36.843298
-1.442473 1528201028.897495 0.000114 0.000144 0.000678 40.899201
-1.429992 1528201028.909976 0.000132 0.000326 0.000563 41.476337
-1.417470 1528201028.922499 0.000143 0.000350 0.000566 36.244517
-1.404053 1528201028.935916 0.000142 0.000276 0.000544 49.234984
-1.391577 1528201028.948391 0.000157 0.000231 0.000669 55.574649
-1.379391 1528201028.960577 0.000141 0.000235 0.000650 51.135755
-1.367510 1528201028.972459 0.000139 0.000276 0.000687 56.746850
-1.355552 1528201028.984416 0.000123 0.000206 0.000723 53.311839
-1.342771 1528201028.997197 0.000131 0.000162 0.000709 47.771291
-1.330302 1528201029.009667 0.000128 0.000142 0.000750 46.690995
-1.317753 1528201029.022216 0.000117 0.000135 0.000789 45.479421
-1.305164 1528201029.034805 0.000115 0.000136 0.000787 44.441018
-1.292979 1528201029.046989 0.000111 0.000138 0.000781 43.584723
-1.280274 1528201029.059694 0.000106 0.000139 0.000771 42.783157
-1.267794 1528201029.072175 0.000096 0.000135 0.000766 43.870221
-1.255570 1528201029.084398 0.000096 0.000134 0.000755 44.108008
-1.242570 1528201029.097398 0.000104 0.000137 0.000756 43.397734
-1.230007 1528201029.109961 0.000105 0.000135 0.000746 43.358547
-1.217609 1528201029.122359 0.000105 0.000133 0.000746 43.501448
-1.205218 1528201029.134750 0.000105 0.000133 0.000731 43.342328
-1.193060 1528201029.146909 0.000105 0.000132 0.000726 43.259593
-1.180568 1528201029.159401 0.000105 0.000130 0.000723 43.255460
-1.167964 1528201029.172005 0.000105 0.000129 0.000724 43.151238
-1.155220 1528201029.184749 0.000105 0.000128 0.000719 42.991613
-1.142971 1528201029.196997 0.000105 0.000128 0.000718 43.017789
-1.130581 1528201029.209388 0.000105 0.000127 0.000719 42.993858
-1.118023 1528201029.221945 0.000106 0.000125 0.000719 42.983596
-1.105672 1528201029.234297 0.000106 0.000124 0.000715 43.203724
-1.092779 1528201029.247190 0.000107 0.000125 0.000714 43.145832
-1.080065 1528201029.259903 0.000107 0.000129 0.000717 42.732252
-1.067381 1528201029.272588 0.000102 0.000119 0.000714 43.599391
-1.054585 1528201029.285383 0.000106 0.000122 0.000714 42.500447
-1.042148 1528201029.297820 0.000105 0.000123 0.000719 41.985350
-1.029395 1528201029.310574 0.000106 0.000128 0.000716 41.016320
-1.017005 1528201029.322963 0.000105 0.000125 0.000713 41.061145
-1.004522 1528201029.335447 0.000105 0.000127 0.000714 40.636956
-0.991838 1528201029.348131 0.000106 0.000126 0.000717 40.589767
-0.980050 1528201029.359918 0.000106 0.000129 0.000705 40.430659
-0.967396 1528201029.372572 0.000107 0.000131 0.000698 40.681367
-0.954812 1528201029.385157 0.000109 0.000128 0.000695 41.111241
-0.942261 1528201029.397708 0.000109 0.000127 0.000707 40.722345
-0.929949 1528201029.410020 0.000110 0.000127 0.000713 40.410442
-0.916978 1528201029.422990 0.000109 0.000127 0.000719 40.603389
-0.904886 1528201029.435083 0.000108 0.000128 0.000724 40.530930
-0.892333 1528201029.447635 0.000108 0.000129 0.000730 40.238830
-0.880135 1528201029.459833 0.000107 0.000129 0.000727 39.742316
-0.867462 1528201029.472507 0.000106 0.000128 0.000731 38.942709
-0.854766 1528201029.485203 0.000106 0.000126 0.000723 38.425398
-0.842374 1528201029.497594 0.000105 0.000125 0.000729 37.768194
-0.829886 1528201029.510082 0.000107 0.000124 0.000720 37.587457
-0.816995 1528201029.522974 0.000106 0.000123 0.000721 37.508578
-0.804470 1528201029.535499 0.000105 0.000122 0.000723 37.561605
-0.792052 1528201029.547917 0.000106 0.000121 0.000718 37.700930
-0.779662 1528201029.560306 0.000105 0.000121 0.000724 37.623333
-0.767086 1528201029.572883 0.000106 0.000121 0.000721 37.659007
-0.754571 1528201029.585397 0.000104 0.000120 0.000729 37.493618
-0.741839 1528201029.598129 0.000105 0.000120 0.000725 37.518464
-0.730301 1528201029.609667 0.000106 0.000120 0.000726 37.549259
-0.717557 1528201029.622411 0.000105 0.000120 0.000725 37.475026
-0.704899 1528201029.635069 0.000105 0.000120 0.000723 37.527010
-0.692451 1528201029.647517 0.000105 0.000119 0.000725 37.479999
-0.679426 1528201029.660542 0.000104 0.000119 0.000724 37.596554
-0.667395 1528201029.672574 0.000104 0.000119 0.000723 37.524421
-0.654807 1528201029.685161 0.000104 0.000119 0.000727 37.233509
-0.642166 1528201029.697803 0.000104 0.000119 0.000726 37.322745
-0.629874 1528201029.710094 0.000103 0.000118 0.000724 37.264873
-0.617515 1528201029.722454 0.000103 0.000118 0.000721 37.256260
-0.604623 1528201029.735346 0.000103 0.000117 0.000721 37.213537
-0.592435 1528201029.747533 0.000103 0.000117 0.000717 37.320369
-0.580109 1528201029.759859 0.000102 0.000117 0.000717 37.071813
-0.567480 1528201029.772488 0.000102 0.000116 0.000719 37.194169
-0.554782 1528201029.785186 0.000102 0.000116 0.000719 37.132588
-0.542267 1528201029.797701 0.000101 0.000116 0.000718 37.269290
-0.529931 1528201029.810037 0.000101 0.000115 0.000718 37.239615
-0.517287 1528201029.822681 0.000101 0.000115 0.000719 37.154092
-0.505075 1528201029.834893 0.000101 0.000115 0.000722 37.351244
-0.492364 1528201029.847604 0.000102 0.000115 0.000733 36.424170
-0.479715 1528201029.860254 0.000103 0.000114 0.000757 35.147031
-0.467269 1528201029.872700 0.000103 0.000113 0.000774 34.253180
-0.454989 1528201029.884979 0.000102 0.000112 0.000783 33.799395
-0.442383 1528201029.897586 0.000101 0.000111 0.000785 33.612246
-0.429794 1528201029.910174 0.000101 0.000110 0.000787 33.650321
-0.417448 1528201029.922521 0.000101 0.000110 0.000786 33.734784
-0.404813 1528201029.935155 0.000101 0.000109 0.000785 33.883518
-0.387992 1528201029.951977 0.000101 0.000109 0.000785 33.896073
-0.379964 1528201029.960004 0.000101 0.000108 0.000783 33.908591
-0.367423 1528201029.972546 0.000101 0.000108 0.000783 33.937879
-0.354755 1528201029.985214 0.000101 0.000108 0.000783 33.948671
-0.342330 1528201029.997638 0.000101 0.000108 0.000784 33.975900
-0.329917 1528201030.010051 0.000101 0.000108 0.000783 33.871282
-0.317079 1528201030.022890 0.000100 0.000107 0.000781 33.923077
-0.304620 1528201030.035348 0.000100 0.000107 0.000786 33.997937
-0.292106 1528201030.047863 0.000101 0.000107 0.000784 34.022952
-0.280077 1528201030.059891 0.000100 0.000105 0.000783 34.395095
-0.267325 1528201030.072643 0.000098 0.000107 0.000800 33.901132
-0.254913 1528201030.085055 0.000099 0.000103 0.000819 34.154237
-0.242499 1528201030.097469 0.000098 0.000103 0.000833 34.163975
-0.229745 1528201030.110224 0.000096 0.000102 0.000832 34.504600
-0.217440 1528201030.122528 0.000098 0.000101 0.000836 34.238729
-0.204731 1528201030.135237 0.000098 0.000101 0.000837 34.280533
-0.192492 1528201030.147476 0.000100 0.000101 0.000837 34.254202
-0.180085 1528201030.159883 0.000097 0.000100 0.000831 34.832039
-0.166794 1528201030.173175 0.000097 0.000100 0.000827 34.912215
-0.154631 1528201030.185337 0.000098 0.000101 0.000829 34.714041
-0.141937 1528201030.198032 0.000100 0.000101 0.000827 34.606945
-0.129577 1528201030.210391 0.000097 0.000100 0.000823 35.035217
-0.116495 1528201030.223473 0.000097 0.000100 0.000821 34.999025
-0.104054 1528201030.235914 0.000097 0.000100 0.000819 35.101202
-0.092237 1528201030.247732 0.000098 0.000100 0.000820 35.123330
-0.079510 1528201030.260458 0.000098 0.000100 0.000818 35.219266
-0.067699 1528201030.272270 0.000098 0.000100 0.000815 35.262845
-0.055176 1528201030.284793 0.000098 0.000100 0.000817 35.323026
-0.042005 1528201030.297963 0.000098 0.000100 0.000814 35.346992
-0.030114 1528201030.309855 0.000098 0.000100 0.000816 35.437984
-0.017452 1528201030.322517 0.000098 0.000100 0.000814 35.379108
-0.004992 1528201030.334977 0.000097 0.000100 0.000812 35.425619
0.007492 1528201030.347461 0.000098 0.000100 0.000813 35.393968
0.020251 1528201030.360219 0.000098 0.000100 0.000813 35.477978
0.032624 1528201030.372592 0.000098 0.000100 0.000813 35.398177
0.044931 1528201030.384899 0.000097 0.000100 0.000813 35.420546
0.057503 1528201030.397472 0.000098 0.000100 0.000812 35.409752
0.069657 1528201030.409626 0.000097 0.000100 0.000812 35.385286
0.082243 1528201030.422212 0.000098 0.000100 0.000811 35.405204
0.094923 1528201030.434892 0.000098 0.000100 0.000812 35.395990
0.108641 1528201030.448609 0.000098 0.000102 0.000813 35.101379
0.120753 1528201030.460721 0.000097 0.000100 0.000810 35.376826
0.132286 1528201030.472255 0.000098 0.000100 0.000811 35.342576
0.144834 1528201030.484803 0.000098 0.000100 0.000812 35.390417
0.157244 1528201030.497213 0.000098 0.000100 0.000811 35.364882
0.171256 1528201030.511225 0.000098 0.000100 0.000810 35.331677
0.183417 1528201030.523386 0.000097 0.000100 0.000812 35.346958
0.195774 1528201030.535742 0.000097 0.000101 0.000812 35.313669
0.207652 1528201030.547620 0.000098 0.000100 0.000809 35.174171
0.219909 1528201030.559878 0.000098 0.000100 0.000810 35.259731
0.232615 1528201030.572583 0.000098 0.000101 0.000812 35.236018
0.245246 1528201030.585214 0.000098 0.000101 0.000812 35.453870
0.257690 1528201030.597658 0.000099 0.000101 0.000809 36.191644
0.269972 1528201030.609940 0.000102 0.000105 0.000802 37.528281
0.282892 1528201030.622860 0.000107 0.000117 0.000799 40.251259
0.294850 1528201030.634818 0.000111 0.000114 0.000784 45.592197
0.307968 1528201030.647937 0.000115 0.000123 0.000779 50.871268
0.320254 1528201030.660222 0.000120 0.000129 0.000812 54.742162
0.332587 1528201030.672556 0.000115 0.000145 0.000879 55.964016
0.344882 1528201030.684850 0.000121 0.000161 0.000911 58.978837
0.358212 1528201030.698180 0.000130 0.000188 0.000924 62.052749
0.370099 1528201030.710067 0.000132 0.000200 0.000974 64.493371
0.382736 1528201030.722704 0.000144 0.000203 0.000982 66.704141
0.395218 1528201030.735187 0.000152 0.000192 0.000932 69.080623
0.407706 1528201030.747674 0.000152 0.000197 0.000909 73.738907
0.419981 1528201030.759949 0.000151 0.000216 0.000859 78.031795
0.432602 1528201030.772570 0.000149 0.000229 0.000817 82.063093
0.445261 1528201030.785229 0.000143 0.000258 0.000797 86.508760
0.458052 1528201030.798021 0.000145 0.000267 0.000780 91.085316
0.470724 1528201030.810692 0.000150 0.000268 0.000723 95.596329
0.483418 1528201030.823387 0.000154 0.000270 0.000723 99.514403
0.495803 1528201030.835772 0.000155 0.000269 0.000754 102.555906
0.508350 1528201030.848319 0.000156 0.000267 0.000763 105.428831
0.520422 1528201030.860391 0.000156 0.000266 0.000751 107.721114
0.533526 1528201030.873495 0.000158 0.000261 0.000744 109.287939
0.545617 1528201030.885585 0.000157 0.000258 0.000751 110.529784
0.558542 1528201030.898510 0.000159 0.000256 0.000731 111.863750
0.570704 1528201030.910672 0.000159 0.000250 0.000756 112.654521
0.583170 1528201030.923139 0.000160 0.000248 0.000753 114.366150
0.595899 1528201030.935868 0.000162 0.000237 0.000730 116.006803
0.608997 1528201030.948965 0.000164 0.000230 0.000739 116.921854
0.621370 1528201030.961338 0.000164 0.000227 0.000732 117.807489
0.632581 1528201030.972550 0.000165 0.000223 0.000730 118.429428
0.644781 1528201030.984749 0.000165 0.000217 0.000731 118.895204
0.657398 1528201030.997367 0.000166 0.000212 0.000733 119.389617
0.669752 1528201031.009721 0.000166 0.000212 0.000728 119.894194
0.682439 1528201031.022407 0.000166 0.000209 0.000733 120.350892
0.695034 1528201031.035002 0.000166 0.000207 0.000734 120.799988
0.707312 1528201031.047281 0.000167 0.000205 0.000728 121.227347
0.720066 1528201031.060034 0.000167 0.000204 0.000728 121.487117
0.732277 1528201031.072246 0.000166 0.000202 0.000723 122.047632
0.745273 1528201031.085242 0.000166 0.000202 0.000732 122.405736
0.757963 1528201031.097931 0.000167 0.000201 0.000741 122.940356
0.770768 1528201031.110736 0.000165 0.000201 0.000745 123.015414
0.783004 1528201031.122972 0.000166 0.000200 0.000743 123.362934
0.795606 1528201031.135575 0.000166 0.000200 0.000752 123.403426
0.808331 1528201031.148300 0.000166 0.000199 0.000749 123.503419
0.820289 1528201031.160257 0.000166 0.000199 0.000747 123.961900
0.832562 1528201031.172531 0.000166 0.000199 0.000758 124.337924
0.845367 1528201031.185335 0.000165 0.000199 0.000747 124.495744
0.858279 1528201031.198248 0.000166 0.000198 0.000759 124.732077
0.869992 1528201031.209961 0.000167 0.000197 0.000752 125.081453
0.882311 1528201031.222280 0.000167 0.000197 0.000753 125.389198
0.895067 1528201031.235035 0.000166 0.000197 0.000749 125.340783
0.908244 1528201031.248213 0.000167 0.000196 0.000749 125.499899
0.920621 1528201031.260590 0.000167 0.000194 0.000756 125.717188
0.933602 1528201031.273570 0.000167 0.000195 0.000746 125.834150
0.946187 1528201031.286156 0.000166 0.000194 0.000744 125.765093
0.958779 1528201031.298748 0.000166 0.000193 0.000745 125.980253
0.970821 1528201031.310789 0.000166 0.000193 0.000747 126.231596
0.983325 1528201031.323293 0.000166 0.000192 0.000748 126.297996
0.995408 1528201031.335377 0.000167 0.000192 0.000746 126.340343
1.008178 1528201031.348146 0.000167 0.000190 0.000741 126.522203
1.020642 1528201031.360610 0.000167 0.000190 0.000744 126.668807
1.033004 1528201031.372972 0.000169 0.000189 0.000738 126.742393
1.045855 1528201031.385823 0.000168 0.000188 0.000742 126.845972
1.058686 1528201031.398654 0.000169 0.000188 0.000741 126.879365
1.070898 1528201031.410866 0.000169 0.000188 0.000743 126.902933
1.084030 1528201031.423999 0.000169 0.000187 0.000745 127.268143
1.096039 1528201031.436007 0.000169 0.000186 0.000744 127.362043
1.108230 1528201031.448198 0.000169 0.000185 0.000746 127.268913
1.120338 1528201031.460307 0.000169 0.000185 0.000754 127.519377
1.132725 1528201031.472694 0.000169 0.000186 0.000754 127.644784
1.145553 1528201031.485522 0.000169 0.000186 0.000750 127.428936
1.157646 1528201031.497615 0.000169 0.000184 0.000757 127.323145
1.170454 1528201031.510422 0.000169 0.000183 0.000755 127.486806
1.182886 1528201031.522855 0.000170 0.000182 0.000759 127.533290
1.196776 1528201031.536745 0.000168 0.000182 0.000756 127.309873
1.208389 1528201031.548357 0.000169 0.000182 0.000754 127.262829
1.220273 1528201031.560241 0.000169 0.000182 0.000755 127.372074
1.232961 1528201031.572930 0.000169 0.000182 0.000755 127.298349
1.245639 1528201031.585608 0.000169 0.000182 0.000747 127.163781
1.258222 1528201031.598191 0.000169 0.000182 0.000756 127.303037
1.270609 1528201031.610577 0.000169 0.000182 0.000755 127.466564
1.283138 1528201031.623106 0.000169 0.000182 0.000759 127.536117
1.295197 1528201031.635165 0.000168 0.000182 0.000751 127.738637
1.307389 1528201031.647358 0.000168 0.000182 0.000752 127.941510
1.319904 1528201031.659872 0.000168 0.000182 0.000745 127.998758
1.332361 1528201031.672330 0.000169 0.000181 0.000754 128.251608
1.345089 1528201031.685057 0.000169 0.000181 0.000753 128.301762
1.357426 1528201031.697395 0.000168 0.000181 0.000752 128.123517
1.369791 1528201031.709759 0.000169 0.000181 0.000745 128.408640
1.383614 1528201031.723582 0.000169 0.000181 0.000747 128.660823
1.396191 1528201031.736159 0.000169 0.000181 0.000744 128.604642
1.408426 1528201031.748394 0.000169 0.000181 0.000744 128.590421
1.421893 1528201031.761861 0.000168 0.000181 0.000748 128.752135
1.433624 1528201031.773593 0.000169 0.000182 0.000747 128.808109
1.446043 1528201031.786011 0.000168 0.000182 0.000740 128.797216
1.458816 1528201031.798785 0.000169 0.000181 0.000741 129.114856
1.471133 1528201031.811101 0.000169 0.000182 0.000740 129.020271
1.483702 1528201031.823671 0.000170 0.000181 0.000739 128.663891
1.495926 1528201031.835894 0.000169 0.000181 0.000749 128.693362
1.508484 1528201031.848453 0.000169 0.000181 0.000746 128.826194
1.521435 1528201031.861403 0.000169 0.000181 0.000752 128.866489
1.534297 1528201031.874265 0.000169 0.000181 0.000752 128.643541
1.545937 1528201031.885906 0.000170 0.000180 0.000751 128.628001
1.557982 1528201031.897951 0.000170 0.000181 0.000750 128.684901
1.570437 1528201031.910406 0.000170 0.000182 0.000744 128.670811
1.582850 1528201031.922819 0.000170 0.000182 0.000752 128.523520
1.595160 1528201031.935128 0.000170 0.000182 0.000752 128.651027
1.607485 1528201031.947453 0.000172 0.000182 0.000744 128.911788
1.620169 1528201031.960138 0.000170 0.000182 0.000742 128.746876
1.632763 1528201031.972732 0.000171 0.000182 0.000744 129.169915
1.645205 1528201031.985173 0.000171 0.000181 0.000738 129.524313
1.658967 1528201031.998935 0.000171 0.000181 0.000741 129.391446
1.670632 1528201032.010601 0.000171 0.000181 0.000746 129.065269
1.682957 1528201032.022925 0.000171 0.000181 0.000738 129.353701
1.695384 1528201032.035352 0.000171 0.000182 0.000740 129.345523
1.707885 1528201032.047853 0.000171 0.000182 0.000741 129.135167
1.721296 1528201032.061264 0.000171 0.000182 0.000742 128.889057
1.733950 1528201032.073919 0.000171 0.000183 0.000743 129.112694
1.745916 1528201032.085884 0.000171 0.000183 0.000744 129.110355
1.757986 1528201032.097955 0.000171 0.000182 0.000742 129.226853
1.770229 1528201032.110197 0.000171 0.000182 0.000736 129.102983
1.782884 1528201032.122852 0.000170 0.000183 0.000742 128.989118
1.795554 1528201032.135523 0.000171 0.000183 0.000736 129.108812
1.808144 1528201032.148112 0.000171 0.000183 0.000741 128.922271
1.820347 1528201032.160315 0.000171 0.000183 0.000734 128.966372
1.833045 1528201032.173013 0.000171 0.000182 0.000738 129.123257
1.845723 1528201032.185692 0.000171 0.000183 0.000731 128.968746
1.858127 1528201032.198095 0.000171 0.000183 0.000731 128.919037
1.870517 1528201032.210486 0.000171 0.000182 0.000733 129.225144
1.883041 1528201032.223010 0.000171 0.000183 0.000731 128.909320
1.895451 1528201032.235419 0.000171 0.000182 0.000730 128.951864
1.908330 1528201032.248298 0.000171 0.000183 0.000735 128.753909
1.920487 1528201032.260455 0.000171 0.000182 0.000735 128.803277
1.933119 1528201032.273088 0.000171 0.000182 0.000733 128.906564
1.945627 1528201032.285595 0.000171 0.000182 0.000735 128.697234
1.958575 1528201032.298543 0.000170 0.000182 0.000730 128.901833
1.970466 1528201032.310434 0.000170 0.000182 0.000727 129.075972
1.982951 1528201032.322919 0.000170 0.000183 0.000726 129.170243
1.995453 1528201032.335421 0.000171 0.000183 0.000725 129.233628
2.008118 1528201032.348086 0.000171 0.000183 0.000721 129.169872
2.020613 1528201032.360581 0.000171 0.000183 0.000722 129.130553
2.033180 1528201032.373148 0.000171 0.000184 0.000729 129.309617
2.045702 1528201032.385671 0.000171 0.000183 0.000726 129.272139
2.058450 1528201032.398418 0.000171 0.000184 0.000724 129.325199
2.070659 1528201032.410628 0.000170 0.000184 0.000725 129.261131
2.083322 1528201032.423290 0.000171 0.000185 0.000726 129.294055
2.095910 1528201032.435878 0.000171 0.000185 0.000722 129.471120
2.108037 1528201032.448005 0.000171 0.000185 0.000725 129.652867
2.121725 1528201032.461694 0.000171 0.000185 0.000721 129.614426
2.133908 1528201032.473876 0.000171 0.000185 0.000720 129.659695
2.146655 1528201032.486623 0.000171 0.000185 0.000726 129.921107
2.158305 1528201032.498274 0.000171 0.000184 0.000726 129.893820
2.170589 1528201032.510557 0.000171 0.000184 0.000730 129.902598
2.183225 1528201032.523194 0.000171 0.000185 0.000725 130.105807
2.195655 1528201032.535623 0.000171 0.000185 0.000725 130.034202
2.208611 1528201032.548579 0.000172 0.000184 0.000726 130.075440
2.221718 1528201032.561686 0.000172 0.000186 0.000721 130.161848
2.233951 1528201032.573920 0.000172 0.000186 0.000719 130.196444
2.246197 1528201032.586165 0.000173 0.000185 0.000721 130.140933
2.258972 1528201032.598940 0.000172 0.000186 0.000721 130.110313
2.270751 1528201032.610720 0.000172 0.000186 0.000715 130.354448
2.283065 1528201032.623034 0.000172 0.000187 0.000720 130.284502
2.295358 1528201032.635327 0.000172 0.000187 0.000715 130.232385
2.308924 1528201032.648893 0.000172 0.000188 0.000711 130.239644
2.321515 1528201032.661484 0.000173 0.000188 0.000716 130.103355
2.333685 1528201032.673653 0.000173 0.000188 0.000720 130.025918
2.345402 1528201032.685371 0.000173 0.000187 0.000718 130.113714
2.358064 1528201032.698032 0.000172 0.000188 0.000714 130.066891
2.370715 1528201032.710683 0.000173 0.000188 0.000714 130.262553
2.382823 1528201032.722791 0.000172 0.000188 0.000713 130.314838
2.395519 1528201032.735487 0.000172 0.000188 0.000716 129.982993
2.407997 1528201032.747965 0.000172 0.000187 0.000716 130.032639
2.420442 1528201032.760410 0.000173 0.000187 0.000711 130.240559
2.432925 1528201032.772893 0.000172 0.000187 0.000714 130.106719
2.445458 1528201032.785427 0.000173 0.000186 0.000716 129.936878
2.457885 1528201032.797853 0.000172 0.000186 0.000721 129.839418
2.470748 1528201032.810716 0.000172 0.000187 0.000719 130.149962
2.483338 1528201032.823307 0.000172 0.000186 0.000719 130.099037
2.495613 1528201032.835581 0.000172 0.000187 0.000720 130.108749
2.508318 1528201032.848286 0.000173 0.000186 0.000722 130.012859
2.520967 1528201032.860935 0.000172 0.000187 0.000717 130.257609
2.533274 1528201032.873243 0.000173 0.000186 0.000715 130.220560
2.545465 1528201032.885433 0.000172 0.000187 0.000717 130.395551
2.557671 1528201032.897639 0.000173 0.000188 0.000715 130.290599
2.569920 1528201032.909888 0.000172 0.000188 0.000715 130.235220
2.582667 1528201032.922636 0.000173 0.000188 0.000713 130.448663
2.594967 1528201032.934936 0.000172 0.000189 0.000713 130.533849
2.607351 1528201032.947319 0.000173 0.000189 0.000708 130.580611
2.620201 1528201032.960169 0.000173 0.000189 0.000710 130.591847
2.632566 1528201032.972534 0.000173 0.000191 0.000708 130.668958
2.645228 1528201032.985197 0.000174 0.000190 0.000710 130.586614
2.658557 1528201032.998526 0.000174 0.000190 0.000706 130.402001
2.670766 1528201033.010735 0.000174 0.000190 0.000705 130.626974
2.682919 1528201033.022887 0.000174 0.000191 0.000700 130.629163
2.694982 1528201033.034950 0.000175 0.000191 0.000703 130.648183
2.707641 1528201033.047610 0.000175 0.000192 0.000685 130.640608
2.720293 1528201033.060261 0.000174 0.000192 0.000683 130.783107
2.732753 1528201033.072721 0.000175 0.000192 0.000679 130.762272
2.744953 1528201033.084921 0.000175 0.000193 0.000677 130.624618
2.757923 1528201033.097892 0.000176 0.000192 0.000668 130.580689
2.770164 1528201033.110132 0.000175 0.000191 0.000664 130.615558
2.782606 1528201033.122575 0.000175 0.000191 0.000664 130.502380
2.796047 1528201033.136015 0.000175 0.000192 0.000658 130.302473
2.807882 1528201033.147851 0.000175 0.000191 0.000658 130.222721
2.820223 1528201033.160192 0.000175 0.000191 0.000652 130.166597
2.832780 1528201033.172749 0.000175 0.000191 0.000648 130.063642
2.845433 1528201033.185401 0.000175 0.000192 0.000639 130.160849
2.857687 1528201033.197655 0.000174 0.000191 0.000639 130.138870
2.870548 1528201033.210516 0.000175 0.000192 0.000637 129.987524
2.882678 1528201033.222646 0.000174 0.000192 0.000633 130.006418
2.895241 1528201033.235209 0.000175 0.000192 0.000630 130.064351
2.907729 1528201033.247698 0.000175 0.000192 0.000625 130.089734
2.921499 1528201033.261467 0.000174 0.000192 0.000623 130.066059
2.934011 1528201033.273979 0.000174 0.000193 0.000623 129.998471
2.946235 1528201033.286203 0.000174 0.000192 0.000622 129.908656
2.958299 1528201033.298267 0.000174 0.000192 0.000622 129.939461
2.971610 1528201033.311579 0.000173 0.000192 0.000619 129.846998
2.983333 1528201033.323301 0.000173 0.000190 0.000621 130.039745
2.995452 1528201033.335420 0.000173 0.000192 0.000620 129.883961
3.008847 1528201033.348816 0.000174 0.000191 0.000622 129.960901
3.021377 1528201033.361346 0.000174 0.000191 0.000634 130.066979
3.034369 1528201033.374337 0.000175 0.000192 0.000638 130.210789
3.046695 1528201033.386663 0.000175 0.000191 0.000651 130.721996
3.058280 1528201033.398249 0.000176 0.000192 0.000650 130.655290
3.070232 1528201033.410201 0.000176 0.000192 0.000658 130.872644
3.082914 1528201033.422882 0.000176 0.000193 0.000666 131.266534
3.095156 1528201033.435125 0.000177 0.000193 0.000670 131.325046
3.107942 1528201033.447910 0.000178 0.000194 0.000672 131.506168
3.120301 1528201033.460270 0.000177 0.000194 0.000673 131.622331
3.133059 1528201033.473027 0.000178 0.000194 0.000672 131.789407
3.145544 1528201033.485512 0.000178 0.000194 0.000672 131.834701
3.158017 1528201033.497986 0.000178 0.000194 0.000671 131.824340
3.170680 1528201033.510649 0.000178 0.000195 0.000671 131.859820
3.183337 1528201033.523305 0.000178 0.000194 0.000672 131.733824
3.195609 1528201033.535578 0.000178 0.000194 0.000671 131.471775
3.209064 1528201033.549032 0.000178 0.000194 0.000668 131.456569
3.221702 1528201033.561670 0.000177 0.000193 0.000663 131.281616
3.234174 1528201033.574143 0.000177 0.000194 0.000658 131.117504
3.245944 1528201033.585912 0.000178 0.000193 0.000654 130.701524
3.258054 1528201033.598023 0.000178 0.000194 0.000651 130.327884
3.270488 1528201033.610456 0.000177 0.000194 0.000646 130.084763
3.283156 1528201033.623125 0.000178 0.000194 0.000635 129.969809
3.295691 1528201033.635660 0.000178 0.000195 0.000633 129.889980
3.308103 1528201033.648072 0.000177 0.000194 0.000631 129.829867
3.320617 1528201033.660586 0.000177 0.000195 0.000621 129.786758
3.333087 1528201033.673056 0.000177 0.000195 0.000620 129.622133
3.345834 1528201033.685803 0.000176 0.000194 0.000617 129.326764
3.357995 1528201033.697963 0.000176 0.000194 0.000613 128.985228
3.370733 1528201033.710702 0.000176 0.000194 0.000609 128.683151
3.383170 1528201033.723139 0.000175 0.000193 0.000611 128.384488
3.395901 1528201033.735870 0.000175 0.000193 0.000611 128.146201
3.407928 1528201033.747896 0.000174 0.000193 0.000611 127.879721
3.420545 1528201033.760513 0.000173 0.000192 0.000615 127.717807
3.432960 1528201033.772928 0.000172 0.000191 0.000617 127.423891
3.445683 1528201033.785651 0.000172 0.000191 0.000614 127.098970
3.458020 1528201033.797989 0.000172 0.000191 0.000614 127.142073
3.470605 1528201033.810573 0.000171 0.000190 0.000615 126.830193
3.482979 1528201033.822948 0.000171 0.000190 0.000620 126.751657
3.495802 1528201033.835770 0.000171 0.000190 0.000618 126.770023
3.508319 1528201033.848287 0.000171 0.000189 0.000621 126.642971
3.521045 1528201033.861013 0.000171 0.000190 0.000621 126.573653
3.533479 1528201033.873447 0.000172 0.000189 0.000622 126.517558
3.546005 1528201033.885973 0.000172 0.000189 0.000625 126.654321
3.558554 1528201033.898523 0.000173 0.000189 0.000626 126.775555
3.571001 1528201033.910969 0.000174 0.000190 0.000626 126.824138
3.583528 1528201033.923497 0.000175 0.000190 0.000623 126.962613
3.595674 1528201033.935642 0.000175 0.000190 0.000624 127.171797
3.608425 1528201033.948394 0.000174 0.000189 0.000631 127.203611
3.621255 1528201033.961224 0.000175 0.000190 0.000624 127.445752
3.633643 1528201033.973612 0.000175 0.000191 0.000619 127.746830
3.645887 1528201033.985856 0.000175 0.000191 0.000617 127.732032
3.658390 1528201033.998358 0.000175 0.000190 0.000614 127.779800
3.670953 1528201034.010921 0.000175 0.000191 0.000612 127.773060
3.683480 1528201034.023449 0.000175 0.000191 0.000617 127.602743
3.696208 1528201034.036177 0.000175 0.000191 0.000618 127.365324
3.708685 1528201034.048653 0.000175 0.000192 0.000615 127.117927
3.721775 1528201034.061743 0.000175 0.000191 0.000617 126.883472
3.733405 1528201034.073373 0.000175 0.000192 0.000615 126.728703
3.745460 1528201034.085428 0.000175 0.000192 0.000611 126.419524
3.758154 1528201034.098122 0.000174 0.000193 0.000613 126.181254
3.770643 1528201034.110611 0.000174 0.000192 0.000611 125.958368
3.783088 1528201034.123056 0.000174 0.000192 0.000615 125.772333
3.795900 1528201034.135869 0.000173 0.000191 0.000614 125.151502
3.808756 1528201034.148724 0.000174 0.000191 0.000615 124.836623
3.821903 1528201034.161871 0.000173 0.000190 0.000617 124.422578
3.833883 1528201034.173851 0.000173 0.000190 0.000620 124.021271
3.845890 1528201034.185858 0.000172 0.000189 0.000623 123.738491
3.858224 1528201034.198193 0.000171 0.000188 0.000625 123.555512
3.870472 1528201034.210441 0.000172 0.000188 0.000621 123.259362
3.882921 1528201034.222889 0.000170 0.000187 0.000622 123.059639
3.895515 1528201034.235484 0.000170 0.000187 0.000622 122.694359
3.908246 1528201034.248214 0.000169 0.000186 0.000621 122.292137
3.920529 1528201034.260498 0.000168 0.000185 0.000625 121.867228
3.934382 1528201034.274351 0.000168 0.000185 0.000624 121.640153
3.946493 1528201034.286461 0.000169 0.000183 0.000623 121.205423
3.959239 1528201034.299208 0.000169 0.000182 0.000636 121.309989
3.970847 1528201034.310816 0.000169 0.000183 0.000635 121.710240
3.982878 1528201034.322847 0.000169 0.000184 0.000630 122.051652
3.995538 1528201034.335507 0.000171 0.000184 0.000637 122.589969
4.008126 1528201034.348094 0.000172 0.000184 0.000641 123.304426
4.020408 1528201034.360377 0.000173 0.000185 0.000631 123.979430
4.032975 1528201034.372944 0.000174 0.000186 0.000635 124.507735
4.046798 1528201034.386766 0.000175 0.000187 0.000629 124.644752
4.058378 1528201034.398346 0.000174 0.000189 0.000625 124.906081
4.070968 1528201034.410936 0.000174 0.000188 0.000630 125.191982
4.083582 1528201034.423550 0.000174 0.000187 0.000628 125.355786
4.095983 1528201034.435952 0.000174 0.000187 0.000626 125.643097
4.108758 1528201034.448726 0.000174 0.000187 0.000625 125.716423
4.121261 1528201034.461229 0.000174 0.000186 0.000624 125.831194
4.133871 1528201034.473840 0.000174 0.000186 0.000625 125.950129
4.146412 1528201034.486381 0.000174 0.000185 0.000620 125.727549
4.159543 1528201034.499511 0.000174 0.000186 0.000619 125.746766
4.170885 1528201034.510854 0.000174 0.000185 0.000618 125.523440
4.183797 1528201034.523766 0.000173 0.000184 0.000617 125.400087
4.195834 1528201034.535803 0.000173 0.000185 0.000616 125.110025
4.209418 1528201034.549386 0.000172 0.000185 0.000612 124.537761
4.221935 1528201034.561903 0.000171 0.000185 0.000612 124.113926
4.234259 1528201034.574228 0.000171 0.000183 0.000617 123.695611
4.246528 1528201034.586497 0.000170 0.000182 0.000620 122.914266
4.259336 1528201034.599304 0.000169 0.000181 0.000619 122.106118
4.272008 1528201034.611976 0.000168 0.000182 0.000621 120.712527
4.283313 1528201034.623282 0.000168 0.000184 0.000620 119.114105
4.295946 1528201034.635914 0.000168 0.000186 0.000616 117.615200
4.308440 1528201034.648408 0.000165 0.000188 0.000623 116.362788
4.320889 1528201034.660857 0.000164 0.000189 0.000613 114.886472
4.333320 1528201034.673289 0.000162 0.000183 0.000614 113.294332
4.345913 1528201034.685882 0.000160 0.000185 0.000608 112.353398
4.358495 1528201034.698464 0.000158 0.000185 0.000601 111.287294
4.370922 1528201034.710890 0.000157 0.000184 0.000593 110.243112
4.384830 1528201034.724798 0.000156 0.000182 0.000592 109.346493
4.395947 1528201034.735916 0.000155 0.000180 0.000590 108.314298
4.408275 1528201034.748243 0.000154 0.000176 0.000585 107.169239
4.420745 1528201034.760714 0.000153 0.000173 0.000587 106.489997
4.433612 1528201034.773581 0.000152 0.000171 0.000577 105.397015
4.446090 1528201034.786059 0.000151 0.000170 0.000580 104.998891
4.458600 1528201034.798568 0.000151 0.000169 0.000577 104.460835
4.471213 1528201034.811182 0.000151 0.000168 0.000576 104.116856
4.483240 1528201034.823209 0.000150 0.000167 0.000580 103.813352
4.496479 1528201034.836447 0.000148 0.000166 0.000581 103.492859
4.508884 1528201034.848852 0.000148 0.000166 0.000580 103.154893
4.521206 1528201034.861175 0.000147 0.000164 0.000576 102.651629
4.533947 1528201034.873916 0.000146 0.000163 0.000576 102.240485
4.545847 1528201034.885815 0.000146 0.000163 0.000578 101.943083
4.558446 1528201034.898414 0.000145 0.000163 0.000576 101.462363
4.571000 1528201034.910969 0.000145 0.000162 0.000577 101.069765
4.583328 1528201034.923297 0.000144 0.000161 0.000576 100.652181
4.596029 1528201034.935997 0.000144 0.000161 0.000577 100.411801
4.609484 1528201034.949453 0.000142 0.000161 0.000574 100.010273
4.621777 1528201034.961746 0.000142 0.000160 0.000573 99.604370
4.634066 1528201034.974034 0.000141 0.000163 0.000574 99.426535
4.646471 1528201034.986439 0.000140 0.000159 0.000573 98.739716
4.658347 1528201034.998316 0.000139 0.000158 0.000570 98.228526
4.671702 1528201035.011671 0.000139 0.000157 0.000577 97.922235
4.683805 1528201035.023774 0.000138 0.000158 0.000576 96.698207
4.696398 1528201035.036366 0.000136 0.000158 0.000577 94.569904
4.709036 1528201035.049005 0.000135 0.000161 0.000587 91.948683
4.721624 1528201035.061593 0.000134 0.000161 0.000609 89.592337
4.733670 1528201035.073639 0.000133 0.000162 0.000623 87.939348
4.745884 1528201035.085853 0.000132 0.000159 0.000625 86.931773
4.758510 1528201035.098478 0.000132 0.000156 0.000629 86.482840
4.770976 1528201035.110945 0.000130 0.000158 0.000625 86.150558
4.783357 1528201035.123326 0.000130 0.000156 0.000626 86.006375
4.796019 1528201035.135987 0.000129 0.000156 0.000630 85.764884
4.808437 1528201035.148405 0.000129 0.000151 0.000629 85.265048
4.820864 1528201035.160832 0.000128 0.000150 0.000629 85.064574
4.833243 1528201035.173211 0.000128 0.000149 0.000632 84.831916
4.845562 1528201035.185531 0.000127 0.000149 0.000626 84.495738
4.858360 1528201035.198328 0.000128 0.000148 0.000633 84.660799
4.871020 1528201035.210989 0.000129 0.000152 0.000634 84.828293
4.883173 1528201035.223141 0.000131 0.000150 0.000634 85.026305
4.896130 1528201035.236098 0.000132 0.000149 0.000639 85.581730
4.909089 1528201035.249058 0.000133 0.000156 0.000628 85.818166
4.921561 1528201035.261529 0.000136 0.000157 0.000637 86.625885
4.934348 1528201035.274316 0.000140 0.000156 0.000646 87.673520
4.945891 1528201035.285859 0.000143 0.000154 0.000640 88.496019
4.958747 1528201035.298715 0.000145 0.000155 0.000646 89.225575
4.971379 1528201035.311347 0.000146 0.000156 0.000639 89.823021
4.984334 1528201035.324303 0.000147 0.000158 0.000638 90.558915
4.996512 1528201035.336481 0.000149 0.000159 0.000638 91.322734
5.008652 1528201035.348620 0.000149 0.000160 0.000634 91.926523
5.021480 1528201035.361448 0.000150 0.000162 0.000629 92.608266
5.033201 1528201035.373169 0.000150 0.000163 0.000629 93.192178
5.045644 1528201035.385612 0.000150 0.000164 0.000625 93.381975
5.058526 1528201035.398495 0.000150 0.000166 0.000618 93.431127
5.070616 1528201035.410585 0.000148 0.000171 0.000614 93.581557
5.083280 1528201035.423249 0.000147 0.000166 0.000615 93.450704
5.095387 1528201035.435356 0.000145 0.000166 0.000608 93.057183
5.109348 1528201035.449317 0.000144 0.000166 0.000609 92.982943
5.122123 1528201035.462092 0.000143 0.000166 0.000605 92.563729
5.134352 1528201035.474321 0.000142 0.000166 0.000605 92.157394
5.146485 1528201035.486454 0.000140 0.000170 0.000604 91.846096
5.158081 1528201035.498049 0.000140 0.000169 0.000598 91.435300
5.170796 1528201035.510765 0.000141 0.000163 0.000599 91.544639
5.183215 1528201035.523183 0.000142 0.000163 0.000594 91.501359
5.195678 1528201035.535646 0.000140 0.000165 0.000590 90.946798
5.208472 1528201035.548440 0.000138 0.000166 0.000582 89.733879
5.220705 1528201035.560673 0.000136 0.000165 0.000574 88.170064
5.233076 1528201035.573045 0.000134 0.000169 0.000566 86.999217
5.245588 1528201035.585556 0.000133 0.000162 0.000569 86.470390
5.258329 1528201035.598297 0.000132 0.000161 0.000566 85.683282
5.270815 1528201035.610784 0.000132 0.000160 0.000563 85.014204
5.283429 1528201035.623397 0.000131 0.000159 0.000563 84.384282
5.295960 1528201035.635928 0.000131 0.000157 0.000566 84.064963
5.308243 1528201035.648211 0.000131 0.000156 0.000566 83.625897
5.320614 1528201035.660582 0.000131 0.000160 0.000566 83.339171
5.333536 1528201035.673505 0.000131 0.000155 0.000566 83.074394
5.345867 1528201035.685836 0.000130 0.000154 0.000564 82.899799
5.358552 1528201035.698520 0.000130 0.000153 0.000565 82.684092
5.370889 1528201035.710858 0.000131 0.000152 0.000572 82.743028
5.384036 1528201035.724005 0.000130 0.000151 0.000569 82.527252
5.396539 1528201035.736508 0.000130 0.000151 0.000567 82.301095
5.409466 1528201035.749435 0.000129 0.000150 0.000569 82.159219
5.421633 1528201035.761601 0.000131 0.000150 0.000574 82.131335
5.433381 1528201035.773349 0.000130 0.000150 0.000571 81.925964
5.445829 1528201035.785798 0.000130 0.000149 0.000574 81.782167
5.458236 1528201035.798205 0.000129 0.000149 0.000572 81.537286
5.470985 1528201035.810954 0.000129 0.000149 0.000577 81.567185
5.483391 1528201035.823359 0.000130 0.000149 0.000576 81.278221
5.495916 1528201035.835885 0.000130 0.000148 0.000579 81.246258
5.508359 1528201035.848328 0.000129 0.000148 0.000582 81.229746
5.520898 1528201035.860867 0.000129 0.000149 0.000581 81.221409
5.533038 1528201035.873006 0.000130 0.000149 0.000583 81.285641
5.545486 1528201035.885454 0.000129 0.000149 0.000584 81.193521
5.557904 1528201035.897872 0.000130 0.000150 0.000589 81.246404
5.570698 1528201035.910666 0.000129 0.000150 0.000590 81.311272
5.583217 1528201035.923185 0.000129 0.000150 0.000590 81.211774
5.596043 1528201035.936011 0.000129 0.000151 0.000587 81.129015
5.608787 1528201035.948755 0.000129 0.000152 0.000588 81.084748
5.621153 1528201035.961121 0.000129 0.000152 0.000588 81.083914
5.633812 1528201035.973781 0.000130 0.000152 0.000589 81.010302
5.645905 1528201035.985873 0.000130 0.000153 0.000586 80.929565
5.658458 1528201035.998427 0.000130 0.000153 0.000586 80.857273
5.671269 1528201036.011238 0.000132 0.000151 0.000583 80.733576
5.683880 1528201036.023849 0.000136 0.000154 0.000588 81.624711
5.696283 1528201036.036252 0.000138 0.000152 0.000618 83.605747
5.708686 1528201036.048654 0.000137 0.000155 0.000622 84.452597
5.721286 1528201036.061255 0.000135 0.000159 0.000625 84.665539
5.733603 1528201036.073571 0.000133 0.000156 0.000618 84.245615
5.745945 1528201036.085914 0.000133 0.000156 0.000622 84.283286
5.758382 1528201036.098350 0.000132 0.000156 0.000627 84.226887
5.771182 1528201036.111150 0.000133 0.000156 0.000628 84.200187
5.783802 1528201036.123770 0.000133 0.000157 0.000626 84.149951
5.796083 1528201036.136051 0.000133 0.000157 0.000625 84.120700
5.808467 1528201036.148435 0.000133 0.000158 0.000624 84.156950
5.821343 1528201036.161312 0.000133 0.000158 0.000623 84.218741
5.833821 1528201036.173789 0.000134 0.000158 0.000612 83.784517
5.846077 1528201036.186045 0.000135 0.000158 0.000614 83.948431
5.858675 1528201036.198643 0.000135 0.000159 0.000610 83.832415
5.870811 1528201036.210780 0.000135 0.000160 0.000610 83.930009
5.883773 1528201036.223742 0.000136 0.000164 0.000611 84.057818
5.895973 1528201036.235942 0.000136 0.000164 0.000612 84.245514
5.908837 1528201036.248805 0.000136 0.000160 0.000617 84.546827
5.921307 1528201036.261275 0.000136 0.000160 0.000617 84.739145
5.933758 1528201036.273727 0.000136 0.000161 0.000614 84.686197
5.946197 1528201036.286165 0.000136 0.000161 0.000615 84.730713
5.958803 1528201036.298772 0.000136 0.000161 0.000616 84.783018
5.971067 1528201036.311035 0.000137 0.000162 0.000621 84.827171
5.983510 1528201036.323479 0.000138 0.000166 0.000619 84.854306
5.996201 1528201036.336169 0.000137 0.000166 0.000614 84.687637
6.008904 1528201036.348872 0.000138 0.000166 0.000611 84.555429
6.021157 1528201036.361126 0.000137 0.000163 0.000611 84.455200
6.033651 1528201036.373619 0.000139 0.000168 0.000616 84.399754
6.046124 1528201036.386092 0.000138 0.000167 0.000615 84.330027
6.058725 1528201036.398693 0.000139 0.000167 0.000616 84.219517
6.071064 1528201036.411033 0.000139 0.000167 0.000609 84.037410
6.083403 1528201036.423371 0.000140 0.000167 0.000612 83.841559
6.095899 1528201036.435867 0.000140 0.000167 0.000610 83.689493
6.108277 1528201036.448246 0.000141 0.000168 0.000614 83.782527
6.121193 1528201036.461161 0.000141 0.000168 0.000613 83.789577
6.133919 1528201036.473888 0.000142 0.000168 0.000614 83.592204
6.146151 1528201036.486119 0.000142 0.000167 0.000616 83.528632
6.158487 1528201036.498456 0.000142 0.000166 0.000616 82.808839
6.171275 1528201036.511244 0.000142 0.000164 0.000616 81.581151
6.184131 1528201036.524100 0.000143 0.000172 0.000621 79.555300
6.196377 1528201036.536346 0.000146 0.000172 0.000636 76.909764
6.208615 1528201036.548584 0.000148 0.000174 0.000650 74.278430
6.221355 1528201036.561323 0.000147 0.000174 0.000683 71.990838
6.233751 1528201036.573720 0.000132 0.000179 0.000737 69.393088
6.246250 1528201036.586219 0.000130 0.000179 0.000771 67.940062
6.258612 1528201036.598581 0.000130 0.000180 0.000786 66.411272
6.271283 1528201036.611251 0.000130 0.000176 0.000798 65.063577
6.283896 1528201036.623865 0.000128 0.000171 0.000799 63.970508
6.296127 1528201036.636095 0.000125 0.000168 0.000806 63.120829
6.308697 1528201036.648665 0.000124 0.000167 0.000808 62.248634
6.321138 1528201036.661107 0.000123 0.000165 0.000812 61.586650
6.333693 1528201036.673661 0.000124 0.000166 0.000820 60.763156
6.346138 1528201036.686106 0.000123 0.000162 0.000820 60.283142
6.358531 1528201036.698499 0.000123 0.000163 0.000825 59.866607
6.371259 1528201036.711228 0.000123 0.000162 0.000825 59.696859
6.383826 1528201036.723794 0.000123 0.000163 0.000817 59.552047
6.396299 1528201036.736268 0.000122 0.000163 0.000822 59.566082
6.408587 1528201036.748556 0.000122 0.000162 0.000825 59.725592
6.421381 1528201036.761349 0.000122 0.000162 0.000818 59.598234
6.434234 1528201036.774202 0.000122 0.000163 0.000825 59.526750
6.446298 1528201036.786267 0.000122 0.000162 0.000830 59.383382
6.458728 1528201036.798697 0.000122 0.000160 0.000833 59.352495
6.471337 1528201036.811306 0.000122 0.000161 0.000832 59.211884
6.484028 1528201036.823996 0.000121 0.000160 0.000830 58.730359
6.496116 1528201036.836085 0.000122 0.000160 0.000833 58.816063
6.508565 1528201036.848533 0.000122 0.000159 0.000835 58.705282
6.521327 1528201036.861295 0.000122 0.000159 0.000831 58.539625
6.534045 1528201036.874013 0.000122 0.000157 0.000829 58.283603
6.547240 1528201036.887209 0.000122 0.000156 0.000828 58.107808
6.558685 1528201036.898654 0.000121 0.000157 0.000836 58.032038
6.571560 1528201036.911528 0.000121 0.000155 0.000830 57.864037
6.583827 1528201036.923795 0.000121 0.000162 0.000820 57.329790
6.596247 1528201036.936216 0.000121 0.000166 0.000812 56.905422
6.608883 1528201036.948852 0.000121 0.000177 0.000808 56.010511
6.621457 1528201036.961426 0.000119 0.000187 0.000821 54.403539
6.633811 1528201036.973779 0.000120 0.000190 0.000835 51.984044
6.646232 1528201036.986200 0.000120 0.000185 0.000845 49.970753
6.659798 1528201036.999767 0.000120 0.000180 0.000849 48.481060
6.670906 1528201037.010875 0.000118 0.000172 0.000845 47.661693
6.683734 1528201037.023703 0.000118 0.000166 0.000843 47.007568
6.695983 1528201037.035951 0.000117 0.000162 0.000839 46.520152
6.708482 1528201037.048450 0.000116 0.000160 0.000835 46.122733
6.721433 1528201037.061402 0.000116 0.000157 0.000833 45.936533
6.733707 1528201037.073675 0.000115 0.000155 0.000833 45.593740
6.746471 1528201037.086440 0.000115 0.000154 0.000840 45.488696
6.758909 1528201037.098877 0.000114 0.000153 0.000825 45.032435
6.771390 1528201037.111359 0.000113 0.000151 0.000845 44.943770
6.783914 1528201037.123883 0.000113 0.000149 0.000822 44.559077
6.796368 1528201037.136337 0.000112 0.000148 0.000819 44.303477
6.808735 1528201037.148703 0.000113 0.000147 0.000825 44.132882
6.821774 1528201037.161742 0.000112 0.000146 0.000817 44.035848
6.833719 1528201037.173687 0.000112 0.000146 0.000817 43.832572
6.846211 1528201037.186180 0.000111 0.000145 0.000821 43.797638
6.859533 1528201037.199501 0.000111 0.000143 0.000815 43.628774
6.871975 1528201037.211943 0.000112 0.000143 0.000811 43.319126
6.884689 1528201037.224657 0.000111 0.000143 0.000809 43.205096
6.896949 1528201037.236917 0.000111 0.000141 0.000811 43.277402
6.909615 1528201037.249583 0.000111 0.000142 0.000811 43.061536
6.922360 1528201037.262329 0.000111 0.000141 0.000810 43.195501
6.934433 1528201037.274402 0.000105 0.000136 0.000805 43.523928
6.946307 1528201037.286276 0.000110 0.000141 0.000816 42.971763
6.958468 1528201037.298436 0.000110 0.000140 0.000810 43.018216
6.971034 1528201037.311003 0.000110 0.000140 0.000813 42.862722
6.983327 1528201037.323296 0.000110 0.000140 0.000813 42.870307
6.997013 1528201037.336982 0.000105 0.000135 0.000804 43.324358
7.009335 1528201037.349304 0.000110 0.000139 0.000812 42.616871
7.021746 1528201037.361714 0.000110 0.000138 0.000811 42.695141
7.034458 1528201037.374427 0.000110 0.000138 0.000812 42.702042
7.046760 1528201037.386729 0.000109 0.000138 0.000810 42.731100
7.059803 1528201037.399771 0.000110 0.000138 0.000807 42.567874
7.071851 1528201037.411820 0.000109 0.000138 0.000812 42.415059
7.084155 1528201037.424123 0.000110 0.000137 0.000809 42.476888
7.096016 1528201037.435984 0.000109 0.000138 0.000812 42.244067
7.108185 1528201037.448153 0.000109 0.000137 0.000805 42.198195
7.120867 1528201037.460835 0.000110 0.000137 0.000807 42.356813
7.133410 1528201037.473378 0.000109 0.000137 0.000809 42.228977
7.145725 1528201037.485694 0.000110 0.000137 0.000806 42.287301
7.159222 1528201037.499191 0.000110 0.000137 0.000808 42.358507
7.172014 1528201037.511983 0.000109 0.000139 0.000803 42.021323
7.184877 1528201037.524845 0.000109 0.000137 0.000807 42.308135
7.197037 1528201037.537005 0.000109 0.000137 0.000812 42.109540
7.209931 1528201037.549899 0.000109 0.000137 0.000804 42.044635
7.223016 1528201037.562984 0.000109 0.000136 0.000805 41.990984
7.233686 1528201037.573655 0.000109 0.000136 0.000804 41.856100
7.246147 1528201037.586115 0.000109 0.000136 0.000805 41.785006
7.258316 1528201037.598284 0.000109 0.000136 0.000800 41.602830
7.270896 1528201037.610865 0.000109 0.000136 0.000798 41.558434
7.283433 1528201037.623402 0.000109 0.000135 0.000802 41.559611
7.295733 1528201037.635702 0.000110 0.000136 0.000798 41.542924
7.308354 1528201037.648322 0.000110 0.000137 0.000801 41.427154
7.320792 1528201037.660761 0.000108 0.000139 0.000799 41.431589
7.334843 1528201037.674811 0.000108 0.000137 0.000802 42.050070
7.347139 1528201037.687107 0.000110 0.000132 0.000806 42.932839
7.359653 1528201037.699621 0.000110 0.000130 0.000828 42.659763
7.371506 1528201037.711475 0.000110 0.000129 0.000827 42.720667
7.383691 1528201037.723659 0.000110 0.000129 0.000833 42.489048
7.395936 1528201037.735905 0.000111 0.000129 0.000819 42.160675
7.408359 1528201037.748327 0.000111 0.000129 0.000812 41.749069
7.421091 1528201037.761059 0.000111 0.000128 0.000807 41.516247
7.433474 1528201037.773442 0.000111 0.000128 0.000812 41.364397
7.445581 1528201037.785549 0.000111 0.000128 0.000809 41.174857
7.458534 1528201037.798502 0.000111 0.000128 0.000810 41.055911
7.470532 1528201037.810500 0.000111 0.000128 0.000808 41.142149
7.483731 1528201037.823699 0.000111 0.000128 0.000807 40.838085
7.496042 1528201037.836010 0.000111 0.000128 0.000810 40.891989
7.508342 1528201037.848310 0.000111 0.000127 0.000808 41.014952
7.521411 1528201037.861380 0.000111 0.000127 0.000805 41.244026
7.533652 1528201037.873621 0.000111 0.000127 0.000807 40.965715
7.546433 1528201037.886402 0.000112 0.000127 0.000802 40.907038
7.559258 1528201037.899226 0.000112 0.000127 0.000799 40.993219
7.571298 1528201037.911266 0.000111 0.000126 0.000809 40.787494
7.584224 1528201037.924193 0.000110 0.000126 0.000808 40.601021
7.596562 1528201037.936530 0.000111 0.000126 0.000807 40.610617
7.608573 1528201037.948541 0.000111 0.000125 0.000805 40.674404
7.621422 1528201037.961390 0.000111 0.000125 0.000802 40.447088
7.633672 1528201037.973641 0.000111 0.000125 0.000801 40.262532
7.646116 1528201037.986084 0.000111 0.000125 0.000799 40.314752
7.658552 1528201037.998521 0.000111 0.000125 0.000799 40.300780
7.671208 1528201038.011176 0.000111 0.000125 0.000802 40.452140
7.683656 1528201038.023625 0.000111 0.000125 0.000801 40.348215
7.696239 1528201038.036207 0.000111 0.000124 0.000802 40.335746
7.708892 1528201038.048860 0.000110 0.000124 0.000803 40.242315
7.721651 1528201038.061620 0.000110 0.000126 0.000806 39.996763
7.734415 1528201038.074384 0.000111 0.000124 0.000802 40.316792
7.746686 1528201038.086654 0.000110 0.000126 0.000808 40.009309
7.759688 1528201038.099656 0.000110 0.000124 0.000801 40.284156
7.771889 1528201038.111858 0.000111 0.000126 0.000803 40.164428
7.784263 1528201038.124232 0.000110 0.000126 0.000810 40.019921
7.800862 1528201038.140831 0.000110 0.000124 0.000805 40.287842
7.809174 1528201038.149143 0.000110 0.000124 0.000803 40.416928
7.821709 1528201038.161678 0.000110 0.000124 0.000803 40.405777
7.833773 1528201038.173742 0.000110 0.000127 0.000804 40.210033
7.846564 1528201038.186532 0.000110 0.000125 0.000806 40.303609
7.858821 1528201038.198789 0.000111 0.000125 0.000808 40.479804
7.871339 1528201038.211308 0.000110 0.000124 0.000805 40.391878
7.883765 1528201038.223734 0.000104 0.000123 0.000800 41.025004
7.896285 1528201038.236254 0.000110 0.000125 0.000803 40.380165
7.908832 1528201038.248800 0.000110 0.000127 0.000805 40.290406
7.921288 1528201038.261256 0.000110 0.000124 0.000808 40.410918
7.934702 1528201038.274670 0.000110 0.000126 0.000801 40.454310
7.947125 1528201038.287094 0.000110 0.000126 0.000807 40.427191
7.959785 1528201038.299753 0.000110 0.000127 0.000809 40.241586
7.971328 1528201038.311297 0.000110 0.000124 0.000809 40.257399
7.983620 1528201038.323589 0.000111 0.000127 0.000806 40.342444
7.996269 1528201038.336238 0.000111 0.000127 0.000809 40.422910
8.008768 1528201038.348736 0.000111 0.000128 0.000801 40.474548
8.021168 1528201038.361137 0.000112 0.000128 0.000801 40.473099
8.033699 1528201038.373668 0.000112 0.000128 0.000806 40.480954
8.046212 1528201038.386180 0.000112 0.000129 0.000802 40.444487
8.059753 1528201038.399721 0.000112 0.000129 0.000799 40.464414
8.072008 1528201038.411976 0.000113 0.000127 0.000792 40.713705
8.084450 1528201038.424418 0.000113 0.000129 0.000798 40.564779
8.097194 1528201038.437162 0.000113 0.000131 0.000796 40.553461
8.109571 1528201038.449539 0.000113 0.000131 0.000798 40.778645
8.121466 1528201038.461434 0.000114 0.000132 0.000796 40.753436
8.133563 1528201038.473532 0.000115 0.000134 0.000794 40.744226
8.146411 1528201038.486379 0.000115 0.000135 0.000793 40.782024
8.158820 1528201038.498789 0.000116 0.000136 0.000798 40.745869
8.170996 1528201038.510964 0.000117 0.000137 0.000785 40.686953
8.183661 1528201038.523629 0.000117 0.000138 0.000784 40.428307
8.196256 1528201038.536225 0.000118 0.000139 0.000783 40.515258
8.208797 1528201038.548765 0.000119 0.000139 0.000781 40.615477
8.221663 1528201038.561631 0.000120 0.000140 0.000794 40.779713
8.233917 1528201038.573885 0.000122 0.000143 0.000791 40.808258
8.246117 1528201038.586085 0.000122 0.000145 0.000796 40.417464
8.258523 1528201038.598492 0.000122 0.000147 0.000799 39.749545
8.271888 1528201038.611856 0.000123 0.000147 0.000797 39.087352
8.284596 1528201038.624565 0.000124 0.000148 0.000789 38.809549
8.297196 1528201038.637164 0.000125 0.000149 0.000784 38.576120
8.309607 1528201038.649576 0.000125 0.000149 0.000782 38.214362
8.321522 1528201038.661490 0.000126 0.000150 0.000775 37.875830
8.334096 1528201038.674065 0.000126 0.000150 0.000770 37.996830
8.346394 1528201038.686363 0.000126 0.000150 0.000770 37.817445
8.358975 1528201038.698943 0.000127 0.000151 0.000776 37.539523
8.371660 1528201038.711628 0.000127 0.000151 0.000773 37.793688
8.384266 1528201038.724234 0.000127 0.000152 0.000769 37.793112
8.396600 1528201038.736569 0.000127 0.000152 0.000768 37.491862
8.409248 1528201038.749217 0.000128 0.000152 0.000770 37.468702
8.421756 1528201038.761724 0.000129 0.000152 0.000762 37.698162
8.434095 1528201038.774063 0.000129 0.000152 0.000764 37.671475
8.446384 1528201038.786353 0.000126 0.000146 0.000762 38.420746
8.458861 1528201038.798830 0.000128 0.000153 0.000766 37.589745
8.471224 1528201038.811193 0.000129 0.000152 0.000761 37.781131
8.483602 1528201038.823571 0.000128 0.000152 0.000765 37.679625
8.496413 1528201038.836381 0.000129 0.000151 0.000767 37.548918
8.509028 1528201038.848996 0.000128 0.000151 0.000768 37.487110
8.522001 1528201038.861969 0.000129 0.000150 0.000770 37.516584
8.534968 1528201038.874936 0.000129 0.000150 0.000763 37.764058
8.547423 1528201038.887391 0.000129 0.000150 0.000770 37.305355
8.560163 1528201038.900131 0.000128 0.000150 0.000770 37.189968
8.571549 1528201038.911518 0.000129 0.000149 0.000766 37.089557
8.583984 1528201038.923953 0.000129 0.000149 0.000764 37.274639
8.596222 1528201038.936190 0.000129 0.000149 0.000768 37.370109
8.608894 1528201038.948862 0.000129 0.000149 0.000769 37.237957
8.621525 1528201038.961493 0.000127 0.000148 0.000772 36.992552
8.633499 1528201038.973468 0.000127 0.000148 0.000770 36.950622
8.646101 1528201038.986070 0.000125 0.000148 0.000775 36.435070
8.658534 1528201038.998503 0.000125 0.000146 0.000777 36.782122
8.670902 1528201039.010870 0.000125 0.000141 0.000774 37.992471
8.683453 1528201039.023421 0.000125 0.000138 0.000775 39.491095
8.696127 1528201039.036096 0.000124 0.000136 0.000778 41.062014
8.708594 1528201039.048563 0.000124 0.000134 0.000774 42.972679
8.721324 1528201039.061293 0.000123 0.000134 0.000773 44.862304
8.733672 1528201039.073640 0.000124 0.000133 0.000772 47.076564
8.746026 1528201039.085994 0.000124 0.000134 0.000762 49.099381
8.758646 1528201039.098615 0.000125 0.000127 0.000768 51.928656
8.771031 1528201039.110999 0.000124 0.000135 0.000776 53.773815
8.783655 1528201039.123624 0.000124 0.000136 0.000779 55.781750
8.796149 1528201039.136117 0.000124 0.000137 0.000796 57.318781
8.808683 1528201039.148651 0.000124 0.000139 0.000814 58.939843
8.821044 1528201039.161013 0.000121 0.000140 0.000839 59.794234
8.833589 1528201039.173558 0.000121 0.000141 0.000860 60.505362
8.845976 1528201039.185945 0.000120 0.000144 0.000862 60.583528
8.858311 1528201039.198279 0.000124 0.000146 0.000836 61.326800
8.871053 1528201039.211022 0.000131 0.000150 0.000808 61.751683
8.883768 1528201039.223736 0.000132 0.000152 0.000768 62.796931
8.896053 1528201039.236022 0.000137 0.000151 0.000769 63.174806
8.908377 1528201039.248346 0.000133 0.000149 0.000794 62.838044
8.920907 1528201039.260876 0.000131 0.000152 0.000809 62.389115
8.933454 1528201039.273422 0.000128 0.000152 0.000828 61.694384
8.945969 1528201039.285937 0.000123 0.000148 0.000826 61.391538
8.958525 1528201039.298494 0.000115 0.000145 0.000846 62.126345
8.971263 1528201039.311232 0.000107 0.000147 0.000869 63.262451
8.983486 1528201039.323454 0.000103 0.000151 0.000906 63.342165
8.996239 1528201039.336208 0.000104 0.000150 0.000973 61.478022
9.010117 1528201039.350085 0.000103 0.000151 0.000958 58.713561
9.022346 1528201039.362315 0.000105 0.000153 0.000943 56.082377
9.034829 1528201039.374797 0.000108 0.000152 0.000905 54.173221
9.047146 1528201039.387115 0.000111 0.000154 0.000831 52.229344
9.060029 1528201039.399998 0.000116 0.000155 0.000777 50.444997
9.072143 1528201039.412112 0.000122 0.000157 0.000720 48.795728
9.084042 1528201039.424011 0.000126 0.000157 0.000676 47.634809
9.096398 1528201039.436367 0.000128 0.000158 0.000651 46.738819
9.108873 1528201039.448842 0.000129 0.000158 0.000620 46.132485
9.121476 1528201039.461444 0.000131 0.000159 0.000611 46.130693
9.134124 1528201039.474092 0.000132 0.000159 0.000611 46.670513
9.146823 1528201039.486791 0.000134 0.000160 0.000606 46.957992
9.159104 1528201039.499072 0.000135 0.000160 0.000606 47.441697
9.172218 1528201039.512187 0.000137 0.000161 0.000613 48.108984
9.184676 1528201039.524645 0.000138 0.000161 0.000627 48.914392
9.196422 1528201039.536391 0.000139 0.000161 0.000637 49.122484
9.209026 1528201039.548994 0.000139 0.000160 0.000629 49.022454
9.221488 1528201039.561457 0.000138 0.000160 0.000622 48.899754
9.234037 1528201039.574006 0.000138 0.000159 0.000626 48.894226
9.246342 1528201039.586311 0.000138 0.000161 0.000631 48.706249
9.258768 1528201039.598736 0.000137 0.000159 0.000611 48.328511
9.271389 1528201039.611357 0.000136 0.000159 0.000612 48.008919
9.283718 1528201039.623687 0.000134 0.000158 0.000614 48.163284
9.296393 1528201039.636362 0.000134 0.000159 0.000617 47.864981
9.309958 1528201039.649926 0.000133 0.000158 0.000611 47.664667
9.322565 1528201039.662533 0.000132 0.000157 0.000604 47.408745
9.335041 1528201039.675009 0.000131 0.000157 0.000609 47.122039
9.347553 1528201039.687521 0.000131 0.000157 0.000605 47.069130
9.359585 1528201039.699553 0.000130 0.000156 0.000606 46.984922
9.371423 1528201039.711391 0.000130 0.000156 0.000603 46.726182
9.383689 1528201039.723658 0.000130 0.000156 0.000605 46.644588
9.396298 1528201039.736267 0.000128 0.000156 0.000603 46.987247
9.408718 1528201039.748687 0.000125 0.000157 0.000591 47.411442
9.421260 1528201039.761229 0.000120 0.000159 0.000571 49.565737
9.433857 1528201039.773825 0.000112 0.000165 0.000569 53.815229
9.446296 1528201039.786264 0.000103 0.000172 0.000590 59.700025
9.459000 1528201039.798968 0.000094 0.000179 0.000661 64.795749
9.471440 1528201039.811409 0.000089 0.000190 0.000744 68.651152
9.484213 1528201039.824181 0.000088 0.000201 0.000818 72.062177
9.496926 1528201039.836894 0.000090 0.000215 0.000880 74.639078
9.509763 1528201039.849732 0.000090 0.000227 0.000939 77.739485
9.522242 1528201039.862210 0.000087 0.000231 0.000951 81.106208
9.534650 1528201039.874618 0.000083 0.000240 0.001001 83.357661
9.546776 1528201039.886744 0.000104 0.000240 0.001002 85.566423
9.559887 1528201039.899856 0.000103 0.000242 0.001025 86.519061
9.572365 1528201039.912333 0.000101 0.000241 0.001031 87.022975
9.584342 1528201039.924310 0.000101 0.000236 0.001036 87.213767
9.597027 1528201039.936995 0.000101 0.000233 0.001041 87.265530
9.609631 1528201039.949599 0.000100 0.000233 0.001041 87.551356
9.622028 1528201039.961996 0.000100 0.000230 0.001032 87.955222
9.634710 1528201039.974679 0.000100 0.000239 0.001013 88.003595
9.647161 1528201039.987129 0.000097 0.000247 0.000993 87.780731
9.659647 1528201039.999616 0.000097 0.000244 0.000970 87.404729
9.671780 1528201040.011748 0.000097 0.000243 0.000961 86.698942
9.684497 1528201040.024465 0.000075 0.000240 0.000971 85.714307
9.697091 1528201040.037059 0.000074 0.000237 0.000984 85.231974
9.709761 1528201040.049730 0.000073 0.000235 0.000992 85.062284
9.722014 1528201040.061983 0.000073 0.000232 0.000979 85.403657
9.734574 1528201040.074542 0.000073 0.000234 0.000971 85.877524
9.747149 1528201040.087117 0.000073 0.000232 0.000965 86.293724
9.759237 1528201040.099206 0.000073 0.000232 0.000954 86.613300
9.772111 1528201040.112080 0.000073 0.000235 0.000956 87.110996
9.784707 1528201040.124676 0.000073 0.000235 0.000950 87.500079
9.796636 1528201040.136605 0.000074 0.000234 0.000939 87.759741
9.809148 1528201040.149116 0.000074 0.000235 0.000934 87.876724
9.822332 1528201040.162300 0.000074 0.000235 0.000932 87.953164
9.834725 1528201040.174694 0.000074 0.000235 0.000932 88.016523
9.847207 1528201040.187175 0.000074 0.000235 0.000934 87.976678
9.859781 1528201040.199749 0.000074 0.000234 0.000930 87.866963
9.872114 1528201040.212082 0.000075 0.000233 0.000926 87.847806
9.884669 1528201040.224638 0.000075 0.000232 0.000923 87.889332
9.896695 1528201040.236663 0.000075 0.000231 0.000930 87.903519
9.909026 1528201040.248994 0.000075 0.000232 0.000922 87.967858
9.921634 1528201040.261603 0.000075 0.000231 0.000925 88.069359
9.933881 1528201040.273849 0.000075 0.000230 0.000929 88.216097
9.946685 1528201040.286653 0.000075 0.000229 0.000926 88.412505
9.960766 1528201040.300734 0.000075 0.000229 0.000927 88.521883
9.972237 1528201040.312205 0.000075 0.000228 0.000925 88.603992
9.984766 1528201040.324734 0.000076 0.000228 0.000929 88.716287
9.996905 1528201040.336873 0.000076 0.000223 0.000930 88.843500
10.009164 1528201040.349132 0.000077 0.000214 0.000920 88.751243
10.021636 1528201040.361604 0.000081 0.000205 0.000908 88.055541
10.034141 1528201040.374110 0.000082 0.000201 0.000926 86.982097
10.046392 1528201040.386360 0.000083 0.000200 0.000925 85.569841
10.058946 1528201040.398914 0.000083 0.000200 0.000921 84.634160
10.073067 1528201040.413036 0.000082 0.000202 0.000919 84.244916
10.084292 1528201040.424261 0.000082 0.000202 0.000909 84.204036
10.096755 1528201040.436723 0.000082 0.000203 0.000909 84.352716
10.110075 1528201040.450043 0.000082 0.000204 0.000903 84.455769
10.123129 1528201040.463098 0.000082 0.000205 0.000909 84.437813
10.135298 1528201040.475266 0.000083 0.000205 0.000908 84.460079
10.147560 1528201040.487529 0.000082 0.000205 0.000906 84.603896
10.159141 1528201040.499109 0.000082 0.000206 0.000908 84.704827
10.171620 1528201040.511589 0.000083 0.000205 0.000909 84.627461
10.183905 1528201040.523873 0.000082 0.000205 0.000909 84.555475
10.196348 1528201040.536317 0.000082 0.000205 0.000915 84.431086
10.209182 1528201040.549151 0.000082 0.000205 0.000914 84.420731
10.221755 1528201040.561723 0.000082 0.000205 0.000917 84.300667
10.233899 1528201040.573868 0.000082 0.000205 0.000916 83.988791
10.246608 1528201040.586577 0.000082 0.000204 0.000921 83.971848
10.259138 1528201040.599107 0.000082 0.000204 0.000921 83.875393
10.271476 1528201040.611444 0.000082 0.000205 0.000921 83.706607
10.283885 1528201040.623854 0.000082 0.000204 0.000922 83.617860
10.296473 1528201040.636441 0.000083 0.000205 0.000924 83.568230
10.309689 1528201040.649657 0.000083 0.000205 0.000926 83.511041
10.322185 1528201040.662153 0.000083 0.000206 0.000925 83.591809
10.335262 1528201040.675231 0.000083 0.000206 0.000921 83.631941
10.346491 1528201040.686460 0.000084 0.000206 0.000920 83.663387
10.358815 1528201040.698783 0.000084 0.000206 0.000918 83.810905
10.371493 1528201040.711462 0.000084 0.000209 0.000909 83.836096
10.383790 1528201040.723758 0.000085 0.000208 0.000911 84.038803
10.396343 1528201040.736312 0.000085 0.000209 0.000910 84.121963
10.409034 1528201040.749003 0.000085 0.000210 0.000906 84.214743
10.421491 1528201040.761459 0.000086 0.000211 0.000900 84.282397
10.434059 1528201040.774027 0.000086 0.000211 0.000904 84.255057
10.446817 1528201040.786786 0.000087 0.000211 0.000903 84.253943
10.459623 1528201040.799592 0.000087 0.000212 0.000905 84.280739
10.471914 1528201040.811882 0.000087 0.000212 0.000905 84.267438
10.484835 1528201040.824803 0.000088 0.000213 0.000900 84.217158
10.497174 1528201040.837142 0.000088 0.000214 0.000904 84.176590
10.509869 1528201040.849838 0.000088 0.000214 0.000899 84.129811
10.521938 1528201040.861907 0.000089 0.000214 0.000900 83.956906
10.534441 1528201040.874409 0.000089 0.000215 0.000898 83.803665
10.546867 1528201040.886835 0.000089 0.000219 0.000905 83.348272
10.559712 1528201040.899681 0.000092 0.000221 0.000893 82.372414
10.571874 1528201040.911843 0.000096 0.000224 0.000870 81.162708
10.584785 1528201040.924754 0.000101 0.000229 0.000840 79.766778
10.597218 1528201040.937187 0.000106 0.000233 0.000817 78.122614
10.609759 1528201040.949727 0.000114 0.000232 0.000797 75.190998
10.622208 1528201040.962176 0.000127 0.000225 0.000792 71.133624
10.634797 1528201040.974766 0.000136 0.000214 0.000799 67.625533
10.647124 1528201040.987092 0.000137 0.000208 0.000781 65.415031
10.659620 1528201040.999588 0.000135 0.000203 0.000782 63.724394
10.672246 1528201041.012214 0.000134 0.000203 0.000800 62.522709
10.684624 1528201041.024592 0.000135 0.000203 0.000791 61.946809
10.697087 1528201041.037055 0.000135 0.000203 0.000774 61.420365
10.709910 1528201041.049879 0.000135 0.000204 0.000770 60.956019
10.721834 1528201041.061802 0.000135 0.000204 0.000758 61.135060
10.734822 1528201041.074790 0.000135 0.000205 0.000769 61.218267
10.746817 1528201041.086786 0.000135 0.000206 0.000773 61.361137
10.759427 1528201041.099396 0.000134 0.000205 0.000782 61.416466
10.771619 1528201041.111588 0.000133 0.000205 0.000781 61.378327
10.784387 1528201041.124355 0.000133 0.000204 0.000778 61.358340
10.797166 1528201041.137134 0.000131 0.000203 0.000788 61.139746
10.809614 1528201041.149582 0.000128 0.000201 0.000812 61.360327
10.821535 1528201041.161504 0.000124 0.000198 0.000833 61.476397
10.834391 1528201041.174360 0.000125 0.000199 0.000838 61.935218
10.846661 1528201041.186630 0.000130 0.000201 0.000805 62.658780
10.859144 1528201041.199113 0.000131 0.000202 0.000783 62.742872
10.871670 1528201041.211638 0.000129 0.000201 0.000780 62.423473
10.884207 1528201041.224176 0.000128 0.000199 0.000747 61.749212
10.897002 1528201041.236970 0.000126 0.000198 0.000766 62.038216
10.909241 1528201041.249209 0.000129 0.000198 0.000784 62.217818
10.922396 1528201041.262364 0.000142 0.000196 0.000765 61.808503
10.935247 1528201041.275216 0.000142 0.000194 0.000731 60.748967
10.947674 1528201041.287642 0.000149 0.000187 0.000695 59.034234
10.960141 1528201041.300110 0.000150 0.000173 0.000514 54.335538
10.971710 1528201041.311678 0.000148 0.000163 0.000523 52.356554
10.984410 1528201041.324378 0.000150 0.000157 0.000547 51.165481
10.996904 1528201041.336872 0.000152 0.000155 0.000562 50.082758
11.009510 1528201041.349478 0.000148 0.000153 0.000574 49.385495
11.022009 1528201041.361978 0.000144 0.000151 0.000580 49.066094
11.035371 1528201041.375339 0.000141 0.000150 0.000569 49.176576
11.047672 1528201041.387640 0.000139 0.000151 0.000567 49.334668
11.060213 1528201041.400181 0.000138 0.000153 0.000568 49.683024
11.072325 1528201041.412294 0.000137 0.000154 0.000573 49.538571
11.084788 1528201041.424757 0.000136 0.000153 0.000565 48.994895
11.097280 1528201041.437248 0.000132 0.000151 0.000560 48.237684
11.109493 1528201041.449461 0.000130 0.000151 0.000571 48.038608
11.121853 1528201041.461821 0.000131 0.000154 0.000579 48.280744
11.134521 1528201041.474489 0.000141 0.000154 0.000703 49.677481
11.146962 1528201041.486930 0.000134 0.000153 0.000687 49.332373
11.159832 1528201041.499801 0.000137 0.000149 0.000754 48.833161
11.172039 1528201041.512007 0.000142 0.000146 0.000812 48.913493
11.184647 1528201041.524616 0.000144 0.000147 0.000792 48.276886
11.197292 1528201041.537260 0.000136 0.000148 0.000813 48.840722
11.209688 1528201041.549656 0.000133 0.000148 0.000819 48.165969
11.222318 1528201041.562286 0.000133 0.000145 0.000849 47.203521
11.234618 1528201041.574586 0.000133 0.000143 0.000859 46.083239
11.246964 1528201041.586932 0.000134 0.000142 0.000816 45.014115
11.259546 1528201041.599515 0.000135 0.000141 0.000788 44.024526
11.271880 1528201041.611849 0.000133 0.000143 0.000795 43.180022
11.284700 1528201041.624668 0.000131 0.000139 0.000817 43.967778
11.296935 1528201041.636903 0.000133 0.000138 0.000803 43.554988
11.309614 1528201041.649582 0.000134 0.000139 0.000773 43.346110
11.321905 1528201041.661874 0.000134 0.000143 0.000772 43.042411
11.334470 1528201041.674438 0.000130 0.000141 0.000783 42.273241
11.347091 1528201041.687059 0.000129 0.000141 0.000812 42.454671
11.359746 1528201041.699715 0.000130 0.000138 0.000792 41.831703
11.372954 1528201041.712922 0.000128 0.000137 0.000761 42.148888
11.384979 1528201041.724948 0.000127 0.000138 0.000759 42.177945
