-2.851832 1529065028.481826 0.000028 0.000076 0.000312 65.601478
-2.838921 1529065028.494737 0.000080 0.000186 0.000291 63.088186
-2.826530 1529065028.507128 0.000103 0.000115 0.000502 46.235063
-2.814691 1529065028.518967 0.000113 0.000179 0.000734 40.620434
-2.802484 1529065028.531174 0.000117 0.000236 0.000520 27.646605
-2.788441 1529065028.545217 0.000157 0.000199 0.000401 19.243689
-2.777431 1529065028.556227 0.000126 0.000200 0.000373 14.911464
-2.764831 1529065028.568827 0.000098 0.000135 0.000381 14.734650
-2.752267 1529065028.581391 0.000053 0.000100 0.000437 18.299362
-2.739727 1529065028.593931 0.000074 0.000108 0.001971 19.699799
-2.727003 1529065028.606655 0.000087 0.000128 0.002005 17.383049
-2.714316 1529065028.619342 0.000094 0.000121 0.000245 32.043585
-2.701703 1529065028.631955 0.000097 0.000127 0.000313 26.821567
-2.689567 1529065028.644091 0.000100 0.000130 0.000376 23.586495
-2.675908 1529065028.657750 0.000100 0.000127 0.000427 22.813939
-2.664383 1529065028.669275 0.000101 0.000129 0.000467 22.893239
-2.651973 1529065028.681685 0.000103 0.000130 0.000510 25.004111
-2.639515 1529065028.694143 0.000105 0.000132 0.000544 28.347108
-2.626617 1529065028.707041 0.000109 0.000135 0.000580 32.617789
-2.614230 1529065028.719428 0.000115 0.000134 0.000616 37.382565
-2.601997 1529065028.731661 0.000119 0.000134 0.000632 40.040089
-2.589412 1529065028.744246 0.000119 0.000132 0.000628 41.325376
-2.576313 1529065028.757345 0.000121 0.000134 0.000627 41.726145
-2.563323 1529065028.770334 0.000127 0.000139 0.000621 41.851050
-2.552109 1529065028.781549 0.000123 0.000133 0.000621 42.549363
-2.539341 1529065028.794317 0.000125 0.000131 0.000617 42.447110
-2.526580 1529065028.807078 0.000126 0.000132 0.000614 42.415712
-2.514409 1529065028.819249 0.000127 0.000132 0.000611 42.208482
-2.501586 1529065028.832072 0.000127 0.000132 0.000606 42.196635
-2.488861 1529065028.844797 0.000129 0.000132 0.000605 42.170860
-2.476666 1529065028.856992 0.000128 0.000132 0.000604 42.353529
-2.464185 1529065028.869473 0.000129 0.000134 0.000602 42.525383
-2.451671 1529065028.881987 0.000128 0.000133 0.000602 42.440370
-2.438761 1529065028.894897 0.000126 0.000135 0.000602 42.790375
-2.426667 1529065028.906991 0.000125 0.000135 0.000600 43.125007
-2.414232 1529065028.919426 0.000122 0.000134 0.000613 42.752989
-2.402318 1529065028.931340 0.000119 0.000134 0.000630 42.220145
-2.388658 1529065028.945000 0.000117 0.000131 0.000655 42.150618
-2.376128 1529065028.957530 0.000117 0.000130 0.000667 41.277297
-2.362586 1529065028.971072 0.000116 0.000129 0.000681 41.295495
-2.351010 1529065028.982648 0.000117 0.000130 0.000681 41.681954
-2.338638 1529065028.995020 0.000117 0.000130 0.000683 42.195322
-2.326599 1529065029.007059 0.000119 0.000129 0.000689 42.372589
-2.314965 1529065029.018693 0.000118 0.000129 0.000692 42.610144
-2.302605 1529065029.031053 0.000118 0.000129 0.000691 42.645871
-2.290040 1529065029.043618 0.000118 0.000128 0.000689 42.570809
-2.277440 1529065029.056218 0.000118 0.000128 0.000690 42.554051
-2.264918 1529065029.068740 0.000118 0.000128 0.000693 42.429698
-2.252624 1529065029.081034 0.000118 0.000128 0.000687 41.987655
-2.239836 1529065029.093822 0.000117 0.000128 0.000683 41.380919
-2.226843 1529065029.106815 0.000116 0.000127 0.000684 41.055546
-2.215147 1529065029.118511 0.000115 0.000127 0.000676 40.125756
-2.202327 1529065029.131331 0.000115 0.000126 0.000670 39.316891
-2.189743 1529065029.143915 0.000115 0.000126 0.000672 39.218909
-2.177010 1529065029.156648 0.000116 0.000126 0.000670 39.483349
-2.164616 1529065029.169042 0.000119 0.000128 0.000669 39.490197
-2.151937 1529065029.181720 0.000121 0.000129 0.000677 39.908361
-2.139346 1529065029.194312 0.000122 0.000129 0.000688 40.493749
-2.126872 1529065029.206786 0.000123 0.000131 0.000691 40.753338
-2.114479 1529065029.219179 0.000124 0.000137 0.000694 41.972572
-2.101698 1529065029.231960 0.000125 0.000137 0.000690 42.583142
-2.089521 1529065029.244137 0.000124 0.000134 0.000689 43.963267
-2.076856 1529065029.256802 0.000121 0.000136 0.000681 45.574898
-2.064317 1529065029.269341 0.000116 0.000142 0.000670 47.691271
-2.051151 1529065029.282507 0.000114 0.000146 0.000669 48.510150
-2.039487 1529065029.294171 0.000116 0.000149 0.000669 48.836354
-2.026725 1529065029.306933 0.000115 0.000149 0.000686 49.627903
-2.014307 1529065029.319351 0.000117 0.000151 0.000684 49.781315
-2.001233 1529065029.332425 0.000116 0.000152 0.000686 50.380591
-1.989396 1529065029.344262 0.000115 0.000152 0.000684 50.322196
-1.976850 1529065029.356808 0.000113 0.000152 0.000682 50.467888
-1.964472 1529065029.369186 0.000112 0.000150 0.000678 50.207517
-1.951764 1529065029.381894 0.000112 0.000149 0.000672 49.792863
-1.939609 1529065029.394049 0.000111 0.000149 0.000668 49.742592
-1.926877 1529065029.406781 0.000111 0.000150 0.000669 49.760525
-1.914107 1529065029.419551 0.000110 0.000150 0.000665 49.683438
-1.901312 1529065029.432346 0.000110 0.000150 0.000671 49.329736
-1.889451 1529065029.444207 0.000113 0.000147 0.000670 48.408070
-1.876981 1529065029.456677 0.000117 0.000145 0.000675 48.934111
-1.863782 1529065029.469876 0.000121 0.000141 0.000681 49.538932
-1.851516 1529065029.482142 0.000124 0.000138 0.000678 49.912886
-1.839268 1529065029.494390 0.000125 0.000138 0.000681 50.689242
-1.826749 1529065029.506909 0.000124 0.000135 0.000694 51.764733
-1.814293 1529065029.519365 0.000124 0.000137 0.000720 53.450454
-1.801098 1529065029.532560 0.000122 0.000142 0.000763 54.505929
-1.789464 1529065029.544194 0.000124 0.000169 0.000819 57.065671
-1.776645 1529065029.557013 0.000124 0.000208 0.000917 58.928121
-1.764332 1529065029.569326 0.000126 0.000355 0.000975 60.374348
-1.752026 1529065029.581632 0.000121 0.000345 0.001029 60.966027
-1.739238 1529065029.594420 0.000146 0.000336 0.001068 61.188330
-1.726499 1529065029.607159 0.000156 0.000327 0.001057 62.220909
-1.714505 1529065029.619153 0.000131 0.000325 0.000981 65.772778
-1.702132 1529065029.631526 0.000144 0.000306 0.000874 69.839983
-1.689521 1529065029.644137 0.000142 0.000250 0.000949 74.465147
-1.677536 1529065029.656122 0.000135 0.000195 0.001025 75.203016
-1.664715 1529065029.668943 0.000117 0.000176 0.001020 75.852728
-1.651811 1529065029.681847 0.000108 0.000179 0.001030 76.561005
-1.639995 1529065029.693663 0.000112 0.000181 0.001048 77.337619
-1.627122 1529065029.706536 0.000115 0.000180 0.001074 77.975697
-1.614050 1529065029.719608 0.000124 0.000183 0.001042 78.388461
-1.601033 1529065029.732625 0.000131 0.000185 0.001019 78.845933
-1.588752 1529065029.744906 0.000138 0.000186 0.001021 80.143810
-1.576237 1529065029.757421 0.000141 0.000189 0.000981 80.293526
-1.563458 1529065029.770200 0.000142 0.000195 0.000960 79.985178
-1.552360 1529065029.781298 0.000140 0.000204 0.000940 78.353530
-1.539930 1529065029.793728 0.000132 0.000218 0.000976 77.248781
-1.526334 1529065029.807324 0.000130 0.000224 0.001008 75.900568
-1.513786 1529065029.819872 0.000125 0.000224 0.001032 74.263853
-1.500228 1529065029.833430 0.000122 0.000218 0.000970 71.956704
-1.489424 1529065029.844234 0.000119 0.000213 0.000946 70.199868
-1.475391 1529065029.858267 0.000118 0.000210 0.000961 69.386021
-1.464186 1529065029.869472 0.000117 0.000207 0.000929 67.914143
-1.452024 1529065029.881634 0.000115 0.000205 0.000924 67.145879
-1.439697 1529065029.893961 0.000114 0.000201 0.000929 66.144177
-1.427622 1529065029.906036 0.000113 0.000197 0.000932 65.139249
-1.414785 1529065029.918873 0.000111 0.000194 0.000924 64.162067
-1.402087 1529065029.931571 0.000111 0.000191 0.000922 63.534587
-1.388464 1529065029.945194 0.000110 0.000189 0.000923 62.888432
-1.375622 1529065029.958036 0.000109 0.000187 0.000914 62.276866
-1.362916 1529065029.970742 0.000109 0.000186 0.000916 62.123676
-1.351895 1529065029.981763 0.000108 0.000186 0.000925 61.905487
-1.339637 1529065029.994021 0.000107 0.000184 0.000927 61.663647
-1.327176 1529065030.006482 0.000107 0.000184 0.000932 61.591837
-1.314664 1529065030.018994 0.000108 0.000184 0.000930 61.455581
-1.302099 1529065030.031559 0.000107 0.000183 0.000933 61.262025
-1.289663 1529065030.043995 0.000108 0.000183 0.000928 61.059268
-1.277379 1529065030.056279 0.000107 0.000182 0.000938 60.982975
-1.264705 1529065030.068953 0.000107 0.000181 0.000929 60.582773
-1.252160 1529065030.081498 0.000107 0.000181 0.000927 60.329525
-1.239504 1529065030.094154 0.000105 0.000180 0.000933 60.132908
-1.227203 1529065030.106455 0.000105 0.000179 0.000941 60.015159
-1.213759 1529065030.119899 0.000105 0.000180 0.000933 59.845590
-1.201008 1529065030.132650 0.000105 0.000179 0.000930 59.526998
-1.187860 1529065030.145798 0.000104 0.000178 0.000932 59.272783
-1.175491 1529065030.158167 0.000104 0.000178 0.000924 58.925222
-1.164053 1529065030.169605 0.000104 0.000176 0.000929 58.686731
-1.152219 1529065030.181439 0.000105 0.000175 0.000930 58.232970
-1.139305 1529065030.194353 0.000105 0.000172 0.000931 57.702752
-1.127321 1529065030.206337 0.000108 0.000173 0.000924 56.876969
-1.114631 1529065030.219027 0.000110 0.000175 0.000918 55.872356
-1.099927 1529065030.233731 0.000111 0.000153 0.000840 52.404809
-1.088579 1529065030.245079 0.000108 0.000149 0.000839 51.704539
-1.076352 1529065030.257306 0.000110 0.000150 0.000821 51.446938
-1.064316 1529065030.269342 0.000109 0.000150 0.000819 51.344087
-1.051937 1529065030.281721 0.000110 0.000150 0.000816 51.432589
-1.037996 1529065030.295662 0.000109 0.000151 0.000817 51.507245
-1.025853 1529065030.307805 0.000108 0.000149 0.000826 51.564384
-1.013438 1529065030.320220 0.000109 0.000151 0.000819 51.787753
-1.001706 1529065030.331952 0.000108 0.000149 0.000824 51.698651
-0.989359 1529065030.344299 0.000109 0.000151 0.000821 51.914808
-0.976873 1529065030.356785 0.000108 0.000149 0.000825 51.859414
-0.964018 1529065030.369640 0.000109 0.000151 0.000818 51.898820
-0.951670 1529065030.381988 0.000108 0.000149 0.000825 51.982052
-0.939336 1529065030.394322 0.000109 0.000151 0.000820 52.011014
-0.925113 1529065030.408545 0.000109 0.000151 0.000818 52.005315
-0.913344 1529065030.420314 0.000108 0.000150 0.000818 51.997050
-0.901756 1529065030.431902 0.000108 0.000150 0.000816 51.962216
-0.889332 1529065030.444326 0.000109 0.000150 0.000812 51.777112
-0.876776 1529065030.456882 0.000108 0.000150 0.000813 51.703991
-0.863758 1529065030.469900 0.000111 0.000149 0.000800 51.309532
-0.851587 1529065030.482071 0.000112 0.000149 0.000802 50.797181
-0.839268 1529065030.494390 0.000112 0.000148 0.000804 49.912087
-0.825902 1529065030.507756 0.000109 0.000147 0.000805 49.639699
-0.814008 1529065030.519650 0.000110 0.000146 0.000797 49.497718
-0.800754 1529065030.532904 0.000110 0.000147 0.000803 49.589268
-0.788860 1529065030.544798 0.000109 0.000145 0.000808 49.745803
-0.776757 1529065030.556901 0.000110 0.000145 0.000803 49.636374
-0.764222 1529065030.569436 0.000108 0.000144 0.000807 49.468385
-0.751676 1529065030.581982 0.000109 0.000144 0.000799 49.438156
-0.739193 1529065030.594465 0.000109 0.000144 0.000797 49.434511
-0.726446 1529065030.607212 0.000108 0.000143 0.000800 49.339967
-0.714143 1529065030.619515 0.000108 0.000143 0.000799 49.377545
-0.700813 1529065030.632845 0.000108 0.000142 0.000799 49.367855
-0.689280 1529065030.644378 0.000107 0.000142 0.000798 49.270240
-0.677059 1529065030.656599 0.000107 0.000141 0.000796 49.195550
-0.664137 1529065030.669521 0.000108 0.000141 0.000796 49.097409
-0.651681 1529065030.681977 0.000107 0.000141 0.000798 49.135306
-0.638766 1529065030.694892 0.000108 0.000141 0.000798 48.988726
-0.626412 1529065030.707246 0.000107 0.000140 0.000797 48.981660
-0.614279 1529065030.719379 0.000107 0.000139 0.000797 48.891348
-0.601920 1529065030.731738 0.000105 0.000139 0.000803 48.812837
-0.588693 1529065030.744965 0.000107 0.000139 0.000796 48.824702
-0.575990 1529065030.757668 0.000106 0.000138 0.000798 48.767862
-0.564048 1529065030.769610 0.000105 0.000138 0.000794 48.732203
-0.551565 1529065030.782093 0.000103 0.000138 0.000791 48.662768
-0.538625 1529065030.795033 0.000099 0.000142 0.000792 49.057842
-0.526548 1529065030.807110 0.000098 0.000151 0.000777 49.521929
-0.513523 1529065030.820135 0.000100 0.000149 0.000773 49.608062
-0.501603 1529065030.832055 0.000103 0.000138 0.000772 49.431285
-0.489310 1529065030.844348 0.000104 0.000135 0.000796 49.785604
-0.476316 1529065030.857342 0.000107 0.000131 0.000801 49.801828
-0.463188 1529065030.870470 0.000108 0.000129 0.000811 49.729161
-0.451699 1529065030.881959 0.000108 0.000126 0.000820 49.944200
-0.437534 1529065030.896124 0.000110 0.000125 0.000829 50.041898
-0.426181 1529065030.907477 0.000109 0.000124 0.000843 50.411373
-0.413343 1529065030.920315 0.000110 0.000123 0.000847 50.421743
-0.401664 1529065030.931994 0.000110 0.000122 0.000851 50.424234
-0.389615 1529065030.944043 0.000110 0.000121 0.000855 50.593300
-0.377251 1529065030.956407 0.000109 0.000120 0.000861 50.702951
-0.364431 1529065030.969227 0.000109 0.000119 0.000865 50.807717
-0.352099 1529065030.981559 0.000111 0.000120 0.000864 50.760143
-0.339164 1529065030.994494 0.000110 0.000119 0.000864 50.784869
-0.327349 1529065031.006309 0.000110 0.000120 0.000867 50.704235
-0.314567 1529065031.019091 0.000110 0.000119 0.000867 50.796352
-0.301278 1529065031.032380 0.000109 0.000119 0.000870 50.877672
-0.288970 1529065031.044688 0.000109 0.000119 0.000863 50.766110
-0.276409 1529065031.057249 0.000109 0.000119 0.000866 50.819658
-0.264025 1529065031.069633 0.000109 0.000119 0.000863 50.544228
-0.251451 1529065031.082207 0.000109 0.000119 0.000861 50.694482
-0.238379 1529065031.095279 0.000108 0.000119 0.000856 50.647338
-0.226301 1529065031.107357 0.000108 0.000118 0.000858 50.676861
-0.214094 1529065031.119564 0.000108 0.000118 0.000861 50.815506
-0.201710 1529065031.131948 0.000108 0.000119 0.000858 50.845802
-0.189173 1529065031.144485 0.000108 0.000119 0.000856 50.822442
-0.176182 1529065031.157476 0.000108 0.000119 0.000861 50.782881
-0.163564 1529065031.170094 0.000108 0.000118 0.000856 50.883302
-0.151497 1529065031.182161 0.000108 0.000119 0.000857 50.896424
-0.138872 1529065031.194786 0.000109 0.000118 0.000858 50.944542
-0.126431 1529065031.207227 0.000109 0.000118 0.000857 50.873285
-0.113363 1529065031.220295 0.000109 0.000118 0.000851 50.814879
-0.101366 1529065031.232292 0.000109 0.000118 0.000856 50.896198
-0.088063 1529065031.245595 0.000108 0.000118 0.000858 50.988389
-0.076041 1529065031.257617 0.000108 0.000118 0.000861 50.965363
-0.063687 1529065031.269971 0.000108 0.000118 0.000858 50.996209
-0.050956 1529065031.282702 0.000108 0.000118 0.000863 51.066699
-0.038557 1529065031.295101 0.000108 0.000119 0.000863 50.936750
-0.025717 1529065031.307941 0.000108 0.000118 0.000865 50.927793
-0.013391 1529065031.320267 0.000107 0.000119 0.000864 50.890588
-0.001525 1529065031.332133 0.000109 0.000119 0.000847 50.826846
0.011303 1529065031.344961 0.000112 0.000118 0.000849 50.547724
0.023778 1529065031.357436 0.000113 0.000119 0.000856 50.306210
0.037066 1529065031.370724 0.000112 0.000119 0.000843 49.727452
0.048718 1529065031.382376 0.000113 0.000118 0.000825 49.483759
0.061691 1529065031.395349 0.000111 0.000116 0.000818 49.314964
0.074355 1529065031.408013 0.000112 0.000116 0.000818 49.441453
0.086489 1529065031.420147 0.000112 0.000116 0.000816 49.528442
0.098488 1529065031.432146 0.000111 0.000117 0.000818 49.675589
0.111345 1529065031.445003 0.000112 0.000117 0.000814 49.580056
0.123683 1529065031.457341 0.000112 0.000116 0.000811 49.500732
0.136918 1529065031.470576 0.000111 0.000116 0.000822 49.687488
0.148737 1529065031.482395 0.000111 0.000116 0.000812 49.429082
0.161327 1529065031.494985 0.000110 0.000116 0.000818 49.508865
0.174527 1529065031.508185 0.000110 0.000117 0.000820 49.336681
0.186177 1529065031.519835 0.000110 0.000116 0.000806 49.334050
0.198739 1529065031.532397 0.000109 0.000117 0.000810 49.204141
0.211086 1529065031.544744 0.000109 0.000117 0.000804 49.135451
0.224262 1529065031.557920 0.000106 0.000116 0.000803 49.285869
0.236803 1529065031.570461 0.000107 0.000117 0.000810 49.532078
0.248739 1529065031.582397 0.000109 0.000118 0.000798 50.501874
0.261410 1529065031.595068 0.000113 0.000115 0.000819 52.590931
0.273610 1529065031.607268 0.000112 0.000118 0.000815 54.956303
0.287519 1529065031.621177 0.000113 0.000121 0.000834 56.915950
0.298588 1529065031.632246 0.000114 0.000121 0.000856 59.033716
0.311301 1529065031.644959 0.000115 0.000122 0.000871 60.729322
0.323713 1529065031.657371 0.000114 0.000129 0.000890 62.136037
0.336406 1529065031.670064 0.000115 0.000133 0.000893 63.314039
0.349330 1529065031.682988 0.000115 0.000135 0.000892 65.132258
0.361714 1529065031.695372 0.000118 0.000133 0.000861 67.950156
0.373725 1529065031.707383 0.000126 0.000132 0.000843 71.286503
0.386890 1529065031.720548 0.000130 0.000143 0.000807 75.170744
0.398594 1529065031.732252 0.000126 0.000152 0.000785 78.494204
0.411029 1529065031.744687 0.000124 0.000168 0.000791 81.642759
0.424001 1529065031.757659 0.000126 0.000176 0.000799 84.445609
0.436198 1529065031.769856 0.000126 0.000172 0.000807 86.811533
0.449288 1529065031.782946 0.000127 0.000168 0.000809 89.019548
0.461730 1529065031.795388 0.000127 0.000165 0.000804 91.100517
0.474666 1529065031.808324 0.000130 0.000167 0.000787 93.424787
0.486447 1529065031.820105 0.000133 0.000170 0.000783 96.475566
0.498782 1529065031.832440 0.000136 0.000174 0.000771 99.435924
0.510920 1529065031.844578 0.000138 0.000176 0.000768 101.273594
0.523634 1529065031.857292 0.000140 0.000175 0.000762 103.295830
0.536195 1529065031.869853 0.000142 0.000171 0.000748 105.748779
0.548796 1529065031.882454 0.000143 0.000173 0.000738 106.838736
0.560967 1529065031.894625 0.000145 0.000173 0.000737 107.678158
0.573332 1529065031.906990 0.000148 0.000172 0.000715 108.745214
0.586456 1529065031.920114 0.000152 0.000171 0.000711 109.301557
0.598845 1529065031.932503 0.000156 0.000172 0.000698 109.226853
0.611069 1529065031.944727 0.000160 0.000170 0.000714 109.910916
0.624446 1529065031.958104 0.000166 0.000171 0.000693 110.961852
0.636257 1529065031.969915 0.000163 0.000172 0.000692 111.943360
0.649083 1529065031.982741 0.000163 0.000173 0.000684 112.731800
0.661030 1529065031.994688 0.000163 0.000172 0.000685 113.076758
0.673754 1529065032.007412 0.000164 0.000174 0.000686 113.851444
0.685667 1529065032.019325 0.000165 0.000175 0.000671 113.933777
0.699044 1529065032.032702 0.000164 0.000180 0.000665 114.887494
0.711752 1529065032.045410 0.000166 0.000182 0.000650 114.995700
0.724336 1529065032.057994 0.000164 0.000182 0.000663 115.960852
0.736101 1529065032.069759 0.000164 0.000184 0.000653 116.137974
0.748524 1529065032.082182 0.000166 0.000185 0.000654 115.902141
0.761172 1529065032.094830 0.000165 0.000186 0.000661 116.553711
0.774244 1529065032.107902 0.000168 0.000188 0.000653 117.289308
0.786315 1529065032.119973 0.000167 0.000187 0.000653 116.714310
0.799924 1529065032.133582 0.000167 0.000189 0.000650 117.017829
0.811066 1529065032.144724 0.000166 0.000191 0.000654 117.973243
0.824242 1529065032.157900 0.000165 0.000192 0.000657 118.406218
0.836218 1529065032.169876 0.000166 0.000192 0.000654 118.390583
0.849149 1529065032.182807 0.000165 0.000193 0.000653 119.264033
0.861207 1529065032.194865 0.000166 0.000195 0.000648 119.641704
0.873599 1529065032.207257 0.000165 0.000195 0.000659 120.002352
0.885862 1529065032.219520 0.000165 0.000196 0.000667 120.809630
0.899025 1529065032.232683 0.000165 0.000198 0.000653 121.472686
0.911042 1529065032.244700 0.000164 0.000199 0.000663 121.992940
0.923449 1529065032.257107 0.000164 0.000198 0.000660 122.014806
0.936355 1529065032.270013 0.000165 0.000200 0.000655 122.405144
0.948719 1529065032.282377 0.000164 0.000201 0.000658 122.563240
0.960956 1529065032.294614 0.000164 0.000201 0.000661 122.885895
0.973612 1529065032.307270 0.000165 0.000202 0.000658 122.948983
0.985890 1529065032.319548 0.000163 0.000203 0.000657 122.909220
0.998683 1529065032.332341 0.000163 0.000201 0.000674 123.683055
1.011266 1529065032.344924 0.000164 0.000204 0.000670 124.500903
1.023733 1529065032.357391 0.000164 0.000205 0.000659 124.611684
1.036171 1529065032.369829 0.000163 0.000207 0.000671 124.614792
1.048646 1529065032.382304 0.000164 0.000207 0.000684 125.935329
1.061442 1529065032.395100 0.000163 0.000206 0.000674 125.517311
1.073519 1529065032.407177 0.000162 0.000209 0.000671 126.176567
1.086247 1529065032.419905 0.000163 0.000209 0.000681 126.527997
1.098508 1529065032.432166 0.000163 0.000211 0.000663 126.846246
1.111802 1529065032.445460 0.000163 0.000211 0.000669 127.095590
1.123954 1529065032.457612 0.000162 0.000212 0.000670 127.163442
1.136322 1529065032.469980 0.000162 0.000215 0.000658 127.727631
1.149084 1529065032.482742 0.000161 0.000213 0.000665 126.689790
1.161225 1529065032.494883 0.000160 0.000213 0.000671 126.741647
1.174056 1529065032.507714 0.000160 0.000211 0.000674 126.964641
1.186707 1529065032.520365 0.000162 0.000215 0.000664 126.346842
1.198884 1529065032.532542 0.000161 0.000216 0.000668 126.856299
1.211036 1529065032.544694 0.000161 0.000216 0.000676 126.957372
1.224138 1529065032.557796 0.000161 0.000219 0.000663 127.143023
1.236000 1529065032.569658 0.000161 0.000215 0.000671 127.227788
1.249188 1529065032.582846 0.000160 0.000218 0.000671 127.056969
1.263124 1529065032.596782 0.000160 0.000217 0.000673 126.859055
1.274200 1529065032.607858 0.000160 0.000218 0.000666 126.650512
1.286588 1529065032.620246 0.000159 0.000219 0.000674 126.448327
1.299117 1529065032.632775 0.000159 0.000218 0.000672 126.931522
1.311649 1529065032.645307 0.000158 0.000220 0.000674 126.964344
1.323170 1529065032.656828 0.000159 0.000219 0.000670 126.222460
1.335257 1529065032.668915 0.000159 0.000221 0.000661 126.564069
1.347990 1529065032.681648 0.000159 0.000220 0.000673 127.320347
1.360533 1529065032.694191 0.000158 0.000216 0.000674 125.966203
1.373105 1529065032.706763 0.000158 0.000220 0.000679 126.337698
1.385544 1529065032.719202 0.000158 0.000220 0.000676 126.095964
1.398029 1529065032.731687 0.000160 0.000222 0.000669 126.307324
1.410517 1529065032.744174 0.000159 0.000218 0.000689 126.049142
1.423957 1529065032.757615 0.000160 0.000218 0.000691 126.233173
1.437200 1529065032.770858 0.000160 0.000221 0.000694 126.175010
1.449658 1529065032.783316 0.000160 0.000220 0.000692 125.882480
1.461782 1529065032.795440 0.000160 0.000220 0.000702 125.824065
1.474178 1529065032.807836 0.000161 0.000219 0.000716 125.898362
1.486145 1529065032.819803 0.000160 0.000220 0.000712 126.042277
1.498743 1529065032.832401 0.000161 0.000221 0.000711 125.995523
1.510666 1529065032.844324 0.000161 0.000223 0.000707 126.121293
1.523157 1529065032.856815 0.000160 0.000223 0.000717 126.120407
1.535737 1529065032.869395 0.000161 0.000223 0.000714 126.320651
1.548189 1529065032.881847 0.000161 0.000222 0.000716 126.208338
1.561083 1529065032.894741 0.000160 0.000221 0.000726 126.342065
1.573229 1529065032.906887 0.000161 0.000222 0.000723 126.441932
1.586153 1529065032.919811 0.000161 0.000223 0.000708 126.144389
1.598189 1529065032.931847 0.000161 0.000223 0.000717 126.067133
1.610729 1529065032.944387 0.000161 0.000223 0.000719 125.915511
1.623039 1529065032.956697 0.000162 0.000223 0.000717 126.054151
1.635677 1529065032.969335 0.000161 0.000223 0.000713 125.983993
1.648870 1529065032.982528 0.000161 0.000224 0.000728 126.014454
1.661128 1529065032.994786 0.000161 0.000227 0.000723 126.172213
1.673765 1529065033.007423 0.000162 0.000224 0.000713 125.901017
1.686481 1529065033.020139 0.000162 0.000224 0.000723 125.852859
1.698898 1529065033.032556 0.000162 0.000224 0.000723 125.748244
1.711418 1529065033.045076 0.000161 0.000226 0.000725 126.036755
1.723450 1529065033.057108 0.000162 0.000225 0.000728 126.294178
1.736114 1529065033.069772 0.000162 0.000226 0.000713 125.987357
1.748839 1529065033.082497 0.000162 0.000226 0.000720 125.640931
1.761068 1529065033.094726 0.000162 0.000224 0.000732 125.798247
1.773757 1529065033.107415 0.000162 0.000223 0.000732 125.805397
1.786093 1529065033.119750 0.000161 0.000224 0.000736 125.666079
1.798408 1529065033.132066 0.000162 0.000223 0.000745 125.653296
1.811060 1529065033.144718 0.000161 0.000225 0.000731 125.544379
1.823585 1529065033.157243 0.000161 0.000225 0.000733 125.215254
1.836020 1529065033.169678 0.000162 0.000225 0.000738 125.671260
1.848544 1529065033.182202 0.000162 0.000226 0.000728 125.441163
1.861181 1529065033.194839 0.000161 0.000227 0.000733 125.527651
1.874155 1529065033.207813 0.000161 0.000226 0.000741 125.558259
1.886201 1529065033.219859 0.000161 0.000226 0.000736 125.639185
1.898657 1529065033.232315 0.000162 0.000227 0.000725 126.145860
1.911022 1529065033.244680 0.000162 0.000228 0.000730 126.007844
1.923571 1529065033.257229 0.000162 0.000226 0.000734 126.125110
1.936306 1529065033.269964 0.000162 0.000227 0.000731 126.257045
1.948550 1529065033.282208 0.000161 0.000227 0.000737 126.200844
1.961084 1529065033.294742 0.000162 0.000226 0.000734 126.149731
1.973733 1529065033.307391 0.000162 0.000228 0.000732 126.038485
1.986730 1529065033.320388 0.000164 0.000226 0.000736 126.201216
1.998525 1529065033.332183 0.000162 0.000224 0.000740 126.344451
2.011120 1529065033.344778 0.000162 0.000226 0.000737 126.211064
2.024106 1529065033.357764 0.000163 0.000227 0.000739 126.159108
2.036150 1529065033.369808 0.000162 0.000226 0.000745 125.976118
2.048596 1529065033.382254 0.000163 0.000228 0.000739 125.950884
2.061712 1529065033.395370 0.000162 0.000228 0.000743 126.064440
2.073572 1529065033.407230 0.000163 0.000227 0.000743 126.094718
2.086018 1529065033.419676 0.000163 0.000227 0.000745 126.080293
2.098453 1529065033.432111 0.000164 0.000226 0.000728 125.804406
2.111799 1529065033.445457 0.000164 0.000225 0.000740 125.784120
2.124230 1529065033.457888 0.000163 0.000228 0.000738 126.061746
2.136772 1529065033.470430 0.000164 0.000228 0.000742 125.733152
2.148650 1529065033.482308 0.000163 0.000227 0.000748 125.684450
2.160937 1529065033.494595 0.000164 0.000228 0.000751 126.005396
2.173659 1529065033.507317 0.000164 0.000227 0.000747 125.736486
2.186660 1529065033.520318 0.000162 0.000227 0.000745 125.829401
2.198764 1529065033.532422 0.000163 0.000229 0.000750 126.063731
2.211206 1529065033.544864 0.000164 0.000229 0.000749 125.705040
2.224260 1529065033.557918 0.000164 0.000230 0.000740 125.951025
2.236167 1529065033.569825 0.000164 0.000228 0.000743 125.856305
2.248580 1529065033.582238 0.000164 0.000226 0.000752 125.647407
2.261513 1529065033.595170 0.000164 0.000228 0.000740 125.682866
2.273991 1529065033.607649 0.000164 0.000228 0.000741 125.534513
2.286432 1529065033.620090 0.000164 0.000226 0.000755 125.731392
2.298824 1529065033.632482 0.000165 0.000231 0.000737 125.487023
2.311210 1529065033.644868 0.000165 0.000229 0.000730 125.677004
2.323733 1529065033.657391 0.000164 0.000228 0.000743 125.807186
2.337263 1529065033.670921 0.000165 0.000227 0.000747 125.970299
2.348670 1529065033.682328 0.000164 0.000230 0.000737 125.740831
2.361623 1529065033.695281 0.000165 0.000229 0.000736 125.920891
2.373991 1529065033.707649 0.000164 0.000227 0.000761 126.059190
2.386322 1529065033.719980 0.000165 0.000227 0.000748 126.238860
2.399285 1529065033.732943 0.000164 0.000227 0.000750 126.090868
2.411366 1529065033.745024 0.000164 0.000227 0.000747 125.983560
2.424025 1529065033.757683 0.000165 0.000227 0.000752 125.855885
2.436036 1529065033.769694 0.000164 0.000227 0.000742 125.765808
2.450009 1529065033.783667 0.000163 0.000226 0.000755 125.749040
2.460943 1529065033.794601 0.000164 0.000228 0.000754 125.881853
2.473508 1529065033.807166 0.000163 0.000227 0.000756 125.792954
2.486814 1529065033.820472 0.000164 0.000226 0.000758 125.797514
2.499523 1529065033.833181 0.000164 0.000227 0.000750 125.873864
2.512243 1529065033.845901 0.000164 0.000227 0.000753 125.839338
2.524674 1529065033.858332 0.000164 0.000227 0.000752 125.718956
2.537683 1529065033.871341 0.000164 0.000226 0.000755 125.810082
2.548796 1529065033.882454 0.000164 0.000227 0.000746 125.229969
2.562309 1529065033.895967 0.000164 0.000228 0.000739 125.276586
2.573349 1529065033.907007 0.000164 0.000227 0.000750 125.569037
2.585766 1529065033.919424 0.000164 0.000228 0.000744 125.589922
2.598341 1529065033.931999 0.000165 0.000227 0.000744 125.422747
2.610822 1529065033.944480 0.000164 0.000227 0.000745 125.582326
2.624266 1529065033.957924 0.000165 0.000228 0.000755 125.843714
2.636177 1529065033.969835 0.000164 0.000228 0.000750 126.067820
2.648453 1529065033.982111 0.000166 0.000228 0.000760 126.381478
2.661110 1529065033.994768 0.000166 0.000228 0.000763 126.346100
2.674958 1529065034.008616 0.000166 0.000228 0.000751 126.124827
2.687677 1529065034.021335 0.000165 0.000227 0.000743 125.988295
2.699160 1529065034.032818 0.000165 0.000226 0.000745 126.024843
2.711816 1529065034.045474 0.000165 0.000226 0.000757 126.480920
2.724206 1529065034.057864 0.000165 0.000227 0.000762 125.947617
2.736143 1529065034.069801 0.000166 0.000227 0.000740 126.175904
2.749078 1529065034.082736 0.000166 0.000228 0.000755 125.727130
2.761134 1529065034.094792 0.000166 0.000227 0.000760 126.175140
2.774040 1529065034.107698 0.000166 0.000228 0.000758 125.954460
2.786011 1529065034.119669 0.000166 0.000228 0.000748 125.910003
2.798975 1529065034.132633 0.000166 0.000227 0.000757 125.998347
2.811179 1529065034.144837 0.000166 0.000227 0.000754 126.035733
2.823526 1529065034.157184 0.000166 0.000229 0.000755 125.810308
2.836684 1529065034.170342 0.000166 0.000229 0.000741 125.815549
2.848962 1529065034.182620 0.000166 0.000227 0.000763 125.882707
2.861129 1529065034.194787 0.000166 0.000228 0.000759 125.976224
2.873792 1529065034.207450 0.000165 0.000230 0.000763 126.052556
2.886167 1529065034.219825 0.000167 0.000229 0.000763 125.918357
2.898886 1529065034.232544 0.000166 0.000228 0.000770 126.216637
2.910945 1529065034.244603 0.000167 0.000228 0.000755 126.098672
2.923317 1529065034.256975 0.000167 0.000229 0.000759 126.008734
2.936416 1529065034.270074 0.000166 0.000229 0.000752 126.013174
2.949707 1529065034.283365 0.000166 0.000227 0.000770 126.105211
2.962119 1529065034.295777 0.000166 0.000228 0.000755 125.958345
2.974485 1529065034.308143 0.000166 0.000228 0.000763 126.162239
2.986785 1529065034.320443 0.000167 0.000230 0.000765 126.073389
2.998633 1529065034.332291 0.000166 0.000227 0.000760 126.098250
3.011158 1529065034.344816 0.000166 0.000226 0.000765 126.055325
3.024260 1529065034.357918 0.000166 0.000230 0.000763 126.158349
3.037304 1529065034.370962 0.000166 0.000229 0.000760 126.092672
3.049338 1529065034.382996 0.000165 0.000229 0.000763 126.165369
3.063169 1529065034.396827 0.000166 0.000227 0.000767 126.303188
3.074538 1529065034.408196 0.000165 0.000227 0.000761 126.314479
3.086124 1529065034.419782 0.000166 0.000228 0.000761 126.350968
3.098363 1529065034.432021 0.000166 0.000229 0.000748 126.150969
3.111356 1529065034.445014 0.000166 0.000228 0.000753 125.973350
3.123409 1529065034.457067 0.000165 0.000227 0.000750 125.841423
3.135923 1529065034.469581 0.000164 0.000226 0.000750 125.863863
3.148571 1529065034.482229 0.000165 0.000229 0.000755 125.801604
3.160984 1529065034.494642 0.000166 0.000228 0.000746 125.843687
3.174002 1529065034.507660 0.000164 0.000228 0.000755 125.910677
3.186464 1529065034.520122 0.000166 0.000227 0.000761 126.091141
3.198986 1529065034.532644 0.000166 0.000229 0.000747 126.116769
3.212452 1529065034.546110 0.000166 0.000230 0.000754 126.223014
3.224199 1529065034.557857 0.000166 0.000228 0.000769 126.118400
3.237280 1529065034.570938 0.000166 0.000230 0.000751 126.042872
3.248896 1529065034.582554 0.000167 0.000228 0.000761 126.432135
3.262075 1529065034.595733 0.000167 0.000228 0.000759 126.209939
3.273932 1529065034.607589 0.000167 0.000230 0.000751 126.393045
3.286690 1529065034.620348 0.000166 0.000230 0.000754 126.763063
3.299134 1529065034.632792 0.000166 0.000230 0.000755 126.812208
3.311461 1529065034.645119 0.000168 0.000232 0.000749 126.452115
3.323950 1529065034.657608 0.000168 0.000231 0.000750 126.636723
3.336372 1529065034.670030 0.000168 0.000232 0.000753 126.831818
3.349313 1529065034.682971 0.000167 0.000228 0.000757 126.728505
3.361899 1529065034.695557 0.000167 0.000230 0.000768 126.468484
3.374607 1529065034.708265 0.000168 0.000233 0.000751 126.203832
3.387034 1529065034.720692 0.000168 0.000229 0.000763 126.755590
3.400641 1529065034.734299 0.000169 0.000231 0.000766 126.653555
3.412342 1529065034.746000 0.000167 0.000230 0.000769 126.473635
3.425729 1529065034.759387 0.000166 0.000229 0.000754 126.497153
3.437188 1529065034.770846 0.000167 0.000232 0.000767 126.839869
3.449233 1529065034.782891 0.000168 0.000230 0.000769 126.849539
3.461795 1529065034.795453 0.000169 0.000231 0.000762 126.762359
3.473701 1529065034.807359 0.000168 0.000232 0.000756 126.948506
3.486706 1529065034.820364 0.000168 0.000229 0.000762 126.683732
3.498495 1529065034.832153 0.000167 0.000230 0.000757 126.677431
3.511125 1529065034.844783 0.000167 0.000230 0.000755 126.654321
3.524156 1529065034.857814 0.000166 0.000231 0.000753 126.593413
3.536079 1529065034.869737 0.000168 0.000230 0.000757 126.598461
3.548763 1529065034.882421 0.000167 0.000230 0.000752 126.281073
3.561204 1529065034.894862 0.000167 0.000230 0.000755 126.279699
3.574410 1529065034.908068 0.000166 0.000230 0.000757 126.471956
3.586277 1529065034.919935 0.000167 0.000230 0.000752 126.274938
3.598713 1529065034.932371 0.000166 0.000231 0.000749 126.205118
3.611905 1529065034.945563 0.000165 0.000229 0.000761 126.421756
3.624211 1529065034.957869 0.000166 0.000230 0.000765 126.679833
3.636220 1529065034.969878 0.000166 0.000233 0.000752 126.573794
3.648841 1529065034.982499 0.000166 0.000232 0.000756 126.691467
3.661239 1529065034.994897 0.000166 0.000231 0.000772 126.569610
3.674494 1529065035.008152 0.000168 0.000233 0.000750 126.594297
3.686350 1529065035.020008 0.000167 0.000232 0.000753 126.382037
3.698536 1529065035.032194 0.000168 0.000233 0.000749 126.522146
3.711150 1529065035.044808 0.000170 0.000234 0.000768 126.498931
3.724240 1529065035.057898 0.000169 0.000232 0.000756 126.204262
3.736468 1529065035.070126 0.000168 0.000229 0.000764 126.351308
3.748889 1529065035.082547 0.000168 0.000231 0.000768 126.776899
3.761270 1529065035.094928 0.000168 0.000231 0.000765 126.686911
3.773675 1529065035.107333 0.000167 0.000232 0.000758 127.094809
3.786506 1529065035.120164 0.000170 0.000234 0.000769 127.205650
3.798670 1529065035.132328 0.000168 0.000231 0.000762 127.116314
3.814903 1529065035.148561 0.000168 0.000230 0.000785 127.195576
3.823561 1529065035.157219 0.000168 0.000232 0.000769 126.881092
3.835979 1529065035.169637 0.000168 0.000232 0.000773 126.822229
3.848502 1529065035.182160 0.000169 0.000232 0.000764 127.051935
3.861227 1529065035.194885 0.000168 0.000231 0.000769 127.257983
3.873415 1529065035.207073 0.000168 0.000231 0.000774 127.455581
3.886593 1529065035.220251 0.000169 0.000233 0.000769 127.197353
3.899326 1529065035.232984 0.000169 0.000230 0.000756 126.994724
3.911182 1529065035.244840 0.000168 0.000230 0.000781 127.257377
3.923701 1529065035.257359 0.000168 0.000229 0.000781 127.044288
3.935872 1529065035.269530 0.000168 0.000228 0.000782 127.016281
3.948587 1529065035.282245 0.000170 0.000233 0.000771 127.293536
3.961053 1529065035.294711 0.000168 0.000230 0.000773 127.030726
3.973587 1529065035.307245 0.000169 0.000232 0.000758 126.939336
3.986180 1529065035.319838 0.000168 0.000232 0.000771 127.608256
3.998445 1529065035.332103 0.000169 0.000231 0.000767 127.187144
4.011327 1529065035.344985 0.000168 0.000231 0.000767 127.641691
4.024331 1529065035.357989 0.000168 0.000232 0.000768 127.738673
4.036032 1529065035.369690 0.000168 0.000231 0.000773 127.526017
4.048463 1529065035.382121 0.000168 0.000231 0.000780 127.146530
4.061035 1529065035.394693 0.000169 0.000231 0.000783 127.093699
4.073706 1529065035.407364 0.000168 0.000230 0.000773 127.210219
4.085910 1529065035.419568 0.000168 0.000231 0.000767 127.482397
4.098301 1529065035.431959 0.000169 0.000231 0.000784 127.530876
4.111128 1529065035.444786 0.000170 0.000232 0.000764 127.390709
4.123682 1529065035.457340 0.000169 0.000232 0.000769 127.420868
4.136025 1529065035.469683 0.000170 0.000232 0.000789 127.426510
4.148257 1529065035.481915 0.000167 0.000234 0.000755 127.765006
4.161145 1529065035.494803 0.000167 0.000234 0.000778 128.454006
4.173644 1529065035.507302 0.000170 0.000232 0.000777 127.819113
4.186221 1529065035.519879 0.000169 0.000234 0.000760 127.548808
4.198517 1529065035.532175 0.000168 0.000234 0.000767 127.847556
4.211334 1529065035.544992 0.000168 0.000231 0.000777 127.878197
4.223773 1529065035.557431 0.000169 0.000234 0.000768 127.604345
4.235865 1529065035.569523 0.000169 0.000233 0.000778 127.722300
4.248731 1529065035.582389 0.000170 0.000232 0.000775 127.812605
4.261212 1529065035.594870 0.000169 0.000234 0.000770 128.026593
4.274760 1529065035.608418 0.000170 0.000231 0.000780 127.944097
4.287328 1529065035.620986 0.000168 0.000230 0.000778 127.786055
4.300898 1529065035.634556 0.000167 0.000231 0.000770 128.129243
4.312113 1529065035.645771 0.000169 0.000233 0.000774 128.214425
4.324122 1529065035.657780 0.000169 0.000230 0.000775 128.151275
4.336594 1529065035.670252 0.000170 0.000229 0.000783 128.154087
4.348873 1529065035.682531 0.000168 0.000233 0.000764 128.087755
4.362667 1529065035.696325 0.000168 0.000230 0.000775 128.360696
4.374022 1529065035.707680 0.000168 0.000231 0.000769 127.975036
4.386415 1529065035.720073 0.000169 0.000233 0.000766 127.538097
4.400637 1529065035.734295 0.000168 0.000228 0.000789 127.393021
4.412347 1529065035.746005 0.000167 0.000231 0.000773 127.597028
4.424078 1529065035.757736 0.000169 0.000230 0.000769 127.697288
4.436263 1529065035.769921 0.000169 0.000232 0.000767 128.050901
4.448894 1529065035.782552 0.000168 0.000230 0.000784 127.901125
4.462170 1529065035.795828 0.000169 0.000232 0.000781 127.476214
4.475652 1529065035.809310 0.000168 0.000231 0.000769 127.238652
4.487873 1529065035.821531 0.000170 0.000232 0.000765 127.270259
4.499739 1529065035.833397 0.000169 0.000231 0.000774 127.102017
4.512613 1529065035.846271 0.000169 0.000231 0.000765 126.889046
4.524795 1529065035.858453 0.000168 0.000231 0.000767 126.806839
4.536483 1529065035.870141 0.000169 0.000232 0.000769 127.117473
4.548683 1529065035.882341 0.000169 0.000233 0.000765 126.730396
4.561606 1529065035.895264 0.000170 0.000233 0.000763 127.055240
4.574070 1529065035.907728 0.000169 0.000233 0.000768 127.084850
4.586495 1529065035.920153 0.000169 0.000233 0.000773 127.019336
4.598771 1529065035.932429 0.000169 0.000230 0.000781 127.124727
4.611238 1529065035.944896 0.000169 0.000228 0.000786 126.928818
4.623820 1529065035.957478 0.000169 0.000227 0.000790 126.588814
4.636925 1529065035.970583 0.000169 0.000230 0.000771 126.287024
4.648949 1529065035.982607 0.000170 0.000228 0.000784 126.137512
4.661592 1529065035.995250 0.000168 0.000226 0.000786 125.906114
4.674635 1529065036.008293 0.000167 0.000227 0.000788 125.503191
4.686363 1529065036.020021 0.000167 0.000225 0.000794 125.305024
4.699146 1529065036.032804 0.000166 0.000225 0.000791 125.176006
4.711135 1529065036.044793 0.000166 0.000223 0.000793 124.937766
4.723929 1529065036.057587 0.000165 0.000220 0.000792 124.746814
4.736274 1529065036.069932 0.000164 0.000220 0.000792 124.742390
4.748952 1529065036.082610 0.000163 0.000222 0.000794 124.921866
4.762145 1529065036.095803 0.000165 0.000222 0.000789 124.860411
4.773920 1529065036.107578 0.000165 0.000223 0.000786 124.915954
4.786646 1529065036.120304 0.000164 0.000224 0.000790 125.127111
4.799348 1529065036.133006 0.000164 0.000224 0.000792 125.317783
4.811724 1529065036.145382 0.000164 0.000222 0.000788 125.058295
4.824281 1529065036.157939 0.000164 0.000224 0.000794 125.408453
4.836813 1529065036.170471 0.000165 0.000224 0.000798 125.437208
4.849659 1529065036.183317 0.000166 0.000225 0.000799 125.500369
4.861630 1529065036.195288 0.000165 0.000223 0.000797 125.229915
4.874357 1529065036.208015 0.000166 0.000223 0.000799 125.073207
4.886640 1529065036.220298 0.000165 0.000223 0.000785 125.203860
4.899480 1529065036.233138 0.000165 0.000225 0.000791 125.589437
4.911653 1529065036.245311 0.000165 0.000225 0.000785 125.734419
4.924378 1529065036.258036 0.000165 0.000224 0.000794 125.658617
4.936855 1529065036.270513 0.000167 0.000226 0.000782 125.648229
4.949136 1529065036.282794 0.000166 0.000226 0.000773 125.836397
4.961537 1529065036.295195 0.000168 0.000225 0.000792 125.503024
4.974407 1529065036.308065 0.000167 0.000228 0.000775 125.688265
4.986733 1529065036.320391 0.000168 0.000228 0.000778 126.057959
4.999397 1529065036.333055 0.000169 0.000230 0.000779 126.090129
5.012855 1529065036.346513 0.000169 0.000228 0.000776 125.881563
5.024587 1529065036.358245 0.000170 0.000227 0.000776 125.947706
5.036895 1529065036.370553 0.000169 0.000227 0.000764 125.748498
5.050075 1529065036.383733 0.000168 0.000227 0.000779 126.253180
5.061860 1529065036.395518 0.000168 0.000228 0.000773 126.687629
5.074345 1529065036.408003 0.000168 0.000228 0.000782 126.359793
5.087437 1529065036.421095 0.000168 0.000226 0.000780 126.268728
5.099315 1529065036.432973 0.000168 0.000227 0.000783 126.394405
5.111605 1529065036.445263 0.000168 0.000225 0.000787 126.289368
5.123835 1529065036.457493 0.000167 0.000225 0.000782 125.949817
5.136415 1529065036.470073 0.000166 0.000226 0.000785 125.831798
5.149496 1529065036.483154 0.000166 0.000224 0.000790 125.793934
5.161800 1529065036.495458 0.000165 0.000222 0.000792 125.143503
5.174256 1529065036.507914 0.000165 0.000221 0.000806 125.295450
5.186776 1529065036.520434 0.000165 0.000219 0.000809 124.915262
5.199667 1529065036.533325 0.000164 0.000220 0.000793 124.361560
5.211428 1529065036.545086 0.000163 0.000221 0.000788 123.925846
5.223897 1529065036.557555 0.000162 0.000221 0.000801 123.871891
5.236673 1529065036.570331 0.000163 0.000219 0.000790 123.385312
5.248951 1529065036.582609 0.000163 0.000220 0.000779 123.124213
5.261430 1529065036.595088 0.000162 0.000220 0.000782 122.929318
5.274741 1529065036.608399 0.000162 0.000220 0.000782 122.918607
5.286403 1529065036.620061 0.000163 0.000219 0.000782 122.685153
5.298995 1529065036.632653 0.000162 0.000220 0.000777 122.358844
5.311513 1529065036.645171 0.000162 0.000218 0.000777 122.262933
5.324679 1529065036.658337 0.000162 0.000222 0.000773 122.529886
5.336694 1529065036.670352 0.000161 0.000220 0.000775 122.343842
5.348790 1529065036.682448 0.000161 0.000220 0.000770 122.089444
5.361273 1529065036.694931 0.000161 0.000223 0.000760 122.138428
5.374126 1529065036.707784 0.000160 0.000223 0.000759 121.998117
5.386539 1529065036.720197 0.000159 0.000222 0.000758 121.785124
5.399453 1529065036.733111 0.000161 0.000222 0.000759 121.350903
5.412076 1529065036.745734 0.000161 0.000220 0.000748 121.114572
5.424606 1529065036.758264 0.000161 0.000228 0.000735 120.770301
5.437484 1529065036.771142 0.000162 0.000225 0.000731 121.128686
5.449580 1529065036.783238 0.000161 0.000226 0.000745 121.158634
5.461551 1529065036.795209 0.000161 0.000225 0.000741 120.931911
5.474484 1529065036.808142 0.000161 0.000225 0.000744 120.921740
5.486156 1529065036.819814 0.000161 0.000220 0.000744 120.618014
5.498603 1529065036.832261 0.000162 0.000219 0.000748 120.631818
5.511852 1529065036.845510 0.000161 0.000221 0.000746 120.667983
5.524100 1529065036.857758 0.000161 0.000217 0.000755 120.853224
5.536687 1529065036.870345 0.000161 0.000216 0.000753 120.792052
5.549628 1529065036.883286 0.000161 0.000215 0.000758 120.595465
5.561550 1529065036.895208 0.000162 0.000215 0.000761 121.000462
5.574158 1529065036.907816 0.000161 0.000213 0.000773 120.894534
5.586536 1529065036.920194 0.000162 0.000213 0.000763 120.788028
5.598926 1529065036.932584 0.000162 0.000213 0.000766 120.943670
5.612329 1529065036.945987 0.000162 0.000212 0.000774 121.373864
5.624887 1529065036.958545 0.000162 0.000212 0.000780 121.462338
5.637116 1529065036.970774 0.000163 0.000211 0.000774 121.449314
5.648823 1529065036.982481 0.000162 0.000212 0.000764 121.500657
5.661293 1529065036.994951 0.000161 0.000213 0.000776 122.121919
5.673876 1529065037.007534 0.000160 0.000213 0.000784 122.363989
5.686679 1529065037.020337 0.000159 0.000211 0.000785 122.381953
5.698920 1529065037.032578 0.000157 0.000213 0.000795 122.493053
5.713112 1529065037.046770 0.000156 0.000213 0.000794 122.755709
5.724920 1529065037.058578 0.000156 0.000212 0.000797 122.696105
5.737576 1529065037.071234 0.000155 0.000212 0.000794 122.598269
5.749771 1529065037.083429 0.000154 0.000212 0.000790 122.444000
5.762194 1529065037.095852 0.000153 0.000212 0.000793 122.329869
5.774812 1529065037.108469 0.000152 0.000210 0.000794 122.014743
5.788027 1529065037.121685 0.000153 0.000209 0.000796 121.712741
5.801241 1529065037.134899 0.000151 0.000209 0.000803 121.737686
5.813206 1529065037.146864 0.000151 0.000207 0.000803 121.643477
5.824341 1529065037.157999 0.000151 0.000206 0.000804 121.424953
5.836761 1529065037.170419 0.000150 0.000207 0.000801 121.100113
5.848963 1529065037.182621 0.000151 0.000206 0.000803 120.800983
5.861449 1529065037.195107 0.000149 0.000205 0.000800 120.195763
5.874338 1529065037.207996 0.000149 0.000203 0.000799 119.578789
5.886948 1529065037.220606 0.000149 0.000203 0.000807 119.616916
5.899192 1529065037.232850 0.000149 0.000200 0.000804 118.955070
5.911357 1529065037.245015 0.000148 0.000200 0.000808 118.393621
5.924312 1529065037.257970 0.000149 0.000200 0.000802 118.008255
5.936583 1529065037.270241 0.000148 0.000197 0.000794 117.496608
5.948812 1529065037.282470 0.000149 0.000196 0.000787 117.217739
5.961430 1529065037.295088 0.000148 0.000198 0.000788 117.282838
5.974594 1529065037.308252 0.000148 0.000198 0.000795 117.106076
5.986623 1529065037.320281 0.000148 0.000198 0.000796 117.344889
5.998976 1529065037.332634 0.000149 0.000197 0.000794 117.175560
6.013398 1529065037.347056 0.000149 0.000198 0.000793 117.093329
6.024627 1529065037.358285 0.000148 0.000198 0.000803 117.344253
6.037797 1529065037.371455 0.000149 0.000196 0.000790 117.052612
6.050521 1529065037.384179 0.000148 0.000197 0.000791 117.051120
6.062225 1529065037.395883 0.000147 0.000197 0.000792 116.909132
6.074302 1529065037.407960 0.000147 0.000194 0.000795 117.007840
6.086675 1529065037.420333 0.000146 0.000192 0.000795 116.857109
6.099256 1529065037.432914 0.000146 0.000192 0.000789 116.705708
6.112535 1529065037.446193 0.000145 0.000191 0.000786 116.534404
6.124944 1529065037.458602 0.000143 0.000188 0.000796 116.602090
6.136564 1529065037.470222 0.000141 0.000186 0.000805 116.697425
6.150174 1529065037.483832 0.000138 0.000184 0.000801 116.585126
6.162061 1529065037.495719 0.000136 0.000183 0.000803 116.409801
6.174301 1529065037.507959 0.000135 0.000182 0.000806 116.539127
6.186859 1529065037.520517 0.000134 0.000180 0.000801 116.319638
6.198888 1529065037.532546 0.000133 0.000180 0.000807 116.110269
6.212050 1529065037.545708 0.000133 0.000180 0.000816 115.782777
6.223978 1529065037.557636 0.000133 0.000177 0.000813 115.289792
6.236270 1529065037.569928 0.000131 0.000177 0.000830 114.818507
6.248939 1529065037.582597 0.000131 0.000177 0.000824 114.082134
6.261675 1529065037.595333 0.000132 0.000175 0.000827 113.610559
6.273886 1529065037.607544 0.000132 0.000173 0.000823 113.180167
6.286715 1529065037.620373 0.000131 0.000172 0.000822 112.933412
6.300147 1529065037.633805 0.000130 0.000170 0.000823 112.588452
6.312433 1529065037.646091 0.000129 0.000171 0.000821 112.310113
6.325126 1529065037.658784 0.000130 0.000168 0.000815 111.877819
6.337092 1529065037.670750 0.000130 0.000168 0.000828 111.984584
6.348942 1529065037.682600 0.000128 0.000168 0.000830 111.488034
6.361488 1529065037.695146 0.000129 0.000165 0.000825 111.114384
6.374230 1529065037.707888 0.000129 0.000165 0.000835 110.853086
6.386327 1529065037.719985 0.000129 0.000163 0.000830 110.753323
6.400010 1529065037.733668 0.000127 0.000165 0.000833 110.376596
6.412220 1529065037.745878 0.000129 0.000162 0.000826 110.412883
6.424928 1529065037.758586 0.000128 0.000160 0.000821 109.803700
6.437378 1529065037.771036 0.000128 0.000162 0.000829 110.074916
6.450127 1529065037.783785 0.000128 0.000160 0.000823 109.594963
6.462250 1529065037.795908 0.000128 0.000159 0.000834 108.911742
6.474849 1529065037.808506 0.000129 0.000159 0.000832 108.470853
6.487493 1529065037.821151 0.000130 0.000159 0.000838 107.911850
6.499899 1529065037.833557 0.000131 0.000156 0.000841 107.930593
6.512587 1529065037.846245 0.000132 0.000156 0.000842 107.685126
6.525059 1529065037.858717 0.000132 0.000161 0.000816 107.055302
6.536758 1529065037.870416 0.000133 0.000162 0.000810 105.816396
6.549074 1529065037.882732 0.000135 0.000164 0.000803 104.641013
6.561666 1529065037.895324 0.000138 0.000168 0.000798 103.659850
6.574244 1529065037.907902 0.000139 0.000170 0.000796 102.459431
6.587691 1529065037.921349 0.000141 0.000171 0.000792 101.539591
6.601004 1529065037.934662 0.000140 0.000171 0.000790 100.925643
6.612648 1529065037.946306 0.000141 0.000171 0.000791 100.498740
6.624319 1529065037.957977 0.000141 0.000170 0.000787 100.429026
6.636759 1529065037.970417 0.000143 0.000170 0.000778 100.379083
6.649295 1529065037.982953 0.000144 0.000168 0.000778 100.326652
6.661394 1529065037.995052 0.000143 0.000168 0.000779 100.445835
6.673914 1529065038.007572 0.000144 0.000168 0.000779 100.440449
6.686724 1529065038.020382 0.000143 0.000168 0.000779 100.424133
6.698699 1529065038.032357 0.000144 0.000168 0.000772 100.744613
6.711745 1529065038.045403 0.000144 0.000168 0.000760 101.059786
6.724123 1529065038.057781 0.000144 0.000168 0.000763 101.209832
6.736770 1529065038.070428 0.000144 0.000167 0.000749 101.320397
6.749321 1529065038.082979 0.000144 0.000167 0.000755 101.585816
6.762292 1529065038.095950 0.000144 0.000167 0.000752 101.737004
6.774423 1529065038.108081 0.000144 0.000166 0.000756 101.617460
6.786655 1529065038.120313 0.000144 0.000167 0.000743 101.557580
6.799164 1529065038.132822 0.000144 0.000166 0.000748 101.601214
6.813092 1529065038.146750 0.000144 0.000167 0.000747 101.458296
6.825095 1529065038.158753 0.000142 0.000166 0.000746 101.459881
6.837839 1529065038.171497 0.000143 0.000165 0.000749 101.543193
6.849915 1529065038.183573 0.000141 0.000166 0.000747 101.430827
6.861741 1529065038.195399 0.000142 0.000164 0.000756 101.446823
6.874625 1529065038.208283 0.000140 0.000164 0.000757 101.317787
6.886703 1529065038.220361 0.000140 0.000164 0.000761 101.062620
6.899293 1529065038.232951 0.000138 0.000163 0.000765 100.875368
6.912168 1529065038.245826 0.000140 0.000162 0.000762 100.938297
6.924461 1529065038.258119 0.000137 0.000162 0.000764 100.648983
6.937207 1529065038.270864 0.000137 0.000162 0.000773 100.541984
6.949180 1529065038.282838 0.000135 0.000161 0.000778 100.371902
6.961746 1529065038.295404 0.000136 0.000161 0.000772 100.208430
6.974494 1529065038.308152 0.000136 0.000161 0.000773 100.256048
6.986721 1529065038.320379 0.000134 0.000161 0.000779 100.114576
6.999646 1529065038.333304 0.000135 0.000160 0.000776 99.927608
7.011809 1529065038.345467 0.000134 0.000159 0.000777 99.683445
7.024358 1529065038.358016 0.000133 0.000160 0.000781 99.468707
7.036867 1529065038.370525 0.000133 0.000160 0.000774 99.462718
7.049749 1529065038.383407 0.000130 0.000160 0.000780 98.749049
7.061876 1529065038.395534 0.000132 0.000159 0.000770 98.820899
7.074823 1529065038.408481 0.000131 0.000160 0.000778 98.562729
7.086673 1529065038.420331 0.000128 0.000160 0.000776 98.135764
7.099127 1529065038.432785 0.000128 0.000160 0.000783 98.136440
7.111903 1529065038.445561 0.000128 0.000161 0.000784 97.956968
7.124505 1529065038.458163 0.000128 0.000161 0.000781 97.689314
7.136743 1529065038.470401 0.000127 0.000160 0.000786 97.788221
7.149914 1529065038.483572 0.000127 0.000160 0.000788 97.500692
7.161928 1529065038.495586 0.000125 0.000161 0.000790 97.047710
7.174672 1529065038.508330 0.000124 0.000160 0.000796 96.760336
7.186787 1529065038.520445 0.000123 0.000161 0.000799 96.642288
7.199394 1529065038.533052 0.000123 0.000161 0.000806 96.688923
7.212137 1529065038.545794 0.000124 0.000162 0.000814 96.592120
7.224191 1529065038.557849 0.000124 0.000161 0.000817 96.436049
7.237223 1529065038.570881 0.000121 0.000161 0.000817 96.047523
7.249413 1529065038.583071 0.000122 0.000162 0.000819 96.077804
7.262622 1529065038.596280 0.000123 0.000161 0.000820 95.926295
7.274595 1529065038.608253 0.000122 0.000162 0.000822 95.924765
7.287425 1529065038.621083 0.000122 0.000162 0.000827 95.970465
7.299674 1529065038.633332 0.000122 0.000162 0.000830 95.888544
7.312095 1529065038.645753 0.000122 0.000162 0.000830 96.058668
7.324378 1529065038.658036 0.000122 0.000163 0.000828 96.045757
7.336934 1529065038.670592 0.000123 0.000162 0.000824 96.100739
7.350057 1529065038.683715 0.000122 0.000163 0.000834 95.977446
7.361987 1529065038.695645 0.000123 0.000162 0.000833 96.116679
7.374589 1529065038.708247 0.000124 0.000163 0.000831 96.169307
7.387467 1529065038.721125 0.000123 0.000163 0.000828 96.000178
7.399744 1529065038.733402 0.000124 0.000163 0.000830 96.029913
7.412045 1529065038.745703 0.000122 0.000163 0.000829 96.013432
7.424582 1529065038.758240 0.000125 0.000162 0.000828 96.210829
7.436995 1529065038.770653 0.000125 0.000164 0.000821 95.976996
7.449535 1529065038.783193 0.000125 0.000162 0.000826 96.128933
7.462130 1529065038.795788 0.000123 0.000163 0.000826 96.032409
7.474462 1529065038.808120 0.000124 0.000163 0.000827 96.267161
7.486849 1529065038.820507 0.000122 0.000162 0.000828 95.854428
7.500412 1529065038.834070 0.000121 0.000163 0.000827 95.508819
7.512915 1529065038.846573 0.000122 0.000163 0.000826 95.748435
7.525557 1529065038.859215 0.000119 0.000163 0.000841 95.447240
7.537316 1529065038.870974 0.000119 0.000164 0.000846 95.189701
7.549335 1529065038.882993 0.000119 0.000165 0.000847 95.226451
7.561545 1529065038.895203 0.000118 0.000163 0.000850 95.004472
7.574173 1529065038.907831 0.000118 0.000164 0.000855 95.082578
7.586614 1529065038.920272 0.000117 0.000165 0.000856 95.038107
7.599612 1529065038.933270 0.000117 0.000165 0.000859 95.075706
7.611784 1529065038.945442 0.000119 0.000165 0.000850 95.202382
7.624396 1529065038.958054 0.000119 0.000166 0.000849 95.177225
7.638317 1529065038.971975 0.000118 0.000165 0.000859 95.392218
7.650003 1529065038.983661 0.000118 0.000166 0.000847 95.587997
7.662849 1529065038.996507 0.000118 0.000164 0.000842 95.702259
7.675402 1529065039.009060 0.000119 0.000165 0.000850 96.074146
7.686540 1529065039.020198 0.000119 0.000165 0.000844 96.032957
7.699498 1529065039.033156 0.000120 0.000164 0.000838 96.279328
7.711358 1529065039.045016 0.000120 0.000165 0.000832 96.131196
7.724027 1529065039.057685 0.000118 0.000164 0.000831 95.982108
7.736748 1529065039.070406 0.000120 0.000164 0.000829 96.119884
7.749361 1529065039.083019 0.000120 0.000164 0.000825 96.062273
7.761750 1529065039.095408 0.000120 0.000164 0.000838 95.986034
7.774273 1529065039.107931 0.000119 0.000164 0.000828 95.959084
7.786690 1529065039.120348 0.000120 0.000165 0.000824 96.174372
7.799080 1529065039.132738 0.000120 0.000164 0.000823 95.955193
7.811805 1529065039.145463 0.000118 0.000165 0.000825 95.890366
7.824237 1529065039.157895 0.000121 0.000165 0.000822 96.186266
7.836656 1529065039.170314 0.000121 0.000165 0.000818 96.081270
7.849258 1529065039.182916 0.000120 0.000165 0.000823 96.042487
7.863208 1529065039.196866 0.000120 0.000165 0.000823 96.016597
7.875322 1529065039.208980 0.000123 0.000165 0.000819 96.167883
7.888126 1529065039.221784 0.000124 0.000167 0.000828 96.031239
7.899736 1529065039.233394 0.000127 0.000166 0.000829 96.834524
7.912126 1529065039.245784 0.000130 0.000166 0.000815 97.154460
7.924408 1529065039.258066 0.000131 0.000167 0.000812 97.378507
7.937027 1529065039.270685 0.000134 0.000168 0.000812 97.370099
7.949753 1529065039.283411 0.000135 0.000172 0.000808 97.684836
7.962146 1529065039.295804 0.000134 0.000174 0.000808 98.177367
7.974694 1529065039.308352 0.000136 0.000172 0.000796 98.608070
7.988001 1529065039.321659 0.000139 0.000171 0.000782 98.912087
7.999603 1529065039.333261 0.000142 0.000171 0.000777 99.208676
8.012327 1529065039.345985 0.000141 0.000172 0.000780 99.249717
8.024321 1529065039.357979 0.000140 0.000171 0.000785 99.342382
8.037479 1529065039.371137 0.000140 0.000170 0.000781 99.099463
8.049450 1529065039.383108 0.000140 0.000170 0.000789 99.373573
8.062312 1529065039.395970 0.000138 0.000169 0.000785 99.010180
8.074308 1529065039.407966 0.000139 0.000168 0.000784 99.162720
8.087131 1529065039.420789 0.000139 0.000167 0.000783 98.978367
8.100313 1529065039.433971 0.000137 0.000166 0.000786 98.819213
8.112320 1529065039.445978 0.000136 0.000166 0.000782 98.520923
8.124867 1529065039.458525 0.000137 0.000166 0.000784 98.472526
8.137411 1529065039.471069 0.000135 0.000166 0.000783 98.208213
8.150704 1529065039.484362 0.000135 0.000165 0.000786 98.144928
8.162100 1529065039.495758 0.000132 0.000164 0.000789 97.691982
8.175225 1529065039.508883 0.000133 0.000164 0.000784 97.711378
8.187619 1529065039.521277 0.000130 0.000164 0.000789 97.437632
8.200577 1529065039.534235 0.000129 0.000164 0.000795 97.071391
8.212541 1529065039.546199 0.000129 0.000165 0.000791 96.680363
8.224346 1529065039.558004 0.000130 0.000163 0.000800 96.949876
8.237218 1529065039.570876 0.000128 0.000163 0.000800 96.745180
8.249499 1529065039.583157 0.000125 0.000162 0.000803 96.454121
8.262138 1529065039.595796 0.000124 0.000163 0.000807 96.429302
8.274447 1529065039.608105 0.000127 0.000162 0.000811 96.059240
8.287854 1529065039.621512 0.000124 0.000163 0.000811 95.901401
8.300349 1529065039.634007 0.000122 0.000162 0.000813 95.706384
8.312935 1529065039.646593 0.000124 0.000162 0.000817 95.696327
8.325437 1529065039.659095 0.000122 0.000161 0.000819 95.212333
8.337390 1529065039.671048 0.000123 0.000162 0.000816 95.195538
8.349190 1529065039.682848 0.000121 0.000162 0.000824 95.077177
8.362139 1529065039.695797 0.000122 0.000159 0.000825 94.705326
8.374632 1529065039.708290 0.000123 0.000157 0.000828 94.381226
8.386539 1529065039.720197 0.000122 0.000156 0.000830 93.855532
8.399662 1529065039.733320 0.000125 0.000153 0.000839 93.842824
8.411787 1529065039.745445 0.000129 0.000145 0.000835 93.644141
8.424568 1529065039.758226 0.000130 0.000141 0.000823 92.865152
8.437761 1529065039.771419 0.000133 0.000137 0.000808 92.438327
8.449708 1529065039.783366 0.000133 0.000135 0.000795 91.988303
8.462081 1529065039.795739 0.000131 0.000136 0.000787 91.648355
8.475090 1529065039.808748 0.000130 0.000134 0.000787 91.238585
8.487017 1529065039.820675 0.000130 0.000134 0.000774 91.115701
8.499509 1529065039.833167 0.000130 0.000132 0.000777 90.730172
8.512221 1529065039.845879 0.000131 0.000133 0.000766 90.898870
8.525633 1529065039.859291 0.000131 0.000132 0.000772 90.561189
8.537890 1529065039.871548 0.000131 0.000132 0.000766 90.469740
8.551008 1529065039.884665 0.000131 0.000132 0.000769 90.788406
8.562194 1529065039.895852 0.000130 0.000132 0.000767 90.325323
8.574058 1529065039.907716 0.000131 0.000132 0.000769 90.285839
8.587426 1529065039.921084 0.000131 0.000132 0.000772 90.273910
8.599503 1529065039.933161 0.000130 0.000132 0.000775 90.385250
8.612134 1529065039.945792 0.000130 0.000131 0.000784 90.544931
8.624314 1529065039.957972 0.000130 0.000131 0.000783 90.467443
8.636620 1529065039.970278 0.000130 0.000133 0.000787 90.311981
8.649513 1529065039.983171 0.000130 0.000131 0.000772 90.084384
8.661639 1529065039.995297 0.000130 0.000132 0.000783 90.026419
8.674223 1529065040.007881 0.000131 0.000132 0.000795 90.398864
8.686543 1529065040.020201 0.000129 0.000133 0.000799 90.043871
8.699956 1529065040.033614 0.000131 0.000134 0.000790 89.958954
8.711223 1529065040.044881 0.000131 0.000136 0.000786 89.741067
8.724046 1529065040.057703 0.000133 0.000137 0.000780 89.494242
8.736422 1529065040.070080 0.000136 0.000138 0.000787 90.229584
8.749151 1529065040.082808 0.000135 0.000144 0.000786 91.001717
8.762016 1529065040.095674 0.000134 0.000149 0.000777 91.515566
8.774572 1529065040.108230 0.000132 0.000153 0.000762 91.547530
8.787159 1529065040.120817 0.000131 0.000156 0.000749 91.609221
8.799672 1529065040.133330 0.000131 0.000155 0.000755 91.202372
8.812622 1529065040.146280 0.000130 0.000157 0.000739 91.066672
8.824478 1529065040.158136 0.000129 0.000158 0.000739 90.900519
8.837282 1529065040.170940 0.000130 0.000156 0.000747 90.981810
8.849896 1529065040.183554 0.000129 0.000155 0.000735 90.332394
8.862152 1529065040.195810 0.000129 0.000154 0.000746 90.168581
8.875178 1529065040.208836 0.000129 0.000156 0.000739 89.565122
8.887057 1529065040.220715 0.000128 0.000155 0.000745 89.548999
8.900043 1529065040.233701 0.000129 0.000153 0.000739 88.877802
8.912210 1529065040.245868 0.000129 0.000154 0.000745 89.118123
8.924973 1529065040.258631 0.000130 0.000154 0.000734 88.787525
8.937944 1529065040.271602 0.000129 0.000153 0.000744 88.325640
8.949669 1529065040.283327 0.000129 0.000153 0.000737 87.591488
8.963053 1529065040.296711 0.000129 0.000151 0.000742 87.343010
8.975329 1529065040.308987 0.000129 0.000153 0.000744 87.406073
8.987835 1529065040.321493 0.000129 0.000150 0.000742 86.675893
9.000243 1529065040.333901 0.000129 0.000150 0.000748 86.927054
9.012798 1529065040.346456 0.000130 0.000150 0.000744 86.864112
9.024943 1529065040.358601 0.000130 0.000148 0.000753 86.308393
9.038116 1529065040.371774 0.000131 0.000146 0.000742 86.001524
9.049675 1529065040.383333 0.000132 0.000146 0.000734 85.729342
9.062025 1529065040.395683 0.000131 0.000146 0.000739 85.349338
9.074839 1529065040.408497 0.000135 0.000146 0.000754 85.470540
9.087429 1529065040.421087 0.000134 0.000147 0.000744 85.315199
9.099974 1529065040.433632 0.000136 0.000142 0.000759 84.824234
9.112196 1529065040.445854 0.000135 0.000147 0.000743 84.388166
9.125242 1529065040.458899 0.000130 0.000153 0.000737 84.023163
9.137282 1529065040.470940 0.000130 0.000155 0.000716 83.545525
9.150581 1529065040.484239 0.000129 0.000156 0.000704 82.681746
9.162145 1529065040.495803 0.000129 0.000156 0.000712 81.550784
9.174297 1529065040.507955 0.000131 0.000155 0.000709 80.910661
9.186937 1529065040.520595 0.000130 0.000155 0.000709 80.127433
9.199594 1529065040.533252 0.000130 0.000153 0.000712 79.859016
9.212216 1529065040.545874 0.000132 0.000150 0.000712 79.512330
9.224738 1529065040.558396 0.000132 0.000151 0.000722 79.365651
9.237506 1529065040.571164 0.000133 0.000150 0.000717 78.707887
9.249624 1529065040.583282 0.000134 0.000150 0.000720 78.885191
9.263093 1529065040.596750 0.000132 0.000146 0.000720 77.929871
9.274994 1529065040.608652 0.000133 0.000146 0.000724 77.443882
9.287138 1529065040.620796 0.000132 0.000145 0.000731 77.099023
9.299573 1529065040.633231 0.000132 0.000144 0.000733 76.612380
9.311967 1529065040.645625 0.000135 0.000242 0.000727 76.002332
9.324745 1529065040.658403 0.000134 0.000246 0.000724 75.703330
9.337290 1529065040.670948 0.000133 0.000248 0.000729 75.283362
9.350095 1529065040.683753 0.000133 0.000250 0.000735 74.956417
9.362889 1529065040.696547 0.000132 0.000246 0.000741 74.523678
9.376037 1529065040.709695 0.000131 0.000249 0.000750 74.594155
9.389476 1529065040.723134 0.000131 0.000249 0.000758 74.324988
9.400799 1529065040.734457 0.000130 0.000249 0.000756 74.272061
9.413024 1529065040.746682 0.000130 0.000253 0.000757 73.651583
9.425946 1529065040.759604 0.000129 0.000249 0.000764 73.401275
9.437985 1529065040.771643 0.000129 0.000245 0.000763 73.133019
9.450454 1529065040.784112 0.000130 0.000246 0.000760 72.899164
9.462964 1529065040.796622 0.000130 0.000241 0.000767 72.634815
9.474523 1529065040.808181 0.000130 0.000248 0.000769 72.477950
9.488456 1529065040.822114 0.000129 0.000249 0.000766 72.263097
9.499753 1529065040.833411 0.000130 0.000253 0.000766 72.336438
9.512397 1529065040.846055 0.000129 0.000248 0.000765 72.230622
9.524690 1529065040.858348 0.000130 0.000247 0.000766 71.925272
9.537084 1529065040.870742 0.000130 0.000252 0.000756 72.187441
9.549609 1529065040.883267 0.000130 0.000255 0.000749 72.274307
9.563135 1529065040.896793 0.000130 0.000255 0.000755 72.277540
9.575544 1529065040.909202 0.000130 0.000252 0.000754 72.256788
9.587821 1529065040.921479 0.000132 0.000255 0.000750 72.172065
9.600358 1529065040.934016 0.000130 0.000255 0.000760 72.239946
9.613887 1529065040.947545 0.000129 0.000254 0.000774 72.215198
9.624899 1529065040.958557 0.000130 0.000257 0.000762 72.567614
9.637434 1529065040.971092 0.000128 0.000250 0.000772 72.299575
9.649781 1529065040.983439 0.000129 0.000253 0.000762 72.373004
9.661882 1529065040.995540 0.000128 0.000252 0.000762 72.698922
9.674708 1529065041.008366 0.000128 0.000258 0.000759 72.656246
9.687005 1529065041.020663 0.000127 0.000249 0.000771 72.296074
9.700578 1529065041.034236 0.000127 0.000250 0.000768 72.548000
9.713091 1529065041.046749 0.000128 0.000255 0.000762 72.398060
9.725498 1529065041.059156 0.000128 0.000249 0.000763 72.098587
9.738305 1529065041.071963 0.000128 0.000252 0.000753 72.333950
9.750128 1529065041.083786 0.000127 0.000250 0.000767 72.123266
9.762040 1529065041.095698 0.000127 0.000252 0.000770 72.231251
9.774565 1529065041.108223 0.000127 0.000251 0.000762 72.059658
9.787994 1529065041.121652 0.000127 0.000250 0.000762 71.887505
9.800423 1529065041.134081 0.000127 0.000253 0.000761 71.764515
9.813246 1529065041.146904 0.000127 0.000255 0.000756 71.767803
9.825114 1529065041.158772 0.000127 0.000253 0.000760 71.583519
9.838270 1529065041.171928 0.000127 0.000250 0.000765 71.445714
9.851522 1529065041.185180 0.000126 0.000252 0.000754 71.326298
9.862228 1529065041.195886 0.000126 0.000255 0.000759 71.389943
9.874654 1529065041.208312 0.000128 0.000255 0.000753 71.247538
9.886802 1529065041.220460 0.000125 0.000251 0.000761 70.813926
9.899573 1529065041.233231 0.000127 0.000250 0.000759 70.911617
9.911961 1529065041.245619 0.000127 0.000254 0.000753 70.675186
9.924357 1529065041.258015 0.000127 0.000254 0.000764 70.545397
9.936647 1529065041.270305 0.000127 0.000257 0.000757 70.511451
9.951267 1529065041.284925 0.000128 0.000251 0.000749 70.344809
9.963545 1529065041.297203 0.000128 0.000252 0.000750 70.124345
9.974787 1529065041.308445 0.000126 0.000250 0.000760 69.977422
9.987265 1529065041.320923 0.000126 0.000246 0.000762 69.784870
9.999667 1529065041.333325 0.000127 0.000240 0.000763 69.634549
10.011928 1529065041.345586 0.000127 0.000248 0.000758 69.723495
10.024523 1529065041.358181 0.000126 0.000245 0.000763 69.355517
10.037032 1529065041.370690 0.000127 0.000251 0.000761 69.363368
10.049719 1529065041.383377 0.000131 0.000151 0.000743 69.239292
10.061913 1529065041.395571 0.000131 0.000150 0.000746 69.015534
10.074310 1529065041.407968 0.000130 0.000150 0.000751 68.644771
10.087003 1529065041.420661 0.000130 0.000150 0.000752 68.782728
10.099313 1529065041.432971 0.000130 0.000150 0.000755 68.591086
10.112150 1529065041.445808 0.000129 0.000149 0.000764 68.570929
10.124461 1529065041.458119 0.000130 0.000148 0.000757 68.467428
10.137021 1529065041.470679 0.000130 0.000148 0.000756 68.458205
10.149526 1529065041.483184 0.000131 0.000148 0.000756 68.333257
10.162112 1529065041.495770 0.000130 0.000148 0.000765 68.059059
10.174344 1529065041.508002 0.000131 0.000147 0.000757 68.238541
10.186872 1529065041.520530 0.000130 0.000146 0.000770 67.934098
10.199548 1529065041.533206 0.000131 0.000144 0.000764 67.948827
10.212432 1529065041.546090 0.000130 0.000142 0.000774 67.489198
10.224911 1529065041.558569 0.000131 0.000143 0.000763 67.606744
10.237307 1529065041.570965 0.000131 0.000144 0.000764 67.498789
10.249322 1529065041.582980 0.000131 0.000143 0.000767 67.707869
10.262166 1529065041.595824 0.000132 0.000144 0.000763 67.788009
10.274583 1529065041.608241 0.000131 0.000145 0.000767 67.533803
10.287837 1529065041.621495 0.000131 0.000147 0.000766 67.677792
10.300842 1529065041.634500 0.000132 0.000147 0.000770 67.658917
10.312673 1529065041.646331 0.000132 0.000148 0.000768 67.897812
10.325254 1529065041.658912 0.000133 0.000151 0.000769 68.343591
10.337225 1529065041.670883 0.000133 0.000156 0.000753 68.392138
10.350796 1529065041.684454 0.000133 0.000156 0.000755 68.583023
10.362949 1529065041.696607 0.000134 0.000159 0.000762 68.960090
10.375514 1529065041.709172 0.000134 0.000162 0.000757 69.249616
10.388142 1529065041.721800 0.000129 0.000259 0.000768 69.923747
10.400118 1529065041.733776 0.000131 0.000268 0.000763 70.477772
10.412210 1529065041.745868 0.000130 0.000267 0.000770 71.012467
10.424717 1529065041.758375 0.000129 0.000268 0.000769 71.536172
10.436990 1529065041.770648 0.000130 0.000274 0.000769 71.898344
10.450790 1529065041.784448 0.000130 0.000270 0.000767 72.203664
10.462986 1529065041.796643 0.000129 0.000268 0.000775 72.395856
10.475344 1529065041.809002 0.000129 0.000270 0.000775 72.477487
10.487242 1529065041.820900 0.000129 0.000267 0.000762 72.496251
10.500259 1529065041.833917 0.000128 0.000271 0.000774 72.550449
10.512311 1529065041.845969 0.000128 0.000268 0.000780 72.649754
10.524650 1529065041.858308 0.000128 0.000270 0.000770 72.582098
10.537878 1529065041.871536 0.000127 0.000269 0.000774 72.501148
10.550009 1529065041.883667 0.000127 0.000267 0.000769 72.465079
10.562786 1529065041.896444 0.000126 0.000269 0.000766 72.668489
10.574498 1529065041.908156 0.000127 0.000264 0.000769 72.686824
10.587688 1529065041.921346 0.000126 0.000266 0.000765 72.750944
10.600291 1529065041.933949 0.000126 0.000266 0.000758 72.840872
10.612154 1529065041.945812 0.000126 0.000261 0.000756 72.979786
10.624851 1529065041.958509 0.000126 0.000264 0.000754 73.158571
10.638884 1529065041.972542 0.000126 0.000266 0.000755 73.246755
10.651114 1529065041.984772 0.000126 0.000268 0.000753 73.097243
10.662243 1529065041.995901 0.000127 0.000263 0.000751 73.364197
10.674670 1529065042.008327 0.000127 0.000263 0.000749 73.643447
10.687404 1529065042.021062 0.000127 0.000263 0.000749 73.562635
10.700293 1529065042.033951 0.000126 0.000267 0.000761 73.691370
10.712328 1529065042.045986 0.000126 0.000261 0.000754 73.458713
10.725725 1529065042.059383 0.000126 0.000259 0.000756 73.399496
10.738800 1529065042.072458 0.000126 0.000265 0.000751 73.229100
10.750718 1529065042.084376 0.000126 0.000262 0.000746 73.206284
10.763054 1529065042.096712 0.000126 0.000260 0.000751 73.313067
10.775254 1529065042.108912 0.000126 0.000266 0.000743 73.282479
10.787128 1529065042.120786 0.000126 0.000268 0.000747 73.211954
10.799720 1529065042.133378 0.000125 0.000266 0.000750 72.849278
10.813473 1529065042.147130 0.000125 0.000262 0.000748 72.762108
10.825543 1529065042.159201 0.000126 0.000269 0.000748 72.752722
10.837174 1529065042.170832 0.000126 0.000264 0.000758 72.554100
10.849884 1529065042.183542 0.000125 0.000270 0.000745 72.338717
10.862108 1529065042.195765 0.000126 0.000269 0.000751 72.087096
10.874525 1529065042.208183 0.000126 0.000268 0.000745 72.046069
10.887364 1529065042.221022 0.000126 0.000266 0.000745 71.687558
10.899428 1529065042.233086 0.000126 0.000268 0.000749 71.782731
10.912624 1529065042.246282 0.000126 0.000261 0.000743 71.192991
10.924837 1529065042.258495 0.000126 0.000267 0.000744 71.325848
10.937614 1529065042.271272 0.000126 0.000261 0.000742 71.132483
10.950067 1529065042.283725 0.000127 0.000265 0.000741 71.057130
10.962404 1529065042.296062 0.000126 0.000259 0.000744 70.541351
10.974813 1529065042.308471 0.000126 0.000261 0.000751 70.468076
10.987485 1529065042.321143 0.000126 0.000261 0.000745 70.157082
11.000029 1529065042.333687 0.000127 0.000257 0.000742 70.176635
11.012411 1529065042.346069 0.000127 0.000251 0.000746 69.926886
11.025273 1529065042.358931 0.000126 0.000254 0.000752 69.867287
11.037414 1529065042.371072 0.000128 0.000160 0.000740 69.539000
11.049998 1529065042.383656 0.000127 0.000257 0.000749 69.476501
11.063095 1529065042.396753 0.000129 0.000162 0.000738 69.129517
11.075085 1529065042.408743 0.000129 0.000159 0.000742 69.131153
11.087585 1529065042.421243 0.000129 0.000156 0.000757 68.725639
11.100680 1529065042.434338 0.000128 0.000158 0.000765 68.424944
11.113190 1529065042.446848 0.000129 0.000164 0.000756 68.611419
11.126673 1529065042.460331 0.000128 0.000169 0.000749 68.419181
11.138121 1529065042.471779 0.000125 0.000257 0.000765 68.603572
11.149897 1529065042.483555 0.000129 0.000171 0.000746 68.216888
11.162442 1529065042.496100 0.000125 0.000259 0.000766 68.267377
11.174714 1529065042.508372 0.000129 0.000172 0.000742 68.156032
11.187376 1529065042.521034 0.000128 0.000172 0.000741 67.799546
11.200158 1529065042.533816 0.000129 0.000170 0.000739 67.841120
11.212295 1529065042.545953 0.000127 0.000170 0.000749 67.589798
11.224782 1529065042.558440 0.000128 0.000171 0.000745 67.703646
11.237557 1529065042.571215 0.000128 0.000171 0.000747 67.772347
11.249856 1529065042.583514 0.000129 0.000173 0.000740 67.895926
11.263116 1529065042.596774 0.000128 0.000171 0.000749 67.840212
11.274797 1529065042.608455 0.000128 0.000171 0.000750 67.720821
11.288638 1529065042.622296 0.000128 0.000173 0.000741 67.586162
11.300959 1529065042.634617 0.000127 0.000171 0.000751 67.801279
11.314487 1529065042.648144 0.000126 0.000171 0.000752 67.495137
11.325154 1529065042.658812 0.000125 0.000171 0.000764 67.290884
11.337775 1529065042.671433 0.000125 0.000170 0.000753 67.332617
11.349794 1529065042.683452 0.000126 0.000171 0.000752 67.487869
11.363669 1529065042.697327 0.000126 0.000170 0.000750 67.336821
11.375818 1529065042.709476 0.000126 0.000170 0.000745 67.382899
11.388959 1529065042.722617 0.000125 0.000169 0.000752 67.267539
11.400718 1529065042.734376 0.000124 0.000169 0.000753 67.209527
11.412998 1529065042.746656 0.000124 0.000168 0.000754 67.410203
11.424971 1529065042.758629 0.000124 0.000167 0.000753 67.270552
11.437686 1529065042.771344 0.000125 0.000168 0.000752 67.320480
11.449711 1529065042.783369 0.000124 0.000167 0.000753 67.072001
11.463161 1529065042.796818 0.000123 0.000166 0.000764 66.886379
11.475953 1529065042.809611 0.000123 0.000165 0.000768 66.856215
11.489469 1529065042.823127 0.000124 0.000164 0.000761 66.818499
11.501090 1529065042.834748 0.000124 0.000164 0.000765 66.701281
11.513516 1529065042.847174 0.000124 0.000162 0.000754 66.618433
11.525966 1529065042.859624 0.000123 0.000162 0.000763 66.367441
11.537162 1529065042.870820 0.000124 0.000162 0.000756 66.582103
11.549986 1529065042.883644 0.000123 0.000162 0.000759 66.369029
11.562222 1529065042.895880 0.000123 0.000162 0.000766 66.247161
11.574611 1529065042.908269 0.000124 0.000161 0.000765 66.507114
11.587674 1529065042.921332 0.000122 0.000161 0.000769 66.213449
11.600919 1529065042.934577 0.000123 0.000162 0.000764 66.359140
11.613193 1529065042.946851 0.000122 0.000161 0.000766 66.178912
11.625749 1529065042.959407 0.000123 0.000160 0.000766 66.308249
11.638061 1529065042.971719 0.000122 0.000161 0.000763 66.187197
11.649858 1529065042.983516 0.000123 0.000160 0.000768 66.110001
11.662468 1529065042.996126 0.000121 0.000160 0.000779 66.097272
11.675805 1529065043.009463 0.000122 0.000161 0.000771 65.978545
11.687774 1529065043.021432 0.000123 0.000160 0.000762 65.943936
11.700921 1529065043.034579 0.000122 0.000160 0.000774 65.896542
11.712883 1529065043.046541 0.000123 0.000160 0.000764 65.886477
11.725274 1529065043.058932 0.000122 0.000159 0.000772 65.844837
11.738262 1529065043.071920 0.000122 0.000158 0.000772 65.797277
11.751059 1529065043.084717 0.000123 0.000158 0.000764 65.724707
11.763129 1529065043.096787 0.000123 0.000159 0.000766 65.750129
11.775882 1529065043.109540 0.000124 0.000158 0.000763 65.739643
11.787751 1529065043.121409 0.000122 0.000157 0.000776 65.531829
11.799641 1529065043.133299 0.000123 0.000157 0.000772 65.479396
11.812540 1529065043.146198 0.000122 0.000156 0.000776 65.511964
11.825138 1529065043.158796 0.000122 0.000156 0.000776 65.462012
11.837192 1529065043.170850 0.000122 0.000157 0.000773 65.531919
11.850022 1529065043.183680 0.000123 0.000160 0.000758 65.769967
11.862556 1529065043.196213 0.000123 0.000161 0.000764 65.101967
11.875069 1529065043.208727 0.000125 0.000163 0.000772 64.541801
11.887785 1529065043.221443 0.000128 0.000168 0.000766 64.504435
11.900072 1529065043.233730 0.000131 0.000168 0.000766 64.081925
11.913220 1529065043.246878 0.000132 0.000170 0.000771 63.882334
11.925050 1529065043.258708 0.000133 0.000170 0.000770 63.780550
11.937704 1529065043.271362 0.000133 0.000169 0.000759 63.876234
11.950821 1529065043.284479 0.000133 0.000169 0.000766 63.761009
11.962798 1529065043.296456 0.000132 0.000170 0.000771 63.992465
11.975430 1529065043.309088 0.000133 0.000172 0.000764 64.078996
11.987592 1529065043.321250 0.000135 0.000174 0.000755 64.296017
12.000158 1529065043.333816 0.000134 0.000176 0.000754 64.487145
12.012577 1529065043.346235 0.000134 0.000176 0.000757 64.520374
12.026202 1529065043.359860 0.000135 0.000178 0.000753 64.554196
12.038204 1529065043.371862 0.000134 0.000176 0.000760 64.813642
12.051335 1529065043.384993 0.000135 0.000177 0.000757 64.781858
12.062491 1529065043.396149 0.000135 0.000176 0.000756 64.769884
12.074730 1529065043.408388 0.000136 0.000175 0.000758 64.842975
12.087630 1529065043.421288 0.000135 0.000173 0.000752 64.748643
12.100322 1529065043.433980 0.000136 0.000174 0.000743 64.577779
12.112380 1529065043.446038 0.000136 0.000173 0.000746 64.527040
12.125009 1529065043.458667 0.000136 0.000172 0.000750 64.431716
12.137537 1529065043.471195 0.000136 0.000170 0.000747 64.334321
12.150272 1529065043.483930 0.000135 0.000170 0.000753 64.290343
12.164022 1529065043.497680 0.000134 0.000168 0.000763 64.257877
12.175935 1529065043.509593 0.000135 0.000167 0.000755 64.022744
12.188771 1529065043.522429 0.000135 0.000166 0.000759 64.006044
12.200561 1529065043.534219 0.000134 0.000165 0.000758 63.903193
12.212679 1529065043.546337 0.000134 0.000164 0.000757 63.810046
12.225285 1529065043.558943 0.000134 0.000164 0.000760 63.732995
12.238178 1529065043.571836 0.000134 0.000164 0.000758 63.556852
12.250331 1529065043.583989 0.000133 0.000162 0.000763 63.546474
12.263156 1529065043.596814 0.000133 0.000162 0.000761 63.440429
12.275066 1529065043.608724 0.000133 0.000162 0.000763 63.362492
12.288095 1529065043.621753 0.000133 0.000160 0.000768 63.299998
12.299800 1529065043.633458 0.000133 0.000160 0.000765 63.194785
12.312240 1529065043.645898 0.000133 0.000159 0.000764 63.040553
12.325297 1529065043.658955 0.000132 0.000158 0.000770 62.991317
12.337799 1529065043.671457 0.000133 0.000159 0.000767 62.773618
12.350684 1529065043.684342 0.000132 0.000158 0.000774 62.782528
12.362677 1529065043.696335 0.000132 0.000155 0.000774 62.499972
12.375380 1529065043.709038 0.000132 0.000157 0.000777 62.683854
12.387789 1529065043.721447 0.000132 0.000157 0.000776 62.553254
12.400156 1529065043.733814 0.000132 0.000156 0.000780 62.570668
12.412891 1529065043.746549 0.000131 0.000156 0.000781 62.439489
12.425466 1529065043.759124 0.000131 0.000154 0.000783 62.276645
12.437883 1529065043.771541 0.000132 0.000155 0.000776 62.348348
12.450815 1529065043.784473 0.000132 0.000155 0.000778 62.388222
12.463040 1529065043.796698 0.000132 0.000156 0.000772 62.308691
12.475427 1529065043.809085 0.000132 0.000155 0.000778 62.277643
12.488189 1529065043.821846 0.000131 0.000155 0.000781 62.294880
12.500992 1529065043.834650 0.000131 0.000154 0.000779 62.196427
12.513495 1529065043.847153 0.000131 0.000155 0.000780 62.093573
12.524989 1529065043.858647 0.000131 0.000154 0.000782 62.055678
12.537599 1529065043.871257 0.000131 0.000154 0.000780 61.948349
12.550053 1529065043.883711 0.000131 0.000154 0.000781 61.838311
12.563916 1529065043.897574 0.000131 0.000154 0.000776 61.740203
12.574818 1529065043.908476 0.000131 0.000154 0.000784 61.694000
12.587676 1529065043.921334 0.000131 0.000153 0.000780 61.874633
12.599798 1529065043.933456 0.000130 0.000151 0.000794 62.108579
12.612395 1529065043.946053 0.000130 0.000153 0.000796 62.319808
12.624974 1529065043.958632 0.000131 0.000156 0.000783 62.399647
12.637868 1529065043.971526 0.000130 0.000160 0.000781 62.251538
12.650327 1529065043.983985 0.000131 0.000163 0.000770 61.961874
12.662670 1529065043.996328 0.000130 0.000164 0.000773 61.430974
12.676262 1529065044.009920 0.000129 0.000162 0.000784 61.006506
12.688599 1529065044.022257 0.000130 0.000162 0.000776 60.690011
12.700000 1529065044.033658 0.000131 0.000165 0.000771 60.692507
12.712635 1529065044.046293 0.000129 0.000164 0.000785 60.661798
12.725723 1529065044.059381 0.000130 0.000165 0.000776 60.534218
12.737911 1529065044.071569 0.000130 0.000165 0.000778 60.349443
12.750201 1529065044.083859 0.000129 0.000164 0.000779 60.179268
12.763228 1529065044.096886 0.000128 0.000162 0.000780 60.096023
12.775087 1529065044.108745 0.000129 0.000162 0.000777 59.736995
12.788838 1529065044.122496 0.000128 0.000161 0.000786 59.705490
12.799550 1529065044.133208 0.000128 0.000160 0.000791 59.478042
12.812149 1529065044.145807 0.000127 0.000162 0.000786 59.508827
12.824948 1529065044.158606 0.000127 0.000162 0.000785 59.461677
12.837269 1529065044.170927 0.000127 0.000162 0.000782 59.375486
12.849560 1529065044.183218 0.000127 0.000161 0.000784 59.046744
12.862207 1529065044.195865 0.000127 0.000159 0.000785 58.725102
12.874792 1529065044.208450 0.000126 0.000160 0.000789 58.706333
12.887346 1529065044.221004 0.000126 0.000161 0.000784 58.477307
12.901311 1529065044.234969 0.000125 0.000158 0.000792 58.125813
12.912345 1529065044.246003 0.000126 0.000160 0.000782 58.223846
12.924923 1529065044.258581 0.000126 0.000160 0.000784 58.123184
12.937313 1529065044.270971 0.000126 0.000161 0.000777 58.134922
12.949758 1529065044.283416 0.000125 0.000158 0.000791 57.874368
12.962115 1529065044.295773 0.000125 0.000159 0.000786 58.082398
12.974899 1529065044.308557 0.000125 0.000159 0.000789 58.024010
12.987344 1529065044.321002 0.000125 0.000159 0.000787 57.968729
12.999862 1529065044.333520 0.000125 0.000160 0.000781 58.089014
13.013404 1529065044.347062 0.000125 0.000160 0.000783 57.996669
13.024695 1529065044.358353 0.000126 0.000160 0.000782 58.031551
13.037160 1529065044.370818 0.000123 0.000157 0.000792 57.852326
13.049948 1529065044.383605 0.000125 0.000159 0.000783 58.017268
13.062331 1529065044.395989 0.000125 0.000159 0.000780 58.146464
13.075237 1529065044.408895 0.000124 0.000158 0.000789 58.099257
13.087110 1529065044.420768 0.000125 0.000159 0.000784 58.145619
13.099875 1529065044.433533 0.000124 0.000159 0.000783 58.065107
13.112622 1529065044.446280 0.000125 0.000160 0.000786 58.219300
13.126171 1529065044.459829 0.000124 0.000159 0.000791 58.211674
13.137841 1529065044.471499 0.000124 0.000160 0.000782 58.154326
13.150305 1529065044.483963 0.000124 0.000159 0.000789 58.180972
13.162953 1529065044.496611 0.000124 0.000159 0.000786 58.123636
13.175416 1529065044.509073 0.000124 0.000159 0.000787 58.154805
13.187958 1529065044.521616 0.000124 0.000158 0.000788 58.078423
