-3.892937 1528465628.334404 0.000114 0.000147 0.000676 40.296160
-3.881006 1528465628.346335 0.000113 0.000147 0.000676 40.240159
-3.868412 1528465628.358930 0.000111 0.000146 0.000673 40.432277
-3.856960 1528465628.370382 0.000112 0.000146 0.000680 40.055078
-3.844214 1528465628.383127 0.000111 0.000146 0.000678 40.289214
-3.831734 1528465628.395608 0.000113 0.000147 0.000678 39.957169
-3.818844 1528465628.408498 0.000111 0.000146 0.000677 40.230814
-3.806477 1528465628.420865 0.000113 0.000147 0.000674 40.140709
-3.793416 1528465628.433926 0.000111 0.000146 0.000678 40.084842
-3.781036 1528465628.446306 0.000112 0.000147 0.000673 40.254055
-3.769770 1528465628.457571 0.000112 0.000147 0.000673 40.328898
-3.757482 1528465628.469860 0.000112 0.000147 0.000673 40.256251
-3.744891 1528465628.482450 0.000111 0.000146 0.000680 40.037587
-3.732147 1528465628.495194 0.000113 0.000146 0.000678 40.062493
-3.719723 1528465628.507619 0.000110 0.000146 0.000676 40.356319
-3.707247 1528465628.520095 0.000110 0.000146 0.000674 40.326974
-3.694933 1528465628.532408 0.000113 0.000146 0.000677 40.063711
-3.681063 1528465628.546278 0.000110 0.000146 0.000671 40.462908
-3.668985 1528465628.558356 0.000110 0.000146 0.000670 40.565022
-3.656333 1528465628.571009 0.000110 0.000146 0.000669 40.668212
-3.644565 1528465628.582777 0.000113 0.000147 0.000669 40.244837
-3.632406 1528465628.594936 0.000110 0.000146 0.000674 40.608881
-3.619334 1528465628.608007 0.000111 0.000147 0.000671 40.600283
-3.607528 1528465628.619813 0.000112 0.000146 0.000674 40.424282
-3.594946 1528465628.632396 0.000111 0.000147 0.000672 40.528131
-3.581887 1528465628.645455 0.000112 0.000146 0.000673 40.355019
-3.569829 1528465628.657513 0.000110 0.000146 0.000671 40.522477
-3.557017 1528465628.670325 0.000111 0.000146 0.000673 40.495298
-3.544765 1528465628.682576 0.000110 0.000147 0.000674 40.447360
-3.532060 1528465628.695282 0.000112 0.000146 0.000675 40.356318
-3.518404 1528465628.708937 0.000112 0.000147 0.000676 40.310033
-3.506225 1528465628.721116 0.000112 0.000147 0.000679 40.109352
-3.493938 1528465628.733404 0.000111 0.000147 0.000674 40.491168
-3.480929 1528465628.746413 0.000112 0.000147 0.000674 40.344896
-3.469073 1528465628.758268 0.000113 0.000147 0.000673 40.405227
-3.457212 1528465628.770130 0.000111 0.000146 0.000673 40.348399
-3.444116 1528465628.783225 0.000112 0.000147 0.000675 40.241795
-3.432028 1528465628.795314 0.000111 0.000146 0.000670 40.664038
-3.419720 1528465628.807621 0.000111 0.000146 0.000679 40.415157
-3.407391 1528465628.819951 0.000111 0.000146 0.000675 40.397922
-3.394956 1528465628.832386 0.000112 0.000146 0.000678 40.060701
-3.382195 1528465628.845146 0.000111 0.000147 0.000680 40.273375
-3.369308 1528465628.858034 0.000113 0.000147 0.000674 40.314265
-3.357448 1528465628.869894 0.000112 0.000146 0.000674 40.401778
-3.344714 1528465628.882627 0.000112 0.000147 0.000680 40.356111
-3.331844 1528465628.895497 0.000113 0.000146 0.000677 40.269918
-3.319529 1528465628.907812 0.000112 0.000146 0.000675 40.401305
-3.307390 1528465628.919952 0.000112 0.000146 0.000682 40.115514
-3.294556 1528465628.932786 0.000113 0.000146 0.000688 40.115001
-3.281344 1528465628.945997 0.000114 0.000146 0.000690 40.582246
-3.269425 1528465628.957916 0.000114 0.000145 0.000694 40.665425
-3.256887 1528465628.970455 0.000115 0.000146 0.000698 40.391550
-3.244379 1528465628.982962 0.000115 0.000146 0.000703 40.127082
-3.231822 1528465628.995520 0.000115 0.000145 0.000701 40.106300
-3.218799 1528465629.008543 0.000115 0.000144 0.000699 39.764848
-3.206962 1528465629.020380 0.000114 0.000143 0.000699 39.827551
-3.194201 1528465629.033141 0.000116 0.000145 0.000700 39.260860
-3.181270 1528465629.046072 0.000116 0.000144 0.000697 39.151069
-3.169434 1528465629.057908 0.000116 0.000144 0.000701 39.291643
-3.156806 1528465629.070535 0.000114 0.000143 0.000695 39.549531
-3.144504 1528465629.082838 0.000116 0.000144 0.000697 39.244181
-3.131703 1528465629.095639 0.000113 0.000143 0.000697 39.509851
-3.119364 1528465629.107978 0.000113 0.000143 0.000696 39.422144
-3.107121 1528465629.120220 0.000114 0.000143 0.000695 39.461299
-3.093873 1528465629.133469 0.000113 0.000143 0.000693 39.609014
-3.082053 1528465629.145288 0.000113 0.000144 0.000691 39.672749
-3.069177 1528465629.158165 0.000113 0.000144 0.000688 39.642421
-3.056443 1528465629.170898 0.000113 0.000144 0.000691 39.478647
-3.044535 1528465629.182806 0.000113 0.000144 0.000688 39.601647
-3.032029 1528465629.195312 0.000112 0.000143 0.000688 39.693827
-3.019053 1528465629.208288 0.000113 0.000143 0.000688 39.652170
-3.007052 1528465629.220290 0.000112 0.000144 0.000681 39.698348
-2.994290 1528465629.233052 0.000115 0.000145 0.000668 39.094933
-2.981850 1528465629.245492 0.000114 0.000145 0.000657 39.347936
-2.969543 1528465629.257798 0.000115 0.000144 0.000658 39.356592
-2.957057 1528465629.270285 0.000117 0.000143 0.000665 38.892855
-2.944584 1528465629.282758 0.000117 0.000143 0.000677 38.708801
-2.931360 1528465629.295981 0.000114 0.000142 0.000676 39.023290
-2.919557 1528465629.307785 0.000116 0.000143 0.000675 38.960915
-2.906728 1528465629.320613 0.000114 0.000143 0.000673 39.026091
-2.894479 1528465629.332863 0.000116 0.000143 0.000674 38.699311
-2.881998 1528465629.345344 0.000114 0.000142 0.000677 38.833128
-2.869126 1528465629.358215 0.000115 0.000142 0.000674 38.958979
-2.856440 1528465629.370902 0.000116 0.000144 0.000678 38.528633
-2.844146 1528465629.383196 0.000117 0.000143 0.000678 38.435122
-2.831524 1528465629.395818 0.000116 0.000143 0.000673 38.529922
-2.818947 1528465629.408395 0.000115 0.000142 0.000676 38.454012
-2.807394 1528465629.419948 0.000116 0.000143 0.000675 38.546124
-2.794549 1528465629.432793 0.000116 0.000143 0.000676 38.369197
-2.782315 1528465629.445027 0.000116 0.000142 0.000676 38.385942
-2.768953 1528465629.458389 0.000116 0.000143 0.000676 38.357731
-2.757052 1528465629.470290 0.000116 0.000142 0.000671 38.407210
-2.744684 1528465629.482658 0.000114 0.000142 0.000674 38.571103
-2.731875 1528465629.495467 0.000115 0.000143 0.000670 38.367770
-2.719420 1528465629.507922 0.000115 0.000142 0.000676 38.311410
-2.706512 1528465629.520830 0.000114 0.000142 0.000668 38.691120
-2.694429 1528465629.532912 0.000115 0.000143 0.000677 38.090148
-2.682135 1528465629.545207 0.000114 0.000143 0.000670 38.406082
-2.669421 1528465629.557921 0.000113 0.000143 0.000673 38.535872
-2.656855 1528465629.570487 0.000114 0.000143 0.000671 38.496930
-2.644292 1528465629.583049 0.000116 0.000143 0.000672 38.228325
-2.631944 1528465629.595397 0.000116 0.000143 0.000668 38.309784
-2.619679 1528465629.607662 0.000115 0.000143 0.000669 38.365169
-2.607104 1528465629.620238 0.000114 0.000143 0.000672 38.219386
-2.593956 1528465629.633385 0.000114 0.000143 0.000673 38.281471
-2.581983 1528465629.645358 0.000116 0.000143 0.000674 37.958927
-2.569360 1528465629.657981 0.000114 0.000143 0.000669 38.613252
-2.556979 1528465629.670362 0.000114 0.000143 0.000673 38.401521
-2.544430 1528465629.682911 0.000114 0.000143 0.000672 38.474514
-2.531445 1528465629.695897 0.000114 0.000144 0.000669 38.440324
-2.519592 1528465629.707749 0.000116 0.000144 0.000668 38.220599
-2.506471 1528465629.720871 0.000114 0.000144 0.000671 38.431566
-2.494340 1528465629.733001 0.000116 0.000144 0.000669 38.204462
-2.481463 1528465629.745878 0.000114 0.000143 0.000670 38.378114
-2.469510 1528465629.757831 0.000113 0.000144 0.000669 38.425490
-2.456393 1528465629.770949 0.000116 0.000144 0.000667 38.166548
-2.444438 1528465629.782903 0.000114 0.000143 0.000669 38.506415
-2.431968 1528465629.795373 0.000114 0.000144 0.000668 38.469459
-2.418865 1528465629.808476 0.000114 0.000144 0.000664 38.492092
-2.407056 1528465629.820286 0.000114 0.000144 0.000667 38.418702
-2.394170 1528465629.833171 0.000114 0.000144 0.000666 38.371739
-2.381972 1528465629.845370 0.000116 0.000144 0.000668 38.337559
-2.369383 1528465629.857959 0.000119 0.000143 0.000660 38.040157
-2.356910 1528465629.870431 0.000119 0.000142 0.000657 37.636536
-2.343922 1528465629.883420 0.000120 0.000142 0.000668 37.336670
-2.331808 1528465629.895533 0.000116 0.000140 0.000679 37.626758
-2.319614 1528465629.907727 0.000115 0.000141 0.000683 37.555102
-2.307081 1528465629.920261 0.000116 0.000141 0.000688 37.367132
-2.294402 1528465629.932940 0.000115 0.000141 0.000693 37.462738
-2.281855 1528465629.945487 0.000113 0.000141 0.000688 37.865466
-2.269606 1528465629.957735 0.000114 0.000141 0.000691 37.787801
-2.257058 1528465629.970283 0.000114 0.000141 0.000691 37.684373
-2.244462 1528465629.982880 0.000114 0.000141 0.000687 37.820608
-2.231879 1528465629.995463 0.000116 0.000141 0.000695 37.401052
-2.219342 1528465630.007999 0.000116 0.000141 0.000689 37.586009
-2.206724 1528465630.020618 0.000114 0.000141 0.000693 37.518614
-2.193668 1528465630.033673 0.000114 0.000141 0.000689 37.712156
-2.181997 1528465630.045345 0.000114 0.000141 0.000692 37.592940
-2.169539 1528465630.057802 0.000114 0.000141 0.000695 37.544816
-2.156003 1528465630.071339 0.000115 0.000141 0.000693 37.431859
-2.143882 1528465630.083460 0.000114 0.000141 0.000695 37.512746
-2.131639 1528465630.095703 0.000114 0.000141 0.000689 37.614992
-2.118744 1528465630.108597 0.000113 0.000141 0.000691 37.556585
-2.105822 1528465630.121520 0.000116 0.000141 0.000691 37.211583
-2.093406 1528465630.133935 0.000113 0.000141 0.000691 37.541194
-2.081129 1528465630.146213 0.000114 0.000141 0.000691 37.408026
-2.069317 1528465630.158025 0.000115 0.000141 0.000690 37.265216
-2.057259 1528465630.170083 0.000114 0.000141 0.000685 37.645665
-2.043612 1528465630.183730 0.000115 0.000141 0.000691 37.254152
-2.031387 1528465630.195955 0.000114 0.000141 0.000685 37.601489
-2.018308 1528465630.209034 0.000114 0.000141 0.000686 37.525057
-2.005533 1528465630.221809 0.000114 0.000141 0.000685 37.500169
-1.993851 1528465630.233490 0.000114 0.000141 0.000684 37.543131
-1.981239 1528465630.246103 0.000113 0.000141 0.000686 37.567780
-1.969217 1528465630.258125 0.000115 0.000141 0.000687 37.442432
-1.956562 1528465630.270780 0.000114 0.000141 0.000686 37.373626
-1.944191 1528465630.283151 0.000115 0.000142 0.000683 37.428927
-1.931034 1528465630.296308 0.000115 0.000141 0.000687 37.224027
-1.919041 1528465630.308300 0.000114 0.000141 0.000683 37.717367
-1.907099 1528465630.320243 0.000113 0.000141 0.000685 37.704194
-1.894250 1528465630.333091 0.000114 0.000142 0.000688 37.555551
-1.880969 1528465630.346373 0.000114 0.000142 0.000692 37.335444
-1.869340 1528465630.358002 0.000111 0.000141 0.000712 37.437291
-1.856559 1528465630.370783 0.000110 0.000142 0.000711 37.675165
-1.844089 1528465630.383253 0.000112 0.000143 0.000710 37.886632
-1.831833 1528465630.395509 0.000110 0.000142 0.000710 38.255355
-1.818563 1528465630.408778 0.000111 0.000142 0.000715 38.260712
-1.806980 1528465630.420362 0.000111 0.000143 0.000710 38.360137
-1.794226 1528465630.433115 0.000111 0.000142 0.000711 38.425935
-1.782138 1528465630.445204 0.000111 0.000143 0.000713 38.300325
-1.769472 1528465630.457869 0.000111 0.000142 0.000709 38.449755
-1.756802 1528465630.470540 0.000113 0.000144 0.000712 38.044302
-1.744686 1528465630.482656 0.000111 0.000143 0.000710 38.306220
-1.732338 1528465630.495003 0.000112 0.000143 0.000712 38.149223
-1.719910 1528465630.507432 0.000112 0.000143 0.000710 38.224858
-1.707257 1528465630.520085 0.000112 0.000143 0.000706 38.250728
-1.694783 1528465630.532558 0.000114 0.000143 0.000709 38.036775
-1.682199 1528465630.545143 0.000114 0.000143 0.000704 38.170095
-1.668362 1528465630.558980 0.000112 0.000143 0.000707 38.322623
-1.655646 1528465630.571696 0.000114 0.000144 0.000707 38.128170
-1.643520 1528465630.583821 0.000112 0.000143 0.000710 38.306173
-1.630880 1528465630.596462 0.000112 0.000143 0.000708 38.437004
-1.619130 1528465630.608212 0.000112 0.000144 0.000708 38.331646
-1.605619 1528465630.621722 0.000112 0.000144 0.000706 38.412309
-1.593184 1528465630.634157 0.000113 0.000144 0.000706 38.232120
-1.581487 1528465630.645855 0.000112 0.000143 0.000709 38.383105
-1.569536 1528465630.657805 0.000113 0.000143 0.000708 38.255010
-1.557035 1528465630.670307 0.000114 0.000144 0.000711 38.319810
-1.544531 1528465630.682811 0.000112 0.000144 0.000709 38.339111
-1.531037 1528465630.696305 0.000115 0.000144 0.000707 38.128594
-1.519379 1528465630.707963 0.000113 0.000144 0.000708 38.341666
-1.507065 1528465630.720276 0.000113 0.000144 0.000711 38.154703
-1.494219 1528465630.733123 0.000112 0.000144 0.000706 38.426789
-1.481921 1528465630.745421 0.000113 0.000144 0.000704 38.372465
-1.469678 1528465630.757664 0.000113 0.000144 0.000704 38.338154
-1.457250 1528465630.770091 0.000112 0.000144 0.000705 38.573645
-1.444124 1528465630.783217 0.000114 0.000144 0.000710 38.113612
-1.431869 1528465630.795473 0.000113 0.000144 0.000710 38.245978
-1.418067 1528465630.809274 0.000113 0.000144 0.000708 38.338284
-1.406840 1528465630.820501 0.000113 0.000144 0.000706 38.308824
-1.392483 1528465630.834859 0.000115 0.000145 0.000705 38.052153
-1.381218 1528465630.846124 0.000113 0.000144 0.000707 38.219795
-1.367947 1528465630.859395 0.000116 0.000144 0.000709 37.948561
-1.356066 1528465630.871275 0.000114 0.000145 0.000709 38.137617
-1.344457 1528465630.882885 0.000113 0.000145 0.000705 38.412048
-1.331997 1528465630.895345 0.000113 0.000145 0.000705 38.260247
-1.319167 1528465630.908174 0.000112 0.000144 0.000701 38.566031
-1.305787 1528465630.921554 0.000113 0.000145 0.000707 38.289209
-1.294045 1528465630.933296 0.000114 0.000144 0.000706 38.311587
-1.281877 1528465630.945465 0.000115 0.000145 0.000705 38.067504
-1.269481 1528465630.957860 0.000113 0.000144 0.000704 38.283076
-1.257336 1528465630.970006 0.000114 0.000145 0.000704 38.201306
-1.242638 1528465630.984704 0.000114 0.000144 0.000705 38.288017
-1.231112 1528465630.996229 0.000114 0.000145 0.000713 37.920874
-1.218023 1528465631.009319 0.000115 0.000144 0.000700 38.244917
-1.205636 1528465631.021706 0.000120 0.000145 0.000685 37.863983
-1.193400 1528465631.033942 0.000117 0.000145 0.000680 38.266191
-1.179768 1528465631.047573 0.000115 0.000144 0.000690 38.361253
-1.169308 1528465631.058034 0.000117 0.000144 0.000700 38.109322
-1.156750 1528465631.070591 0.000114 0.000144 0.000698 38.425108
-1.144586 1528465631.082756 0.000114 0.000145 0.000692 38.569741
-1.131955 1528465631.095387 0.000115 0.000145 0.000692 38.498022
-1.119380 1528465631.107962 0.000117 0.000145 0.000700 38.255703
-1.106274 1528465631.121068 0.000115 0.000146 0.000698 38.312648
-1.092573 1528465631.134768 0.000115 0.000145 0.000693 38.522789
-1.081272 1528465631.146070 0.000115 0.000145 0.000695 38.385902
-1.069463 1528465631.157878 0.000114 0.000145 0.000695 38.501911
-1.057121 1528465631.170221 0.000114 0.000145 0.000691 38.526470
-1.044691 1528465631.182650 0.000115 0.000145 0.000694 38.211547
-1.031843 1528465631.195498 0.000117 0.000145 0.000695 38.087759
-1.019492 1528465631.207850 0.000114 0.000144 0.000695 38.481127
-1.006877 1528465631.220465 0.000115 0.000144 0.000694 38.312612
-0.994596 1528465631.232746 0.000114 0.000145 0.000700 38.207976
-0.981732 1528465631.245610 0.000115 0.000145 0.000695 38.179489
-0.968648 1528465631.258694 0.000114 0.000144 0.000696 38.274283
-0.956185 1528465631.271156 0.000116 0.000144 0.000699 38.099410
-0.943678 1528465631.283664 0.000116 0.000144 0.000699 38.061878
-0.930655 1528465631.296686 0.000116 0.000144 0.000700 37.943194
-0.919148 1528465631.308194 0.000114 0.000144 0.000701 38.178840
-0.906664 1528465631.320678 0.000114 0.000144 0.000696 38.369867
-0.893942 1528465631.333399 0.000114 0.000145 0.000694 38.277903
-0.880950 1528465631.346392 0.000115 0.000145 0.000694 38.216019
-0.869000 1528465631.358342 0.000115 0.000145 0.000697 38.190526
-0.856880 1528465631.370461 0.000114 0.000145 0.000694 38.315675
-0.844323 1528465631.383019 0.000114 0.000144 0.000693 38.371611
-0.831682 1528465631.395660 0.000115 0.000144 0.000696 37.999880
-0.818938 1528465631.408404 0.000115 0.000144 0.000692 38.394480
-0.807047 1528465631.420294 0.000117 0.000144 0.000693 38.080200
-0.794323 1528465631.433019 0.000115 0.000144 0.000695 38.227724
-0.781664 1528465631.445677 0.000115 0.000145 0.000691 38.331259
-0.769066 1528465631.458276 0.000117 0.000144 0.000695 38.239978
-0.756773 1528465631.470569 0.000118 0.000145 0.000698 37.882492
-0.743862 1528465631.483479 0.000115 0.000144 0.000711 37.806315
-0.731880 1528465631.495461 0.000114 0.000144 0.000720 37.633253
-0.718897 1528465631.508445 0.000116 0.000144 0.000720 37.501991
-0.706026 1528465631.521316 0.000115 0.000144 0.000722 37.676378
-0.693383 1528465631.533959 0.000115 0.000144 0.000723 37.571980
-0.680759 1528465631.546583 0.000115 0.000144 0.000724 37.549983
-0.668775 1528465631.558566 0.000118 0.000144 0.000732 37.233098
-0.656965 1528465631.570376 0.000115 0.000143 0.000726 37.361844
-0.644588 1528465631.582753 0.000117 0.000143 0.000723 37.386841
-0.631444 1528465631.595897 0.000115 0.000142 0.000723 37.602902
-0.619650 1528465631.607691 0.000115 0.000143 0.000724 37.406086
-0.607030 1528465631.620311 0.000117 0.000143 0.000728 37.202336
-0.593808 1528465631.633534 0.000115 0.000143 0.000722 37.443949
-0.582020 1528465631.645322 0.000114 0.000142 0.000720 37.630361
-0.569071 1528465631.658271 0.000116 0.000142 0.000723 37.126127
-0.556485 1528465631.670857 0.000117 0.000142 0.000725 37.057349
-0.544197 1528465631.683145 0.000116 0.000143 0.000724 37.135221
-0.529881 1528465631.697461 0.000115 0.000142 0.000721 37.409118
-0.518214 1528465631.709128 0.000117 0.000143 0.000722 37.157437
-0.506369 1528465631.720972 0.000116 0.000143 0.000726 37.188344
-0.493134 1528465631.734207 0.000115 0.000143 0.000721 37.429751
-0.480702 1528465631.746640 0.000115 0.000143 0.000722 37.271907
-0.469097 1528465631.758245 0.000115 0.000142 0.000721 37.228194
-0.456338 1528465631.771003 0.000116 0.000143 0.000723 37.030324
-0.444398 1528465631.782943 0.000119 0.000143 0.000708 37.121352
-0.431847 1528465631.795495 0.000117 0.000143 0.000710 37.083171
-0.418761 1528465631.808580 0.000115 0.000142 0.000727 36.927946
-0.406934 1528465631.820407 0.000112 0.000141 0.000737 37.201701
-0.394388 1528465631.832954 0.000110 0.000140 0.000738 37.478397
-0.381601 1528465631.845741 0.000111 0.000141 0.000737 37.311031
-0.369136 1528465631.858206 0.000113 0.000141 0.000735 36.958575
-0.355929 1528465631.871413 0.000113 0.000141 0.000737 37.135549
-0.343510 1528465631.883832 0.000111 0.000141 0.000740 37.142218
-0.331278 1528465631.896064 0.000112 0.000141 0.000734 37.240365
-0.318960 1528465631.908382 0.000111 0.000141 0.000735 37.075726
-0.305818 1528465631.921523 0.000111 0.000140 0.000732 37.101383
-0.294074 1528465631.933267 0.000110 0.000141 0.000731 37.177714
-0.281406 1528465631.945936 0.000112 0.000140 0.000734 37.016068
-0.268817 1528465631.958524 0.000113 0.000140 0.000736 36.884346
-0.257007 1528465631.970335 0.000109 0.000139 0.000731 37.385888
-0.243676 1528465631.983665 0.000111 0.000139 0.000735 37.133756
-0.231892 1528465631.995450 0.000111 0.000139 0.000732 37.132780
-0.218696 1528465632.008646 0.000110 0.000139 0.000735 36.943244
-0.206558 1528465632.020784 0.000111 0.000140 0.000733 36.939518
-0.194188 1528465632.033154 0.000113 0.000140 0.000734 36.820716
-0.181729 1528465632.045613 0.000111 0.000140 0.000731 36.940988
-0.169392 1528465632.057950 0.000110 0.000139 0.000730 37.211546
-0.156932 1528465632.070410 0.000113 0.000139 0.000733 36.787229
-0.143777 1528465632.083565 0.000110 0.000140 0.000734 36.970294
-0.131171 1528465632.096170 0.000111 0.000140 0.000731 36.900927
-0.117773 1528465632.109568 0.000111 0.000139 0.000736 36.680050
-0.106119 1528465632.121222 0.000111 0.000139 0.000736 36.827323
-0.094060 1528465632.133282 0.000111 0.000140 0.000736 36.721645
-0.081221 1528465632.146121 0.000113 0.000140 0.000738 36.565350
-0.069443 1528465632.157898 0.000111 0.000139 0.000735 36.733747
-0.056847 1528465632.170495 0.000113 0.000140 0.000737 36.585039
-0.044606 1528465632.182735 0.000113 0.000139 0.000733 36.635754
-0.031474 1528465632.195868 0.000113 0.000139 0.000735 36.699049
-0.018957 1528465632.208384 0.000111 0.000140 0.000732 36.923359
-0.006476 1528465632.220865 0.000111 0.000140 0.000734 36.854495
0.005941 1528465632.233283 0.000112 0.000140 0.000738 36.643914
0.018717 1528465632.246059 0.000111 0.000140 0.000737 36.675667
0.031872 1528465632.259214 0.000110 0.000139 0.000734 37.043268
0.044117 1528465632.271459 0.000114 0.000140 0.000735 36.526041
0.056292 1528465632.283634 0.000110 0.000140 0.000729 37.134844
0.069063 1528465632.296405 0.000111 0.000140 0.000731 36.983189
0.080857 1528465632.308199 0.000112 0.000140 0.000734 36.677347
0.093226 1528465632.320567 0.000114 0.000140 0.000731 36.269405
0.106550 1528465632.333891 0.000112 0.000141 0.000731 36.419352
0.118405 1528465632.345747 0.000113 0.000141 0.000722 36.606225
0.130906 1528465632.358248 0.000111 0.000140 0.000730 36.894316
0.143598 1528465632.370939 0.000111 0.000140 0.000738 36.947829
0.156113 1528465632.383454 0.000112 0.000140 0.000741 36.797618
0.168158 1528465632.395499 0.000111 0.000140 0.000741 36.813145
0.180789 1528465632.408131 0.000111 0.000139 0.000740 36.974703
0.193428 1528465632.420770 0.000112 0.000140 0.000737 36.918104
0.206380 1528465632.433721 0.000110 0.000139 0.000736 37.161256
0.218313 1528465632.445655 0.000110 0.000140 0.000735 37.132501
0.231378 1528465632.458719 0.000110 0.000139 0.000738 36.971338
0.243651 1528465632.470992 0.000111 0.000140 0.000736 36.914036
0.256457 1528465632.483799 0.000110 0.000138 0.000735 37.049765
0.268376 1528465632.495718 0.000110 0.000139 0.000736 37.016888
0.280849 1528465632.508191 0.000110 0.000138 0.000738 36.892029
0.293286 1528465632.520627 0.000112 0.000139 0.000736 36.773873
0.306170 1528465632.533512 0.000109 0.000138 0.000735 36.927724
0.318562 1528465632.545903 0.000109 0.000138 0.000725 36.996752
0.331050 1528465632.558392 0.000106 0.000139 0.000723 38.002102
0.343556 1528465632.570898 0.000101 0.000144 0.000744 39.310828
0.355961 1528465632.583302 0.000100 0.000150 0.000744 40.573555
0.368351 1528465632.595692 0.000102 0.000156 0.000733 41.478608
0.380919 1528465632.608261 0.000101 0.000154 0.000737 42.001367
0.393287 1528465632.620629 0.000099 0.000154 0.000742 42.751805
0.405644 1528465632.632986 0.000100 0.000151 0.000741 43.125255
0.418575 1528465632.645917 0.000100 0.000149 0.000740 43.463320
0.431826 1528465632.659168 0.000100 0.000147 0.000737 43.435985
0.444206 1528465632.671548 0.000100 0.000145 0.000738 43.798207
0.456584 1528465632.683926 0.000103 0.000146 0.000737 43.651482
0.468206 1528465632.695548 0.000103 0.000145 0.000733 43.899077
0.480354 1528465632.707696 0.000104 0.000144 0.000732 44.029506
0.492876 1528465632.720217 0.000106 0.000146 0.000732 44.074375
0.505624 1528465632.732966 0.000105 0.000147 0.000724 44.463752
0.517972 1528465632.745313 0.000108 0.000150 0.000723 44.909463
0.530890 1528465632.758232 0.000107 0.000161 0.000719 46.423212
0.543056 1528465632.770397 0.000112 0.000176 0.000694 49.195475
0.555407 1528465632.782749 0.000121 0.000192 0.000669 53.238106
0.567831 1528465632.795173 0.000129 0.000209 0.000698 59.229274
0.580576 1528465632.807918 0.000136 0.000235 0.000712 65.074026
0.595039 1528465632.822381 0.000135 0.000267 0.000698 71.549525
0.606298 1528465632.833640 0.000136 0.000271 0.000693 76.733854
0.619019 1528465632.846360 0.000140 0.000269 0.000678 81.582727
0.630948 1528465632.858289 0.000137 0.000266 0.000712 85.312321
0.643210 1528465632.870551 0.000132 0.000262 0.000714 88.221147
0.655741 1528465632.883083 0.000136 0.000267 0.000715 91.217845
0.668364 1528465632.895706 0.000138 0.000272 0.000687 94.025913
0.681338 1528465632.908679 0.000142 0.000269 0.000662 95.809665
0.693411 1528465632.920753 0.000143 0.000268 0.000648 97.298022
0.706111 1528465632.933453 0.000141 0.000269 0.000638 98.574951
0.718570 1528465632.945912 0.000144 0.000267 0.000629 99.869253
0.730730 1528465632.958072 0.000149 0.000263 0.000626 100.981341
0.743783 1528465632.971125 0.000148 0.000262 0.000621 101.835325
0.756122 1528465632.983463 0.000148 0.000260 0.000625 102.619123
0.768417 1528465632.995759 0.000149 0.000257 0.000617 103.542052
0.781379 1528465633.008720 0.000151 0.000255 0.000606 104.291787
0.793023 1528465633.020365 0.000156 0.000252 0.000608 105.177338
0.805938 1528465633.033279 0.000154 0.000250 0.000608 105.328756
0.818515 1528465633.045857 0.000149 0.000247 0.000607 105.444242
0.831466 1528465633.058808 0.000157 0.000245 0.000607 106.496798
0.843469 1528465633.070811 0.000159 0.000243 0.000602 107.531051
0.856329 1528465633.083670 0.000158 0.000240 0.000602 107.828993
0.868904 1528465633.096246 0.000156 0.000239 0.000592 108.429663
0.880930 1528465633.108272 0.000159 0.000236 0.000597 108.858291
0.893475 1528465633.120817 0.000159 0.000236 0.000593 109.116011
0.905966 1528465633.133308 0.000161 0.000233 0.000591 109.447646
0.918352 1528465633.145694 0.000161 0.000234 0.000598 110.096602
0.931097 1528465633.158439 0.000164 0.000229 0.000597 110.360552
0.943501 1528465633.170843 0.000162 0.000229 0.000600 110.841075
0.955749 1528465633.183091 0.000161 0.000228 0.000596 110.885853
0.969240 1528465633.196582 0.000160 0.000228 0.000597 110.983685
0.981576 1528465633.208918 0.000160 0.000228 0.000601 111.446611
0.993744 1528465633.221086 0.000163 0.000228 0.000593 111.820770
1.005981 1528465633.233323 0.000162 0.000226 0.000596 112.006110
1.018835 1528465633.246177 0.000162 0.000226 0.000595 111.782137
1.030945 1528465633.258287 0.000162 0.000226 0.000593 112.068211
1.043857 1528465633.271199 0.000163 0.000229 0.000589 112.054632
1.056007 1528465633.283349 0.000163 0.000228 0.000595 112.197424
1.068525 1528465633.295867 0.000165 0.000227 0.000587 112.940508
1.082200 1528465633.309542 0.000165 0.000228 0.000584 112.489336
1.093564 1528465633.320905 0.000166 0.000227 0.000588 112.317097
1.106038 1528465633.333380 0.000167 0.000226 0.000582 112.532286
1.118855 1528465633.346197 0.000167 0.000227 0.000582 112.614653
1.131050 1528465633.358392 0.000167 0.000231 0.000580 113.041373
1.143351 1528465633.370692 0.000170 0.000228 0.000585 113.111380
1.156032 1528465633.383374 0.000166 0.000229 0.000579 112.930064
1.168423 1528465633.395764 0.000170 0.000228 0.000579 113.103519
1.182179 1528465633.409521 0.000167 0.000229 0.000580 112.923677
1.194108 1528465633.421450 0.000170 0.000229 0.000575 113.046064
1.206812 1528465633.434154 0.000169 0.000230 0.000576 113.335026
1.218123 1528465633.445464 0.000167 0.000230 0.000577 113.188975
1.230714 1528465633.458055 0.000169 0.000230 0.000578 113.100571
1.243392 1528465633.470734 0.000169 0.000231 0.000571 113.570807
1.256241 1528465633.483582 0.000171 0.000231 0.000576 113.263920
1.269333 1528465633.496675 0.000170 0.000231 0.000580 113.232346
1.282543 1528465633.509885 0.000169 0.000232 0.000571 113.152531
1.294834 1528465633.522176 0.000170 0.000235 0.000568 113.313545
1.305911 1528465633.533253 0.000171 0.000233 0.000573 113.382667
1.317898 1528465633.545239 0.000170 0.000232 0.000567 112.744961
1.330513 1528465633.557854 0.000170 0.000234 0.000570 113.102356
1.342981 1528465633.570323 0.000171 0.000235 0.000565 113.214182
1.356066 1528465633.583408 0.000171 0.000236 0.000564 112.740917
1.368483 1528465633.595825 0.000172 0.000235 0.000563 113.073041
1.381342 1528465633.608684 0.000171 0.000236 0.000565 112.933769
1.393316 1528465633.620658 0.000172 0.000233 0.000564 112.947255
1.406367 1528465633.633708 0.000172 0.000233 0.000562 113.254415
1.418109 1528465633.645451 0.000171 0.000234 0.000558 112.629241
1.430852 1528465633.658193 0.000172 0.000231 0.000561 112.313553
1.443716 1528465633.671057 0.000170 0.000234 0.000563 112.474732
1.455951 1528465633.683293 0.000173 0.000235 0.000557 112.844596
1.468231 1528465633.695573 0.000171 0.000236 0.000560 112.592965
1.481210 1528465633.708552 0.000172 0.000234 0.000553 111.955222
1.493195 1528465633.720537 0.000171 0.000236 0.000560 112.337980
1.506312 1528465633.733654 0.000172 0.000236 0.000554 112.247464
1.518364 1528465633.745705 0.000173 0.000236 0.000556 112.264412
1.530823 1528465633.758164 0.000173 0.000237 0.000555 112.113207
1.543257 1528465633.770599 0.000173 0.000236 0.000555 111.988828
1.555927 1528465633.783268 0.000173 0.000237 0.000549 111.853327
1.568182 1528465633.795523 0.000174 0.000237 0.000552 111.917373
1.580944 1528465633.808286 0.000174 0.000235 0.000556 112.337280
1.594049 1528465633.821391 0.000173 0.000235 0.000553 111.993420
1.607059 1528465633.834400 0.000173 0.000239 0.000547 112.197306
1.618834 1528465633.846176 0.000175 0.000239 0.000542 112.525457
1.631393 1528465633.858735 0.000175 0.000237 0.000546 112.499009
1.643240 1528465633.870582 0.000175 0.000236 0.000545 112.422810
1.655854 1528465633.883195 0.000175 0.000237 0.000543 112.852213
1.672333 1528465633.899674 0.000173 0.000234 0.000545 111.828115
1.681171 1528465633.908512 0.000174 0.000236 0.000544 112.214773
1.694111 1528465633.921452 0.000175 0.000237 0.000544 112.503304
1.705910 1528465633.933252 0.000176 0.000236 0.000542 112.473142
1.718855 1528465633.946196 0.000176 0.000237 0.000538 112.574766
1.731177 1528465633.958519 0.000178 0.000236 0.000536 112.603013
1.743307 1528465633.970649 0.000175 0.000234 0.000542 112.407838
1.755975 1528465633.983317 0.000177 0.000235 0.000546 112.754623
1.768222 1528465633.995564 0.000176 0.000236 0.000544 112.743719
1.780921 1528465634.008262 0.000176 0.000237 0.000543 112.497100
1.793552 1528465634.020894 0.000175 0.000237 0.000543 112.803185
1.806119 1528465634.033461 0.000176 0.000238 0.000546 113.109175
1.818779 1528465634.046120 0.000176 0.000235 0.000550 112.997351
1.831661 1528465634.059003 0.000175 0.000240 0.000547 113.345508
1.843705 1528465634.071047 0.000175 0.000237 0.000546 113.050571
1.856357 1528465634.083699 0.000178 0.000237 0.000548 113.380604
1.868370 1528465634.095712 0.000174 0.000236 0.000553 113.489391
1.880858 1528465634.108200 0.000177 0.000238 0.000552 113.758378
1.892912 1528465634.120253 0.000178 0.000238 0.000551 114.098291
1.905654 1528465634.132995 0.000177 0.000240 0.000549 114.013199
1.917862 1528465634.145204 0.000179 0.000237 0.000547 114.090289
1.931252 1528465634.158593 0.000178 0.000238 0.000550 114.029103
1.943225 1528465634.170566 0.000178 0.000237 0.000550 113.697589
1.955820 1528465634.183161 0.000178 0.000238 0.000549 113.750483
1.968264 1528465634.195606 0.000175 0.000238 0.000550 113.654476
1.980787 1528465634.208129 0.000179 0.000238 0.000547 114.227852
1.996722 1528465634.224063 0.000176 0.000237 0.000550 113.941179
2.005684 1528465634.233026 0.000178 0.000238 0.000549 113.887693
2.018605 1528465634.245946 0.000178 0.000239 0.000553 114.131192
2.031195 1528465634.258537 0.000178 0.000238 0.000549 113.979010
2.044103 1528465634.271444 0.000178 0.000239 0.000548 113.781394
2.056301 1528465634.283642 0.000179 0.000238 0.000545 113.915865
2.068938 1528465634.296280 0.000179 0.000238 0.000545 113.473588
2.081739 1528465634.309081 0.000177 0.000239 0.000547 113.477855
2.094492 1528465634.321834 0.000180 0.000240 0.000545 113.458359
2.107060 1528465634.334402 0.000181 0.000241 0.000545 113.740054
2.119588 1528465634.346929 0.000178 0.000239 0.000542 113.679660
2.131419 1528465634.358761 0.000179 0.000238 0.000541 113.777863
2.143766 1528465634.371108 0.000182 0.000238 0.000542 113.690651
2.156410 1528465634.383752 0.000181 0.000241 0.000540 113.308535
2.168894 1528465634.396236 0.000181 0.000242 0.000538 113.700310
2.181662 1528465634.409004 0.000183 0.000241 0.000535 113.549940
2.194402 1528465634.421743 0.000183 0.000243 0.000530 113.245855
2.207208 1528465634.434550 0.000183 0.000240 0.000534 113.256783
2.218938 1528465634.446280 0.000183 0.000241 0.000529 113.232511
2.232084 1528465634.459426 0.000186 0.000241 0.000530 113.949830
2.244449 1528465634.471790 0.000183 0.000242 0.000524 113.234840
2.256894 1528465634.484236 0.000185 0.000240 0.000525 113.865787
2.269734 1528465634.497076 0.000184 0.000241 0.000526 113.893124
2.282124 1528465634.509466 0.000185 0.000241 0.000522 113.481963
2.294191 1528465634.521532 0.000185 0.000242 0.000520 113.340189
2.307015 1528465634.534356 0.000184 0.000242 0.000517 113.115664
2.319128 1528465634.546469 0.000184 0.000243 0.000519 113.213087
2.331646 1528465634.558987 0.000181 0.000247 0.000515 112.937958
2.343825 1528465634.571167 0.000183 0.000245 0.000515 112.674840
2.356486 1528465634.583827 0.000185 0.000243 0.000517 112.956698
2.369002 1528465634.596344 0.000181 0.000246 0.000515 112.562083
2.381994 1528465634.609335 0.000182 0.000244 0.000518 113.015233
2.393942 1528465634.621284 0.000181 0.000244 0.000513 112.710234
2.406307 1528465634.633648 0.000182 0.000242 0.000516 112.719032
2.418676 1528465634.646017 0.000181 0.000244 0.000517 112.275734
2.431568 1528465634.658910 0.000182 0.000243 0.000518 112.112405
2.444356 1528465634.671697 0.000182 0.000243 0.000516 112.341006
2.456722 1528465634.684064 0.000181 0.000243 0.000518 111.900729
2.468761 1528465634.696103 0.000181 0.000242 0.000516 111.807301
2.481534 1528465634.708875 0.000183 0.000242 0.000517 112.296179
2.494133 1528465634.721474 0.000181 0.000245 0.000514 111.828928
2.506650 1528465634.733991 0.000182 0.000242 0.000515 111.645136
2.518961 1528465634.746302 0.000181 0.000243 0.000515 111.362114
2.531410 1528465634.758752 0.000183 0.000241 0.000515 111.158994
2.544750 1528465634.772092 0.000183 0.000242 0.000511 110.722210
2.556607 1528465634.783948 0.000184 0.000243 0.000518 110.939259
2.568747 1528465634.796089 0.000183 0.000242 0.000519 110.490602
2.581728 1528465634.809069 0.000184 0.000241 0.000521 110.759244
2.593993 1528465634.821335 0.000183 0.000243 0.000523 111.189519
2.606356 1528465634.833698 0.000184 0.000243 0.000520 110.784635
2.618944 1528465634.846285 0.000182 0.000244 0.000523 111.014447
2.631404 1528465634.858745 0.000183 0.000241 0.000527 110.936030
2.643781 1528465634.871123 0.000184 0.000242 0.000535 111.052362
2.656411 1528465634.883752 0.000182 0.000243 0.000531 110.835937
2.669489 1528465634.896831 0.000183 0.000240 0.000530 111.257465
2.681280 1528465634.908622 0.000183 0.000245 0.000528 111.442088
2.693612 1528465634.920954 0.000184 0.000245 0.000527 111.399047
2.706341 1528465634.933682 0.000185 0.000243 0.000526 111.698736
2.718806 1528465634.946147 0.000187 0.000245 0.000521 111.944670
2.730942 1528465634.958284 0.000183 0.000247 0.000519 111.760024
2.743330 1528465634.970671 0.000186 0.000246 0.000517 111.963215
2.756157 1528465634.983499 0.000186 0.000245 0.000519 112.799267
2.768476 1528465634.995818 0.000185 0.000243 0.000517 112.146650
2.781455 1528465635.008797 0.000187 0.000245 0.000514 112.636919
2.793492 1528465635.020834 0.000188 0.000244 0.000516 112.851177
2.807160 1528465635.034502 0.000188 0.000244 0.000515 111.879541
2.819841 1528465635.047182 0.000186 0.000243 0.000513 111.637423
2.832548 1528465635.059890 0.000189 0.000243 0.000512 111.094233
2.844825 1528465635.072167 0.000187 0.000243 0.000508 110.991567
2.856324 1528465635.083666 0.000189 0.000245 0.000509 111.112919
2.869275 1528465635.096617 0.000192 0.000240 0.000504 110.820456
2.881157 1528465635.108498 0.000196 0.000240 0.000502 110.518698
2.894207 1528465635.121549 0.000198 0.000241 0.000495 110.723063
2.905977 1528465635.133319 0.000202 0.000237 0.000492 110.321303
2.918522 1528465635.145864 0.000204 0.000236 0.000489 110.582942
2.931677 1528465635.159018 0.000206 0.000237 0.000484 110.237633
2.943964 1528465635.171305 0.000212 0.000238 0.000481 109.563176
2.956307 1528465635.183649 0.000215 0.000240 0.000474 108.783951
2.969596 1528465635.196938 0.000214 0.000244 0.000469 107.920041
2.981224 1528465635.208566 0.000213 0.000251 0.000467 106.475653
2.993915 1528465635.221256 0.000209 0.000256 0.000466 104.796183
3.006436 1528465635.233778 0.000203 0.000263 0.000468 102.673764
3.019368 1528465635.246710 0.000205 0.000265 0.000471 100.039444
3.031546 1528465635.258888 0.000199 0.000266 0.000485 97.196144
3.044291 1528465635.271633 0.000192 0.000263 0.000502 95.028335
3.057036 1528465635.284378 0.000188 0.000262 0.000519 93.266933
3.068854 1528465635.296195 0.000182 0.000254 0.000534 91.291906
3.081384 1528465635.308726 0.000180 0.000243 0.000553 90.481605
3.094373 1528465635.321715 0.000178 0.000230 0.000569 89.509117
3.106191 1528465635.333533 0.000177 0.000217 0.000584 89.025427
3.118247 1528465635.345589 0.000176 0.000208 0.000592 88.735342
3.131071 1528465635.358413 0.000178 0.000200 0.000596 88.628364
3.143292 1528465635.370634 0.000175 0.000197 0.000604 88.470363
3.155956 1528465635.383298 0.000173 0.000196 0.000604 88.297691
3.168391 1528465635.395733 0.000171 0.000193 0.000608 88.280191
3.181029 1528465635.408371 0.000171 0.000192 0.000613 87.855577
3.193360 1528465635.420702 0.000168 0.000192 0.000620 87.750895
3.205736 1528465635.433078 0.000168 0.000190 0.000623 87.348738
3.218319 1528465635.445661 0.000169 0.000189 0.000625 87.164065
3.230929 1528465635.458271 0.000165 0.000189 0.000632 86.546962
3.243447 1528465635.470789 0.000162 0.000190 0.000641 86.272221
3.256150 1528465635.483491 0.000161 0.000187 0.000646 85.807650
3.269308 1528465635.496649 0.000161 0.000188 0.000648 85.664802
3.282534 1528465635.509876 0.000157 0.000187 0.000651 85.212888
3.295596 1528465635.522938 0.000154 0.000186 0.000656 84.933395
3.307096 1528465635.534438 0.000151 0.000184 0.000660 84.416585
3.319734 1528465635.547076 0.000148 0.000186 0.000665 84.013679
3.331234 1528465635.558575 0.000148 0.000186 0.000668 83.809167
3.343339 1528465635.570681 0.000150 0.000185 0.000667 83.561953
3.356148 1528465635.583489 0.000147 0.000185 0.000675 83.365331
3.368740 1528465635.596082 0.000145 0.000185 0.000688 83.149516
3.381050 1528465635.608391 0.000144 0.000184 0.000685 82.581161
3.393930 1528465635.621272 0.000140 0.000187 0.000694 82.321245
3.406336 1528465635.633678 0.000138 0.000185 0.000699 82.074685
3.418901 1528465635.646243 0.000136 0.000186 0.000709 81.650130
3.431557 1528465635.658899 0.000136 0.000184 0.000712 81.545262
3.443671 1528465635.671013 0.000132 0.000183 0.000716 81.238979
3.456584 1528465635.683926 0.000130 0.000182 0.000723 80.826839
3.468563 1528465635.695904 0.000130 0.000180 0.000730 80.630241
3.481417 1528465635.708759 0.000131 0.000177 0.000735 80.453542
3.493917 1528465635.721258 0.000128 0.000176 0.000735 80.288583
3.506824 1528465635.734166 0.000127 0.000173 0.000745 80.149088
3.518568 1528465635.745910 0.000127 0.000172 0.000748 79.938192
3.532186 1528465635.759528 0.000125 0.000172 0.000754 79.759028
3.544807 1528465635.772148 0.000124 0.000171 0.000758 79.512301
3.557193 1528465635.784534 0.000123 0.000170 0.000758 79.216499
3.569201 1528465635.796543 0.000123 0.000169 0.000757 78.364855
3.581302 1528465635.808643 0.000122 0.000170 0.000766 77.297780
3.594134 1528465635.821476 0.000124 0.000171 0.000754 75.845369
3.607190 1528465635.834532 0.000124 0.000173 0.000747 74.362738
3.620353 1528465635.847695 0.000125 0.000174 0.000739 73.149135
3.631917 1528465635.859259 0.000123 0.000175 0.000747 72.261581
3.643737 1528465635.871079 0.000124 0.000176 0.000739 71.510317
3.656923 1528465635.884265 0.000123 0.000175 0.000733 70.967566
3.668818 1528465635.896160 0.000125 0.000174 0.000726 70.434808
3.681185 1528465635.908527 0.000123 0.000172 0.000724 70.078823
3.694276 1528465635.921618 0.000123 0.000169 0.000725 69.927494
3.708032 1528465635.935373 0.000123 0.000169 0.000726 69.794750
3.719826 1528465635.947168 0.000124 0.000168 0.000722 69.511120
3.732929 1528465635.960271 0.000123 0.000166 0.000728 69.354895
3.745030 1528465635.972372 0.000123 0.000165 0.000722 69.103189
3.756762 1528465635.984104 0.000125 0.000165 0.000722 68.819096
3.768621 1528465635.995963 0.000124 0.000164 0.000723 68.650728
3.781175 1528465636.008517 0.000124 0.000164 0.000719 68.522076
3.793425 1528465636.020766 0.000123 0.000162 0.000730 68.467659
3.807051 1528465636.034393 0.000124 0.000162 0.000718 68.369843
3.818442 1528465636.045783 0.000124 0.000161 0.000722 68.298427
3.831336 1528465636.058677 0.000123 0.000160 0.000717 68.148284
3.843572 1528465636.070913 0.000123 0.000161 0.000719 68.151911
3.856540 1528465636.083882 0.000123 0.000159 0.000722 67.955945
3.869181 1528465636.096523 0.000123 0.000159 0.000726 67.883998
3.881728 1528465636.109070 0.000124 0.000158 0.000730 67.620125
3.894152 1528465636.121493 0.000123 0.000157 0.000734 67.545302
3.906853 1528465636.134195 0.000122 0.000157 0.000738 67.439110
3.919541 1528465636.146883 0.000123 0.000156 0.000744 67.290573
3.931450 1528465636.158792 0.000122 0.000156 0.000733 67.234453
3.944165 1528465636.171506 0.000125 0.000155 0.000737 67.176133
3.956592 1528465636.183934 0.000125 0.000156 0.000738 67.088411
3.968997 1528465636.196338 0.000122 0.000157 0.000748 66.947279
3.981870 1528465636.209211 0.000121 0.000161 0.000743 66.292701
3.994345 1528465636.221687 0.000117 0.000172 0.000736 66.163558
4.007443 1528465636.234785 0.000116 0.000184 0.000718 66.751123
4.018929 1528465636.246271 0.000116 0.000195 0.000689 67.886311
4.031528 1528465636.258870 0.000113 0.000201 0.000694 68.545115
4.044066 1528465636.271408 0.000111 0.000204 0.000698 68.908904
4.057080 1528465636.284422 0.000108 0.000204 0.000701 69.015646
4.069132 1528465636.296474 0.000109 0.000206 0.000694 68.949208
4.082085 1528465636.309427 0.000106 0.000205 0.000695 68.856464
4.093971 1528465636.321313 0.000105 0.000206 0.000678 68.830770
4.106833 1528465636.334174 0.000108 0.000207 0.000670 68.504425
4.118809 1528465636.346151 0.000107 0.000204 0.000679 68.468139
4.132209 1528465636.359551 0.000108 0.000205 0.000682 68.287890
4.143873 1528465636.371215 0.000105 0.000206 0.000679 68.274366
4.156299 1528465636.383640 0.000109 0.000206 0.000669 68.293308
4.168521 1528465636.395862 0.000106 0.000205 0.000673 68.259118
4.180956 1528465636.408298 0.000106 0.000205 0.000673 68.191741
4.193663 1528465636.421005 0.000107 0.000205 0.000668 68.258586
4.206015 1528465636.433357 0.000106 0.000206 0.000667 68.501917
4.218685 1528465636.446027 0.000107 0.000205 0.000676 68.550221
4.231590 1528465636.458932 0.000108 0.000205 0.000668 68.541697
4.244100 1528465636.471441 0.000107 0.000205 0.000675 68.716152
4.256671 1528465636.484013 0.000105 0.000204 0.000679 68.855098
4.269544 1528465636.496885 0.000108 0.000203 0.000690 68.752237
4.281713 1528465636.509054 0.000106 0.000197 0.000691 68.701963
4.293851 1528465636.521192 0.000109 0.000185 0.000687 68.247767
4.306351 1528465636.533693 0.000110 0.000174 0.000695 67.605984
4.318974 1528465636.546316 0.000115 0.000162 0.000721 66.893786
4.331376 1528465636.558718 0.000117 0.000151 0.000746 66.364864
4.343951 1528465636.571293 0.000120 0.000144 0.000766 66.054625
4.356330 1528465636.583671 0.000124 0.000140 0.000750 65.762306
4.368489 1528465636.595831 0.000125 0.000139 0.000744 65.327421
4.380910 1528465636.608252 0.000127 0.000138 0.000739 64.715334
4.393539 1528465636.620881 0.000126 0.000137 0.000745 64.392139
4.406166 1528465636.633508 0.000126 0.000137 0.000745 63.877486
4.418355 1528465636.645697 0.000128 0.000137 0.000734 63.553821
4.431043 1528465636.658385 0.000127 0.000136 0.000734 63.418252
4.443489 1528465636.670830 0.000128 0.000136 0.000742 63.275928
4.456141 1528465636.683482 0.000127 0.000137 0.000739 63.495689
4.468548 1528465636.695890 0.000128 0.000137 0.000748 63.345074
4.481085 1528465636.708426 0.000129 0.000138 0.000725 63.343929
4.493417 1528465636.720758 0.000129 0.000136 0.000744 63.292918
4.506051 1528465636.733393 0.000129 0.000137 0.000738 63.065767
4.518567 1528465636.745909 0.000128 0.000137 0.000739 62.971330
4.531123 1528465636.758465 0.000129 0.000137 0.000740 62.879474
4.543573 1528465636.770914 0.000128 0.000137 0.000735 62.823234
4.556221 1528465636.783562 0.000129 0.000137 0.000736 62.531360
4.568842 1528465636.796183 0.000130 0.000137 0.000721 62.396099
4.580988 1528465636.808330 0.000129 0.000137 0.000736 62.330382
4.593739 1528465636.821081 0.000129 0.000137 0.000732 62.206144
4.605666 1528465636.833007 0.000130 0.000137 0.000725 62.276494
4.618475 1528465636.845817 0.000129 0.000136 0.000737 62.178667
4.630977 1528465636.858319 0.000129 0.000137 0.000733 62.202282
4.643697 1528465636.871039 0.000129 0.000136 0.000733 62.250804
4.656214 1528465636.883556 0.000130 0.000137 0.000723 62.190428
4.668423 1528465636.895765 0.000130 0.000136 0.000734 62.164369
4.680967 1528465636.908309 0.000129 0.000136 0.000735 62.160597
4.693722 1528465636.921063 0.000129 0.000137 0.000739 62.163332
4.705919 1528465636.933260 0.000129 0.000136 0.000735 62.112350
4.718397 1528465636.945739 0.000130 0.000136 0.000740 62.103320
4.731171 1528465636.958513 0.000130 0.000137 0.000739 62.179713
4.743749 1528465636.971090 0.000128 0.000136 0.000747 62.081443
4.756400 1528465636.983741 0.000129 0.000137 0.000739 62.098422
4.768781 1528465636.996122 0.000130 0.000137 0.000732 62.067543
4.781242 1528465637.008584 0.000128 0.000136 0.000737 62.170636
4.794038 1528465637.021380 0.000128 0.000137 0.000744 62.129798
4.806368 1528465637.033709 0.000128 0.000138 0.000746 62.018516
4.818776 1528465637.046118 0.000128 0.000136 0.000746 62.017312
4.831816 1528465637.059157 0.000128 0.000137 0.000746 61.960964
4.843773 1528465637.071115 0.000129 0.000137 0.000737 61.926830
4.856455 1528465637.083797 0.000130 0.000138 0.000731 61.898787
4.869001 1528465637.096343 0.000128 0.000136 0.000745 61.903971
4.881404 1528465637.108746 0.000129 0.000137 0.000739 61.875395
4.894776 1528465637.122117 0.000130 0.000137 0.000742 61.882919
4.906582 1528465637.133924 0.000129 0.000137 0.000733 61.908536
4.919348 1528465637.146689 0.000129 0.000136 0.000748 61.834011
4.932096 1528465637.159438 0.000129 0.000137 0.000732 61.913229
4.944202 1528465637.171544 0.000129 0.000136 0.000748 61.902002
4.957371 1528465637.184713 0.000129 0.000136 0.000744 61.935041
4.969728 1528465637.197069 0.000130 0.000137 0.000743 61.792013
4.981644 1528465637.208986 0.000128 0.000136 0.000749 61.909853
4.994572 1528465637.221914 0.000129 0.000136 0.000743 61.932214
5.007180 1528465637.234522 0.000129 0.000135 0.000745 61.873235
5.019553 1528465637.246895 0.000130 0.000136 0.000735 61.860198
5.031682 1528465637.259024 0.000129 0.000135 0.000754 61.908707
5.043722 1528465637.271063 0.000129 0.000136 0.000745 61.790032
5.056640 1528465637.283982 0.000130 0.000136 0.000739 61.689340
5.068969 1528465637.296311 0.000129 0.000135 0.000742 61.558013
5.081653 1528465637.308995 0.000130 0.000134 0.000742 61.440787
5.094270 1528465637.321612 0.000129 0.000135 0.000743 61.057276
5.106702 1528465637.334044 0.000130 0.000136 0.000744 60.826991
5.119020 1528465637.346362 0.000129 0.000138 0.000755 60.875434
5.131522 1528465637.358864 0.000125 0.000138 0.000763 60.744290
5.144107 1528465637.371449 0.000122 0.000139 0.000759 60.177630
5.156571 1528465637.383913 0.000119 0.000139 0.000760 59.813993
5.169103 1528465637.396444 0.000118 0.000140 0.000767 59.456727
5.181679 1528465637.409021 0.000117 0.000139 0.000776 59.026703
5.194316 1528465637.421657 0.000116 0.000139 0.000773 58.577388
5.206784 1528465637.434125 0.000117 0.000138 0.000779 58.059997
5.219070 1528465637.446411 0.000117 0.000139 0.000770 57.567050
5.231989 1528465637.459331 0.000118 0.000138 0.000769 57.078144
5.244740 1528465637.472082 0.000116 0.000137 0.000770 56.874796
5.256674 1528465637.484015 0.000115 0.000138 0.000768 56.536431
5.269235 1528465637.496577 0.000117 0.000138 0.000771 56.270918
5.281980 1528465637.509322 0.000115 0.000138 0.000764 56.273770
5.294518 1528465637.521860 0.000115 0.000137 0.000767 56.091414
5.306636 1528465637.533978 0.000114 0.000137 0.000777 55.917986
5.319349 1528465637.546690 0.000113 0.000136 0.000777 56.204617
5.331737 1528465637.559078 0.000113 0.000136 0.000771 56.437776
5.344486 1528465637.571828 0.000111 0.000137 0.000778 56.275058
5.357429 1528465637.584770 0.000114 0.000135 0.000782 56.041087
5.369287 1528465637.596628 0.000113 0.000136 0.000779 55.657793
5.382276 1528465637.609618 0.000111 0.000137 0.000789 55.457698
5.394672 1528465637.622014 0.000112 0.000138 0.000792 55.390559
5.407013 1528465637.634355 0.000113 0.000138 0.000790 55.380044
5.419698 1528465637.647039 0.000112 0.000138 0.000800 55.340694
5.431907 1528465637.659249 0.000110 0.000140 0.000806 55.367488
5.444332 1528465637.671674 0.000110 0.000139 0.000822 54.662419
5.456963 1528465637.684305 0.000116 0.000141 0.000816 53.819473
5.469083 1528465637.696424 0.000117 0.000142 0.000808 53.224402
5.481843 1528465637.709185 0.000114 0.000143 0.000816 52.112162
5.493988 1528465637.721329 0.000114 0.000143 0.000812 51.344614
5.506701 1528465637.734043 0.000116 0.000144 0.000796 50.638157
5.519283 1528465637.746625 0.000116 0.000144 0.000795 49.655662
5.532469 1528465637.759811 0.000117 0.000146 0.000788 49.018054
5.544580 1528465637.771922 0.000114 0.000145 0.000774 48.631430
5.557475 1528465637.784816 0.000114 0.000144 0.000756 47.891548
5.569274 1528465637.796616 0.000115 0.000145 0.000757 47.910683
5.582498 1528465637.809839 0.000115 0.000144 0.000747 47.859155
5.594344 1528465637.821686 0.000115 0.000143 0.000748 47.764915
5.606816 1528465637.834158 0.000116 0.000144 0.000747 47.677039
5.619435 1528465637.846777 0.000114 0.000144 0.000743 47.334384
5.631887 1528465637.859228 0.000116 0.000144 0.000740 47.570385
5.645089 1528465637.872431 0.000115 0.000143 0.000736 47.915736
5.657044 1528465637.884385 0.000116 0.000143 0.000744 47.557301
5.670342 1528465637.897684 0.000116 0.000143 0.000735 47.426549
5.682005 1528465637.909347 0.000115 0.000144 0.000730 47.199049
5.694324 1528465637.921666 0.000115 0.000144 0.000727 47.329808
5.707569 1528465637.934911 0.000115 0.000143 0.000734 47.496959
5.719364 1528465637.946706 0.000116 0.000143 0.000737 47.514433
5.731750 1528465637.959092 0.000116 0.000144 0.000732 47.589896
5.744158 1528465637.971499 0.000115 0.000144 0.000731 47.416173
5.756876 1528465637.984217 0.000114 0.000144 0.000734 47.454384
5.770113 1528465637.997455 0.000115 0.000143 0.000755 47.756126
5.781939 1528465638.009280 0.000116 0.000143 0.000752 47.550172
5.795097 1528465638.022439 0.000116 0.000143 0.000740 47.171861
5.807017 1528465638.034359 0.000115 0.000143 0.000738 46.813035
5.819376 1528465638.046717 0.000113 0.000143 0.000744 46.953460
5.832464 1528465638.059805 0.000115 0.000142 0.000753 47.325081
5.844170 1528465638.071512 0.000116 0.000143 0.000742 47.124968
5.856778 1528465638.084119 0.000113 0.000142 0.000733 47.195120
5.869226 1528465638.096568 0.000115 0.000143 0.000734 46.636311
5.882001 1528465638.109343 0.000113 0.000142 0.000749 47.061601
5.894139 1528465638.121480 0.000114 0.000142 0.000761 47.421165
5.906872 1528465638.134213 0.000113 0.000143 0.000764 47.446990
5.919750 1528465638.147092 0.000109 0.000145 0.000758 47.067341
5.932170 1528465638.159512 0.000108 0.000145 0.000752 46.451323
5.945004 1528465638.172345 0.000107 0.000144 0.000777 47.055303
5.956780 1528465638.184121 0.000109 0.000145 0.000783 47.025521
5.969718 1528465638.197060 0.000110 0.000145 0.000771 46.745301
5.981791 1528465638.209133 0.000109 0.000143 0.000754 46.030774
5.995004 1528465638.222345 0.000107 0.000142 0.000752 45.736238
6.006708 1528465638.234050 0.000107 0.000142 0.000773 45.961568
6.019691 1528465638.247033 0.000108 0.000142 0.000771 45.579165
6.032197 1528465638.259539 0.000108 0.000143 0.000746 45.170932
6.045126 1528465638.272468 0.000107 0.000142 0.000735 44.615004
6.056664 1528465638.284005 0.000107 0.000141 0.000748 44.852014
6.069414 1528465638.296755 0.000108 0.000141 0.000771 45.249400
6.082028 1528465638.309370 0.000107 0.000142 0.000759 45.376900
6.094792 1528465638.322134 0.000108 0.000142 0.000740 45.009943
6.106987 1528465638.334329 0.000106 0.000140 0.000726 44.793693
6.120154 1528465638.347496 0.000106 0.000140 0.000747 45.121769
6.131928 1528465638.359270 0.000108 0.000141 0.000768 45.086302
6.145049 1528465638.372391 0.000107 0.000141 0.000748 44.702262
6.156982 1528465638.384324 0.000107 0.000141 0.000731 44.205246
6.169683 1528465638.397025 0.000105 0.000138 0.000726 44.357191
6.181858 1528465638.409199 0.000107 0.000140 0.000755 44.584060
6.194283 1528465638.421624 0.000107 0.000141 0.000762 44.780433
6.206717 1528465638.434059 0.000107 0.000142 0.000740 44.479260
6.219096 1528465638.446438 0.000106 0.000140 0.000727 44.317492
6.231887 1528465638.459228 0.000106 0.000140 0.000735 44.420793
6.244769 1528465638.472111 0.000105 0.000139 0.000761 44.861013
6.257099 1528465638.484441 0.000107 0.000141 0.000755 44.514332
6.269367 1528465638.496709 0.000108 0.000141 0.000737 44.005234
6.281876 1528465638.509218 0.000107 0.000142 0.000721 43.559919
6.294275 1528465638.521617 0.000105 0.000138 0.000737 44.011201
6.307106 1528465638.534448 0.000104 0.000138 0.000760 44.343339
6.319308 1528465638.546649 0.000106 0.000140 0.000754 44.087042
6.331934 1528465638.559275 0.000107 0.000141 0.000734 43.816870
6.345228 1528465638.572570 0.000105 0.000140 0.000725 43.726951
6.357042 1528465638.584383 0.000104 0.000138 0.000743 44.168047
6.369361 1528465638.596702 0.000105 0.000138 0.000771 44.570667
6.381895 1528465638.609237 0.000111 0.000140 0.000752 44.490505
6.394583 1528465638.621925 0.000114 0.000140 0.000718 44.379161
6.407611 1528465638.634952 0.000112 0.000139 0.000717 44.156719
6.419911 1528465638.647253 0.000111 0.000138 0.000739 44.503027
6.431715 1528465638.659056 0.000114 0.000138 0.000757 44.346406
6.443949 1528465638.671290 0.000115 0.000140 0.000741 44.004019
6.456872 1528465638.684214 0.000112 0.000140 0.000733 44.094369
6.469424 1528465638.696766 0.000112 0.000142 0.000729 43.481354
6.481656 1528465638.708998 0.000110 0.000140 0.000750 44.013091
6.494295 1528465638.721637 0.000111 0.000139 0.000757 44.253248
6.506866 1528465638.734207 0.000112 0.000140 0.000735 43.970021
6.519414 1528465638.746755 0.000114 0.000143 0.000724 43.582627
6.532386 1528465638.759728 0.000110 0.000143 0.000725 43.678097
6.544312 1528465638.771654 0.000111 0.000141 0.000748 44.136478
6.557141 1528465638.784483 0.000112 0.000140 0.000768 44.464293
6.569117 1528465638.796459 0.000112 0.000140 0.000746 44.258666
6.582283 1528465638.809625 0.000112 0.000142 0.000729 43.889040
6.594487 1528465638.821829 0.000111 0.000143 0.000724 43.741657
6.607056 1528465638.834398 0.000110 0.000142 0.000734 44.041926
6.619458 1528465638.846800 0.000114 0.000142 0.000766 44.177924
6.631794 1528465638.859136 0.000112 0.000140 0.000761 44.457071
6.644189 1528465638.871531 0.000112 0.000142 0.000736 44.050748
6.656543 1528465638.883884 0.000112 0.000142 0.000733 43.979211
6.669071 1528465638.896413 0.000112 0.000141 0.000733 43.787606
6.682286 1528465638.909628 0.000112 0.000139 0.000768 44.671424
6.694306 1528465638.921647 0.000111 0.000139 0.000794 44.741134
6.706933 1528465638.934274 0.000112 0.000142 0.000762 44.532304
6.719340 1528465638.946681 0.000113 0.000142 0.000743 44.301856
6.732156 1528465638.959498 0.000118 0.000142 0.000744 43.492360
6.744580 1528465638.971922 0.000117 0.000138 0.000739 43.080153
6.757503 1528465638.984845 0.000119 0.000137 0.000759 42.853704
6.769364 1528465638.996706 0.000122 0.000137 0.000759 42.260186
6.782004 1528465639.009346 0.000121 0.000135 0.000739 42.027533
6.794406 1528465639.021748 0.000123 0.000137 0.000734 41.111642
6.808447 1528465639.035789 0.000123 0.000138 0.000725 40.824262
6.820242 1528465639.047584 0.000121 0.000137 0.000722 40.785495
6.832084 1528465639.059426 0.000122 0.000138 0.000719 40.453898
6.844672 1528465639.072014 0.000120 0.000136 0.000717 40.081812
6.857040 1528465639.084382 0.000121 0.000134 0.000723 40.735458
6.869140 1528465639.096482 0.000121 0.000134 0.000745 40.900792
6.881979 1528465639.109321 0.000121 0.000134 0.000732 40.691414
6.894565 1528465639.121907 0.000120 0.000133 0.000722 40.736553
6.906466 1528465639.133808 0.000120 0.000135 0.000717 40.269101
6.919456 1528465639.146797 0.000119 0.000135 0.000719 40.084624
6.932193 1528465639.159535 0.000117 0.000131 0.000713 40.172887
6.944899 1528465639.172240 0.000119 0.000134 0.000713 39.449519
6.957195 1528465639.184537 0.000119 0.000135 0.000706 39.204954
6.969979 1528465639.197320 0.000119 0.000135 0.000707 38.941095
6.982783 1528465639.210124 0.000118 0.000133 0.000706 38.912925
6.995517 1528465639.222859 0.000118 0.000133 0.000704 38.794900
7.007411 1528465639.234752 0.000115 0.000130 0.000698 39.304870
7.019879 1528465639.247220 0.000118 0.000133 0.000704 38.647157
7.032910 1528465639.260252 0.000117 0.000132 0.000701 38.685692
7.044428 1528465639.271770 0.000117 0.000132 0.000702 38.690725
7.057327 1528465639.284669 0.000117 0.000133 0.000708 38.352816
7.069520 1528465639.296862 0.000117 0.000132 0.000705 38.608250
7.082040 1528465639.309381 0.000117 0.000133 0.000704 38.502870
7.094777 1528465639.322119 0.000116 0.000132 0.000704 38.483918
7.108576 1528465639.335918 0.000115 0.000130 0.000703 38.834143
7.120572 1528465639.347914 0.000117 0.000132 0.000697 38.497891
7.132984 1528465639.360326 0.000116 0.000133 0.000699 38.602899
7.146272 1528465639.373614 0.000116 0.000132 0.000701 38.580561
7.158320 1528465639.385662 0.000114 0.000129 0.000697 39.023815
7.169174 1528465639.396516 0.000116 0.000132 0.000698 38.583880
7.181608 1528465639.408950 0.000116 0.000132 0.000702 38.638178
7.194584 1528465639.421925 0.000116 0.000132 0.000704 38.577283
7.206757 1528465639.434099 0.000114 0.000129 0.000699 38.984420
7.219419 1528465639.446761 0.000116 0.000132 0.000697 38.651334
7.231539 1528465639.458881 0.000116 0.000131 0.000697 38.606799
7.244545 1528465639.471887 0.000114 0.000128 0.000701 38.910192
7.256746 1528465639.484088 0.000116 0.000131 0.000703 38.334964
7.269925 1528465639.497266 0.000117 0.000131 0.000704 38.034131
7.281713 1528465639.509054 0.000117 0.000131 0.000711 37.961423
7.294419 1528465639.521761 0.000119 0.000130 0.000705 38.286351
7.306723 1528465639.534065 0.000120 0.000129 0.000709 38.437667
7.319438 1528465639.546780 0.000125 0.000132 0.000709 37.368325
7.331863 1528465639.559205 0.000125 0.000134 0.000699 36.691375
7.344427 1528465639.571769 0.000126 0.000133 0.000695 35.968444
7.357090 1528465639.584432 0.000127 0.000132 0.000693 35.417798
7.369489 1528465639.596830 0.000126 0.000132 0.000691 35.169974
7.381962 1528465639.609303 0.000126 0.000128 0.000689 35.483275
7.394475 1528465639.621817 0.000125 0.000128 0.000681 35.624375
7.406920 1528465639.634261 0.000126 0.000132 0.000693 35.164150
7.419694 1528465639.647036 0.000126 0.000132 0.000694 35.503155
7.432551 1528465639.659893 0.000125 0.000132 0.000696 35.473929
7.444568 1528465639.671910 0.000127 0.000127 0.000689 35.944962
7.457270 1528465639.684612 0.000126 0.000132 0.000694 35.548346
7.470045 1528465639.697387 0.000125 0.000133 0.000695 35.354409
7.482058 1528465639.709399 0.000125 0.000127 0.000693 36.005434
7.494554 1528465639.721895 0.000125 0.000132 0.000694 35.349099
7.507137 1528465639.734479 0.000124 0.000132 0.000691 35.257897
7.519668 1528465639.747010 0.000124 0.000127 0.000690 35.894405
7.532969 1528465639.760311 0.000124 0.000133 0.000691 35.383495
7.545027 1528465639.772368 0.000124 0.000127 0.000692 35.825365
7.557101 1528465639.784443 0.000123 0.000132 0.000693 35.539503
7.570097 1528465639.797439 0.000123 0.000126 0.000682 36.191586
7.583044 1528465639.810386 0.000123 0.000133 0.000690 35.451524
7.594817 1528465639.822159 0.000123 0.000132 0.000686 35.597904
7.607366 1528465639.834707 0.000123 0.000132 0.000689 35.673429
7.619576 1528465639.846918 0.000123 0.000127 0.000689 36.163655
7.632043 1528465639.859385 0.000123 0.000128 0.000686 36.247857
7.645672 1528465639.873013 0.000123 0.000128 0.000684 36.328641
7.657300 1528465639.884642 0.000122 0.000134 0.000681 35.623136
7.669132 1528465639.896473 0.000123 0.000136 0.000674 35.282175
7.681660 1528465639.909001 0.000122 0.000133 0.000681 35.560968
7.694810 1528465639.922152 0.000120 0.000130 0.000682 36.315209
7.706809 1528465639.934151 0.000119 0.000129 0.000699 37.029243
7.719113 1528465639.946455 0.000120 0.000129 0.000708 37.773119
7.732051 1528465639.959393 0.000118 0.000130 0.000720 38.276404
7.744292 1528465639.971633 0.000117 0.000128 0.000723 38.715972
7.757022 1528465639.984364 0.000117 0.000130 0.000726 38.841777
7.769343 1528465639.996685 0.000117 0.000130 0.000722 38.971413
7.781761 1528465640.009103 0.000117 0.000129 0.000723 39.165563
7.794626 1528465640.021968 0.000116 0.000129 0.000722 38.976709
7.806846 1528465640.034188 0.000117 0.000129 0.000718 38.907927
7.819894 1528465640.047236 0.000116 0.000128 0.000720 38.955741
7.832307 1528465640.059649 0.000116 0.000128 0.000720 38.793451
7.844431 1528465640.071773 0.000116 0.000128 0.000724 38.711773
7.857316 1528465640.084657 0.000116 0.000128 0.000723 38.773929
7.869180 1528465640.096521 0.000116 0.000128 0.000723 38.645762
7.882096 1528465640.109437 0.000115 0.000127 0.000727 38.708725
7.895663 1528465640.123005 0.000116 0.000128 0.000721 38.578621
7.907591 1528465640.134933 0.000116 0.000127 0.000722 38.665691
7.920149 1528465640.147491 0.000115 0.000128 0.000723 38.617180
7.932927 1528465640.160269 0.000116 0.000127 0.000724 38.669785
7.945628 1528465640.172970 0.000115 0.000127 0.000725 38.584785
7.959066 1528465640.186408 0.000115 0.000127 0.000723 38.655747
7.970122 1528465640.197464 0.000115 0.000127 0.000725 38.662335
7.982238 1528465640.209579 0.000116 0.000128 0.000722 38.621267
7.994730 1528465640.222072 0.000116 0.000129 0.000724 38.627285
8.007131 1528465640.234473 0.000116 0.000128 0.000722 38.669199
8.019795 1528465640.247137 0.000115 0.000129 0.000722 38.701365
8.032784 1528465640.260126 0.000117 0.000127 0.000714 38.749889
8.044852 1528465640.272193 0.000116 0.000127 0.000709 38.866742
8.057184 1528465640.284525 0.000113 0.000127 0.000711 39.251971
8.069852 1528465640.297194 0.000108 0.000127 0.000716 39.769793
8.082499 1528465640.309841 0.000105 0.000128 0.000718 40.001747
8.094607 1528465640.321949 0.000105 0.000128 0.000728 40.260385
8.107919 1528465640.335261 0.000103 0.000129 0.000729 40.818159
8.120740 1528465640.348082 0.000104 0.000128 0.000734 40.803906
8.134747 1528465640.362088 0.000103 0.000128 0.000739 40.913794
8.146155 1528465640.373496 0.000105 0.000129 0.000736 40.765481
8.157875 1528465640.385217 0.000104 0.000129 0.000739 40.717225
8.170438 1528465640.397780 0.000105 0.000129 0.000738 40.472236
8.183134 1528465640.410475 0.000103 0.000128 0.000736 40.629252
8.195246 1528465640.422587 0.000104 0.000129 0.000739 40.465011
8.207072 1528465640.434414 0.000103 0.000128 0.000738 40.676561
8.219501 1528465640.446843 0.000104 0.000128 0.000740 40.441308
8.233399 1528465640.460741 0.000104 0.000128 0.000736 40.511614
8.245500 1528465640.472842 0.000104 0.000128 0.000738 40.334795
8.258147 1528465640.485489 0.000104 0.000128 0.000740 40.354524
8.271366 1528465640.498707 0.000103 0.000128 0.000739 40.351572
8.283396 1528465640.510738 0.000105 0.000128 0.000737 40.318634
8.294527 1528465640.521868 0.000104 0.000128 0.000739 40.392913
8.307346 1528465640.534688 0.000104 0.000128 0.000738 40.354020
8.319398 1528465640.546739 0.000104 0.000128 0.000737 40.424626
8.332073 1528465640.559415 0.000104 0.000129 0.000736 40.476602
8.344327 1528465640.571669 0.000104 0.000128 0.000738 40.558286
8.357113 1528465640.584455 0.000105 0.000128 0.000738 40.540428
8.369262 1528465640.596603 0.000104 0.000128 0.000738 40.663306
8.382181 1528465640.609523 0.000104 0.000129 0.000737 40.697123
8.394435 1528465640.621777 0.000104 0.000128 0.000738 40.643133
8.406854 1528465640.634196 0.000104 0.000129 0.000738 40.599722
8.419772 1528465640.647113 0.000106 0.000129 0.000736 40.538694
8.432150 1528465640.659491 0.000106 0.000129 0.000739 40.660438
8.444474 1528465640.671816 0.000106 0.000129 0.000737 40.641559
8.456977 1528465640.684319 0.000105 0.000129 0.000738 40.723101
8.471466 1528465640.698808 0.000106 0.000130 0.000735 40.625885
8.482885 1528465640.710227 0.000106 0.000130 0.000739 40.609527
8.495326 1528465640.722668 0.000105 0.000130 0.000738 40.585974
8.507906 1528465640.735248 0.000106 0.000130 0.000736 40.633230
8.519727 1528465640.747068 0.000105 0.000130 0.000734 40.678285
8.531928 1528465640.759270 0.000106 0.000129 0.000737 40.786086
8.544587 1528465640.771929 0.000106 0.000130 0.000737 40.625281
8.557339 1528465640.784681 0.000105 0.000130 0.000737 40.736063
8.569477 1528465640.796818 0.000106 0.000130 0.000736 40.708377
8.581729 1528465640.809071 0.000106 0.000129 0.000737 40.680120
8.594394 1528465640.821736 0.000106 0.000130 0.000736 40.758994
8.607180 1528465640.834522 0.000106 0.000130 0.000735 40.722629
8.619475 1528465640.846817 0.000106 0.000130 0.000737 40.735492
8.632579 1528465640.859921 0.000105 0.000131 0.000744 41.120387
8.644477 1528465640.871819 0.000105 0.000132 0.000750 41.522031
8.656919 1528465640.884260 0.000106 0.000132 0.000754 41.318787
8.669890 1528465640.897232 0.000108 0.000132 0.000747 40.899177
8.682476 1528465640.909818 0.000110 0.000132 0.000745 40.300828
8.694631 1528465640.921972 0.000111 0.000131 0.000738 39.938398
8.707099 1528465640.934441 0.000110 0.000131 0.000734 39.713745
8.719713 1528465640.947055 0.000110 0.000131 0.000733 39.776727
8.733197 1528465640.960539 0.000110 0.000130 0.000734 39.709931
8.745646 1528465640.972987 0.000110 0.000130 0.000735 39.943732
8.758714 1528465640.986056 0.000110 0.000130 0.000735 40.108957
8.770726 1528465640.998068 0.000110 0.000130 0.000736 40.103053
8.782147 1528465641.009489 0.000110 0.000130 0.000734 40.116394
8.794322 1528465641.021664 0.000110 0.000131 0.000735 39.965912
8.807068 1528465641.034409 0.000111 0.000131 0.000734 39.913326
8.820073 1528465641.047415 0.000110 0.000131 0.000736 39.886170
8.831913 1528465641.059255 0.000111 0.000131 0.000733 39.841117
8.845253 1528465641.072595 0.000111 0.000130 0.000735 39.917335
8.858057 1528465641.085399 0.000111 0.000131 0.000733 39.964378
8.870661 1528465641.098003 0.000111 0.000130 0.000733 39.960968
8.882490 1528465641.109831 0.000111 0.000131 0.000731 39.820219
8.894448 1528465641.121789 0.000111 0.000130 0.000733 39.819014
8.907006 1528465641.134347 0.000111 0.000130 0.000731 39.876627
8.919588 1528465641.146929 0.000111 0.000131 0.000731 39.898095
8.931689 1528465641.159031 0.000111 0.000131 0.000732 39.859615
8.944448 1528465641.171789 0.000111 0.000130 0.000733 39.909799
8.956847 1528465641.184189 0.000111 0.000131 0.000732 39.812099
8.969358 1528465641.196700 0.000111 0.000131 0.000732 39.737771
8.982363 1528465641.209705 0.000110 0.000131 0.000732 39.722483
8.994926 1528465641.222268 0.000111 0.000131 0.000731 39.721489
9.007145 1528465641.234486 0.000111 0.000131 0.000731 39.733257
9.019967 1528465641.247308 0.000111 0.000131 0.000733 39.646621
9.032106 1528465641.259448 0.000111 0.000131 0.000731 39.783122
9.045480 1528465641.272822 0.000111 0.000131 0.000731 39.674646
9.058491 1528465641.285832 0.000111 0.000131 0.000734 39.718871
9.071305 1528465641.298646 0.000111 0.000131 0.000732 39.724742
9.083339 1528465641.310680 0.000111 0.000131 0.000732 39.552926
9.094784 1528465641.322126 0.000111 0.000131 0.000732 39.614954
9.107890 1528465641.335232 0.000111 0.000131 0.000733 39.697076
9.120279 1528465641.347620 0.000111 0.000131 0.000731 39.627498
9.133363 1528465641.360704 0.000112 0.000132 0.000735 39.557999
9.144958 1528465641.372300 0.000111 0.000131 0.000731 39.713370
9.157211 1528465641.384553 0.000111 0.000132 0.000731 39.602725
9.169721 1528465641.397063 0.000111 0.000132 0.000731 39.590056
9.182854 1528465641.410196 0.000111 0.000133 0.000730 39.686294
9.194824 1528465641.422166 0.000112 0.000132 0.000730 39.721631
9.207230 1528465641.434572 0.000113 0.000132 0.000729 39.426617
9.219902 1528465641.447243 0.000117 0.000131 0.000719 39.163611
9.232049 1528465641.459391 0.000119 0.000131 0.000708 39.380137
9.244149 1528465641.471491 0.000119 0.000131 0.000707 39.630531
9.256573 1528465641.483915 0.000118 0.000132 0.000717 39.367722
9.269161 1528465641.496502 0.000117 0.000133 0.000728 39.218022
9.281647 1528465641.508989 0.000117 0.000133 0.000728 39.183530
9.294256 1528465641.521598 0.000118 0.000133 0.000729 39.035757
9.306641 1528465641.533983 0.000118 0.000132 0.000725 39.186969
9.319183 1528465641.546525 0.000118 0.000134 0.000726 39.049900
9.331728 1528465641.559069 0.000117 0.000133 0.000725 39.023399
9.344211 1528465641.571552 0.000117 0.000133 0.000727 38.813064
9.356942 1528465641.584284 0.000118 0.000133 0.000726 38.903853
9.370033 1528465641.597375 0.000118 0.000133 0.000728 38.828096
9.382534 1528465641.609876 0.000118 0.000133 0.000728 38.753592
9.395987 1528465641.623329 0.000117 0.000134 0.000725 38.931561
9.408160 1528465641.635502 0.000117 0.000133 0.000727 38.854785
9.420864 1528465641.648206 0.000118 0.000133 0.000726 38.814117
9.433141 1528465641.660482 0.000118 0.000133 0.000720 39.036603
9.445461 1528465641.672802 0.000118 0.000133 0.000725 38.902920
9.458223 1528465641.685565 0.000118 0.000134 0.000724 38.841774
9.470480 1528465641.697822 0.000119 0.000134 0.000720 38.785235
9.482459 1528465641.709801 0.000118 0.000133 0.000724 38.933719
9.495083 1528465641.722425 0.000117 0.000133 0.000721 38.831686
9.508247 1528465641.735589 0.000117 0.000133 0.000720 38.936754
9.520496 1528465641.747837 0.000118 0.000134 0.000723 38.652449
9.532713 1528465641.760055 0.000118 0.000134 0.000721 38.761570
9.544765 1528465641.772107 0.000118 0.000134 0.000722 38.796208
9.557318 1528465641.784659 0.000119 0.000134 0.000723 38.592449
9.569731 1528465641.797072 0.000118 0.000133 0.000724 38.787815
9.582299 1528465641.809641 0.000118 0.000133 0.000726 38.743769
9.594709 1528465641.822050 0.000118 0.000133 0.000724 38.795576
9.606888 1528465641.834230 0.000118 0.000134 0.000722 38.734674
9.620442 1528465641.847783 0.000118 0.000134 0.000724 38.630680
9.632902 1528465641.860244 0.000118 0.000134 0.000722 38.654952
9.644774 1528465641.872116 0.000118 0.000133 0.000723 38.728036
9.656908 1528465641.884250 0.000118 0.000133 0.000724 38.794454
9.670026 1528465641.897368 0.000119 0.000134 0.000721 38.617531
9.681862 1528465641.909204 0.000118 0.000134 0.000722 38.558056
9.694603 1528465641.921945 0.000118 0.000134 0.000726 38.488354
9.706995 1528465641.934337 0.000119 0.000133 0.000726 38.548640
9.719995 1528465641.947337 0.000119 0.000134 0.000722 38.469710
9.732059 1528465641.959401 0.000119 0.000133 0.000723 38.729370
9.744969 1528465641.972311 0.000118 0.000134 0.000724 38.710615
9.757186 1528465641.984528 0.000117 0.000133 0.000720 39.037921
9.770377 1528465641.997719 0.000117 0.000133 0.000725 38.981473
9.783325 1528465642.010667 0.000115 0.000134 0.000727 39.444972
9.796052 1528465642.023393 0.000114 0.000136 0.000743 39.823387
9.808371 1528465642.035712 0.000113 0.000136 0.000754 40.203193
9.819560 1528465642.046902 0.000112 0.000136 0.000759 40.242487
9.832169 1528465642.059511 0.000112 0.000136 0.000754 40.267833
9.845071 1528465642.072412 0.000112 0.000137 0.000754 39.977785
9.857007 1528465642.084349 0.000113 0.000137 0.000753 39.916141
9.870618 1528465642.097960 0.000112 0.000138 0.000751 39.844222
9.883575 1528465642.110917 0.000115 0.000139 0.000747 39.169133
9.895884 1528465642.123225 0.000112 0.000138 0.000745 39.562868
9.908211 1528465642.135552 0.000112 0.000138 0.000739 39.360477
9.920533 1528465642.147875 0.000111 0.000138 0.000743 39.074439
9.932172 1528465642.159513 0.000111 0.000138 0.000740 39.066714
9.944668 1528465642.172009 0.000110 0.000136 0.000733 39.333018
9.956852 1528465642.184193 0.000111 0.000138 0.000737 39.146083
9.969661 1528465642.197003 0.000110 0.000138 0.000737 39.256284
9.982348 1528465642.209690 0.000113 0.000138 0.000738 38.858379
9.995539 1528465642.222881 0.000110 0.000139 0.000732 39.313155
10.008036 1528465642.235378 0.000110 0.000138 0.000731 39.436655
10.019911 1528465642.247253 0.000111 0.000137 0.000730 39.467532
10.032195 1528465642.259536 0.000110 0.000138 0.000732 39.512488
10.044906 1528465642.272248 0.000114 0.000138 0.000737 38.851371
10.057276 1528465642.284617 0.000113 0.000139 0.000733 38.894475
10.070470 1528465642.297812 0.000110 0.000138 0.000734 39.312382
10.082187 1528465642.309529 0.000110 0.000137 0.000730 39.342006
10.095261 1528465642.322602 0.000113 0.000138 0.000729 38.993626
10.107160 1528465642.334502 0.000110 0.000137 0.000727 39.386537
10.120250 1528465642.347592 0.000110 0.000138 0.000730 39.279374
10.131973 1528465642.359314 0.000113 0.000138 0.000737 38.827964
10.145113 1528465642.372455 0.000111 0.000138 0.000732 39.168458
10.157114 1528465642.384456 0.000111 0.000138 0.000733 39.197602
10.170720 1528465642.398062 0.000110 0.000138 0.000734 39.105019
10.183051 1528465642.410393 0.000110 0.000138 0.000734 39.220047
10.195448 1528465642.422790 0.000110 0.000138 0.000732 39.191333
10.208269 1528465642.435611 0.000111 0.000138 0.000732 39.172926
10.221177 1528465642.448519 0.000110 0.000137 0.000731 39.328571
10.232882 1528465642.460224 0.000110 0.000137 0.000732 39.254909
10.245501 1528465642.472842 0.000110 0.000138 0.000732 39.068654
10.257843 1528465642.485184 0.000110 0.000137 0.000730 39.181087
10.270019 1528465642.497361 0.000110 0.000138 0.000731 39.201730
10.282245 1528465642.509587 0.000110 0.000137 0.000728 39.304111
10.296199 1528465642.523540 0.000113 0.000138 0.000733 38.752160
10.307667 1528465642.535009 0.000109 0.000138 0.000730 39.195983
10.319616 1528465642.546958 0.000110 0.000138 0.000732 38.973690
10.332334 1528465642.559675 0.000111 0.000138 0.000734 38.947573
10.344665 1528465642.572006 0.000109 0.000138 0.000729 39.283581
10.357625 1528465642.584966 0.000110 0.000138 0.000729 39.116063
10.369910 1528465642.597252 0.000110 0.000138 0.000731 39.060627
10.382550 1528465642.609891 0.000109 0.000138 0.000730 39.216090
10.395033 1528465642.622375 0.000109 0.000138 0.000729 39.309197
10.407413 1528465642.634754 0.000109 0.000138 0.000729 39.175847
10.419950 1528465642.647292 0.000110 0.000138 0.000733 39.038570
10.432666 1528465642.660008 0.000111 0.000139 0.000729 39.149178
10.445467 1528465642.672809 0.000110 0.000139 0.000733 39.112498
10.457360 1528465642.684702 0.000111 0.000139 0.000734 38.934179
10.470417 1528465642.697759 0.000110 0.000138 0.000731 39.178027
10.481895 1528465642.709237 0.000111 0.000139 0.000730 39.081355
10.494343 1528465642.721684 0.000111 0.000139 0.000735 38.967887
10.506810 1528465642.734152 0.000110 0.000138 0.000729 39.242213
10.519451 1528465642.746793 0.000112 0.000139 0.000716 38.961975
10.532003 1528465642.759344 0.000117 0.000138 0.000705 37.917844
10.544516 1528465642.771858 0.000119 0.000136 0.000707 37.172098
10.556883 1528465642.784225 0.000118 0.000136 0.000716 36.821012
10.569441 1528465642.796783 0.000117 0.000135 0.000723 37.048869
10.581955 1528465642.809297 0.000116 0.000135 0.000724 37.314653
10.594394 1528465642.821736 0.000117 0.000135 0.000729 37.353112
10.606962 1528465642.834304 0.000116 0.000135 0.000730 37.503736
10.619526 1528465642.846867 0.000116 0.000134 0.000729 37.487231
10.632205 1528465642.859546 0.000117 0.000135 0.000728 37.332809
10.644409 1528465642.871751 0.000115 0.000134 0.000729 37.514056
10.656939 1528465642.884280 0.000116 0.000134 0.000727 37.524289
10.669770 1528465642.897112 0.000115 0.000134 0.000731 37.354581
10.682026 1528465642.909368 0.000115 0.000134 0.000733 37.318749
10.694510 1528465642.921851 0.000116 0.000134 0.000735 37.242679
10.707162 1528465642.934504 0.000115 0.000134 0.000730 37.304178
10.719592 1528465642.946934 0.000115 0.000135 0.000734 37.189711
10.732011 1528465642.959352 0.000117 0.000135 0.000737 36.977881
10.744558 1528465642.971900 0.000115 0.000134 0.000732 37.394077
10.757221 1528465642.984563 0.000115 0.000133 0.000728 37.598512
10.769547 1528465642.996889 0.000115 0.000133 0.000729 37.388301
10.782065 1528465643.009407 0.000115 0.000134 0.000732 37.271310
10.794488 1528465643.021829 0.000115 0.000133 0.000734 37.412477
10.806935 1528465643.034277 0.000115 0.000133 0.000733 37.437043
10.819502 1528465643.046844 0.000115 0.000134 0.000732 37.239750
10.832140 1528465643.059482 0.000117 0.000134 0.000735 36.944096
10.844763 1528465643.072104 0.000115 0.000134 0.000732 37.139829
10.856966 1528465643.084307 0.000115 0.000134 0.000735 37.014181
10.869839 1528465643.097181 0.000118 0.000134 0.000736 36.832407
10.882513 1528465643.109855 0.000115 0.000134 0.000731 37.360210
10.894799 1528465643.122141 0.000115 0.000133 0.000732 37.339689
10.908819 1528465643.136161 0.000115 0.000135 0.000738 37.063741
10.920815 1528465643.148157 0.000115 0.000134 0.000734 37.310556
10.933465 1528465643.160807 0.000116 0.000134 0.000734 37.297225
10.945121 1528465643.172463 0.000117 0.000134 0.000733 37.139419
10.958077 1528465643.185419 0.000118 0.000135 0.000739 36.955083
10.969996 1528465643.197337 0.000117 0.000134 0.000738 36.790502
10.982366 1528465643.209707 0.000115 0.000133 0.000732 36.690188
10.996564 1528465643.223905 0.000111 0.000134 0.000751 36.506001
11.009050 1528465643.236392 0.000111 0.000134 0.000770 36.897074
11.022223 1528465643.249564 0.000105 0.000134 0.000777 38.150802
11.033559 1528465643.260901 0.000108 0.000135 0.000780 38.463629
11.045127 1528465643.272469 0.000109 0.000136 0.000773 38.890605
11.057721 1528465643.285063 0.000106 0.000136 0.000765 39.589903
11.070056 1528465643.297397 0.000107 0.000136 0.000767 39.687178
11.082846 1528465643.310188 0.000107 0.000137 0.000765 39.506872
11.094725 1528465643.322066 0.000109 0.000137 0.000768 39.152545
11.107423 1528465643.334765 0.000107 0.000136 0.000766 39.278842
11.120182 1528465643.347524 0.000109 0.000136 0.000773 38.793937
11.132483 1528465643.359824 0.000106 0.000135 0.000771 39.152767
11.144983 1528465643.372325 0.000108 0.000135 0.000771 38.874886
11.157539 1528465643.384881 0.000108 0.000136 0.000770 38.978875
11.170006 1528465643.397347 0.000106 0.000135 0.000767 39.260607
11.182796 1528465643.410138 0.000106 0.000135 0.000772 39.217824
11.194976 1528465643.422318 0.000106 0.000135 0.000770 39.290559
11.208179 1528465643.435521 0.000106 0.000135 0.000772 39.143423
11.221722 1528465643.449063 0.000105 0.000134 0.000771 39.302583
11.233248 1528465643.460590 0.000105 0.000135 0.000773 39.176327
11.245375 1528465643.472717 0.000105 0.000134 0.000769 39.272033
11.257344 1528465643.484685 0.000106 0.000135 0.000771 39.081957
11.269684 1528465643.497025 0.000106 0.000135 0.000770 39.131016
11.282910 1528465643.510252 0.000108 0.000135 0.000770 39.028312
11.294772 1528465643.522113 0.000105 0.000135 0.000770 39.313806
11.307924 1528465643.535266 0.000105 0.000135 0.000772 39.285885
11.319923 1528465643.547265 0.000105 0.000135 0.000769 39.381928
11.332664 1528465643.560006 0.000108 0.000135 0.000773 39.116570
11.344993 1528465643.572334 0.000106 0.000135 0.000768 39.257537
11.357386 1528465643.584727 0.000106 0.000134 0.000766 39.430051
11.370151 1528465643.597492 0.000106 0.000136 0.000766 39.329723
11.382336 1528465643.609677 0.000106 0.000136 0.000765 39.351320
11.395110 1528465643.622452 0.000105 0.000135 0.000765 39.561973
11.407601 1528465643.634943 0.000106 0.000135 0.000770 39.318450
11.420602 1528465643.647944 0.000105 0.000135 0.000768 39.488854
11.432555 1528465643.659897 0.000107 0.000135 0.000767 39.305519
11.445624 1528465643.672965 0.000106 0.000135 0.000765 39.424047
11.458063 1528465643.685404 0.000106 0.000135 0.000766 39.378057
11.470515 1528465643.697857 0.000106 0.000135 0.000765 39.445181
11.483056 1528465643.710398 0.000105 0.000135 0.000763 39.545965
11.495386 1528465643.722728 0.000106 0.000135 0.000767 39.346469
11.507693 1528465643.735034 0.000105 0.000135 0.000760 39.587242
11.520557 1528465643.747899 0.000106 0.000135 0.000764 39.462987
11.532514 1528465643.759855 0.000106 0.000135 0.000762 39.476358
11.545025 1528465643.772366 0.000106 0.000135 0.000765 39.451195
11.558237 1528465643.785578 0.000106 0.000135 0.000763 39.441259
11.570059 1528465643.797400 0.000109 0.000135 0.000767 39.197667
11.583008 1528465643.810349 0.000106 0.000135 0.000765 39.528353
11.595448 1528465643.822789 0.000106 0.000135 0.000767 39.636249
11.608245 1528465643.835587 0.000106 0.000136 0.000769 39.513465
11.620184 1528465643.847525 0.000106 0.000135 0.000768 39.597411
11.633032 1528465643.860374 0.000107 0.000135 0.000762 39.613053
11.645174 1528465643.872516 0.000106 0.000135 0.000766 39.720832
11.658424 1528465643.885766 0.000106 0.000135 0.000767 39.608643
11.670573 1528465643.897915 0.000107 0.000135 0.000768 39.555030
11.682578 1528465643.909920 0.000106 0.000136 0.000770 39.514383
11.695459 1528465643.922801 0.000106 0.000135 0.000769 39.620835
11.707723 1528465643.935064 0.000106 0.000135 0.000767 39.689717
11.720375 1528465643.947716 0.000107 0.000135 0.000764 39.887270
11.732549 1528465643.959891 0.000104 0.000137 0.000758 40.422768
11.745019 1528465643.972360 0.000098 0.000136 0.000762 41.793523
11.757668 1528465643.985010 0.000098 0.000138 0.000764 42.476685
11.770940 1528465643.998281 0.000098 0.000139 0.000764 43.349633
11.783431 1528465644.010772 0.000100 0.000140 0.000771 43.655134
11.794978 1528465644.022320 0.000100 0.000140 0.000771 44.169728
11.807379 1528465644.034721 0.000098 0.000141 0.000772 44.374465
11.819823 1528465644.047164 0.000097 0.000140 0.000769 44.494671
11.832556 1528465644.059897 0.000097 0.000140 0.000771 44.510740
11.845356 1528465644.072697 0.000097 0.000141 0.000770 44.175521
11.858271 1528465644.085613 0.000097 0.000140 0.000772 44.231595
11.871059 1528465644.098400 0.000097 0.000140 0.000767 44.373380
11.883715 1528465644.111057 0.000098 0.000140 0.000773 44.184832
11.896351 1528465644.123693 0.000100 0.000140 0.000769 44.079820
11.908265 1528465644.135607 0.000099 0.000140 0.000770 44.148165
11.920189 1528465644.147531 0.000097 0.000140 0.000769 44.380491
11.932869 1528465644.160211 0.000098 0.000140 0.000767 44.339090
11.945358 1528465644.172699 0.000098 0.000140 0.000769 44.372927
11.957914 1528465644.185256 0.000098 0.000141 0.000769 44.332717
11.971666 1528465644.199008 0.000097 0.000140 0.000766 44.563300
11.983626 1528465644.210968 0.000097 0.000139 0.000768 44.597947
11.995831 1528465644.223173 0.000096 0.000139 0.000767 44.553114
12.007894 1528465644.235236 0.000098 0.000140 0.000769 44.183838
12.021022 1528465644.248364 0.000097 0.000139 0.000766 44.512267
12.032806 1528465644.260148 0.000098 0.000140 0.000764 44.429496
12.045324 1528465644.272666 0.000098 0.000141 0.000763 44.314784
12.057606 1528465644.284948 0.000097 0.000140 0.000764 44.372836
12.070173 1528465644.297515 0.000098 0.000140 0.000768 44.157848
12.082540 1528465644.309882 0.000098 0.000140 0.000765 44.250733
12.094728 1528465644.322069 0.000098 0.000140 0.000761 44.208052
12.107404 1528465644.334746 0.000098 0.000140 0.000769 44.180528
12.119809 1528465644.347150 0.000097 0.000140 0.000765 44.381867
12.132556 1528465644.359898 0.000100 0.000140 0.000769 44.054727
12.144861 1528465644.372203 0.000100 0.000140 0.000763 44.055431
12.157907 1528465644.385248 0.000098 0.000139 0.000765 44.257324
12.170622 1528465644.397964 0.000096 0.000139 0.000764 44.384656
12.183188 1528465644.410530 0.000097 0.000139 0.000764 44.337261
12.195416 1528465644.422757 0.000097 0.000139 0.000765 44.163901
12.208424 1528465644.435766 0.000096 0.000139 0.000764 44.309155
12.220105 1528465644.447447 0.000098 0.000140 0.000764 44.234313
12.233491 1528465644.460832 0.000097 0.000139 0.000764 44.382773
12.246069 1528465644.473410 0.000097 0.000139 0.000766 44.298520
12.258081 1528465644.485423 0.000097 0.000139 0.000766 44.180002
12.269933 1528465644.497274 0.000097 0.000139 0.000766 44.182988
12.282725 1528465644.510066 0.000100 0.000140 0.000768 44.055572
12.295899 1528465644.523241 0.000097 0.000139 0.000767 44.263133
12.308539 1528465644.535881 0.000097 0.000139 0.000769 44.365495
12.322066 1528465644.549408 0.000097 0.000139 0.000765 44.336808
12.333601 1528465644.560943 0.000097 0.000139 0.000769 44.403229
12.344710 1528465644.572051 0.000097 0.000140 0.000768 44.327604
12.357332 1528465644.584674 0.000097 0.000139 0.000768 44.408736
12.369691 1528465644.597033 0.000097 0.000140 0.000764 44.515782
12.382299 1528465644.609641 0.000098 0.000140 0.000767 44.386000
12.394959 1528465644.622301 0.000097 0.000140 0.000767 44.409184
12.407498 1528465644.634839 0.000097 0.000139 0.000767 44.634383
12.420377 1528465644.647719 0.000100 0.000140 0.000765 44.196982
12.432778 1528465644.660120 0.000098 0.000140 0.000764 44.441072
12.445520 1528465644.672862 0.000099 0.000140 0.000767 44.243161
12.457425 1528465644.684767 0.000098 0.000140 0.000758 44.406862
12.470171 1528465644.697513 0.000100 0.000139 0.000762 44.287437
12.483200 1528465644.710542 0.000098 0.000140 0.000767 44.303768
12.495185 1528465644.722526 0.000100 0.000140 0.000768 44.161099
12.507688 1528465644.735030 0.000097 0.000140 0.000767 44.412972
12.521130 1528465644.748471 0.000098 0.000139 0.000764 44.289143
12.533252 1528465644.760594 0.000098 0.000140 0.000763 44.311166
12.546246 1528465644.773587 0.000099 0.000140 0.000766 44.190195
12.558403 1528465644.785745 0.000098 0.000140 0.000765 44.282769
12.571076 1528465644.798418 0.000099 0.000141 0.000755 44.426000
12.582981 1528465644.810322 0.000099 0.000143 0.000753 44.811828
12.595458 1528465644.822800 0.000099 0.000143 0.000759 45.241593
12.607445 1528465644.834787 0.000100 0.000145 0.000747 45.360136
12.620588 1528465644.847929 0.000103 0.000146 0.000737 44.974877
12.632509 1528465644.859851 0.000105 0.000146 0.000728 44.631670
12.645104 1528465644.872446 0.000108 0.000146 0.000717 44.087016
12.658536 1528465644.885877 0.000108 0.000146 0.000712 43.884809
12.670392 1528465644.897734 0.000110 0.000146 0.000712 43.445103
12.682433 1528465644.909775 0.000108 0.000145 0.000707 43.782382
12.695438 1528465644.922780 0.000108 0.000146 0.000704 43.707427
12.707819 1528465644.935160 0.000109 0.000146 0.000705 43.584698
12.719998 1528465644.947340 0.000109 0.000147 0.000703 43.717305
12.734695 1528465644.962037 0.000108 0.000147 0.000699 44.167162
12.746222 1528465644.973564 0.000109 0.000147 0.000701 44.217687
12.758967 1528465644.986309 0.000110 0.000148 0.000705 44.148416
12.771176 1528465644.998517 0.000111 0.000148 0.000704 44.123845
12.782862 1528465645.010203 0.000109 0.000148 0.000699 44.546797
12.795680 1528465645.023022 0.000110 0.000149 0.000700 44.489766
12.807601 1528465645.034943 0.000110 0.000149 0.000697 44.625627
12.820633 1528465645.047975 0.000110 0.000149 0.000696 44.563409
12.832752 1528465645.060094 0.000110 0.000149 0.000694 44.661675
12.845359 1528465645.072700 0.000111 0.000149 0.000695 44.493353
12.858190 1528465645.085531 0.000110 0.000148 0.000693 44.636607
12.870389 1528465645.097731 0.000113 0.000149 0.000694 44.365874
12.882652 1528465645.109994 0.000112 0.000149 0.000692 44.255267
12.895214 1528465645.122556 0.000111 0.000149 0.000690 44.515427
12.907701 1528465645.135043 0.000111 0.000149 0.000690 44.446879
12.920134 1528465645.147476 0.000113 0.000148 0.000694 44.169454
12.933016 1528465645.160358 0.000111 0.000149 0.000692 44.213871
12.945013 1528465645.172355 0.000112 0.000150 0.000694 43.907351
12.958119 1528465645.185461 0.000110 0.000148 0.000687 44.515458
12.969987 1528465645.197329 0.000113 0.000149 0.000692 43.846043
12.982156 1528465645.209497 0.000110 0.000148 0.000688 44.143586
12.994857 1528465645.222199 0.000110 0.000148 0.000685 44.251223
13.007611 1528465645.234953 0.000109 0.000148 0.000689 44.144693
13.019870 1528465645.247212 0.000109 0.000148 0.000690 44.204844
13.032109 1528465645.259450 0.000109 0.000148 0.000687 44.260835
13.044726 1528465645.272068 0.000109 0.000148 0.000690 44.120728
13.057077 1528465645.284419 0.000110 0.000147 0.000686 43.955292
13.069818 1528465645.297159 0.000114 0.000145 0.000677 43.434541
13.082378 1528465645.309720 0.000116 0.000146 0.000678 42.761785
13.094900 1528465645.322242 0.000115 0.000146 0.000676 42.634083
13.107265 1528465645.334607 0.000114 0.000147 0.000677 43.159154
13.120086 1528465645.347428 0.000113 0.000147 0.000686 43.168439
