-5.374196 1528373826.443713 0.000161 0.000354 0.001525 122.803704
-5.362173 1528373826.455736 0.000159 0.000448 0.001271 87.523452
-5.350403 1528373826.467506 0.000213 0.000405 0.001002 87.954481
-5.337652 1528373826.480257 0.000153 0.000332 0.000726 125.011082
-5.326415 1528373826.491493 0.000084 0.000185 0.000759 122.779126
-5.313018 1528373826.504891 0.000093 0.000216 0.000640 134.926167
-5.301614 1528373826.516295 0.000041 0.000144 0.000591 128.648060
-5.288949 1528373826.528959 0.000062 0.000247 0.000507 121.447991
-5.275477 1528373826.542432 0.000049 0.000207 0.000902 108.487071
-5.263237 1528373826.554671 0.000045 0.000157 0.000439 115.014852
-5.250882 1528373826.567026 0.000077 0.000270 0.000401 75.065263
-5.238280 1528373826.579629 0.000033 0.000339 0.000461 72.940118
-5.226438 1528373826.591471 0.000113 0.000414 0.000630 78.770854
-5.213765 1528373826.604144 0.000041 0.000331 0.000513 108.508771
-5.200752 1528373826.617156 0.000065 0.000283 0.001216 54.444312
-5.188431 1528373826.629478 0.000036 0.000173 0.001112 61.014809
-5.176668 1528373826.641241 0.000067 0.000159 0.001585 88.530814
-5.163974 1528373826.653935 0.000075 0.000194 0.000699 67.362665
-5.151486 1528373826.666422 0.000038 0.000133 0.001296 55.354522
-5.138821 1528373826.679088 0.000017 0.000270 0.001438 56.508426
-5.126693 1528373826.691216 0.000031 0.000084 0.001522 61.613307
-5.113324 1528373826.704585 0.000065 0.000491 0.000858 77.112300
-5.100766 1528373826.717142 0.000253 0.000415 0.001219 100.096198
-5.088184 1528373826.729725 0.000197 0.000426 0.000751 70.191657
-5.075686 1528373826.742223 0.000121 0.000202 0.001396 46.311953
-5.063900 1528373826.754008 0.000134 0.000218 0.001604 40.404910
-5.051716 1528373826.766193 0.000084 0.000178 0.001611 44.624514
-5.039102 1528373826.778807 0.000216 0.000903 0.001389 60.695133
-5.026737 1528373826.791172 0.000430 0.000609 0.001069 62.450405
-5.014025 1528373826.803884 0.000170 0.000322 0.001366 30.279901
-5.001544 1528373826.816365 0.000170 0.000457 0.001526 23.734071
-4.988672 1528373826.829237 0.000268 0.000445 0.001070 40.844311
-4.975528 1528373826.842380 0.000093 0.000704 0.001417 86.528431
-4.963320 1528373826.854589 0.000378 0.000581 0.001372 83.485646
-4.950904 1528373826.867004 0.000184 0.000512 0.001162 37.675205
-4.938331 1528373826.879578 0.000233 0.000272 0.001145 29.073020
-4.925984 1528373826.891924 0.000112 0.000637 0.001163 17.873216
-4.913611 1528373826.904298 0.000284 0.000350 0.000859 36.157191
-4.900744 1528373826.917164 0.000091 0.000730 0.001343 77.668955
-4.888849 1528373826.929059 0.000313 0.000581 0.001390 70.413200
-4.876804 1528373826.941104 0.000325 0.000611 0.000873 57.211345
-4.863524 1528373826.954385 0.000222 0.000306 0.001200 11.903444
-4.850729 1528373826.967180 0.000138 0.000758 0.001135 22.622239
-4.837670 1528373826.980238 0.000530 0.000571 0.000964 51.785068
-4.825355 1528373826.992553 0.000134 0.000579 0.001335 69.175532
-4.813506 1528373827.004403 0.000312 0.000518 0.001105 38.992713
-4.800514 1528373827.017395 0.000200 0.000385 0.001053 20.137857
-4.788610 1528373827.029299 0.000261 0.000478 0.001035 46.888654
-4.776263 1528373827.041646 0.000150 0.000407 0.000852 32.368971
-4.763745 1528373827.054164 0.000111 0.000568 0.001503 84.936023
-4.751431 1528373827.066477 0.000267 0.000522 0.000801 60.014561
-4.738652 1528373827.079257 0.000213 0.000259 0.000931 50.424037
-4.726278 1528373827.091631 0.000168 0.000320 0.000932 58.400977
-4.712916 1528373827.104993 0.000103 0.000564 0.001527 59.069251
-4.701514 1528373827.116395 0.000095 0.000637 0.001663 69.233762
-4.689167 1528373827.128742 0.000099 0.000743 0.001363 80.132557
-4.676114 1528373827.141795 0.000171 0.000603 0.001041 71.788230
-4.663629 1528373827.154279 0.000114 0.000591 0.000911 62.853886
-4.651258 1528373827.166651 0.000266 0.000348 0.000852 62.813130
-4.638425 1528373827.179484 0.000191 0.000322 0.000863 55.930173
-4.626326 1528373827.191583 0.000184 0.000498 0.000897 80.416491
-4.613584 1528373827.204325 0.000095 0.000586 0.001455 80.516113
-4.600270 1528373827.217638 0.000352 0.000691 0.001229 88.013256
-4.588510 1528373827.229399 0.000139 0.000348 0.001089 54.816121
-4.576499 1528373827.241410 0.000160 0.000416 0.001673 38.045491
-4.563851 1528373827.254058 0.000330 0.000527 0.001255 41.208439
-4.551062 1528373827.266847 0.000124 0.000889 0.001128 68.061612
-4.538428 1528373827.279481 0.000233 0.000810 0.001630 86.610338
-4.526015 1528373827.291893 0.000155 0.000823 0.000967 64.363419
-4.513428 1528373827.304481 0.000215 0.000351 0.001038 53.644075
-4.501168 1528373827.316741 0.000159 0.000676 0.000993 27.043031
-4.488649 1528373827.329260 0.000204 0.000547 0.000793 23.578321
-4.476176 1528373827.341733 0.000414 0.000485 0.000690 49.181188
-4.463729 1528373827.354180 0.000266 0.000680 0.000765 75.771767
-4.451054 1528373827.366855 0.000212 0.000664 0.000732 64.379580
-4.438164 1528373827.379745 0.000176 0.000523 0.000804 55.395087
-4.426040 1528373827.391869 0.000194 0.000324 0.000770 53.213941
-4.413848 1528373827.404061 0.000212 0.000229 0.000753 51.257677
-4.401341 1528373827.416568 0.000174 0.000193 0.000692 49.959336
-4.388533 1528373827.429375 0.000119 0.000192 0.000749 49.074885
-4.375976 1528373827.441933 0.000121 0.000155 0.000755 46.304295
-4.363632 1528373827.454276 0.000121 0.000147 0.000770 45.165140
-4.350963 1528373827.466946 0.000120 0.000147 0.000774 45.083655
-4.338661 1528373827.479248 0.000118 0.000142 0.000802 44.987320
-4.326144 1528373827.491765 0.000116 0.000136 0.000800 45.008514
-4.313381 1528373827.504528 0.000115 0.000136 0.000787 44.380363
-4.301107 1528373827.516802 0.000114 0.000133 0.000796 43.518599
-4.288836 1528373827.529073 0.000114 0.000131 0.000801 43.267771
-4.276383 1528373827.541525 0.000115 0.000129 0.000771 42.879826
-4.263530 1528373827.554379 0.000115 0.000129 0.000769 42.349786
-4.250436 1528373827.567473 0.000114 0.000128 0.000777 41.818019
-4.237733 1528373827.580176 0.000114 0.000128 0.000761 41.713996
-4.225312 1528373827.592597 0.000113 0.000124 0.000777 42.037236
-4.213069 1528373827.604840 0.000113 0.000125 0.000760 41.827782
-4.199886 1528373827.618023 0.000113 0.000124 0.000771 41.195193
-4.187766 1528373827.630143 0.000112 0.000123 0.000761 40.869703
-4.175349 1528373827.642560 0.000112 0.000121 0.000759 41.042284
-4.163937 1528373827.653972 0.000112 0.000121 0.000769 40.953422
-4.151348 1528373827.666561 0.000111 0.000123 0.000774 40.757871
-4.138999 1528373827.678910 0.000111 0.000120 0.000755 40.903947
-4.125446 1528373827.692463 0.000111 0.000119 0.000760 41.086116
-4.112801 1528373827.705108 0.000110 0.000119 0.000778 41.064267
-4.100381 1528373827.717527 0.000110 0.000119 0.000776 40.725864
-4.087163 1528373827.730746 0.000110 0.000118 0.000766 40.698677
-4.075469 1528373827.742440 0.000109 0.000117 0.000764 40.780572
-4.063156 1528373827.754753 0.000109 0.000117 0.000775 40.744117
-4.050726 1528373827.767183 0.000108 0.000119 0.000778 40.461188
-4.038678 1528373827.779231 0.000108 0.000117 0.000765 40.343405
-4.025988 1528373827.791920 0.000107 0.000116 0.000768 40.595344
-4.013231 1528373827.804678 0.000107 0.000115 0.000778 40.265874
-4.001586 1528373827.816323 0.000107 0.000114 0.000781 40.182692
-3.988675 1528373827.829234 0.000106 0.000116 0.000771 39.851458
-3.976517 1528373827.841392 0.000106 0.000116 0.000753 39.815357
-3.963920 1528373827.853989 0.000106 0.000114 0.000780 40.077272
-3.951336 1528373827.866572 0.000106 0.000115 0.000781 40.002556
-3.938741 1528373827.879168 0.000106 0.000115 0.000784 39.957102
-3.926426 1528373827.891483 0.000105 0.000115 0.000747 40.078157
-3.913949 1528373827.903959 0.000105 0.000114 0.000766 40.164234
-3.901176 1528373827.916733 0.000104 0.000117 0.000780 39.807253
-3.888776 1528373827.929133 0.000103 0.000116 0.000782 39.919334
-3.876072 1528373827.941836 0.000102 0.000116 0.000773 39.796067
-3.863676 1528373827.954232 0.000101 0.000115 0.000774 40.040063
-3.851222 1528373827.966686 0.000101 0.000114 0.000790 40.341233
-3.838648 1528373827.979261 0.000101 0.000115 0.000802 40.402298
-3.826116 1528373827.991792 0.000100 0.000114 0.000786 40.367065
-3.813822 1528373828.004087 0.000100 0.000114 0.000785 40.483996
-3.801247 1528373828.016662 0.000101 0.000113 0.000795 40.360800
-3.788682 1528373828.029227 0.000101 0.000113 0.000800 40.274751
-3.775589 1528373828.042320 0.000101 0.000114 0.000781 39.984598
-3.762847 1528373828.055061 0.000100 0.000113 0.000779 40.219939
-3.750515 1528373828.067394 0.000100 0.000113 0.000802 40.274590
-3.738138 1528373828.079771 0.000100 0.000113 0.000804 40.001224
-3.725495 1528373828.092414 0.000100 0.000113 0.000792 39.971396
-3.712842 1528373828.105067 0.000099 0.000112 0.000787 40.074126
-3.699736 1528373828.118173 0.000099 0.000111 0.000799 40.042552
-3.687385 1528373828.130524 0.000099 0.000112 0.000797 40.033537
-3.675973 1528373828.141936 0.000099 0.000112 0.000798 39.907330
-3.663878 1528373828.154031 0.000098 0.000111 0.000792 40.032709
-3.650592 1528373828.167316 0.000098 0.000111 0.000797 39.926363
-3.637345 1528373828.180564 0.000098 0.000111 0.000804 39.875855
-3.625302 1528373828.192607 0.000098 0.000110 0.000804 40.002890
-3.613154 1528373828.204755 0.000099 0.000111 0.000795 39.818796
-3.601279 1528373828.216630 0.000101 0.000109 0.000793 40.275312
-3.588696 1528373828.229213 0.000103 0.000108 0.000795 40.719476
-3.576258 1528373828.241651 0.000104 0.000108 0.000776 41.078996
-3.563933 1528373828.253976 0.000103 0.000108 0.000777 41.057799
-3.551631 1528373828.266278 0.000103 0.000108 0.000791 40.976675
-3.539309 1528373828.278600 0.000103 0.000110 0.000791 41.036063
-3.526510 1528373828.291398 0.000102 0.000111 0.000794 41.184461
-3.513960 1528373828.303949 0.000103 0.000112 0.000778 41.535784
-3.501340 1528373828.316569 0.000103 0.000111 0.000784 41.833835
-3.488686 1528373828.329223 0.000103 0.000111 0.000798 41.942506
-3.476508 1528373828.341400 0.000103 0.000112 0.000797 42.000330
-3.458885 1528373828.359024 0.000103 0.000113 0.000781 41.998447
-3.450192 1528373828.367716 0.000104 0.000113 0.000717 42.159627
-3.437806 1528373828.380103 0.000103 0.000114 0.000793 42.273162
-3.425456 1528373828.392453 0.000103 0.000115 0.000798 42.177835
-3.413738 1528373828.404171 0.000103 0.000112 0.000792 42.443782
-3.401559 1528373828.416349 0.000103 0.000111 0.000798 42.226984
-3.389002 1528373828.428907 0.000102 0.000109 0.000804 42.846014
-3.375282 1528373828.442627 0.000102 0.000110 0.000787 44.907558
-3.362711 1528373828.455198 0.000102 0.000111 0.000714 47.428798
-3.351277 1528373828.466631 0.000102 0.000111 0.000768 48.893600
-3.339076 1528373828.478833 0.000100 0.000111 0.000713 50.702245
-3.326680 1528373828.491229 0.000102 0.000110 0.000793 50.388422
-3.313934 1528373828.503975 0.000101 0.000109 0.000793 50.828353
-3.301468 1528373828.516441 0.000101 0.000109 0.000795 51.016594
-3.289119 1528373828.528789 0.000099 0.000108 0.000806 51.047892
-3.276778 1528373828.541131 0.000101 0.000109 0.000794 51.014960
-3.263683 1528373828.554225 0.000102 0.000109 0.000796 50.691742
-3.251034 1528373828.566875 0.000100 0.000109 0.000800 50.768680
-3.238002 1528373828.579907 0.000099 0.000108 0.000798 50.830931
-3.225449 1528373828.592460 0.000089 0.000106 0.000805 51.293884
-3.213246 1528373828.604663 0.000100 0.000109 0.000799 50.749764
-3.200642 1528373828.617267 0.000100 0.000108 0.000792 50.831682
-3.188342 1528373828.629566 0.000099 0.000108 0.000804 50.912854
-3.175213 1528373828.642696 0.000099 0.000108 0.000815 50.816714
-3.163319 1528373828.654590 0.000100 0.000107 0.000817 50.810048
-3.150983 1528373828.666926 0.000099 0.000107 0.000802 50.970691
-3.138070 1528373828.679839 0.000099 0.000108 0.000798 50.894106
-3.125851 1528373828.692057 0.000100 0.000107 0.000808 50.818009
-3.113842 1528373828.704066 0.000100 0.000108 0.000813 50.798987
-3.101007 1528373828.716902 0.000100 0.000108 0.000810 50.939651
-3.088540 1528373828.729368 0.000099 0.000107 0.000806 51.089088
-3.076219 1528373828.741690 0.000099 0.000107 0.000812 50.997153
-3.063677 1528373828.754232 0.000099 0.000107 0.000817 50.989636
-3.051068 1528373828.766841 0.000099 0.000107 0.000794 51.273821
-3.037555 1528373828.780354 0.000098 0.000108 0.000805 51.715311
-3.025278 1528373828.792631 0.000097 0.000111 0.000800 52.408399
-3.012982 1528373828.804927 0.000096 0.000112 0.000797 53.732654
-3.000476 1528373828.817433 0.000097 0.000113 0.000794 54.919486
-2.988748 1528373828.829161 0.000097 0.000111 0.000809 55.904696
-2.975943 1528373828.841966 0.000097 0.000110 0.000797 56.767093
-2.963786 1528373828.854123 0.000098 0.000108 0.000795 57.307097
-2.951695 1528373828.866213 0.000087 0.000106 0.000803 57.893788
-2.938516 1528373828.879393 0.000100 0.000108 0.000798 57.657757
-2.926359 1528373828.891550 0.000098 0.000109 0.000796 57.769951
-2.913938 1528373828.903971 0.000100 0.000109 0.000796 57.557945
-2.901555 1528373828.916354 0.000101 0.000110 0.000792 57.623700
-2.888493 1528373828.929416 0.000100 0.000109 0.000795 57.703241
-2.876645 1528373828.941264 0.000100 0.000109 0.000792 57.815271
-2.863996 1528373828.953913 0.000099 0.000108 0.000797 57.806263
-2.851519 1528373828.966389 0.000101 0.000110 0.000789 57.760833
-2.838964 1528373828.978945 0.000101 0.000109 0.000793 57.846130
-2.826142 1528373828.991767 0.000099 0.000109 0.000795 57.979241
-2.812910 1528373829.004999 0.000088 0.000106 0.000796 58.549367
-2.800071 1528373829.017838 0.000100 0.000108 0.000799 58.012165
-2.787786 1528373829.030123 0.000100 0.000109 0.000794 58.066571
-2.775191 1528373829.042717 0.000087 0.000106 0.000799 58.676895
-2.763599 1528373829.054310 0.000099 0.000108 0.000799 58.232005
-2.751133 1528373829.066775 0.000100 0.000109 0.000797 58.176933
-2.737957 1528373829.079951 0.000099 0.000108 0.000795 58.375639
-2.725359 1528373829.092550 0.000098 0.000107 0.000801 58.399934
-2.712847 1528373829.105062 0.000099 0.000107 0.000796 58.217043
-2.700562 1528373829.117347 0.000100 0.000107 0.000780 57.780455
-2.688135 1528373829.129774 0.000102 0.000105 0.000768 57.790598
-2.675436 1528373829.142472 0.000104 0.000105 0.000746 58.292184
-2.662858 1528373829.155050 0.000104 0.000105 0.000748 58.227986
-2.651140 1528373829.166769 0.000105 0.000107 0.000749 57.393349
-2.638626 1528373829.179283 0.000102 0.000107 0.000751 56.801977
-2.626304 1528373829.191605 0.000100 0.000108 0.000744 55.716425
-2.613926 1528373829.203983 0.000104 0.000116 0.000744 54.412553
-2.601573 1528373829.216336 0.000102 0.000113 0.000750 53.805297
-2.588375 1528373829.229534 0.000102 0.000113 0.000745 53.779445
-2.576041 1528373829.241868 0.000102 0.000112 0.000730 53.443914
-2.563766 1528373829.254143 0.000102 0.000111 0.000729 53.197578
-2.550074 1528373829.267835 0.000104 0.000113 0.000685 52.712594
-2.538498 1528373829.279411 0.000104 0.000113 0.000680 52.424093
-2.525456 1528373829.292453 0.000104 0.000114 0.000706 52.173221
-2.513638 1528373829.304270 0.000103 0.000112 0.000700 52.143803
-2.500787 1528373829.317122 0.000103 0.000113 0.000668 51.625016
-2.488071 1528373829.329838 0.000103 0.000114 0.000694 51.310230
-2.475344 1528373829.342564 0.000103 0.000114 0.000692 51.255397
-2.463645 1528373829.354264 0.000102 0.000113 0.000669 51.303208
-2.450659 1528373829.367250 0.000103 0.000114 0.000669 51.301846
-2.438618 1528373829.379291 0.000103 0.000115 0.000688 51.137081
-2.425566 1528373829.392343 0.000103 0.000115 0.000687 51.129787
-2.413436 1528373829.404473 0.000102 0.000114 0.000685 51.287556
-2.400991 1528373829.416918 0.000102 0.000114 0.000662 51.441865
-2.387624 1528373829.430285 0.000103 0.000115 0.000688 51.483213
-2.375546 1528373829.442363 0.000102 0.000116 0.000692 51.612807
-2.363647 1528373829.454262 0.000100 0.000116 0.000696 51.822950
-2.351187 1528373829.466722 0.000094 0.000119 0.000703 52.364048
-2.338726 1528373829.479183 0.000098 0.000123 0.000698 52.526972
-2.326230 1528373829.491679 0.000098 0.000124 0.000706 52.570488
-2.313828 1528373829.504081 0.000095 0.000124 0.000693 53.100559
-2.301064 1528373829.516845 0.000092 0.000123 0.000686 53.524543
-2.288638 1528373829.529271 0.000094 0.000122 0.000681 53.499019
-2.275113 1528373829.542795 0.000095 0.000122 0.000686 53.367491
-2.262575 1528373829.555333 0.000094 0.000121 0.000685 53.479374
-2.250235 1528373829.567674 0.000089 0.000121 0.000685 53.851429
-2.238612 1528373829.579297 0.000090 0.000121 0.000683 53.748681
-2.226315 1528373829.591594 0.000095 0.000120 0.000684 53.434153
-2.213541 1528373829.604368 0.000090 0.000121 0.000684 53.738731
-2.201376 1528373829.616533 0.000090 0.000120 0.000684 53.775728
-2.188888 1528373829.629021 0.000091 0.000121 0.000684 53.625675
-2.176067 1528373829.641842 0.000095 0.000120 0.000685 53.528882
-2.163514 1528373829.654394 0.000093 0.000120 0.000682 53.645854
-2.150728 1528373829.667181 0.000093 0.000120 0.000681 53.644555
-2.138288 1528373829.679620 0.000090 0.000121 0.000682 53.785277
-2.126260 1528373829.691649 0.000093 0.000120 0.000684 53.603285
-2.113346 1528373829.704563 0.000093 0.000120 0.000683 53.671097
-2.100842 1528373829.717067 0.000092 0.000120 0.000681 53.649003
-2.088098 1528373829.729811 0.000092 0.000120 0.000681 53.649846
-2.075891 1528373829.742018 0.000094 0.000120 0.000681 53.475202
-2.063128 1528373829.754781 0.000094 0.000120 0.000681 53.494606
-2.050650 1528373829.767258 0.000090 0.000121 0.000684 53.670336
-2.038217 1528373829.779692 0.000089 0.000121 0.000682 53.688270
-2.026025 1528373829.791883 0.000093 0.000120 0.000680 53.585201
-2.013216 1528373829.804693 0.000089 0.000121 0.000685 53.608290
-2.000303 1528373829.817606 0.000093 0.000120 0.000683 53.578783
-1.987995 1528373829.829914 0.000090 0.000120 0.000685 53.662845
-1.975655 1528373829.842254 0.000095 0.000120 0.000685 53.430767
-1.963076 1528373829.854833 0.000095 0.000119 0.000679 53.410192
-1.950584 1528373829.867325 0.000094 0.000118 0.000676 53.414801
-1.938061 1528373829.879848 0.000096 0.000118 0.000678 52.854943
-1.925637 1528373829.892272 0.000098 0.000117 0.000684 52.310682
-1.913610 1528373829.904298 0.000098 0.000117 0.000677 52.114339
-1.901053 1528373829.916855 0.000099 0.000117 0.000677 51.840915
-1.888366 1528373829.929543 0.000098 0.000117 0.000676 51.922102
-1.875988 1528373829.941920 0.000096 0.000118 0.000680 51.957545
-1.863039 1528373829.954870 0.000096 0.000118 0.000676 52.184098
-1.850912 1528373829.966997 0.000097 0.000118 0.000679 52.283668
-1.838395 1528373829.979514 0.000100 0.000118 0.000677 52.190550
-1.825578 1528373829.992331 0.000101 0.000119 0.000676 52.198035
-1.813195 1528373830.004713 0.000097 0.000119 0.000676 52.423529
-1.800780 1528373830.017129 0.000097 0.000119 0.000675 52.476350
-1.788243 1528373830.029666 0.000098 0.000119 0.000675 52.316432
-1.775658 1528373830.042251 0.000101 0.000119 0.000674 52.189627
-1.763310 1528373830.054599 0.000098 0.000119 0.000675 52.403127
-1.750115 1528373830.067794 0.000098 0.000120 0.000680 52.157332
-1.737465 1528373830.080443 0.000098 0.000120 0.000674 52.347038
-1.725170 1528373830.092739 0.000098 0.000119 0.000673 52.278361
-1.712839 1528373830.105070 0.000098 0.000119 0.000680 52.133743
-1.700313 1528373830.117596 0.000098 0.000120 0.000669 52.126677
-1.687522 1528373830.130387 0.000099 0.000119 0.000672 52.250934
-1.675204 1528373830.142704 0.000098 0.000119 0.000674 52.321139
-1.663406 1528373830.154503 0.000098 0.000119 0.000678 51.993283
-1.651284 1528373830.166625 0.000098 0.000120 0.000679 52.150107
-1.638858 1528373830.179051 0.000098 0.000119 0.000674 52.236738
-1.626128 1528373830.191781 0.000097 0.000120 0.000680 51.918980
-1.612617 1528373830.205292 0.000098 0.000119 0.000674 52.264651
-1.600117 1528373830.217792 0.000097 0.000119 0.000679 52.027923
-1.587621 1528373830.230287 0.000097 0.000119 0.000679 52.161910
-1.575363 1528373830.242545 0.000098 0.000120 0.000677 52.095052
-1.562569 1528373830.255340 0.000098 0.000119 0.000679 51.908713
-1.550270 1528373830.267639 0.000097 0.000119 0.000675 52.147716
-1.537667 1528373830.280242 0.000097 0.000119 0.000678 52.138350
-1.524971 1528373830.292938 0.000101 0.000119 0.000679 51.756569
-1.512565 1528373830.305344 0.000097 0.000119 0.000675 52.096865
-1.499626 1528373830.318282 0.000097 0.000119 0.000679 51.892845
-1.488549 1528373830.329360 0.000097 0.000119 0.000674 52.081962
-1.475922 1528373830.341986 0.000099 0.000119 0.000678 52.009748
-1.463448 1528373830.354461 0.000096 0.000119 0.000686 51.834044
-1.449943 1528373830.367966 0.000096 0.000118 0.000683 51.866395
-1.437668 1528373830.380241 0.000096 0.000118 0.000678 52.091717
-1.425682 1528373830.392227 0.000095 0.000118 0.000684 51.873560
-1.410368 1528373830.407541 0.000096 0.000118 0.000687 51.800712
-1.400708 1528373830.417201 0.000095 0.000118 0.000689 51.772492
-1.388030 1528373830.429879 0.000094 0.000118 0.000681 52.055975
-1.375306 1528373830.442602 0.000095 0.000118 0.000690 51.697513
-1.362587 1528373830.455322 0.000095 0.000118 0.000688 51.747740
-1.350151 1528373830.467758 0.000095 0.000118 0.000687 51.787325
-1.337740 1528373830.480169 0.000095 0.000118 0.000686 51.839094
-1.325503 1528373830.492406 0.000095 0.000117 0.000685 51.787976
-1.313689 1528373830.504219 0.000095 0.000118 0.000688 51.637975
-1.301023 1528373830.516886 0.000095 0.000117 0.000690 51.542234
-1.287761 1528373830.530147 0.000094 0.000117 0.000688 51.693657
-1.275404 1528373830.542504 0.000094 0.000117 0.000690 51.570225
-1.262836 1528373830.555073 0.000094 0.000117 0.000687 51.659359
-1.250287 1528373830.567621 0.000095 0.000117 0.000686 51.457585
-1.237514 1528373830.580395 0.000095 0.000117 0.000695 51.078199
-1.224878 1528373830.593031 0.000095 0.000118 0.000708 50.548580
-1.212584 1528373830.605325 0.000094 0.000119 0.000718 50.001737
-1.200513 1528373830.617396 0.000095 0.000121 0.000724 49.343940
-1.188454 1528373830.629454 0.000096 0.000121 0.000716 49.035202
-1.176222 1528373830.641687 0.000099 0.000120 0.000716 48.513799
-1.163462 1528373830.654447 0.000095 0.000120 0.000715 48.564955
-1.150585 1528373830.667324 0.000095 0.000120 0.000713 48.645990
-1.138210 1528373830.679698 0.000095 0.000120 0.000714 48.706525
-1.126202 1528373830.691707 0.000095 0.000120 0.000714 48.836550
-1.113729 1528373830.704180 0.000095 0.000120 0.000714 48.927827
-1.100870 1528373830.717039 0.000095 0.000119 0.000711 48.921422
-1.088251 1528373830.729658 0.000095 0.000119 0.000711 48.892105
-1.076368 1528373830.741541 0.000095 0.000119 0.000708 49.007672
-1.063770 1528373830.754139 0.000095 0.000119 0.000712 48.852521
-1.050733 1528373830.767175 0.000095 0.000118 0.000710 49.018463
-1.038330 1528373830.779579 0.000094 0.000118 0.000709 49.028171
-1.026001 1528373830.791908 0.000094 0.000119 0.000712 48.757756
-1.013403 1528373830.804506 0.000095 0.000118 0.000713 48.778088
-1.000683 1528373830.817225 0.000095 0.000118 0.000706 48.886897
-0.988360 1528373830.829549 0.000095 0.000118 0.000712 48.763902
-0.975802 1528373830.842106 0.000095 0.000118 0.000707 48.889833
-0.963312 1528373830.854596 0.000095 0.000118 0.000710 48.710069
-0.950958 1528373830.866951 0.000095 0.000118 0.000706 48.858186
-0.938124 1528373830.879784 0.000095 0.000118 0.000708 48.757631
-0.925973 1528373830.891935 0.000095 0.000117 0.000710 48.629693
-0.913372 1528373830.904536 0.000095 0.000118 0.000708 48.703609
-0.900243 1528373830.917665 0.000095 0.000118 0.000708 48.597132
-0.888167 1528373830.929742 0.000095 0.000118 0.000708 48.605288
-0.875746 1528373830.942163 0.000095 0.000118 0.000711 48.707550
-0.863327 1528373830.954581 0.000095 0.000118 0.000712 48.410041
-0.850310 1528373830.967599 0.000095 0.000118 0.000700 48.652853
-0.838300 1528373830.979609 0.000098 0.000119 0.000689 47.712160
-0.825959 1528373830.991950 0.000100 0.000122 0.000690 47.334290
-0.813618 1528373831.004291 0.000098 0.000121 0.000699 47.149641
-0.800709 1528373831.017200 0.000095 0.000120 0.000712 47.004962
-0.787973 1528373831.029936 0.000095 0.000120 0.000714 47.023095
-0.775865 1528373831.042043 0.000095 0.000120 0.000709 47.151261
-0.763032 1528373831.054876 0.000095 0.000120 0.000708 47.227232
-0.750567 1528373831.067342 0.000098 0.000120 0.000708 47.079444
-0.738234 1528373831.079675 0.000095 0.000119 0.000711 47.212791
-0.725773 1528373831.092135 0.000095 0.000119 0.000708 47.215837
-0.713099 1528373831.104810 0.000098 0.000118 0.000710 46.966023
-0.700083 1528373831.117826 0.000095 0.000118 0.000710 47.124431
-0.687864 1528373831.130045 0.000094 0.000118 0.000711 47.018458
-0.675830 1528373831.142078 0.000094 0.000118 0.000712 47.103103
-0.663218 1528373831.154691 0.000097 0.000117 0.000712 46.956236
-0.651035 1528373831.166873 0.000097 0.000117 0.000712 46.713705
-0.638523 1528373831.179386 0.000097 0.000117 0.000712 47.018586
-0.625788 1528373831.192121 0.000097 0.000117 0.000713 46.774447
-0.612846 1528373831.205062 0.000094 0.000116 0.000723 46.798847
-0.599854 1528373831.218055 0.000094 0.000116 0.000734 46.607648
-0.587646 1528373831.230262 0.000091 0.000119 0.000746 46.555706
-0.575188 1528373831.242720 0.000091 0.000120 0.000730 46.375036
-0.563312 1528373831.254597 0.000091 0.000120 0.000733 46.272958
-0.551054 1528373831.266855 0.000095 0.000120 0.000729 46.192344
-0.538413 1528373831.279495 0.000092 0.000119 0.000733 46.527206
-0.526057 1528373831.291851 0.000092 0.000119 0.000728 46.336683
-0.513280 1528373831.304629 0.000092 0.000119 0.000728 46.518042
-0.500819 1528373831.317089 0.000094 0.000119 0.000729 46.346575
-0.488311 1528373831.329598 0.000094 0.000118 0.000730 46.311635
-0.475897 1528373831.342012 0.000092 0.000118 0.000726 46.556796
-0.463101 1528373831.354808 0.000091 0.000119 0.000729 46.528249
-0.450626 1528373831.367283 0.000091 0.000118 0.000727 46.399852
-0.438130 1528373831.379779 0.000093 0.000118 0.000728 46.240102
-0.425679 1528373831.392230 0.000091 0.000119 0.000724 46.236719
-0.413331 1528373831.404578 0.000093 0.000118 0.000731 46.315018
-0.400571 1528373831.417338 0.000090 0.000118 0.000729 46.214238
-0.388173 1528373831.429735 0.000094 0.000118 0.000732 45.950591
-0.375504 1528373831.442405 0.000091 0.000118 0.000732 46.304074
-0.363147 1528373831.454762 0.000091 0.000118 0.000732 46.201520
-0.349754 1528373831.468155 0.000091 0.000118 0.000731 46.169705
-0.337512 1528373831.480397 0.000090 0.000117 0.000735 46.081210
-0.324753 1528373831.493156 0.000090 0.000117 0.000732 46.179965
-0.313228 1528373831.504680 0.000090 0.000117 0.000731 46.164786
-0.301229 1528373831.516680 0.000090 0.000118 0.000734 46.166571
-0.288450 1528373831.529458 0.000090 0.000117 0.000729 46.224899
-0.275010 1528373831.542899 0.000094 0.000117 0.000734 45.882953
-0.262306 1528373831.555603 0.000090 0.000117 0.000733 46.201024
-0.250279 1528373831.567629 0.000090 0.000118 0.000727 46.340613
-0.237583 1528373831.580326 0.000090 0.000117 0.000732 46.107469
-0.225757 1528373831.592152 0.000091 0.000117 0.000736 45.827930
-0.212759 1528373831.605150 0.000094 0.000118 0.000713 45.449172
-0.200883 1528373831.617026 0.000093 0.000116 0.000733 44.843671
-0.188253 1528373831.629656 0.000092 0.000114 0.000747 44.481901
-0.175451 1528373831.642458 0.000088 0.000113 0.000756 44.599353
-0.163265 1528373831.654644 0.000088 0.000113 0.000763 44.682302
-0.150359 1528373831.667550 0.000090 0.000113 0.000758 44.512535
-0.137834 1528373831.680074 0.000091 0.000113 0.000758 44.422018
-0.125772 1528373831.692136 0.000090 0.000113 0.000758 44.618549
-0.113285 1528373831.704624 0.000091 0.000113 0.000756 44.531882
-0.100742 1528373831.717167 0.000092 0.000113 0.000751 44.410142
-0.087695 1528373831.730213 0.000091 0.000113 0.000753 44.481834
-0.074850 1528373831.743059 0.000089 0.000113 0.000751 44.507054
-0.062710 1528373831.755199 0.000092 0.000113 0.000750 44.291384
-0.050720 1528373831.767189 0.000091 0.000112 0.000751 44.341813
-0.038483 1528373831.779425 0.000092 0.000113 0.000751 44.282225
-0.025922 1528373831.791987 0.000091 0.000113 0.000749 44.318611
-0.013473 1528373831.804436 0.000089 0.000112 0.000753 44.496956
-0.001020 1528373831.816889 0.000089 0.000112 0.000755 44.454873
0.012650 1528373831.830559 0.000091 0.000112 0.000754 44.259773
0.024996 1528373831.842905 0.000091 0.000113 0.000755 44.290072
0.037117 1528373831.855026 0.000091 0.000113 0.000753 44.202857
0.049447 1528373831.867356 0.000092 0.000113 0.000755 44.236883
0.061274 1528373831.879183 0.000092 0.000112 0.000749 44.185799
0.074054 1528373831.891963 0.000090 0.000111 0.000755 44.342049
0.086300 1528373831.904209 0.000089 0.000114 0.000775 44.265098
0.099136 1528373831.917045 0.000087 0.000119 0.000766 44.427682
0.111730 1528373831.929639 0.000088 0.000121 0.000772 44.506808
0.124005 1528373831.941913 0.000091 0.000120 0.000761 44.251764
0.137858 1528373831.955767 0.000091 0.000119 0.000756 44.470673
0.151047 1528373831.968956 0.000089 0.000118 0.000754 44.604011
0.162679 1528373831.980588 0.000092 0.000119 0.000752 44.433921
0.175058 1528373831.992967 0.000091 0.000119 0.000758 44.566070
0.187473 1528373832.005382 0.000092 0.000119 0.000753 44.591978
0.199353 1528373832.017262 0.000092 0.000118 0.000753 44.537954
0.212379 1528373832.030288 0.000089 0.000118 0.000753 44.755275
0.224316 1528373832.042225 0.000092 0.000118 0.000750 44.609082
0.236701 1528373832.054610 0.000092 0.000118 0.000754 44.570606
0.249100 1528373832.067009 0.000088 0.000117 0.000754 44.776274
0.261740 1528373832.079648 0.000089 0.000118 0.000756 44.596947
0.274230 1528373832.092139 0.000088 0.000117 0.000757 44.642681
0.287205 1528373832.105114 0.000088 0.000117 0.000753 44.678348
0.299250 1528373832.117158 0.000090 0.000116 0.000756 44.448820
0.311502 1528373832.129411 0.000088 0.000116 0.000757 44.585889
0.324033 1528373832.141942 0.000088 0.000117 0.000756 44.574984
0.336449 1528373832.154358 0.000090 0.000116 0.000762 44.477035
0.348919 1528373832.166828 0.000090 0.000116 0.000757 44.541345
0.361469 1528373832.179378 0.000090 0.000117 0.000754 44.524058
0.373845 1528373832.191754 0.000089 0.000116 0.000759 44.873741
0.386484 1528373832.204392 0.000090 0.000115 0.000752 45.275318
0.399767 1528373832.217675 0.000091 0.000114 0.000733 46.265985
0.412431 1528373832.230340 0.000087 0.000115 0.000717 48.466455
0.425106 1528373832.243015 0.000090 0.000119 0.000699 51.339851
0.437710 1528373832.255619 0.000098 0.000120 0.000696 54.072255
0.449832 1528373832.267741 0.000098 0.000120 0.000707 56.385899
0.462168 1528373832.280077 0.000095 0.000119 0.000725 57.198697
0.474001 1528373832.291910 0.000098 0.000122 0.000725 58.101473
0.486569 1528373832.304478 0.000105 0.000125 0.000723 58.875789
0.498971 1528373832.316880 0.000110 0.000130 0.000711 59.720531
0.512477 1528373832.330385 0.000113 0.000134 0.000698 60.737685
0.523876 1528373832.341784 0.000119 0.000140 0.000689 62.340606
0.537699 1528373832.355607 0.000126 0.000148 0.000675 64.069030
0.550344 1528373832.368253 0.000133 0.000152 0.000657 66.020180
0.562604 1528373832.380513 0.000135 0.000156 0.000662 68.781832
0.575151 1528373832.393060 0.000140 0.000160 0.000643 71.019942
0.587173 1528373832.405082 0.000140 0.000159 0.000656 74.425535
0.599115 1528373832.417024 0.000149 0.000166 0.000648 77.590746
0.611529 1528373832.429438 0.000150 0.000177 0.000662 81.176854
0.623894 1528373832.441803 0.000146 0.000186 0.000663 84.395831
0.636395 1528373832.454304 0.000143 0.000187 0.000674 87.909013
0.649824 1528373832.467733 0.000142 0.000184 0.000665 91.252627
0.662729 1528373832.480638 0.000147 0.000184 0.000651 94.515564
0.675182 1528373832.493091 0.000150 0.000186 0.000650 97.348233
0.687682 1528373832.505591 0.000153 0.000188 0.000648 99.402914
0.699451 1528373832.517360 0.000158 0.000192 0.000640 101.178222
0.711845 1528373832.529754 0.000159 0.000196 0.000639 103.137969
0.724142 1528373832.542051 0.000165 0.000195 0.000637 105.594839
0.736550 1528373832.554459 0.000167 0.000193 0.000625 107.969885
0.750698 1528373832.568606 0.000170 0.000190 0.000632 110.314886
0.761574 1528373832.579483 0.000169 0.000189 0.000633 112.186974
0.774653 1528373832.592562 0.000170 0.000188 0.000622 113.509550
0.787848 1528373832.605756 0.000176 0.000189 0.000632 115.094402
0.799838 1528373832.617747 0.000176 0.000190 0.000629 116.118366
0.812158 1528373832.630067 0.000179 0.000191 0.000625 116.981679
0.824394 1528373832.642303 0.000180 0.000191 0.000635 118.599955
0.837096 1528373832.655005 0.000179 0.000190 0.000635 119.173419
0.849152 1528373832.667061 0.000179 0.000189 0.000640 119.740750
0.863254 1528373832.681162 0.000181 0.000189 0.000637 120.692026
0.874442 1528373832.692351 0.000181 0.000186 0.000633 121.280564
0.887059 1528373832.704968 0.000183 0.000187 0.000628 121.502205
0.899338 1528373832.717247 0.000183 0.000187 0.000632 122.092982
0.913170 1528373832.731079 0.000183 0.000188 0.000623 122.477425
0.925166 1528373832.743075 0.000179 0.000189 0.000627 123.784806
0.937565 1528373832.755474 0.000177 0.000191 0.000621 124.683767
0.950286 1528373832.768195 0.000176 0.000190 0.000614 124.992589
0.962770 1528373832.780679 0.000174 0.000192 0.000602 125.105007
0.975437 1528373832.793346 0.000170 0.000192 0.000611 125.359733
0.988312 1528373832.806221 0.000172 0.000193 0.000610 125.590350
1.000186 1528373832.818095 0.000171 0.000194 0.000615 125.592362
1.012393 1528373832.830302 0.000171 0.000194 0.000622 126.085422
1.024729 1528373832.842638 0.000170 0.000197 0.000618 126.394782
1.037183 1528373832.855091 0.000169 0.000197 0.000616 126.271137
1.049746 1528373832.867654 0.000166 0.000198 0.000612 126.763604
1.062400 1528373832.880308 0.000166 0.000197 0.000611 127.126584
1.074554 1528373832.892462 0.000166 0.000198 0.000605 127.001369
1.086846 1528373832.904755 0.000167 0.000200 0.000603 126.695873
1.099488 1528373832.917397 0.000165 0.000200 0.000618 127.521767
1.111916 1528373832.929825 0.000165 0.000200 0.000617 127.916336
1.124624 1528373832.942533 0.000166 0.000201 0.000607 127.626478
1.137054 1528373832.954963 0.000165 0.000201 0.000616 127.638226
1.150207 1528373832.968116 0.000165 0.000203 0.000619 127.928368
1.162045 1528373832.979954 0.000165 0.000204 0.000617 128.368269
1.174374 1528373832.992283 0.000163 0.000205 0.000623 128.751964
1.186612 1528373833.004521 0.000164 0.000205 0.000620 129.038651
1.199245 1528373833.017154 0.000162 0.000205 0.000623 129.053612
1.212064 1528373833.029973 0.000162 0.000206 0.000632 129.447237
1.224129 1528373833.042038 0.000162 0.000207 0.000631 129.601959
1.237523 1528373833.055432 0.000162 0.000207 0.000621 129.656247
1.249938 1528373833.067847 0.000161 0.000208 0.000627 130.282821
1.262464 1528373833.080373 0.000161 0.000209 0.000623 130.231696
1.274736 1528373833.092645 0.000161 0.000209 0.000625 130.432226
1.287322 1528373833.105231 0.000161 0.000208 0.000625 130.452101
1.299853 1528373833.117762 0.000160 0.000209 0.000623 130.699535
1.312182 1528373833.130091 0.000160 0.000211 0.000617 130.936107
1.324475 1528373833.142383 0.000160 0.000210 0.000626 130.591370
1.336890 1528373833.154799 0.000160 0.000210 0.000632 130.692510
1.349830 1528373833.167738 0.000160 0.000210 0.000618 130.568279
1.362340 1528373833.180249 0.000160 0.000210 0.000625 130.872306
1.375341 1528373833.193250 0.000159 0.000211 0.000623 131.123515
1.387458 1528373833.205367 0.000159 0.000211 0.000627 130.467858
1.400014 1528373833.217923 0.000158 0.000211 0.000630 130.378136
1.412074 1528373833.229983 0.000159 0.000211 0.000627 130.693412
1.424631 1528373833.242540 0.000159 0.000211 0.000628 130.557039
1.436697 1528373833.254605 0.000157 0.000210 0.000640 130.104596
1.449493 1528373833.267402 0.000158 0.000210 0.000639 130.004087
1.462442 1528373833.280351 0.000156 0.000212 0.000639 130.569008
1.475689 1528373833.293597 0.000154 0.000211 0.000642 130.379565
1.488177 1528373833.306086 0.000154 0.000212 0.000638 130.845144
1.500235 1528373833.318144 0.000153 0.000211 0.000648 130.836313
1.512849 1528373833.330757 0.000152 0.000213 0.000645 130.771565
1.524876 1528373833.342785 0.000152 0.000213 0.000650 131.205513
1.537034 1528373833.354943 0.000150 0.000213 0.000648 131.331416
1.549399 1528373833.367308 0.000148 0.000215 0.000643 131.805023
1.561662 1528373833.379571 0.000149 0.000216 0.000627 132.046075
1.573922 1528373833.391831 0.000149 0.000217 0.000606 132.770188
1.586652 1528373833.404561 0.000149 0.000219 0.000603 133.126084
1.599048 1528373833.416957 0.000148 0.000221 0.000604 133.231369
1.611477 1528373833.429386 0.000149 0.000219 0.000610 133.078251
1.623795 1528373833.441704 0.000151 0.000219 0.000606 132.662150
1.636425 1528373833.454334 0.000152 0.000220 0.000608 132.879513
1.648674 1528373833.466582 0.000152 0.000219 0.000607 132.821326
1.661661 1528373833.479569 0.000152 0.000219 0.000609 132.801922
1.673988 1528373833.491896 0.000153 0.000219 0.000612 133.037418
1.686653 1528373833.504562 0.000154 0.000219 0.000607 133.030379
1.699135 1528373833.517044 0.000154 0.000219 0.000610 133.333287
1.711853 1528373833.529762 0.000154 0.000220 0.000609 133.764546
1.724367 1528373833.542276 0.000154 0.000219 0.000606 133.696000
1.736569 1528373833.554478 0.000154 0.000220 0.000608 134.033585
1.750509 1528373833.568418 0.000153 0.000220 0.000602 134.021340
1.762519 1528373833.580428 0.000153 0.000219 0.000610 133.737212
1.775732 1528373833.593641 0.000154 0.000218 0.000617 133.404886
1.788337 1528373833.606245 0.000154 0.000217 0.000639 132.990675
1.800414 1528373833.618323 0.000154 0.000217 0.000651 132.435903
1.813036 1528373833.630945 0.000154 0.000216 0.000639 131.733801
1.825017 1528373833.642926 0.000154 0.000217 0.000643 132.170425
1.836756 1528373833.654665 0.000154 0.000218 0.000654 132.740348
1.849368 1528373833.667276 0.000156 0.000218 0.000638 132.398917
1.862084 1528373833.679993 0.000155 0.000218 0.000635 132.411717
1.874594 1528373833.692503 0.000155 0.000218 0.000647 132.414035
1.886978 1528373833.704887 0.000156 0.000218 0.000642 132.377826
1.899234 1528373833.717143 0.000157 0.000219 0.000636 131.848308
1.912004 1528373833.729913 0.000156 0.000219 0.000636 132.011243
1.924576 1528373833.742485 0.000156 0.000219 0.000648 132.311742
1.937382 1528373833.755291 0.000156 0.000219 0.000640 131.822579
1.949312 1528373833.767221 0.000156 0.000221 0.000625 131.793043
1.962735 1528373833.780644 0.000156 0.000220 0.000631 131.955691
1.975639 1528373833.793547 0.000156 0.000220 0.000634 132.660935
1.987442 1528373833.805351 0.000156 0.000222 0.000625 132.224538
1.999443 1528373833.817352 0.000156 0.000221 0.000634 132.054036
2.011583 1528373833.829492 0.000155 0.000222 0.000632 131.993105
2.024157 1528373833.842065 0.000156 0.000222 0.000635 132.100064
2.037018 1528373833.854927 0.000155 0.000222 0.000622 132.048314
2.049478 1528373833.867387 0.000155 0.000221 0.000629 132.028551
2.062704 1528373833.880613 0.000155 0.000222 0.000625 131.960921
2.075810 1528373833.893719 0.000155 0.000222 0.000622 132.108346
2.087110 1528373833.905019 0.000156 0.000222 0.000622 131.701035
2.099155 1528373833.917064 0.000155 0.000220 0.000623 131.523362
2.111587 1528373833.929495 0.000155 0.000221 0.000619 131.641581
2.124419 1528373833.942328 0.000156 0.000220 0.000634 131.775729
2.136810 1528373833.954719 0.000155 0.000220 0.000617 131.591207
2.149412 1528373833.967321 0.000155 0.000219 0.000636 132.099224
2.161899 1528373833.979808 0.000155 0.000221 0.000634 132.325986
2.174359 1528373833.992268 0.000155 0.000220 0.000623 131.690107
2.186774 1528373834.004683 0.000156 0.000220 0.000621 131.579204
2.199413 1528373834.017321 0.000155 0.000219 0.000624 131.562886
2.211913 1528373834.029822 0.000155 0.000221 0.000629 131.852420
2.224418 1528373834.042327 0.000155 0.000222 0.000622 131.804412
2.237134 1528373834.055043 0.000156 0.000223 0.000613 131.568171
2.249655 1528373834.067564 0.000155 0.000221 0.000617 131.442641
2.261749 1528373834.079658 0.000156 0.000222 0.000609 130.972193
2.275638 1528373834.093547 0.000157 0.000224 0.000605 131.253115
2.287756 1528373834.105665 0.000157 0.000224 0.000614 131.416551
2.300598 1528373834.118507 0.000157 0.000224 0.000604 131.423642
2.312785 1528373834.130694 0.000158 0.000224 0.000592 130.483789
2.325407 1528373834.143316 0.000158 0.000225 0.000592 130.733458
2.337311 1528373834.155219 0.000158 0.000225 0.000592 130.803526
2.349840 1528373834.167749 0.000158 0.000226 0.000583 130.553233
2.362570 1528373834.180479 0.000157 0.000226 0.000587 131.198072
2.375362 1528373834.193271 0.000157 0.000227 0.000587 131.408474
2.387663 1528373834.205571 0.000158 0.000227 0.000584 131.421662
2.399960 1528373834.217869 0.000158 0.000226 0.000586 131.190730
2.412002 1528373834.229911 0.000160 0.000225 0.000583 131.061461
2.424806 1528373834.242715 0.000159 0.000224 0.000596 131.400300
2.437727 1528373834.255635 0.000161 0.000225 0.000589 130.591585
2.449715 1528373834.267623 0.000162 0.000223 0.000598 130.547470
2.462367 1528373834.280276 0.000161 0.000222 0.000602 130.765386
2.475324 1528373834.293233 0.000161 0.000222 0.000619 131.097223
2.487597 1528373834.305506 0.000161 0.000222 0.000621 131.435022
2.500036 1528373834.317945 0.000159 0.000222 0.000615 131.325735
2.512672 1528373834.330580 0.000159 0.000222 0.000622 131.665435
2.524809 1528373834.342717 0.000159 0.000222 0.000618 131.252816
2.537682 1528373834.355591 0.000158 0.000222 0.000615 131.265042
2.550442 1528373834.368351 0.000158 0.000221 0.000609 131.156382
2.562262 1528373834.380171 0.000158 0.000221 0.000607 130.920717
2.575023 1528373834.392932 0.000158 0.000222 0.000604 130.925014
2.587652 1528373834.405561 0.000157 0.000221 0.000607 131.264689
2.600003 1528373834.417912 0.000156 0.000220 0.000612 130.960095
2.613057 1528373834.430966 0.000156 0.000221 0.000611 130.756394
2.626004 1528373834.443913 0.000157 0.000221 0.000606 130.703546
2.637546 1528373834.455455 0.000157 0.000222 0.000607 130.570806
2.649460 1528373834.467369 0.000157 0.000221 0.000602 130.065693
2.662151 1528373834.480059 0.000158 0.000222 0.000596 130.002113
2.674485 1528373834.492393 0.000158 0.000223 0.000596 129.798562
2.687355 1528373834.505264 0.000158 0.000221 0.000585 129.295035
2.699636 1528373834.517545 0.000158 0.000223 0.000586 129.461418
2.712206 1528373834.530115 0.000157 0.000221 0.000588 129.467007
2.725014 1528373834.542922 0.000158 0.000223 0.000582 129.235773
2.737330 1528373834.555239 0.000158 0.000223 0.000584 129.219149
2.749782 1528373834.567691 0.000158 0.000224 0.000584 128.917180
2.762219 1528373834.580128 0.000158 0.000223 0.000587 128.935125
2.774634 1528373834.592543 0.000158 0.000224 0.000585 128.374266
2.787531 1528373834.605439 0.000158 0.000225 0.000587 128.425427
2.799697 1528373834.617605 0.000158 0.000224 0.000584 128.220296
2.811909 1528373834.629818 0.000158 0.000223 0.000589 127.907767
2.824414 1528373834.642323 0.000158 0.000223 0.000581 127.242416
2.836912 1528373834.654821 0.000158 0.000222 0.000583 126.590197
2.849315 1528373834.667224 0.000158 0.000221 0.000587 126.038707
2.862000 1528373834.679909 0.000158 0.000220 0.000589 125.482032
2.874247 1528373834.692155 0.000157 0.000218 0.000596 124.751355
2.886843 1528373834.704752 0.000156 0.000217 0.000595 124.026506
2.899367 1528373834.717276 0.000156 0.000217 0.000596 123.326429
2.911762 1528373834.729671 0.000155 0.000217 0.000597 122.615819
2.924245 1528373834.742154 0.000154 0.000220 0.000589 121.475535
2.936666 1528373834.754575 0.000153 0.000224 0.000596 120.562871
2.949216 1528373834.767125 0.000151 0.000225 0.000595 120.117105
2.961654 1528373834.779563 0.000152 0.000220 0.000598 119.296014
2.974187 1528373834.792096 0.000150 0.000225 0.000590 118.454074
2.986938 1528373834.804846 0.000151 0.000222 0.000582 117.608945
2.999341 1528373834.817250 0.000151 0.000220 0.000585 116.128729
3.011722 1528373834.829631 0.000151 0.000218 0.000581 115.436920
3.024223 1528373834.842132 0.000152 0.000218 0.000579 114.615120
3.036784 1528373834.854692 0.000152 0.000219 0.000571 113.523523
3.049184 1528373834.867092 0.000153 0.000217 0.000569 113.629040
3.061836 1528373834.879745 0.000154 0.000217 0.000571 113.905113
3.074204 1528373834.892113 0.000154 0.000217 0.000570 113.966653
3.086982 1528373834.904891 0.000156 0.000219 0.000562 114.613672
3.099498 1528373834.917407 0.000157 0.000218 0.000561 115.200856
3.111892 1528373834.929801 0.000158 0.000213 0.000558 115.174682
3.124723 1528373834.942632 0.000158 0.000215 0.000556 115.542826
3.136621 1528373834.954529 0.000158 0.000215 0.000558 116.109719
3.149065 1528373834.966974 0.000157 0.000212 0.000553 115.933580
3.161978 1528373834.979886 0.000157 0.000212 0.000556 116.027376
3.174349 1528373834.992257 0.000156 0.000212 0.000562 116.030565
3.188207 1528373835.006115 0.000156 0.000209 0.000567 115.776074
3.200699 1528373835.018607 0.000155 0.000210 0.000576 115.604289
3.213194 1528373835.031103 0.000155 0.000213 0.000590 115.696449
3.225616 1528373835.043525 0.000155 0.000210 0.000589 114.840185
3.237026 1528373835.054935 0.000154 0.000207 0.000594 113.978061
3.249443 1528373835.067352 0.000153 0.000209 0.000588 113.429976
3.262011 1528373835.079920 0.000152 0.000212 0.000585 113.170835
3.274348 1528373835.092257 0.000152 0.000206 0.000590 112.187835
3.286978 1528373835.104886 0.000152 0.000207 0.000591 111.855107
3.299853 1528373835.117762 0.000151 0.000207 0.000590 111.541099
3.311907 1528373835.129815 0.000151 0.000206 0.000592 111.252969
3.324800 1528373835.142708 0.000150 0.000209 0.000588 111.269600
3.337270 1528373835.155178 0.000150 0.000210 0.000589 111.257075
3.349871 1528373835.167780 0.000149 0.000206 0.000590 110.593462
3.362010 1528373835.179918 0.000149 0.000205 0.000589 110.267805
3.374498 1528373835.192407 0.000148 0.000208 0.000588 109.883811
3.387459 1528373835.205367 0.000147 0.000203 0.000585 109.076571
3.400272 1528373835.218181 0.000147 0.000206 0.000580 108.721448
3.412894 1528373835.230802 0.000147 0.000206 0.000575 108.190173
3.424875 1528373835.242784 0.000146 0.000201 0.000573 107.344851
3.437632 1528373835.255540 0.000146 0.000204 0.000569 107.350503
3.450002 1528373835.267911 0.000145 0.000199 0.000569 106.729289
3.462604 1528373835.280513 0.000145 0.000198 0.000564 106.515614
3.474939 1528373835.292847 0.000145 0.000203 0.000564 106.840994
3.487560 1528373835.305469 0.000145 0.000202 0.000564 106.422361
3.499928 1528373835.317837 0.000143 0.000197 0.000566 105.976930
3.513235 1528373835.331143 0.000143 0.000196 0.000567 105.859714
3.525192 1528373835.343101 0.000143 0.000196 0.000567 105.863036
3.537480 1528373835.355389 0.000142 0.000197 0.000567 105.880646
3.549985 1528373835.367893 0.000142 0.000195 0.000570 105.932241
3.562418 1528373835.380327 0.000142 0.000193 0.000566 105.674346
3.574877 1528373835.392786 0.000141 0.000192 0.000568 105.781290
3.587557 1528373835.405466 0.000141 0.000196 0.000572 106.233133
3.600162 1528373835.418070 0.000139 0.000193 0.000570 106.068240
3.612407 1528373835.430316 0.000139 0.000190 0.000572 105.652501
3.625204 1528373835.443112 0.000140 0.000192 0.000571 106.011352
3.637967 1528373835.455876 0.000140 0.000193 0.000577 106.027481
3.649678 1528373835.467587 0.000139 0.000186 0.000575 105.390860
3.662671 1528373835.480580 0.000139 0.000188 0.000571 105.458370
3.675530 1528373835.493439 0.000140 0.000184 0.000573 105.179337
3.687632 1528373835.505541 0.000139 0.000185 0.000573 105.366519
3.700205 1528373835.518114 0.000138 0.000184 0.000569 105.397582
3.712295 1528373835.530204 0.000138 0.000182 0.000571 105.340114
3.725416 1528373835.543325 0.000138 0.000183 0.000570 105.461363
3.738209 1528373835.556118 0.000137 0.000181 0.000574 105.464938
3.750708 1528373835.568617 0.000138 0.000182 0.000574 105.509130
3.762840 1528373835.580749 0.000137 0.000182 0.000572 105.631192
3.775839 1528373835.593748 0.000137 0.000180 0.000572 105.624322
3.788372 1528373835.606280 0.000136 0.000185 0.000568 105.772326
3.800804 1528373835.618713 0.000137 0.000178 0.000569 105.592099
3.813386 1528373835.631294 0.000136 0.000178 0.000569 105.507842
3.824412 1528373835.642321 0.000136 0.000178 0.000568 105.605168
3.837066 1528373835.654975 0.000137 0.000176 0.000567 106.012728
3.849600 1528373835.667509 0.000141 0.000172 0.000563 105.730983
3.861741 1528373835.679650 0.000144 0.000178 0.000574 105.937723
3.874460 1528373835.692369 0.000145 0.000181 0.000578 106.399460
3.886697 1528373835.704606 0.000143 0.000184 0.000579 106.697454
3.899526 1528373835.717435 0.000142 0.000185 0.000577 106.231184
3.912135 1528373835.730044 0.000139 0.000182 0.000575 106.003587
3.925970 1528373835.743878 0.000137 0.000182 0.000562 105.289534
3.937028 1528373835.754937 0.000137 0.000180 0.000556 104.574295
3.949809 1528373835.767718 0.000136 0.000179 0.000557 104.023607
3.962502 1528373835.780411 0.000136 0.000177 0.000561 103.376643
3.974877 1528373835.792785 0.000136 0.000172 0.000555 102.085395
3.987296 1528373835.805205 0.000136 0.000175 0.000556 101.651118
3.999844 1528373835.817753 0.000136 0.000170 0.000554 100.581760
4.012442 1528373835.830350 0.000136 0.000172 0.000559 100.421148
4.025258 1528373835.843167 0.000135 0.000168 0.000553 99.214085
4.038760 1528373835.856669 0.000134 0.000164 0.000551 98.650886
4.049863 1528373835.867772 0.000134 0.000169 0.000555 98.837268
4.062483 1528373835.880392 0.000134 0.000165 0.000552 98.064045
4.074898 1528373835.892807 0.000134 0.000165 0.000556 98.148522
4.087199 1528373835.905107 0.000133 0.000161 0.000554 97.662219
4.099888 1528373835.917797 0.000133 0.000161 0.000552 97.682089
4.112289 1528373835.930198 0.000133 0.000166 0.000555 97.810029
4.125107 1528373835.943016 0.000131 0.000165 0.000554 97.662191
4.137864 1528373835.955773 0.000132 0.000159 0.000555 97.247608
4.149936 1528373835.967845 0.000130 0.000159 0.000555 97.004772
4.162373 1528373835.980282 0.000130 0.000159 0.000555 96.790457
4.174980 1528373835.992889 0.000130 0.000159 0.000555 96.576818
4.187410 1528373836.005319 0.000129 0.000159 0.000555 96.317516
4.199892 1528373836.017801 0.000129 0.000159 0.000555 95.965975
4.213205 1528373836.031113 0.000130 0.000163 0.000558 96.204563
4.225622 1528373836.043530 0.000128 0.000157 0.000558 95.722208
4.238456 1528373836.056365 0.000127 0.000156 0.000558 95.552353
4.251279 1528373836.069188 0.000127 0.000155 0.000560 95.082501
4.263069 1528373836.080978 0.000127 0.000161 0.000559 94.793638
4.275156 1528373836.093065 0.000127 0.000155 0.000567 93.531213
4.287355 1528373836.105264 0.000128 0.000147 0.000588 92.389632
4.299682 1528373836.117591 0.000131 0.000143 0.000606 91.281494
4.312012 1528373836.129921 0.000130 0.000143 0.000626 90.371860
4.324787 1528373836.142696 0.000121 0.000132 0.000670 89.590522
4.337368 1528373836.155277 0.000118 0.000129 0.000706 88.650755
4.349586 1528373836.167495 0.000116 0.000132 0.000748 87.860494
4.362155 1528373836.180064 0.000112 0.000136 0.000782 87.123935
4.374693 1528373836.192602 0.000107 0.000143 0.000787 86.251683
4.387220 1528373836.205128 0.000104 0.000150 0.000778 85.306535
4.399795 1528373836.217704 0.000104 0.000152 0.000755 84.275502
4.412215 1528373836.230124 0.000101 0.000154 0.000764 83.628366
4.424896 1528373836.242805 0.000097 0.000153 0.000778 82.312226
4.437134 1528373836.255043 0.000095 0.000156 0.000798 81.066863
4.450155 1528373836.268063 0.000089 0.000155 0.000811 80.008637
4.462415 1528373836.280324 0.000084 0.000154 0.000861 80.862103
4.474948 1528373836.292857 0.000078 0.000154 0.000908 82.493182
4.488085 1528373836.305993 0.000074 0.000156 0.000910 83.812561
4.500450 1528373836.318359 0.000073 0.000157 0.000916 85.340354
4.513259 1528373836.331168 0.000069 0.000160 0.000925 86.624022
4.526340 1528373836.344249 0.000069 0.000162 0.000949 87.257501
4.537526 1528373836.355435 0.000069 0.000164 0.000976 87.397718
4.549852 1528373836.367761 0.000073 0.000168 0.000965 87.742964
4.562323 1528373836.380231 0.000071 0.000170 0.000951 87.768979
4.574952 1528373836.392861 0.000071 0.000173 0.000927 87.913100
4.587254 1528373836.405163 0.000071 0.000173 0.000922 88.093469
4.599882 1528373836.417790 0.000071 0.000175 0.000943 88.457995
4.612567 1528373836.430476 0.000072 0.000175 0.000936 88.664002
4.625035 1528373836.442944 0.000073 0.000173 0.000930 88.824818
4.637216 1528373836.455125 0.000073 0.000170 0.000933 88.924291
4.649825 1528373836.467733 0.000073 0.000170 0.000945 89.018130
4.663595 1528373836.481504 0.000072 0.000170 0.000951 89.112515
4.675822 1528373836.493731 0.000073 0.000169 0.000939 89.211510
4.688711 1528373836.506620 0.000074 0.000168 0.000949 89.284620
4.700682 1528373836.518591 0.000074 0.000168 0.000935 89.460810
4.712157 1528373836.530065 0.000074 0.000170 0.000934 89.827976
4.726876 1528373836.544785 0.000075 0.000169 0.000923 90.185348
4.738064 1528373836.555973 0.000076 0.000170 0.000912 90.766909
4.750168 1528373836.568076 0.000078 0.000170 0.000912 91.236955
4.762315 1528373836.580224 0.000078 0.000181 0.000908 91.854942
4.774771 1528373836.592680 0.000077 0.000176 0.000929 92.919073
4.787054 1528373836.604963 0.000074 0.000181 0.000938 94.229758
4.799917 1528373836.617826 0.000071 0.000177 0.000973 95.606994
4.812251 1528373836.630160 0.000069 0.000184 0.001024 97.342762
4.824929 1528373836.642838 0.000084 0.000174 0.001043 99.975367
4.837340 1528373836.655249 0.000072 0.000174 0.001097 101.826908
4.850053 1528373836.667962 0.000072 0.000165 0.001147 103.823663
4.862579 1528373836.680488 0.000073 0.000162 0.001163 105.588279
4.874768 1528373836.692677 0.000075 0.000156 0.001163 106.766219
4.887404 1528373836.705313 0.000077 0.000154 0.001150 107.548786
4.899866 1528373836.717775 0.000086 0.000151 0.001143 108.066365
4.912469 1528373836.730377 0.000087 0.000149 0.001132 108.415193
4.924762 1528373836.742671 0.000089 0.000150 0.001111 108.763513
4.937099 1528373836.755008 0.000085 0.000150 0.001104 109.224762
4.949958 1528373836.767866 0.000086 0.000148 0.001094 109.922586
4.962313 1528373836.780222 0.000089 0.000148 0.001083 110.459974
4.975072 1528373836.792981 0.000087 0.000147 0.001074 111.059089
4.987592 1528373836.805501 0.000087 0.000145 0.001086 111.691321
4.999999 1528373836.817907 0.000092 0.000148 0.001076 112.087897
5.012903 1528373836.830812 0.000088 0.000149 0.001061 112.651076
5.025111 1528373836.843020 0.000090 0.000149 0.001068 113.169740
5.037483 1528373836.855392 0.000091 0.000150 0.001051 114.036332
5.050100 1528373836.868009 0.000091 0.000148 0.001011 115.676368
5.062665 1528373836.880574 0.000093 0.000147 0.000979 117.128327
5.075074 1528373836.892983 0.000096 0.000163 0.000964 118.826115
5.087812 1528373836.905721 0.000088 0.000175 0.000960 119.597968
5.100523 1528373836.918432 0.000090 0.000189 0.000962 119.814861
5.113599 1528373836.931508 0.000087 0.000190 0.000971 119.761278
5.126265 1528373836.944174 0.000088 0.000189 0.000964 119.766583
5.138641 1528373836.956549 0.000090 0.000184 0.000962 120.124600
5.151497 1528373836.969406 0.000091 0.000182 0.000952 120.342039
5.163907 1528373836.981815 0.000092 0.000181 0.000948 120.514195
5.175664 1528373836.993573 0.000092 0.000180 0.000958 120.905039
5.187382 1528373837.005291 0.000093 0.000179 0.000946 121.287652
5.200090 1528373837.017999 0.000094 0.000180 0.000937 121.346441
5.212328 1528373837.030237 0.000094 0.000179 0.000942 121.477737
5.225026 1528373837.042934 0.000092 0.000178 0.000939 121.390675
5.237644 1528373837.055553 0.000092 0.000179 0.000951 121.306989
5.249745 1528373837.067654 0.000093 0.000178 0.000949 121.200741
5.263513 1528373837.081421 0.000094 0.000180 0.000948 121.125394
5.275990 1528373837.093899 0.000094 0.000180 0.000958 120.989868
5.288907 1528373837.106815 0.000096 0.000182 0.000941 120.710805
5.300985 1528373837.118894 0.000095 0.000181 0.000951 120.570102
5.312358 1528373837.130267 0.000098 0.000182 0.000951 120.312700
5.325852 1528373837.143761 0.000097 0.000185 0.000927 119.564347
5.337553 1528373837.155461 0.000097 0.000186 0.000946 118.699681
5.350068 1528373837.167977 0.000098 0.000189 0.000940 117.713102
5.362580 1528373837.180488 0.000092 0.000179 0.000940 116.750752
5.375873 1528373837.193782 0.000091 0.000182 0.000923 115.739847
5.388216 1528373837.206125 0.000089 0.000189 0.000917 114.089949
5.401118 1528373837.219027 0.000085 0.000186 0.000920 112.188755
5.412812 1528373837.230720 0.000084 0.000172 0.000918 110.376259
5.425069 1528373837.242977 0.000085 0.000163 0.000908 109.351077
5.437431 1528373837.255339 0.000087 0.000157 0.000909 108.863594
5.450468 1528373837.268377 0.000094 0.000150 0.000914 109.583557
5.462382 1528373837.280291 0.000087 0.000150 0.000909 110.230729
5.474969 1528373837.292878 0.000087 0.000149 0.000905 110.884423
5.487700 1528373837.305609 0.000086 0.000151 0.000899 111.288829
5.500111 1528373837.318020 0.000087 0.000150 0.000892 111.853191
5.512558 1528373837.330467 0.000085 0.000154 0.000881 111.746098
5.524942 1528373837.342850 0.000086 0.000152 0.000882 111.863941
5.537463 1528373837.355372 0.000086 0.000154 0.000881 111.482433
5.550025 1528373837.367934 0.000085 0.000155 0.000879 111.343193
5.563005 1528373837.380914 0.000086 0.000155 0.000874 111.246966
5.575139 1528373837.393048 0.000084 0.000156 0.000877 111.008456
5.587551 1528373837.405460 0.000084 0.000154 0.000877 111.063993
5.599854 1528373837.417763 0.000084 0.000154 0.000879 110.563271
5.613034 1528373837.430943 0.000093 0.000150 0.000882 109.013119
5.625895 1528373837.443804 0.000091 0.000146 0.000896 105.912818
5.638670 1528373837.456579 0.000078 0.000143 0.000954 101.245202
5.650641 1528373837.468550 0.000075 0.000136 0.001012 97.012104
5.663436 1528373837.481345 0.000069 0.000125 0.001092 93.622278
5.676120 1528373837.494029 0.000077 0.000121 0.001100 90.392146
5.687598 1528373837.505507 0.000076 0.000127 0.001097 88.073508
5.700684 1528373837.518592 0.000075 0.000131 0.001101 86.636766
5.713398 1528373837.531306 0.000073 0.000132 0.001080 85.966372
5.726276 1528373837.544184 0.000077 0.000129 0.001075 85.905537
5.738313 1528373837.556222 0.000072 0.000141 0.001103 86.304568
5.751906 1528373837.569814 0.000071 0.000153 0.001110 86.919183
5.763597 1528373837.581505 0.000104 0.000164 0.001122 88.853333
5.775905 1528373837.593814 0.000086 0.000181 0.001081 89.826142
5.788324 1528373837.606233 0.000085 0.000187 0.001075 92.072480
5.801050 1528373837.618959 0.000092 0.000181 0.001060 95.031674
5.813498 1528373837.631406 0.000094 0.000176 0.001031 97.643089
5.825767 1528373837.643675 0.000095 0.000171 0.000992 99.930158
5.838604 1528373837.656513 0.000094 0.000165 0.000978 101.253525
5.850653 1528373837.668561 0.000094 0.000158 0.000952 102.472413
5.863194 1528373837.681103 0.000096 0.000161 0.000934 103.734638
5.875638 1528373837.693547 0.000096 0.000159 0.000936 104.439339
5.888312 1528373837.706221 0.000095 0.000161 0.000929 104.864391
5.900362 1528373837.718271 0.000095 0.000161 0.000936 105.201876
5.912773 1528373837.730682 0.000093 0.000166 0.000930 105.059989
5.925500 1528373837.743408 0.000094 0.000165 0.000927 104.978665
5.937994 1528373837.755903 0.000092 0.000164 0.000932 104.902942
5.950016 1528373837.767925 0.000093 0.000163 0.000941 104.851107
5.962734 1528373837.780643 0.000092 0.000165 0.000942 104.994063
5.976094 1528373837.794003 0.000090 0.000160 0.000947 104.865708
5.987698 1528373837.805607 0.000093 0.000160 0.000936 105.158032
6.000449 1528373837.818358 0.000091 0.000163 0.000933 105.275320
6.012955 1528373837.830864 0.000092 0.000163 0.000943 105.721156
6.025326 1528373837.843234 0.000092 0.000161 0.000926 106.017994
6.037992 1528373837.855900 0.000095 0.000165 0.000910 106.267603
6.050223 1528373837.868132 0.000095 0.000163 0.000906 106.507088
6.063272 1528373837.881181 0.000096 0.000164 0.000906 106.719505
6.075301 1528373837.893210 0.000095 0.000164 0.000902 107.016742
6.088637 1528373837.906546 0.000095 0.000161 0.000907 106.954060
6.100574 1528373837.918482 0.000095 0.000164 0.000911 107.015916
6.112564 1528373837.930473 0.000097 0.000167 0.000917 106.685086
6.125088 1528373837.942997 0.000096 0.000169 0.000948 106.021990
6.137630 1528373837.955539 0.000096 0.000172 0.000955 105.323582
6.150224 1528373837.968133 0.000089 0.000170 0.000970 104.501130
6.162604 1528373837.980512 0.000083 0.000168 0.001043 104.245852
6.175198 1528373837.993107 0.000084 0.000158 0.001092 104.833630
6.187879 1528373838.005788 0.000088 0.000154 0.001090 106.633598
6.201293 1528373838.019202 0.000089 0.000153 0.001080 108.832094
6.212730 1528373838.030639 0.000106 0.000163 0.001035 111.191330
6.224857 1528373838.042766 0.000111 0.000163 0.000973 112.821860
6.237394 1528373838.055303 0.000118 0.000159 0.000929 114.388117
6.249589 1528373838.067497 0.000119 0.000160 0.000898 115.413383
6.262149 1528373838.080058 0.000123 0.000162 0.000870 116.489906
6.275017 1528373838.092926 0.000123 0.000164 0.000855 117.255825
6.287457 1528373838.105365 0.000125 0.000168 0.000870 118.013840
6.300460 1528373838.118369 0.000122 0.000177 0.000934 118.553936
6.312849 1528373838.130757 0.000121 0.000187 0.000957 118.551047
6.325176 1528373838.143085 0.000089 0.000192 0.000967 119.117398
6.337775 1528373838.155684 0.000102 0.000190 0.000918 120.874043
6.350281 1528373838.168190 0.000084 0.000237 0.001042 120.676695
6.362669 1528373838.180578 0.000094 0.000263 0.001052 119.517247
6.375440 1528373838.193349 0.000128 0.000307 0.001049 117.981087
6.387922 1528373838.205830 0.000177 0.000313 0.001145 122.420569
6.399945 1528373838.217854 0.000207 0.000470 0.001315 122.133391
6.412741 1528373838.230650 0.000173 0.000756 0.001615 122.229646
6.425135 1528373838.243043 0.000151 0.000568 0.001798 145.181730
6.437553 1528373838.255462 0.000208 0.000417 0.001690 143.425804
6.450236 1528373838.268144 0.000115 0.000281 0.000616 124.383792
6.463148 1528373838.281057 0.000106 0.000294 0.000449 126.935812
6.475612 1528373838.293520 0.000087 0.000300 0.000365 117.046819
6.488172 1528373838.306080 0.000082 0.000281 0.000431 113.659784
6.500321 1528373838.318230 0.000055 0.000163 0.000544 114.132168
6.512886 1528373838.330794 0.000008 0.000043 0.000154 111.094633
9.075002 1528373840.892910 0.000002 0.000006 0.000015 87.859865
9.087756 1528373840.905664 0.000010 0.000158 0.000462 60.704191
9.100291 1528373840.918200 0.000100 0.000272 0.000571 80.794194
9.112730 1528373840.930639 0.000194 0.000418 0.000915 74.639144
9.124889 1528373840.942798 0.000138 0.000367 0.000723 52.587753
9.137676 1528373840.955585 0.000176 0.000300 0.001356 51.242156
9.150242 1528373840.968150 0.000167 0.000338 0.000753 52.165666
9.162858 1528373840.980767 0.000102 0.000353 0.000484 71.770731
9.175397 1528373840.993306 0.000156 0.000238 0.000454 137.394717
9.187611 1528373841.005520 0.000143 0.000235 0.001245 151.085643
9.200377 1528373841.018285 0.000110 0.000172 0.000971 144.712551
9.212782 1528373841.030691 0.000187 0.000308 0.001118 96.689178
9.225197 1528373841.043106 0.000201 0.000429 0.000977 87.829151
9.237643 1528373841.055552 0.000089 0.000186 0.001046 110.189365
9.250323 1528373841.068232 0.000094 0.000226 0.000632 126.059180
9.262866 1528373841.080775 0.000094 0.000211 0.000629 128.184187
9.275291 1528373841.093200 0.000109 0.000214 0.000515 135.087048
9.287833 1528373841.105742 0.000129 0.000184 0.000550 139.363694
9.300459 1528373841.118368 0.000116 0.000176 0.000585 139.820623
9.313127 1528373841.131036 0.000119 0.000178 0.000616 141.596070
9.325618 1528373841.143526 0.000110 0.000172 0.000665 139.424294
9.338041 1528373841.155949 0.000112 0.000164 0.000646 138.310317
9.350526 1528373841.168435 0.000113 0.000165 0.000646 137.239551
9.363034 1528373841.180943 0.000113 0.000162 0.000597 135.603902
9.375719 1528373841.193628 0.000118 0.000162 0.000584 133.930247
9.388074 1528373841.205983 0.000120 0.000163 0.000576 132.282754
9.400543 1528373841.218451 0.000122 0.000160 0.000582 131.413731
9.413120 1528373841.231029 0.000122 0.000159 0.000581 130.513486
9.425694 1528373841.243603 0.000116 0.000153 0.000579 128.954670
9.438279 1528373841.256188 0.000115 0.000154 0.000574 127.960979
9.450487 1528373841.268396 0.000115 0.000151 0.000568 127.171468
9.463619 1528373841.281528 0.000115 0.000153 0.000571 126.202492
9.475752 1528373841.293661 0.000115 0.000151 0.000570 125.757246
9.488032 1528373841.305940 0.000115 0.000151 0.000568 124.920609
9.501033 1528373841.318941 0.000115 0.000149 0.000574 124.048265
9.512994 1528373841.330902 0.000115 0.000149 0.000576 123.527836
9.525504 1528373841.343413 0.000115 0.000148 0.000572 123.556593
9.538371 1528373841.356280 0.000115 0.000150 0.000575 123.578569
9.550603 1528373841.368512 0.000113 0.000151 0.000575 123.221585
9.563066 1528373841.380975 0.000115 0.000151 0.000584 124.168252
9.576264 1528373841.394173 0.000116 0.000150 0.000596 124.927786
9.588685 1528373841.406594 0.000117 0.000148 0.000604 125.375869
9.601175 1528373841.419084 0.000118 0.000149 0.000607 125.793140
9.613794 1528373841.431703 0.000123 0.000156 0.000606 126.569293
9.625551 1528373841.443460 0.000127 0.000153 0.000782 122.500076
9.637893 1528373841.455802 0.000127 0.000153 0.000779 122.682646
9.650415 1528373841.468324 0.000125 0.000151 0.000782 122.376389
9.663011 1528373841.480920 0.000125 0.000150 0.000793 121.816278
9.676524 1528373841.494433 0.000124 0.000150 0.000802 121.328523
9.689218 1528373841.507127 0.000124 0.000149 0.000798 121.261804
9.701862 1528373841.519771 0.000124 0.000148 0.000799 121.064067
9.714360 1528373841.532269 0.000123 0.000150 0.000804 121.119948
9.727095 1528373841.545004 0.000122 0.000148 0.000808 120.815228
9.738933 1528373841.556842 0.000122 0.000150 0.000806 120.964188
9.751196 1528373841.569104 0.000122 0.000148 0.000807 121.055809
9.763609 1528373841.581518 0.000122 0.000148 0.000809 120.956132
9.775892 1528373841.593801 0.000122 0.000137 0.000813 120.517897
9.788365 1528373841.606274 0.000122 0.000149 0.000810 120.804679
9.801033 1528373841.618942 0.000122 0.000147 0.000804 120.750755
9.813497 1528373841.631406 0.000121 0.000138 0.000815 120.368923
9.825927 1528373841.643835 0.000121 0.000138 0.000816 120.246933
9.838104 1528373841.656013 0.000121 0.000138 0.000811 120.311751
9.850938 1528373841.668846 0.000121 0.000138 0.000817 120.263981
9.864032 1528373841.681941 0.000121 0.000137 0.000817 120.052104
9.876188 1528373841.694097 0.000121 0.000137 0.000815 119.848529
9.887988 1528373841.705897 0.000121 0.000138 0.000815 119.608882
9.900388 1528373841.718297 0.000121 0.000139 0.000817 119.546770
9.912911 1528373841.730820 0.000121 0.000139 0.000816 119.411044
9.925352 1528373841.743261 0.000121 0.000138 0.000818 119.342612
9.938261 1528373841.756170 0.000120 0.000139 0.000819 119.133685
9.950479 1528373841.768388 0.000119 0.000147 0.000811 119.359168
9.963940 1528373841.781849 0.000120 0.000147 0.000796 119.424008
9.976349 1528373841.794258 0.000121 0.000146 0.000791 119.613592
9.988803 1528373841.806712 0.000121 0.000147 0.000786 119.556681
10.001387 1528373841.819296 0.000121 0.000147 0.000793 119.491815
10.014026 1528373841.831935 0.000121 0.000145 0.000796 119.392884
10.026571 1528373841.844480 0.000122 0.000138 0.000793 119.250447
10.038520 1528373841.856429 0.000121 0.000145 0.000792 119.349766
10.050949 1528373841.868857 0.000121 0.000145 0.000800 119.272449
10.063301 1528373841.881210 0.000121 0.000139 0.000796 119.367301
10.075800 1528373841.893708 0.000122 0.000147 0.000796 119.653785
10.088090 1528373841.905999 0.000121 0.000146 0.000806 119.374995
10.101161 1528373841.919070 0.000121 0.000147 0.000798 119.672074
10.113302 1528373841.931211 0.000121 0.000146 0.000784 119.758570
10.126048 1528373841.943957 0.000121 0.000148 0.000783 119.734580
10.138533 1528373841.956442 0.000121 0.000148 0.000785 119.855939
10.150877 1528373841.968786 0.000122 0.000148 0.000780 119.669018
10.163167 1528373841.981076 0.000122 0.000149 0.000782 119.750517
10.176064 1528373841.993973 0.000122 0.000140 0.000778 119.887133
10.188557 1528373842.006466 0.000122 0.000148 0.000776 120.000117
10.200813 1528373842.018721 0.000122 0.000149 0.000776 120.253110
10.213191 1528373842.031099 0.000121 0.000148 0.000780 120.059592
10.226083 1528373842.043991 0.000122 0.000141 0.000775 119.901295
10.238279 1528373842.056187 0.000123 0.000149 0.000775 120.002453
10.250832 1528373842.068741 0.000123 0.000148 0.000771 119.890488
10.263457 1528373842.081366 0.000122 0.000148 0.000775 119.957436
10.276331 1528373842.094239 0.000122 0.000141 0.000774 119.804742
10.288502 1528373842.106411 0.000122 0.000149 0.000776 120.005476
10.301455 1528373842.119364 0.000122 0.000149 0.000774 120.095000
10.313543 1528373842.131452 0.000123 0.000149 0.000764 120.261608
10.326245 1528373842.144154 0.000123 0.000142 0.000766 120.014565
10.338283 1528373842.156192 0.000123 0.000150 0.000762 120.398301
10.350567 1528373842.168476 0.000123 0.000152 0.000769 120.353552
10.363268 1528373842.181176 0.000124 0.000152 0.000771 119.768805
10.375973 1528373842.193881 0.000126 0.000152 0.000810 118.539828
10.388854 1528373842.206763 0.000130 0.000155 0.000850 117.760288
10.400732 1528373842.218641 0.000131 0.000169 0.000885 116.135311
10.413329 1528373842.231238 0.000135 0.000193 0.000832 114.649080
10.426072 1528373842.243981 0.000135 0.000231 0.000771 112.131693
10.438357 1528373842.256265 0.000143 0.000273 0.000713 111.276709
10.450948 1528373842.268857 0.000148 0.000273 0.000668 112.141214
10.463387 1528373842.281296 0.000151 0.000233 0.000703 113.215432
10.476020 1528373842.293929 0.000147 0.000190 0.000760 113.681771
10.488278 1528373842.306186 0.000134 0.000169 0.000811 112.990680
10.500669 1528373842.318578 0.000122 0.000159 0.000823 112.359540
10.513020 1528373842.330929 0.000120 0.000167 0.000801 111.856657
10.526073 1528373842.343982 0.000128 0.000158 0.000754 113.283280
10.538376 1528373842.356285 0.000129 0.000160 0.000821 112.832489
10.550406 1528373842.368314 0.000126 0.000163 0.000837 113.386052
10.563263 1528373842.381171 0.000124 0.000163 0.000837 113.971955
10.576720 1528373842.394629 0.000116 0.000166 0.000830 113.651954
10.589155 1528373842.407064 0.000118 0.000178 0.000823 112.106394
10.601755 1528373842.419664 0.000113 0.000182 0.000804 110.169875
10.614664 1528373842.432573 0.000109 0.000185 0.000812 108.040469
10.626621 1528373842.444530 0.000102 0.000184 0.000811 107.040357
10.639671 1528373842.457579 0.000102 0.000187 0.000783 106.389333
10.651842 1528373842.469751 0.000111 0.000191 0.000790 106.226800
10.664188 1528373842.482096 0.000102 0.000190 0.000794 106.381395
10.677098 1528373842.495006 0.000103 0.000190 0.000784 106.626437
10.689206 1528373842.507115 0.000103 0.000189 0.000776 106.432196
10.701139 1528373842.519048 0.000104 0.000188 0.000773 106.626581
10.713552 1528373842.531461 0.000104 0.000188 0.000780 106.646667
10.726662 1528373842.544570 0.000103 0.000189 0.000777 106.194828
10.739213 1528373842.557122 0.000104 0.000192 0.000771 105.801105
10.751609 1528373842.569518 0.000105 0.000191 0.000754 105.544356
10.764467 1528373842.582376 0.000113 0.000194 0.000746 105.272613
10.776211 1528373842.594119 0.000106 0.000193 0.000734 105.131920
10.788322 1528373842.606231 0.000107 0.000192 0.000711 104.830318
10.800907 1528373842.618816 0.000108 0.000194 0.000702 104.558357
10.813179 1528373842.631088 0.000116 0.000197 0.000698 104.206264
10.825874 1528373842.643783 0.000109 0.000198 0.000691 104.010984
10.838205 1528373842.656114 0.000111 0.000201 0.000694 103.285960
10.850587 1528373842.668495 0.000121 0.000204 0.000681 102.437112
10.863255 1528373842.681164 0.000122 0.000206 0.000675 101.732538
10.875843 1528373842.693752 0.000123 0.000206 0.000535 104.072888
10.888407 1528373842.706316 0.000111 0.000205 0.000678 100.604672
10.901208 1528373842.719117 0.000114 0.000209 0.000667 100.340114
10.913742 1528373842.731651 0.000114 0.000204 0.000684 100.721815
10.926189 1528373842.744098 0.000112 0.000207 0.000674 100.178382
10.938849 1528373842.756758 0.000103 0.000210 0.000690 99.561541
10.951440 1528373842.769349 0.000104 0.000209 0.000679 99.389107
10.964160 1528373842.782069 0.000106 0.000208 0.000552 101.524596
10.976521 1528373842.794430 0.000104 0.000211 0.000673 99.881553
10.988550 1528373842.806459 0.000113 0.000210 0.000663 99.933631
11.001481 1528373842.819390 0.000105 0.000212 0.000659 100.236499
11.013940 1528373842.831849 0.000114 0.000211 0.000661 100.327607
11.026297 1528373842.844206 0.000104 0.000211 0.000657 100.845312
11.038606 1528373842.856515 0.000104 0.000210 0.000669 100.862784
11.051026 1528373842.868935 0.000105 0.000208 0.000659 101.022678
11.064131 1528373842.882039 0.000104 0.000207 0.000661 101.144631
11.076299 1528373842.894208 0.000104 0.000208 0.000663 101.289818
11.088971 1528373842.906880 0.000104 0.000208 0.000669 101.476214
11.101576 1528373842.919485 0.000104 0.000207 0.000666 101.632585
11.113658 1528373842.931566 0.000104 0.000207 0.000668 101.795858
11.126590 1528373842.944499 0.000104 0.000207 0.000675 101.967062
11.138935 1528373842.956844 0.000103 0.000208 0.000679 102.040733
11.151464 1528373842.969372 0.000112 0.000210 0.000675 101.949560
11.163599 1528373842.981508 0.000104 0.000208 0.000678 102.202425
11.176238 1528373842.994147 0.000104 0.000206 0.000674 102.355591
11.188734 1528373843.006642 0.000111 0.000210 0.000684 102.312918
11.201025 1528373843.018934 0.000112 0.000209 0.000678 102.359052
11.214572 1528373843.032481 0.000112 0.000207 0.000669 102.744303
11.226552 1528373843.044461 0.000106 0.000206 0.000667 103.170105
11.238806 1528373843.056715 0.000118 0.000206 0.000654 104.301584
11.251734 1528373843.069643 0.000123 0.000201 0.000638 106.302707
11.263581 1528373843.081490 0.000122 0.000202 0.000630 108.228728
11.275642 1528373843.093551 0.000129 0.000202 0.000624 110.976001
11.288270 1528373843.106179 0.000133 0.000162 0.000496 117.955200
11.300785 1528373843.118693 0.000132 0.000197 0.000632 116.815784
11.313171 1528373843.131079 0.000134 0.000155 0.000535 121.918888
11.327093 1528373843.145002 0.000133 0.000142 0.000545 123.376397
11.338497 1528373843.156406 0.000129 0.000137 0.000553 123.620921
11.350966 1528373843.168875 0.000125 0.000135 0.000556 123.997480
11.363731 1528373843.181640 0.000122 0.000135 0.000555 124.040292
11.375953 1528373843.193862 0.000122 0.000134 0.000555 124.258720
11.388557 1528373843.206466 0.000122 0.000133 0.000551 124.643646
11.400831 1528373843.218739 0.000122 0.000134 0.000548 124.755896
11.413203 1528373843.231111 0.000122 0.000131 0.000545 124.967950
11.425988 1528373843.243897 0.000121 0.000132 0.000544 125.182522
11.439929 1528373843.257838 0.000121 0.000134 0.000544 125.357956
11.450848 1528373843.268757 0.000122 0.000131 0.000541 125.398315
11.463608 1528373843.281517 0.000121 0.000132 0.000543 125.361941
11.476059 1528373843.293968 0.000121 0.000135 0.000541 125.537335
11.489535 1528373843.307443 0.000121 0.000131 0.000542 125.461950
11.501946 1528373843.319855 0.000121 0.000133 0.000543 125.315858
11.514625 1528373843.332534 0.000121 0.000133 0.000539 125.232213
11.527313 1528373843.345222 0.000122 0.000133 0.000541 125.392704
11.539291 1528373843.357200 0.000123 0.000131 0.000541 125.430163
11.551096 1528373843.369005 0.000123 0.000127 0.000559 124.983269
11.563691 1528373843.381600 0.000119 0.000129 0.000565 123.632109
11.576774 1528373843.394682 0.000111 0.000137 0.000555 120.960270
11.589859 1528373843.407767 0.000106 0.000151 0.000537 117.945536
11.601590 1528373843.419498 0.000105 0.000169 0.000521 114.791189
11.613689 1528373843.431598 0.000107 0.000184 0.000506 111.934968
11.626200 1528373843.444109 0.000102 0.000198 0.000499 108.726400
11.638776 1528373843.456685 0.000090 0.000216 0.000798 106.366216
11.651044 1528373843.468953 0.000094 0.000222 0.000833 102.539312
11.663750 1528373843.481658 0.000092 0.000225 0.000861 98.480062
11.676394 1528373843.494303 0.000090 0.000216 0.000860 94.052312
11.688693 1528373843.506602 0.000080 0.000214 0.000887 90.438926
11.701109 1528373843.519018 0.000082 0.000208 0.000907 87.532879
11.713799 1528373843.531708 0.000083 0.000211 0.000912 85.414693
11.726272 1528373843.544181 0.000085 0.000217 0.000862 84.188230
11.739274 1528373843.557183 0.000097 0.000220 0.000831 83.268170
11.751731 1528373843.569639 0.000086 0.000227 0.000821 83.585944
11.764084 1528373843.581992 0.000095 0.000230 0.000823 83.370461
11.776104 1528373843.594013 0.000084 0.000235 0.000825 84.011254
11.789487 1528373843.607396 0.000094 0.000241 0.000807 84.276598
11.801780 1528373843.619689 0.000096 0.000239 0.000761 84.526673
11.813992 1528373843.631901 0.000100 0.000241 0.000744 85.345643
11.825881 1528373843.643789 0.000101 0.000244 0.000756 86.721999
11.838185 1528373843.656094 0.000097 0.000249 0.000743 89.607885
11.850659 1528373843.668568 0.000111 0.000222 0.000759 92.029744
11.864415 1528373843.682324 0.000113 0.000198 0.000757 94.776742
11.877279 1528373843.695187 0.000115 0.000183 0.000821 95.990384
11.889112 1528373843.707020 0.000115 0.000169 0.000853 96.757477
11.900532 1528373843.718441 0.000113 0.000153 0.000874 96.804736
11.912954 1528373843.730862 0.000117 0.000153 0.000886 96.159967
11.925566 1528373843.743474 0.000117 0.000146 0.000908 95.111502
