-5.229111 1528460226.947488 0.000194 0.000243 0.000664 60.245556
-5.216612 1528460226.959988 0.000200 0.000242 0.000668 60.311752
-5.204938 1528460226.971661 0.000197 0.000245 0.000662 60.428974
-5.192068 1528460226.984532 0.000202 0.000245 0.000665 60.115890
-5.180061 1528460226.996538 0.000200 0.000246 0.000662 60.593634
-5.167832 1528460227.008767 0.000201 0.000247 0.000660 60.565307
-5.155328 1528460227.021271 0.000203 0.000248 0.000657 60.580186
-5.142896 1528460227.033703 0.000203 0.000250 0.000662 60.591901
-5.130333 1528460227.046267 0.000206 0.000249 0.000657 60.598135
-5.117990 1528460227.058609 0.000207 0.000250 0.000659 60.640862
-5.105383 1528460227.071217 0.000211 0.000251 0.000659 60.446687
-5.092732 1528460227.083867 0.000211 0.000252 0.000656 60.580217
-5.080369 1528460227.096231 0.000209 0.000252 0.000664 60.542569
-5.067869 1528460227.108731 0.000213 0.000255 0.000663 60.312305
-5.054179 1528460227.122420 0.000215 0.000255 0.000662 60.688466
-5.041860 1528460227.134739 0.000213 0.000255 0.000662 60.642378
-5.029317 1528460227.147282 0.000217 0.000257 0.000658 60.972870
-5.017602 1528460227.158998 0.000218 0.000258 0.000654 60.695782
-5.005273 1528460227.171326 0.000216 0.000259 0.000655 60.897550
-4.992618 1528460227.183982 0.000217 0.000259 0.000657 60.966040
-4.980325 1528460227.196274 0.000220 0.000260 0.000661 60.758244
-4.967976 1528460227.208623 0.000220 0.000262 0.000659 60.774683
-4.955343 1528460227.221256 0.000221 0.000262 0.000659 61.060155
-4.941890 1528460227.234710 0.000226 0.000264 0.000654 59.883078
-4.929709 1528460227.246890 0.000229 0.000265 0.000664 59.045504
-4.917021 1528460227.259578 0.000228 0.000266 0.000668 59.099747
-4.904476 1528460227.272123 0.000233 0.000266 0.000678 59.257152
-4.892269 1528460227.284330 0.000234 0.000265 0.000676 59.583241
-4.880213 1528460227.296386 0.000235 0.000266 0.000678 59.419308
-4.867648 1528460227.308951 0.000236 0.000268 0.000679 59.497364
-4.855551 1528460227.321048 0.000237 0.000269 0.000681 59.153061
-4.843132 1528460227.333467 0.000239 0.000270 0.000685 59.313409
-4.829271 1528460227.347329 0.000241 0.000271 0.000684 59.302557
-4.817709 1528460227.358890 0.000240 0.000270 0.000681 59.336905
-4.805438 1528460227.371161 0.000242 0.000271 0.000685 59.005583
-4.792883 1528460227.383717 0.000242 0.000273 0.000684 59.023828
-4.780409 1528460227.396190 0.000243 0.000273 0.000686 58.934208
-4.768076 1528460227.408523 0.000241 0.000273 0.000688 59.148848
-4.755394 1528460227.421206 0.000244 0.000275 0.000683 59.520680
-4.742756 1528460227.433843 0.000243 0.000276 0.000685 58.907410
-4.729651 1528460227.446948 0.000243 0.000275 0.000686 59.399408
-4.716378 1528460227.460222 0.000244 0.000274 0.000688 59.189724
-4.704963 1528460227.471636 0.000244 0.000276 0.000692 58.929784
-4.692343 1528460227.484257 0.000245 0.000274 0.000689 59.425477
-4.680010 1528460227.496589 0.000245 0.000276 0.000690 59.327248
-4.666979 1528460227.509620 0.000244 0.000275 0.000689 59.113130
-4.654862 1528460227.521737 0.000246 0.000276 0.000689 58.939462
-4.642123 1528460227.534476 0.000245 0.000276 0.000692 59.211040
-4.630126 1528460227.546474 0.000244 0.000276 0.000689 59.067403
-4.617065 1528460227.559534 0.000243 0.000276 0.000694 59.267907
-4.604125 1528460227.572474 0.000245 0.000278 0.000696 59.253686
-4.592834 1528460227.583766 0.000243 0.000278 0.000693 59.262004
-4.580360 1528460227.596239 0.000244 0.000278 0.000690 59.385062
-4.568304 1528460227.608295 0.000244 0.000278 0.000689 58.967498
-4.554034 1528460227.622565 0.000244 0.000279 0.000693 59.232332
-4.541949 1528460227.634650 0.000245 0.000280 0.000689 59.047164
-4.529467 1528460227.647132 0.000244 0.000280 0.000690 59.009848
-4.516875 1528460227.659724 0.000246 0.000281 0.000688 58.756769
-4.504392 1528460227.672207 0.000244 0.000280 0.000692 59.075951
-4.492491 1528460227.684108 0.000244 0.000280 0.000690 58.829645
-4.480284 1528460227.696315 0.000245 0.000280 0.000690 58.798345
-4.466724 1528460227.709875 0.000246 0.000281 0.000690 58.643917
-4.454269 1528460227.722330 0.000246 0.000283 0.000688 58.543930
-4.441056 1528460227.735543 0.000246 0.000283 0.000690 58.258170
-4.428799 1528460227.747800 0.000248 0.000284 0.000687 58.227243
-4.417485 1528460227.759114 0.000247 0.000284 0.000689 58.404429
-4.404834 1528460227.771765 0.000246 0.000283 0.000685 58.365779
-4.392456 1528460227.784143 0.000248 0.000283 0.000689 58.397634
-4.380191 1528460227.796409 0.000247 0.000283 0.000693 58.493715
-4.367739 1528460227.808860 0.000248 0.000284 0.000691 58.347523
-4.355059 1528460227.821541 0.000248 0.000284 0.000692 58.286929
-4.342770 1528460227.833829 0.000248 0.000285 0.000693 58.375861
-4.329996 1528460227.846603 0.000249 0.000285 0.000693 58.201885
-4.317462 1528460227.859137 0.000248 0.000285 0.000692 58.304909
-4.305131 1528460227.871468 0.000247 0.000284 0.000694 58.327329
-4.292584 1528460227.884015 0.000249 0.000284 0.000690 58.218224
-4.280201 1528460227.896399 0.000249 0.000284 0.000691 58.261178
-4.267630 1528460227.908969 0.000250 0.000286 0.000693 58.006320
-4.254899 1528460227.921700 0.000248 0.000285 0.000691 58.102650
-4.242617 1528460227.933982 0.000250 0.000287 0.000688 57.959047
-4.230324 1528460227.946275 0.000251 0.000286 0.000688 57.720882
-4.217688 1528460227.958911 0.000249 0.000286 0.000689 58.133242
-4.205169 1528460227.971430 0.000250 0.000286 0.000694 58.012262
-4.192194 1528460227.984406 0.000251 0.000287 0.000691 57.838962
-4.179573 1528460227.997026 0.000250 0.000287 0.000692 57.796436
-4.167144 1528460228.009455 0.000249 0.000288 0.000692 58.021361
-4.154802 1528460228.021798 0.000251 0.000287 0.000685 58.047214
-4.143024 1528460228.033575 0.000250 0.000287 0.000691 57.906409
-4.130580 1528460228.046020 0.000250 0.000288 0.000688 58.091787
-4.117939 1528460228.058661 0.000252 0.000287 0.000691 58.018514
-4.104265 1528460228.072334 0.000251 0.000287 0.000687 58.064608
-4.091643 1528460228.084956 0.000253 0.000289 0.000689 58.269656
-4.080049 1528460228.096550 0.000253 0.000289 0.000691 57.916757
-4.068188 1528460228.108412 0.000256 0.000291 0.000683 58.139195
-4.055738 1528460228.120861 0.000255 0.000291 0.000685 58.609657
-4.043247 1528460228.133352 0.000256 0.000290 0.000686 59.017781
-4.029751 1528460228.146848 0.000257 0.000293 0.000686 59.196513
-4.017309 1528460228.159290 0.000261 0.000294 0.000685 58.947839
-4.004794 1528460228.171806 0.000263 0.000297 0.000683 58.801571
-3.992740 1528460228.183859 0.000262 0.000298 0.000685 59.131104
-3.980320 1528460228.196279 0.000263 0.000302 0.000687 58.742727
-3.967871 1528460228.208729 0.000265 0.000300 0.000687 58.388088
-3.955320 1528460228.221280 0.000267 0.000301 0.000687 58.306195
-3.943023 1528460228.233576 0.000266 0.000303 0.000683 58.326263
-3.930306 1528460228.246294 0.000267 0.000304 0.000683 58.143288
-3.917757 1528460228.258843 0.000268 0.000305 0.000681 58.294756
-3.905216 1528460228.271384 0.000268 0.000306 0.000682 57.955238
-3.892714 1528460228.283885 0.000268 0.000307 0.000683 57.924371
-3.880173 1528460228.296426 0.000268 0.000308 0.000679 58.003067
-3.867985 1528460228.308615 0.000269 0.000308 0.000675 57.838091
-3.854847 1528460228.321752 0.000270 0.000308 0.000677 57.774492
-3.842736 1528460228.333864 0.000270 0.000311 0.000672 57.555941
-3.830126 1528460228.346473 0.000270 0.000311 0.000671 57.664894
-3.817681 1528460228.358918 0.000270 0.000314 0.000674 57.702990
-3.804225 1528460228.372374 0.000270 0.000314 0.000667 57.921883
-3.791891 1528460228.384708 0.000268 0.000318 0.000666 58.199262
-3.779386 1528460228.397213 0.000266 0.000322 0.000666 58.642171
-3.766570 1528460228.410029 0.000264 0.000323 0.000666 58.735323
-3.754888 1528460228.421712 0.000263 0.000323 0.000671 59.888124
-3.742952 1528460228.433647 0.000261 0.000324 0.000674 60.431600
-3.730463 1528460228.446136 0.000263 0.000326 0.000671 60.315385
-3.718048 1528460228.458551 0.000267 0.000327 0.000661 61.251086
-3.705511 1528460228.471088 0.000271 0.000320 0.000660 62.808182
-3.692997 1528460228.483602 0.000269 0.000323 0.000672 63.427243
-3.680115 1528460228.496484 0.000272 0.000327 0.000682 63.774150
-3.667775 1528460228.508824 0.000269 0.000324 0.000703 63.371139
-3.655113 1528460228.521487 0.000281 0.000327 0.000695 61.793656
-3.642744 1528460228.533856 0.000281 0.000320 0.000699 59.671075
-3.629150 1528460228.547449 0.000266 0.000324 0.000711 58.915882
-3.615923 1528460228.560677 0.000261 0.000337 0.000748 59.994540
-3.604383 1528460228.572217 0.000265 0.000323 0.000777 58.945347
-3.592178 1528460228.584421 0.000273 0.000331 0.000741 58.119365
-3.579402 1528460228.597197 0.000273 0.000325 0.000716 57.995528
-3.566932 1528460228.609667 0.000261 0.000326 0.000763 59.238391
-3.554881 1528460228.621719 0.000256 0.000334 0.000765 57.292430
-3.542617 1528460228.633982 0.000273 0.000321 0.000757 58.119333
-3.529509 1528460228.647091 0.000278 0.000341 0.000718 59.049718
-3.517395 1528460228.659205 0.000235 0.000316 0.000780 58.390079
-3.504851 1528460228.671748 0.000248 0.000336 0.000817 58.954834
-3.492270 1528460228.684330 0.000284 0.000340 0.000762 60.969375
-3.479853 1528460228.696747 0.000241 0.000361 0.000814 60.045711
-3.467269 1528460228.709330 0.000239 0.000337 0.000911 57.786045
-3.454481 1528460228.722118 0.000289 0.000324 0.000760 58.800486
-3.442347 1528460228.734252 0.000277 0.000305 0.000702 63.994845
-3.429560 1528460228.747039 0.000226 0.000339 0.000858 60.634406
-3.417247 1528460228.759352 0.000284 0.000360 0.000865 63.382657
-3.404762 1528460228.771837 0.000268 0.000336 0.000861 63.905878
-3.392287 1528460228.784312 0.000259 0.000404 0.000860 59.685936
-3.380139 1528460228.796460 0.000284 0.000400 0.000888 56.354791
-3.366589 1528460228.810010 0.000280 0.000325 0.000765 63.835211
-3.354174 1528460228.822426 0.000228 0.000378 0.000851 60.818826
-3.341833 1528460228.834766 0.000255 0.000414 0.000819 63.218589
-3.329986 1528460228.846613 0.000283 0.000306 0.000793 60.280510
-3.317966 1528460228.858634 0.000272 0.000311 0.000749 63.473874
-3.305415 1528460228.871184 0.000255 0.000331 0.000762 59.387985
-3.292866 1528460228.883734 0.000258 0.000357 0.000812 59.807171
-3.280239 1528460228.896360 0.000275 0.000332 0.000776 61.160709
-3.267817 1528460228.908782 0.000267 0.000322 0.000765 60.414357
-3.255186 1528460228.921414 0.000254 0.000319 0.000770 57.371917
-3.237849 1528460228.938750 0.000252 0.000319 0.000756 54.300972
-3.229997 1528460228.946602 0.000251 0.000316 0.000769 53.889417
-3.217434 1528460228.959165 0.000256 0.000319 0.000752 53.371732
-3.204914 1528460228.971685 0.000250 0.000317 0.000746 53.890112
-3.192179 1528460228.984420 0.000265 0.000316 0.000741 53.125498
-3.179763 1528460228.996836 0.000267 0.000312 0.000758 53.106104
-3.167151 1528460229.009448 0.000262 0.000304 0.000781 53.482037
-3.154338 1528460229.022261 0.000264 0.000302 0.000778 53.144674
-3.142175 1528460229.034424 0.000265 0.000301 0.000779 53.144413
-3.129753 1528460229.046847 0.000267 0.000296 0.000783 52.720934
-3.117155 1528460229.059445 0.000273 0.000295 0.000770 52.763501
-3.104915 1528460229.071685 0.000271 0.000298 0.000773 53.000429
-3.092263 1528460229.084336 0.000272 0.000297 0.000770 52.971353
-3.079830 1528460229.096769 0.000271 0.000294 0.000758 52.763252
-3.066870 1528460229.109730 0.000268 0.000294 0.000753 52.877034
-3.054737 1528460229.121863 0.000264 0.000294 0.000755 52.534871
-3.042133 1528460229.134466 0.000263 0.000293 0.000746 52.398533
-3.029957 1528460229.146643 0.000263 0.000291 0.000750 52.163067
-3.017391 1528460229.159208 0.000266 0.000289 0.000753 51.496096
-3.004727 1528460229.171872 0.000265 0.000286 0.000758 51.181988
-2.992445 1528460229.184154 0.000263 0.000284 0.000752 50.959792
-2.979481 1528460229.197119 0.000260 0.000281 0.000758 51.099394
-2.966976 1528460229.209624 0.000262 0.000280 0.000754 51.144772
-2.954029 1528460229.222570 0.000259 0.000278 0.000754 50.819072
-2.942240 1528460229.234359 0.000260 0.000275 0.000752 50.726951
-2.929842 1528460229.246758 0.000259 0.000271 0.000758 50.500642
-2.917011 1528460229.259589 0.000257 0.000268 0.000750 50.341731
-2.904515 1528460229.272085 0.000256 0.000266 0.000746 50.183892
-2.892109 1528460229.284490 0.000253 0.000262 0.000754 49.928489
-2.880010 1528460229.296589 0.000251 0.000258 0.000755 49.808553
-2.867453 1528460229.309147 0.000249 0.000256 0.000749 49.669104
-2.854613 1528460229.321986 0.000247 0.000253 0.000750 49.239147
-2.842072 1528460229.334528 0.000242 0.000249 0.000757 49.265114
-2.829825 1528460229.346774 0.000242 0.000246 0.000753 49.027686
-2.817342 1528460229.359257 0.000240 0.000242 0.000747 48.844180
-2.804298 1528460229.372301 0.000235 0.000237 0.000749 48.648520
-2.792426 1528460229.384173 0.000233 0.000234 0.000750 48.370352
-2.780276 1528460229.396324 0.000228 0.000230 0.000752 48.311945
-2.767800 1528460229.408800 0.000225 0.000228 0.000755 48.175906
-2.755283 1528460229.421316 0.000221 0.000224 0.000762 48.459074
-2.742622 1528460229.433977 0.000218 0.000219 0.000763 48.486003
-2.730077 1528460229.446522 0.000214 0.000218 0.000766 48.418170
-2.717498 1528460229.459101 0.000210 0.000222 0.000762 48.010709
-2.705259 1528460229.471341 0.000205 0.000213 0.000776 48.309381
-2.692602 1528460229.483997 0.000203 0.000209 0.000773 48.158798
-2.680271 1528460229.496328 0.000197 0.000205 0.000777 47.890033
-2.667696 1528460229.508904 0.000194 0.000202 0.000786 48.196416
-2.654991 1528460229.521609 0.000192 0.000201 0.000774 48.806868
-2.642664 1528460229.533936 0.000188 0.000196 0.000773 50.205507
-2.630483 1528460229.546116 0.000183 0.000193 0.000757 51.741144
-2.617700 1528460229.558899 0.000178 0.000191 0.000765 53.635073
-2.604908 1528460229.571691 0.000173 0.000191 0.000755 54.892434
-2.592297 1528460229.584302 0.000166 0.000191 0.000759 55.436915
-2.579702 1528460229.596897 0.000162 0.000190 0.000772 55.929649
-2.567333 1528460229.609267 0.000158 0.000189 0.000774 55.950482
-2.555117 1528460229.621482 0.000158 0.000187 0.000768 56.021541
-2.543064 1528460229.633535 0.000155 0.000184 0.000771 56.080835
-2.530622 1528460229.645977 0.000153 0.000183 0.000770 56.047472
-2.518209 1528460229.658391 0.000151 0.000180 0.000768 55.942718
-2.505438 1528460229.671161 0.000149 0.000179 0.000771 56.069518
-2.492904 1528460229.683695 0.000148 0.000177 0.000774 55.945051
-2.480556 1528460229.696043 0.000146 0.000176 0.000774 56.158246
-2.467783 1528460229.708817 0.000145 0.000175 0.000772 56.037196
-2.455410 1528460229.721190 0.000144 0.000174 0.000764 56.259736
-2.443007 1528460229.733593 0.000141 0.000172 0.000771 56.232060
-2.430409 1528460229.746190 0.000141 0.000171 0.000773 56.378028
-2.417832 1528460229.758767 0.000140 0.000170 0.000773 56.367684
-2.405072 1528460229.771527 0.000139 0.000168 0.000763 56.355211
-2.392682 1528460229.783917 0.000138 0.000168 0.000764 56.416626
-2.380176 1528460229.796423 0.000137 0.000167 0.000765 56.473187
-2.367301 1528460229.809299 0.000136 0.000166 0.000775 56.477562
-2.355027 1528460229.821572 0.000135 0.000165 0.000772 56.578168
-2.342431 1528460229.834169 0.000135 0.000164 0.000771 56.590818
-2.329958 1528460229.846641 0.000134 0.000165 0.000772 56.830149
-2.317663 1528460229.858936 0.000134 0.000166 0.000778 57.229683
-2.304941 1528460229.871658 0.000132 0.000166 0.000783 57.604909
-2.292327 1528460229.884272 0.000133 0.000165 0.000785 57.772640
-2.279192 1528460229.897407 0.000133 0.000165 0.000783 57.688194
-2.267295 1528460229.909304 0.000133 0.000165 0.000779 57.535920
-2.254789 1528460229.921810 0.000132 0.000164 0.000781 57.329605
-2.242548 1528460229.934051 0.000130 0.000160 0.000786 57.390724
-2.229582 1528460229.947018 0.000132 0.000162 0.000785 57.239576
-2.217391 1528460229.959208 0.000131 0.000160 0.000779 57.139685
-2.203714 1528460229.972885 0.000130 0.000160 0.000785 57.141318
-2.191661 1528460229.984938 0.000130 0.000160 0.000786 57.018075
-2.179095 1528460229.997504 0.000130 0.000159 0.000786 57.021197
-2.167179 1528460230.009420 0.000130 0.000158 0.000786 56.871213
-2.154383 1528460230.022216 0.000129 0.000158 0.000786 56.762747
-2.142354 1528460230.034246 0.000129 0.000158 0.000789 56.784037
-2.129778 1528460230.046821 0.000128 0.000157 0.000791 56.797666
-2.117324 1528460230.059275 0.000128 0.000157 0.000788 57.045073
-2.104772 1528460230.071827 0.000128 0.000158 0.000787 57.124058
-2.091111 1528460230.085489 0.000123 0.000157 0.000785 57.417482
-2.079419 1528460230.097180 0.000121 0.000159 0.000774 58.044848
-2.066562 1528460230.110038 0.000118 0.000160 0.000773 59.346408
-2.054200 1528460230.122400 0.000114 0.000161 0.000766 61.362268
-2.041868 1528460230.134731 0.000114 0.000161 0.000773 63.011317
-2.028988 1528460230.147611 0.000112 0.000161 0.000782 63.758210
-2.016600 1528460230.160000 0.000111 0.000162 0.000785 64.259370
-2.004003 1528460230.172597 0.000111 0.000161 0.000791 64.274972
-1.991157 1528460230.185442 0.000110 0.000161 0.000789 64.285594
-1.979294 1528460230.197305 0.000111 0.000159 0.000782 64.041350
-1.966800 1528460230.209799 0.000110 0.000159 0.000785 63.920237
-1.954587 1528460230.222013 0.000110 0.000159 0.000776 63.788754
-1.942517 1528460230.234082 0.000110 0.000159 0.000776 63.745771
-1.929086 1528460230.247513 0.000109 0.000158 0.000782 63.835867
-1.916811 1528460230.259788 0.000110 0.000157 0.000785 63.762632
-1.904495 1528460230.272104 0.000108 0.000157 0.000786 63.827604
-1.892262 1528460230.284338 0.000109 0.000157 0.000783 63.859761
-1.879192 1528460230.297407 0.000109 0.000157 0.000786 64.029903
-1.867534 1528460230.309065 0.000108 0.000158 0.000786 64.184117
-1.855160 1528460230.321440 0.000108 0.000157 0.000784 64.158088
-1.842517 1528460230.334082 0.000108 0.000157 0.000787 64.270679
-1.829023 1528460230.347576 0.000107 0.000157 0.000785 64.230902
-1.816796 1528460230.359803 0.000106 0.000158 0.000782 64.277815
-1.804700 1528460230.371899 0.000107 0.000157 0.000785 64.239873
-1.792653 1528460230.383947 0.000107 0.000157 0.000784 64.231586
-1.779750 1528460230.396849 0.000106 0.000156 0.000787 64.247192
-1.766311 1528460230.410288 0.000106 0.000156 0.000788 64.223557
-1.754951 1528460230.421649 0.000106 0.000156 0.000781 64.228704
-1.741798 1528460230.434802 0.000108 0.000156 0.000788 64.014950
-1.729160 1528460230.447439 0.000106 0.000156 0.000786 64.151196
-1.716250 1528460230.460350 0.000107 0.000157 0.000780 63.995021
-1.704185 1528460230.472414 0.000107 0.000158 0.000777 64.053544
-1.692350 1528460230.484249 0.000107 0.000155 0.000781 63.498230
-1.679541 1528460230.497058 0.000109 0.000152 0.000776 63.042850
-1.667503 1528460230.509096 0.000109 0.000150 0.000782 62.542913
-1.653599 1528460230.523000 0.000111 0.000149 0.000777 62.432416
-1.642429 1528460230.534171 0.000111 0.000149 0.000781 62.584321
-1.629770 1528460230.546830 0.000110 0.000149 0.000783 62.447599
-1.617433 1528460230.559166 0.000112 0.000149 0.000778 62.517382
-1.604916 1528460230.571683 0.000111 0.000150 0.000777 62.513535
-1.592148 1528460230.584452 0.000111 0.000150 0.000777 62.342585
-1.580152 1528460230.596447 0.000112 0.000149 0.000776 62.166726
-1.566803 1528460230.609797 0.000112 0.000149 0.000778 62.216993
-1.553948 1528460230.622651 0.000112 0.000148 0.000777 62.058862
-1.542419 1528460230.634180 0.000112 0.000149 0.000776 61.992538
-1.530087 1528460230.646512 0.000112 0.000149 0.000774 62.001018
-1.517340 1528460230.659259 0.000112 0.000149 0.000780 62.013065
-1.504742 1528460230.671857 0.000112 0.000150 0.000774 61.945087
-1.491698 1528460230.684901 0.000110 0.000149 0.000769 61.969888
-1.479042 1528460230.697558 0.000112 0.000150 0.000771 62.109841
-1.466385 1528460230.710214 0.000112 0.000150 0.000770 62.091862
-1.453941 1528460230.722659 0.000111 0.000150 0.000773 61.996963
-1.441060 1528460230.735540 0.000113 0.000149 0.000774 61.937664
-1.428450 1528460230.748149 0.000112 0.000149 0.000775 61.952683
-1.416725 1528460230.759874 0.000113 0.000149 0.000773 61.983278
-1.405082 1528460230.771518 0.000112 0.000149 0.000772 62.052400
-1.392063 1528460230.784537 0.000112 0.000149 0.000772 61.912362
-1.379991 1528460230.796608 0.000112 0.000149 0.000761 61.925166
-1.366468 1528460230.810131 0.000112 0.000149 0.000771 61.721078
-1.354122 1528460230.822477 0.000112 0.000149 0.000773 61.690993
-1.341344 1528460230.835255 0.000112 0.000149 0.000760 61.694315
-1.329413 1528460230.847187 0.000112 0.000150 0.000766 61.594151
-1.316281 1528460230.860318 0.000113 0.000150 0.000769 61.423756
-1.304252 1528460230.872347 0.000112 0.000149 0.000769 61.399073
-1.291604 1528460230.884995 0.000112 0.000150 0.000763 61.376242
-1.278980 1528460230.897620 0.000112 0.000149 0.000760 61.381469
-1.266606 1528460230.909994 0.000113 0.000150 0.000760 61.237693
-1.254153 1528460230.922446 0.000112 0.000150 0.000759 61.330073
-1.241600 1528460230.934999 0.000112 0.000150 0.000761 61.258347
-1.229109 1528460230.947491 0.000113 0.000150 0.000761 61.334812
-1.216599 1528460230.960001 0.000113 0.000150 0.000763 61.210409
-1.204008 1528460230.972592 0.000113 0.000150 0.000759 61.203912
-1.189919 1528460230.986681 0.000113 0.000151 0.000756 61.186624
-1.179559 1528460230.997041 0.000113 0.000150 0.000754 61.159876
-1.167279 1528460231.009321 0.000112 0.000150 0.000766 60.903902
-1.154554 1528460231.022045 0.000113 0.000150 0.000757 61.032672
-1.142503 1528460231.034096 0.000113 0.000150 0.000764 61.001141
-1.130069 1528460231.046530 0.000113 0.000151 0.000762 60.956664
-1.117468 1528460231.059131 0.000114 0.000151 0.000759 60.959677
-1.104548 1528460231.072052 0.000113 0.000150 0.000758 60.940408
-1.092546 1528460231.084053 0.000114 0.000151 0.000755 60.825852
-1.079514 1528460231.097085 0.000114 0.000151 0.000755 60.841227
-1.067147 1528460231.109452 0.000114 0.000151 0.000750 60.833174
-1.054659 1528460231.121940 0.000114 0.000151 0.000757 60.735950
-1.042430 1528460231.134169 0.000115 0.000152 0.000757 60.624537
-1.029717 1528460231.146882 0.000114 0.000152 0.000757 60.465435
-1.016004 1528460231.160595 0.000116 0.000152 0.000756 60.295059
-1.003966 1528460231.172633 0.000116 0.000152 0.000750 60.190002
-0.991533 1528460231.185066 0.000118 0.000150 0.000757 60.026405
-0.979752 1528460231.196847 0.000119 0.000150 0.000771 59.707473
-0.967190 1528460231.209409 0.000121 0.000150 0.000762 59.358841
-0.954839 1528460231.221761 0.000120 0.000151 0.000757 59.059933
-0.942335 1528460231.234264 0.000120 0.000151 0.000756 58.499592
-0.929940 1528460231.246660 0.000119 0.000150 0.000760 58.102425
-0.917125 1528460231.259474 0.000119 0.000151 0.000759 58.034851
-0.904642 1528460231.271958 0.000119 0.000150 0.000760 57.995484
-0.892336 1528460231.284263 0.000119 0.000150 0.000759 57.961107
-0.880066 1528460231.296533 0.000120 0.000150 0.000760 57.827644
-0.867286 1528460231.309313 0.000119 0.000150 0.000761 57.904020
-0.854897 1528460231.321702 0.000119 0.000150 0.000755 57.870139
-0.842666 1528460231.333933 0.000120 0.000150 0.000764 57.754985
-0.830087 1528460231.346512 0.000121 0.000149 0.000756 57.645050
-0.816998 1528460231.359601 0.000120 0.000149 0.000756 57.721036
-0.804181 1528460231.372418 0.000120 0.000149 0.000756 57.718977
-0.791353 1528460231.385247 0.000120 0.000149 0.000761 57.807632
-0.778504 1528460231.398096 0.000121 0.000150 0.000765 57.833562
-0.766157 1528460231.410442 0.000120 0.000150 0.000761 57.657610
-0.754062 1528460231.422537 0.000120 0.000150 0.000764 57.792877
-0.741099 1528460231.435500 0.000120 0.000150 0.000756 57.722013
-0.729672 1528460231.446927 0.000120 0.000150 0.000758 57.719240
-0.717483 1528460231.459116 0.000120 0.000149 0.000761 57.659369
-0.705167 1528460231.471432 0.000120 0.000150 0.000755 57.642287
-0.692526 1528460231.484073 0.000120 0.000149 0.000757 57.582514
-0.680118 1528460231.496481 0.000119 0.000150 0.000765 57.599953
-0.667421 1528460231.509178 0.000120 0.000149 0.000757 57.611385
-0.654960 1528460231.521640 0.000120 0.000150 0.000756 57.440597
-0.642267 1528460231.534332 0.000120 0.000150 0.000759 57.533965
-0.629843 1528460231.546756 0.000120 0.000149 0.000757 57.416391
-0.617082 1528460231.559517 0.000120 0.000150 0.000754 57.359216
-0.604626 1528460231.571973 0.000120 0.000150 0.000755 57.370892
-0.592278 1528460231.584321 0.000121 0.000150 0.000758 57.355581
-0.579597 1528460231.597003 0.000120 0.000149 0.000751 57.366833
-0.567039 1528460231.609560 0.000121 0.000149 0.000756 57.258788
-0.554660 1528460231.621940 0.000119 0.000149 0.000757 57.225203
-0.541924 1528460231.634676 0.000121 0.000150 0.000751 57.335993
-0.529475 1528460231.647124 0.000120 0.000150 0.000756 57.263154
-0.517228 1528460231.659371 0.000121 0.000149 0.000754 57.276229
-0.504796 1528460231.671803 0.000121 0.000150 0.000762 57.335117
-0.492154 1528460231.684445 0.000122 0.000150 0.000754 57.233524
-0.479182 1528460231.697418 0.000120 0.000150 0.000758 57.267614
-0.467153 1528460231.709446 0.000122 0.000150 0.000749 57.225126
-0.454685 1528460231.721915 0.000122 0.000151 0.000738 57.103597
-0.442115 1528460231.734484 0.000120 0.000151 0.000757 56.819248
-0.429576 1528460231.747023 0.000122 0.000150 0.000755 56.413644
-0.416924 1528460231.759675 0.000122 0.000149 0.000757 56.295066
-0.404618 1528460231.771981 0.000122 0.000148 0.000756 56.205757
-0.391428 1528460231.785171 0.000122 0.000148 0.000757 56.299108
-0.378771 1528460231.797828 0.000122 0.000148 0.000753 56.251717
-0.366983 1528460231.809616 0.000121 0.000149 0.000762 56.208825
-0.354951 1528460231.821648 0.000123 0.000149 0.000758 56.288347
-0.342188 1528460231.834411 0.000123 0.000149 0.000753 56.221948
-0.328385 1528460231.848214 0.000122 0.000149 0.000754 56.204316
-0.316109 1528460231.860491 0.000124 0.000149 0.000753 56.383413
-0.303659 1528460231.872940 0.000123 0.000149 0.000759 56.268381
-0.291245 1528460231.885355 0.000123 0.000149 0.000757 56.241171
-0.279065 1528460231.897534 0.000123 0.000149 0.000752 56.219585
-0.265962 1528460231.910637 0.000123 0.000149 0.000757 56.126611
-0.254108 1528460231.922492 0.000123 0.000148 0.000751 56.204376
-0.241363 1528460231.935237 0.000123 0.000148 0.000749 56.165205
-0.228246 1528460231.948353 0.000124 0.000149 0.000753 56.194542
-0.216606 1528460231.959993 0.000123 0.000148 0.000754 56.214147
-0.204692 1528460231.971907 0.000123 0.000148 0.000761 56.215693
-0.192123 1528460231.984476 0.000123 0.000149 0.000755 56.209149
-0.179676 1528460231.996923 0.000124 0.000149 0.000748 56.134394
-0.166548 1528460232.010051 0.000122 0.000149 0.000752 56.153464
-0.153815 1528460232.022784 0.000124 0.000149 0.000752 56.237118
-0.141342 1528460232.035257 0.000126 0.000147 0.000753 56.081143
-0.128281 1528460232.048318 0.000123 0.000148 0.000758 56.015090
-0.116195 1528460232.060404 0.000123 0.000149 0.000757 56.258971
-0.104285 1528460232.072314 0.000122 0.000150 0.000750 56.289015
-0.092396 1528460232.084203 0.000120 0.000151 0.000755 56.162586
-0.079023 1528460232.097576 0.000120 0.000150 0.000754 56.154753
-0.066796 1528460232.109803 0.000120 0.000150 0.000754 56.245496
-0.053781 1528460232.122818 0.000120 0.000150 0.000757 56.303312
-0.041214 1528460232.135385 0.000120 0.000149 0.000758 56.381949
-0.029598 1528460232.147002 0.000121 0.000149 0.000756 56.424949
-0.017395 1528460232.159205 0.000121 0.000149 0.000757 56.380816
-0.005019 1528460232.171580 0.000121 0.000148 0.000756 56.351599
0.007597 1528460232.184196 0.000120 0.000148 0.000756 56.253326
0.020240 1528460232.196839 0.000121 0.000148 0.000756 56.344729
0.034091 1528460232.210690 0.000122 0.000148 0.000755 56.278765
0.046602 1528460232.223201 0.000120 0.000147 0.000751 56.255272
0.059043 1528460232.235642 0.000121 0.000147 0.000753 56.213455
0.070955 1528460232.247555 0.000121 0.000147 0.000751 56.114132
0.083233 1528460232.259833 0.000121 0.000148 0.000748 56.133872
0.095881 1528460232.272481 0.000121 0.000146 0.000751 56.094952
0.108669 1528460232.285269 0.000120 0.000146 0.000752 56.023470
0.121459 1528460232.298059 0.000121 0.000147 0.000754 55.893074
0.133902 1528460232.310502 0.000121 0.000147 0.000747 55.741449
0.146529 1528460232.323128 0.000120 0.000147 0.000757 55.988648
0.158786 1528460232.335385 0.000120 0.000147 0.000760 55.814215
0.171982 1528460232.348581 0.000120 0.000146 0.000761 55.894640
0.183848 1528460232.360448 0.000120 0.000146 0.000757 55.816207
0.195321 1528460232.371920 0.000121 0.000146 0.000758 55.910296
0.207758 1528460232.384357 0.000121 0.000146 0.000754 55.932386
0.220407 1528460232.397006 0.000121 0.000146 0.000750 55.871960
0.232756 1528460232.409355 0.000122 0.000144 0.000754 55.872414
0.245050 1528460232.421650 0.000123 0.000146 0.000733 56.443187
0.257663 1528460232.434262 0.000127 0.000154 0.000728 58.591423
0.270240 1528460232.446840 0.000130 0.000166 0.000773 61.870582
0.282601 1528460232.459200 0.000140 0.000177 0.000795 65.650045
0.295532 1528460232.472131 0.000146 0.000190 0.000818 68.747789
0.308329 1528460232.484929 0.000147 0.000192 0.000830 71.241721
0.320670 1528460232.497270 0.000153 0.000177 0.000805 73.181643
0.333338 1528460232.509938 0.000144 0.000180 0.000815 75.152633
0.345716 1528460232.522316 0.000140 0.000189 0.000836 78.538226
0.358535 1528460232.535134 0.000139 0.000195 0.000805 82.304401
0.370976 1528460232.547575 0.000143 0.000201 0.000783 86.208090
0.383562 1528460232.560162 0.000150 0.000223 0.000696 91.725997
0.395652 1528460232.572251 0.000146 0.000233 0.000680 96.527680
0.408044 1528460232.584644 0.000152 0.000241 0.000676 100.169785
0.421054 1528460232.597653 0.000159 0.000245 0.000647 102.845797
0.433486 1528460232.610085 0.000165 0.000250 0.000637 106.124290
0.445807 1528460232.622407 0.000166 0.000252 0.000631 107.885339
0.458065 1528460232.634664 0.000170 0.000244 0.000634 109.327398
0.470323 1528460232.646922 0.000172 0.000242 0.000637 110.666735
0.482804 1528460232.659403 0.000172 0.000241 0.000632 111.375230
0.495079 1528460232.671679 0.000170 0.000238 0.000630 111.853215
0.507363 1528460232.683963 0.000169 0.000234 0.000639 112.167288
0.520228 1528460232.696828 0.000172 0.000233 0.000638 112.639464
0.532720 1528460232.709320 0.000171 0.000233 0.000635 113.098057
0.545023 1528460232.721622 0.000171 0.000231 0.000640 113.824837
0.558137 1528460232.734736 0.000172 0.000230 0.000642 114.357877
0.570289 1528460232.746888 0.000172 0.000229 0.000645 114.768491
0.582553 1528460232.759152 0.000174 0.000232 0.000642 115.622626
0.595294 1528460232.771893 0.000175 0.000229 0.000642 115.657507
0.607547 1528460232.784146 0.000171 0.000226 0.000654 115.479830
0.620073 1528460232.796672 0.000170 0.000225 0.000655 115.902586
0.632805 1528460232.809404 0.000172 0.000225 0.000654 115.799287
0.646430 1528460232.823029 0.000169 0.000226 0.000656 115.934112
0.658824 1528460232.835424 0.000174 0.000225 0.000650 116.505510
0.671682 1528460232.848281 0.000174 0.000226 0.000650 116.986571
0.684028 1528460232.860628 0.000174 0.000225 0.000651 117.335447
0.696857 1528460232.873456 0.000173 0.000225 0.000652 117.687837
0.709646 1528460232.886246 0.000174 0.000223 0.000651 117.897094
0.721226 1528460232.897825 0.000174 0.000224 0.000649 117.716347
0.733257 1528460232.909856 0.000171 0.000224 0.000653 117.376184
0.745657 1528460232.922256 0.000174 0.000224 0.000652 118.090096
0.758738 1528460232.935337 0.000171 0.000223 0.000655 117.986158
0.770681 1528460232.947280 0.000171 0.000221 0.000659 118.045426
0.783124 1528460232.959723 0.000173 0.000223 0.000650 118.184879
0.795781 1528460232.972381 0.000172 0.000221 0.000658 118.007204
0.808170 1528460232.984770 0.000171 0.000221 0.000654 118.150415
0.820907 1528460232.997506 0.000171 0.000222 0.000656 118.573805
0.833382 1528460233.009982 0.000172 0.000221 0.000655 118.953222
0.846261 1528460233.022860 0.000171 0.000220 0.000664 118.873680
0.858656 1528460233.035255 0.000171 0.000220 0.000663 119.008849
0.870439 1528460233.047038 0.000172 0.000218 0.000659 119.310033
0.883089 1528460233.059689 0.000172 0.000219 0.000664 119.830541
0.896186 1528460233.072785 0.000171 0.000220 0.000659 119.872554
0.909083 1528460233.085682 0.000173 0.000219 0.000659 119.873103
0.921718 1528460233.098317 0.000171 0.000219 0.000663 119.838484
0.933852 1528460233.110451 0.000172 0.000218 0.000666 120.604943
0.946076 1528460233.122676 0.000170 0.000218 0.000661 120.479586
0.959078 1528460233.135677 0.000172 0.000219 0.000663 120.849403
0.971396 1528460233.147995 0.000172 0.000218 0.000668 120.908221
0.983687 1528460233.160286 0.000171 0.000220 0.000662 120.518249
0.996285 1528460233.172884 0.000171 0.000219 0.000663 120.883604
1.008939 1528460233.185538 0.000172 0.000220 0.000660 121.431065
1.021433 1528460233.198032 0.000170 0.000220 0.000661 120.744519
1.034046 1528460233.210645 0.000172 0.000220 0.000657 121.354929
1.045549 1528460233.222148 0.000173 0.000221 0.000660 121.368980
1.057825 1528460233.234425 0.000171 0.000220 0.000661 121.003714
1.070307 1528460233.246906 0.000172 0.000219 0.000662 121.689561
1.082534 1528460233.259134 0.000171 0.000219 0.000664 121.348434
1.095352 1528460233.271951 0.000173 0.000220 0.000661 121.559108
1.107749 1528460233.284348 0.000172 0.000221 0.000663 121.507931
1.120646 1528460233.297245 0.000171 0.000221 0.000661 121.470909
1.132678 1528460233.309278 0.000171 0.000222 0.000655 121.512781
1.145035 1528460233.321635 0.000172 0.000222 0.000655 121.781226
1.157871 1528460233.334470 0.000171 0.000221 0.000660 121.572759
1.170223 1528460233.346823 0.000172 0.000223 0.000659 121.566440
1.182983 1528460233.359582 0.000172 0.000222 0.000657 121.568835
1.195246 1528460233.371846 0.000171 0.000223 0.000658 121.678851
1.207874 1528460233.384473 0.000172 0.000222 0.000656 121.962611
1.220623 1528460233.397223 0.000172 0.000223 0.000655 121.633793
1.233408 1528460233.410007 0.000171 0.000223 0.000659 121.899440
1.245544 1528460233.422143 0.000171 0.000223 0.000652 121.787769
1.257963 1528460233.434562 0.000171 0.000225 0.000649 121.574329
1.270691 1528460233.447290 0.000170 0.000224 0.000649 121.414414
1.282853 1528460233.459452 0.000170 0.000225 0.000649 121.773457
1.295513 1528460233.472112 0.000170 0.000225 0.000649 121.988694
1.307826 1528460233.484425 0.000172 0.000225 0.000652 121.930912
1.320774 1528460233.497373 0.000172 0.000225 0.000650 122.397539
1.333936 1528460233.510535 0.000172 0.000225 0.000650 121.640602
1.346719 1528460233.523318 0.000172 0.000224 0.000652 122.312150
1.359173 1528460233.535772 0.000172 0.000225 0.000655 122.148076
1.370886 1528460233.547485 0.000171 0.000225 0.000649 121.318398
1.383074 1528460233.559674 0.000172 0.000226 0.000648 121.561945
1.395467 1528460233.572066 0.000172 0.000227 0.000648 121.978169
1.407927 1528460233.584526 0.000173 0.000227 0.000648 122.158555
1.420402 1528460233.597001 0.000172 0.000226 0.000655 122.205214
1.433789 1528460233.610388 0.000171 0.000226 0.000657 122.304260
1.446349 1528460233.622949 0.000172 0.000227 0.000655 122.151668
1.459004 1528460233.635603 0.000173 0.000228 0.000652 122.350344
1.470555 1528460233.647154 0.000173 0.000226 0.000659 122.962490
1.482911 1528460233.659510 0.000173 0.000230 0.000654 122.467221
1.495195 1528460233.671794 0.000172 0.000229 0.000648 122.414693
1.508497 1528460233.685096 0.000172 0.000227 0.000650 122.120934
1.521666 1528460233.698265 0.000172 0.000228 0.000654 122.653733
1.533809 1528460233.710408 0.000171 0.000227 0.000653 122.505768
1.546177 1528460233.722776 0.000172 0.000228 0.000653 122.874997
1.558493 1528460233.735092 0.000171 0.000229 0.000648 122.276829
1.570937 1528460233.747537 0.000171 0.000229 0.000654 122.659330
1.583166 1528460233.759766 0.000171 0.000230 0.000651 121.907684
1.596637 1528460233.773236 0.000171 0.000228 0.000653 122.709787
1.609179 1528460233.785779 0.000171 0.000229 0.000653 122.468522
1.620855 1528460233.797454 0.000172 0.000227 0.000652 123.019081
1.633192 1528460233.809792 0.000171 0.000227 0.000659 122.216067
1.645951 1528460233.822550 0.000171 0.000229 0.000657 122.444410
1.658300 1528460233.834899 0.000171 0.000227 0.000657 122.858758
1.671063 1528460233.847662 0.000172 0.000229 0.000653 123.322640
1.683615 1528460233.860214 0.000173 0.000228 0.000660 123.158325
1.695786 1528460233.872385 0.000173 0.000228 0.000653 122.839036
1.708578 1528460233.885177 0.000173 0.000229 0.000652 123.034139
1.720875 1528460233.897474 0.000172 0.000229 0.000649 123.286160
1.732838 1528460233.909438 0.000172 0.000228 0.000651 123.252809
1.745310 1528460233.921909 0.000172 0.000227 0.000657 123.071267
1.757661 1528460233.934260 0.000172 0.000228 0.000658 123.267648
1.770154 1528460233.946753 0.000172 0.000230 0.000654 123.543454
1.782662 1528460233.959261 0.000172 0.000229 0.000655 123.684463
1.795150 1528460233.971750 0.000172 0.000228 0.000657 123.898332
1.807580 1528460233.984180 0.000171 0.000230 0.000653 123.847466
1.820568 1528460233.997167 0.000173 0.000231 0.000655 124.080988
1.832758 1528460234.009358 0.000173 0.000231 0.000644 123.984686
1.846081 1528460234.022680 0.000171 0.000231 0.000656 123.798375
1.858953 1528460234.035552 0.000173 0.000229 0.000653 124.160193
1.871326 1528460234.047925 0.000173 0.000230 0.000649 124.028072
1.883544 1528460234.060143 0.000174 0.000231 0.000650 123.875319
1.896155 1528460234.072754 0.000173 0.000231 0.000649 123.634024
1.908711 1528460234.085310 0.000173 0.000230 0.000654 124.119817
1.920783 1528460234.097382 0.000173 0.000230 0.000653 124.463501
1.932965 1528460234.109564 0.000172 0.000230 0.000653 124.193676
1.945353 1528460234.121952 0.000173 0.000229 0.000655 124.565292
1.957974 1528460234.134573 0.000173 0.000230 0.000656 124.614434
1.970625 1528460234.147224 0.000172 0.000230 0.000653 124.313818
1.983513 1528460234.160112 0.000172 0.000231 0.000656 124.297119
1.995590 1528460234.172189 0.000172 0.000230 0.000652 124.585123
2.008369 1528460234.184968 0.000172 0.000228 0.000662 124.983134
2.021116 1528460234.197716 0.000173 0.000230 0.000662 124.911305
2.033842 1528460234.210441 0.000173 0.000231 0.000662 124.490779
2.046103 1528460234.222702 0.000174 0.000230 0.000655 124.944990
2.058428 1528460234.235027 0.000173 0.000231 0.000657 124.663237
2.071033 1528460234.247633 0.000173 0.000231 0.000658 124.704705
2.083626 1528460234.260225 0.000174 0.000231 0.000652 124.776720
2.096071 1528460234.272671 0.000174 0.000232 0.000652 124.550904
2.108463 1528460234.285062 0.000174 0.000231 0.000649 124.648737
2.121157 1528460234.297756 0.000174 0.000232 0.000656 124.367763
2.133246 1528460234.309845 0.000173 0.000232 0.000655 124.541586
2.146323 1528460234.322923 0.000173 0.000230 0.000655 124.364915
2.158311 1528460234.334910 0.000171 0.000232 0.000653 124.354445
2.170788 1528460234.347387 0.000172 0.000231 0.000657 124.472786
2.183347 1528460234.359946 0.000173 0.000232 0.000655 124.687562
2.196624 1528460234.373223 0.000172 0.000232 0.000655 124.153584
2.209417 1528460234.386016 0.000170 0.000232 0.000659 124.166473
2.221540 1528460234.398139 0.000171 0.000232 0.000655 124.161955
2.233896 1528460234.410496 0.000170 0.000231 0.000654 123.493351
2.245687 1528460234.422287 0.000169 0.000232 0.000653 123.443659
2.257850 1528460234.434449 0.000171 0.000232 0.000651 123.650610
2.270497 1528460234.447096 0.000169 0.000232 0.000656 123.208769
2.283102 1528460234.459701 0.000167 0.000232 0.000656 123.605223
2.295635 1528460234.472234 0.000169 0.000233 0.000649 122.884549
2.309183 1528460234.485782 0.000169 0.000233 0.000649 123.004896
2.321334 1528460234.497933 0.000169 0.000232 0.000644 122.608029
2.334160 1528460234.510759 0.000169 0.000232 0.000648 123.087110
2.346119 1528460234.522719 0.000170 0.000232 0.000652 122.995597
2.358350 1528460234.534949 0.000169 0.000232 0.000644 123.152609
2.370879 1528460234.547479 0.000168 0.000234 0.000649 123.170823
2.383639 1528460234.560238 0.000169 0.000235 0.000645 123.178063
2.396660 1528460234.573259 0.000169 0.000234 0.000653 123.817111
2.409151 1528460234.585750 0.000170 0.000233 0.000652 123.687577
2.421643 1528460234.598242 0.000170 0.000235 0.000656 123.723859
2.433995 1528460234.610594 0.000170 0.000234 0.000656 123.345124
2.445751 1528460234.622351 0.000170 0.000234 0.000661 123.475229
2.458781 1528460234.635380 0.000171 0.000234 0.000646 123.354557
2.470866 1528460234.647465 0.000169 0.000237 0.000656 123.511515
2.483230 1528460234.659829 0.000170 0.000234 0.000659 123.497698
2.496043 1528460234.672643 0.000172 0.000235 0.000656 123.216083
2.508420 1528460234.685019 0.000171 0.000235 0.000649 123.503825
2.521100 1528460234.697699 0.000170 0.000236 0.000655 123.250842
2.533396 1528460234.709995 0.000172 0.000235 0.000652 123.310075
2.546209 1528460234.722808 0.000172 0.000235 0.000653 123.857318
2.558402 1528460234.735001 0.000172 0.000237 0.000651 123.533916
2.571993 1528460234.748592 0.000172 0.000235 0.000658 123.778597
2.584316 1528460234.760915 0.000172 0.000233 0.000658 123.876706
2.597118 1528460234.773717 0.000171 0.000235 0.000660 123.571381
2.609201 1528460234.785801 0.000173 0.000235 0.000657 123.625309
2.622054 1528460234.798653 0.000172 0.000235 0.000659 123.818180
2.633800 1528460234.810399 0.000170 0.000235 0.000657 123.819369
2.645568 1528460234.822167 0.000171 0.000237 0.000657 124.003342
2.657830 1528460234.834430 0.000172 0.000236 0.000656 123.985507
2.670333 1528460234.846932 0.000172 0.000236 0.000661 124.030253
2.683031 1528460234.859631 0.000172 0.000237 0.000654 123.656362
2.695511 1528460234.872110 0.000172 0.000235 0.000661 123.957896
2.708248 1528460234.884847 0.000173 0.000238 0.000656 124.228531
2.721053 1528460234.897653 0.000172 0.000237 0.000651 123.358408
2.733891 1528460234.910491 0.000173 0.000236 0.000660 124.392577
2.746964 1528460234.923563 0.000173 0.000236 0.000657 123.807397
2.759417 1528460234.936016 0.000172 0.000236 0.000658 124.004652
2.770791 1528460234.947390 0.000173 0.000237 0.000658 123.537092
2.783995 1528460234.960594 0.000172 0.000237 0.000660 124.073576
2.795200 1528460234.971800 0.000173 0.000237 0.000656 124.364638
2.809445 1528460234.986045 0.000172 0.000239 0.000654 124.044381
2.821749 1528460234.998349 0.000171 0.000239 0.000661 123.805473
2.833441 1528460235.010041 0.000173 0.000238 0.000657 123.903350
2.846194 1528460235.022793 0.000172 0.000236 0.000660 123.603099
2.858422 1528460235.035021 0.000172 0.000235 0.000660 123.523635
2.870975 1528460235.047574 0.000171 0.000237 0.000659 123.421578
2.883662 1528460235.060261 0.000174 0.000238 0.000650 124.173879
2.896385 1528460235.072984 0.000172 0.000239 0.000658 124.293263
2.908520 1528460235.085119 0.000172 0.000236 0.000660 123.740483
2.920958 1528460235.097558 0.000172 0.000236 0.000657 123.895653
2.933288 1528460235.109887 0.000170 0.000236 0.000665 123.535523
2.946042 1528460235.122641 0.000173 0.000237 0.000660 123.492605
2.958330 1528460235.134929 0.000172 0.000237 0.000659 123.672306
2.970427 1528460235.147026 0.000172 0.000238 0.000664 123.761667
2.983187 1528460235.159786 0.000173 0.000240 0.000660 124.113957
2.995382 1528460235.171981 0.000173 0.000237 0.000659 124.244692
3.007861 1528460235.184460 0.000174 0.000238 0.000659 124.204203
3.020454 1528460235.197053 0.000173 0.000239 0.000659 124.161886
3.032783 1528460235.209382 0.000173 0.000236 0.000661 124.126320
3.045506 1528460235.222105 0.000173 0.000237 0.000663 124.058171
3.057949 1528460235.234548 0.000173 0.000238 0.000658 123.695516
3.070567 1528460235.247167 0.000174 0.000237 0.000667 124.410517
3.082716 1528460235.259315 0.000172 0.000237 0.000662 123.762898
3.095364 1528460235.271964 0.000173 0.000236 0.000664 124.425892
3.107847 1528460235.284447 0.000174 0.000239 0.000660 124.358440
3.120450 1528460235.297049 0.000173 0.000238 0.000660 124.110715
3.132748 1528460235.309347 0.000173 0.000238 0.000657 123.958475
3.145375 1528460235.321975 0.000174 0.000238 0.000663 123.968745
3.157983 1528460235.334582 0.000174 0.000238 0.000660 123.874718
3.170461 1528460235.347060 0.000174 0.000237 0.000664 124.132272
3.183036 1528460235.359635 0.000173 0.000237 0.000665 124.064644
3.195669 1528460235.372269 0.000174 0.000238 0.000665 124.103292
3.207814 1528460235.384413 0.000172 0.000238 0.000662 124.253063
3.220702 1528460235.397302 0.000174 0.000239 0.000665 124.286193
3.232902 1528460235.409502 0.000173 0.000238 0.000665 123.817939
3.246120 1528460235.422719 0.000172 0.000237 0.000670 124.157309
3.258117 1528460235.434716 0.000174 0.000237 0.000663 124.239804
3.270380 1528460235.446980 0.000173 0.000236 0.000667 124.246299
3.282998 1528460235.459597 0.000173 0.000237 0.000665 124.195914
3.295340 1528460235.471939 0.000174 0.000236 0.000664 124.384582
3.307786 1528460235.484385 0.000172 0.000236 0.000662 124.207812
3.320531 1528460235.497130 0.000173 0.000238 0.000659 124.117233
3.333030 1528460235.509629 0.000173 0.000237 0.000663 124.091805
3.345649 1528460235.522249 0.000171 0.000235 0.000660 123.648846
3.359263 1528460235.535862 0.000171 0.000237 0.000665 123.672275
3.371796 1528460235.548395 0.000172 0.000237 0.000656 123.816146
3.384156 1528460235.560755 0.000171 0.000236 0.000658 123.726230
3.396804 1528460235.573404 0.000172 0.000236 0.000665 124.231266
3.409232 1528460235.585831 0.000174 0.000237 0.000660 124.079834
3.421000 1528460235.597599 0.000172 0.000237 0.000662 123.406689
3.433232 1528460235.609831 0.000172 0.000238 0.000657 123.814241
3.445613 1528460235.622213 0.000173 0.000238 0.000663 123.750768
3.459113 1528460235.635712 0.000172 0.000236 0.000659 123.366448
3.471719 1528460235.648318 0.000172 0.000237 0.000659 123.444827
3.484209 1528460235.660809 0.000174 0.000238 0.000658 123.670939
3.496445 1528460235.673044 0.000173 0.000237 0.000659 123.364631
3.509120 1528460235.685719 0.000173 0.000236 0.000659 123.587210
3.521848 1528460235.698448 0.000173 0.000237 0.000659 123.547292
3.534498 1528460235.711097 0.000173 0.000238 0.000659 123.200454
3.547197 1528460235.723796 0.000172 0.000238 0.000661 122.946804
3.559161 1528460235.735760 0.000173 0.000237 0.000656 123.146395
3.572037 1528460235.748636 0.000171 0.000238 0.000659 122.852174
3.583975 1528460235.760575 0.000173 0.000238 0.000659 122.916627
3.595912 1528460235.772511 0.000172 0.000238 0.000658 123.082227
3.608047 1528460235.784647 0.000172 0.000238 0.000658 122.847548
3.620838 1528460235.797438 0.000172 0.000238 0.000660 123.214953
3.633188 1528460235.809787 0.000171 0.000239 0.000657 122.913951
3.645836 1528460235.822435 0.000171 0.000235 0.000659 122.730743
3.658102 1528460235.834701 0.000171 0.000238 0.000662 122.378752
3.670565 1528460235.847164 0.000171 0.000238 0.000655 122.700886
3.684595 1528460235.861194 0.000170 0.000238 0.000660 122.946068
3.697746 1528460235.874346 0.000171 0.000238 0.000660 122.662820
3.709408 1528460235.886007 0.000172 0.000239 0.000658 122.765091
3.721780 1528460235.898379 0.000172 0.000239 0.000651 122.435346
3.733816 1528460235.910415 0.000173 0.000242 0.000643 122.575020
3.745875 1528460235.922474 0.000173 0.000239 0.000657 122.444345
3.758153 1528460235.934752 0.000172 0.000239 0.000648 122.007378
3.770912 1528460235.947511 0.000174 0.000238 0.000657 122.250961
3.784351 1528460235.960951 0.000172 0.000238 0.000655 122.210757
3.796841 1528460235.973441 0.000174 0.000239 0.000653 122.563443
3.810294 1528460235.986894 0.000172 0.000239 0.000656 122.240093
3.821657 1528460235.998256 0.000173 0.000241 0.000648 122.483023
3.833987 1528460236.010586 0.000173 0.000240 0.000648 122.208601
3.846213 1528460236.022812 0.000172 0.000242 0.000648 122.146653
3.858154 1528460236.034754 0.000172 0.000241 0.000647 122.300627
3.870747 1528460236.047346 0.000171 0.000241 0.000651 122.026318
3.883326 1528460236.059925 0.000172 0.000239 0.000654 122.293119
3.895714 1528460236.072313 0.000171 0.000240 0.000655 121.884075
3.908385 1528460236.084984 0.000173 0.000241 0.000646 121.804228
3.921226 1528460236.097825 0.000173 0.000241 0.000649 121.819100
3.933378 1528460236.109977 0.000172 0.000241 0.000646 121.871990
3.946119 1528460236.122719 0.000171 0.000240 0.000647 121.634636
3.958664 1528460236.135263 0.000171 0.000241 0.000647 121.414509
3.971139 1528460236.147738 0.000173 0.000240 0.000643 121.372367
3.983967 1528460236.160566 0.000173 0.000241 0.000647 121.694415
3.996819 1528460236.173419 0.000173 0.000241 0.000650 121.667136
4.009311 1528460236.185910 0.000175 0.000242 0.000648 121.624979
4.021684 1528460236.198283 0.000175 0.000243 0.000643 121.614537
4.033889 1528460236.210489 0.000173 0.000242 0.000645 121.579999
4.046883 1528460236.223482 0.000175 0.000243 0.000642 121.825371
4.058595 1528460236.235195 0.000175 0.000244 0.000641 121.432901
4.070785 1528460236.247384 0.000174 0.000244 0.000643 121.663136
4.083466 1528460236.260065 0.000175 0.000244 0.000641 121.472031
4.095777 1528460236.272377 0.000174 0.000243 0.000642 122.026724
4.108336 1528460236.284936 0.000173 0.000244 0.000646 121.869691
4.120846 1528460236.297445 0.000175 0.000244 0.000645 121.592208
4.134471 1528460236.311070 0.000175 0.000245 0.000640 121.443484
4.146791 1528460236.323391 0.000174 0.000244 0.000641 121.521299
4.158234 1528460236.334833 0.000176 0.000243 0.000641 121.493691
4.170382 1528460236.346981 0.000175 0.000243 0.000642 121.708203
4.183464 1528460236.360063 0.000173 0.000243 0.000646 121.119447
4.195862 1528460236.372462 0.000174 0.000244 0.000641 121.200354
4.208401 1528460236.385000 0.000174 0.000243 0.000644 120.962882
4.220949 1528460236.397548 0.000174 0.000243 0.000652 121.257579
4.233299 1528460236.409899 0.000173 0.000243 0.000652 121.309844
4.245777 1528460236.422376 0.000175 0.000244 0.000647 121.357031
4.259380 1528460236.435980 0.000174 0.000243 0.000646 121.246146
4.272040 1528460236.448640 0.000175 0.000242 0.000640 121.374692
4.284691 1528460236.461290 0.000173 0.000242 0.000648 121.561491
4.296944 1528460236.473543 0.000174 0.000243 0.000644 121.343812
4.309629 1528460236.486228 0.000173 0.000245 0.000643 121.401564
4.321842 1528460236.498441 0.000174 0.000242 0.000644 121.632517
4.333705 1528460236.510304 0.000176 0.000243 0.000646 121.373776
4.345892 1528460236.522491 0.000176 0.000241 0.000644 121.726816
4.358521 1528460236.535120 0.000174 0.000243 0.000640 121.304812
4.371069 1528460236.547668 0.000174 0.000244 0.000643 121.169032
4.383735 1528460236.560334 0.000174 0.000244 0.000644 121.600806
4.396976 1528460236.573575 0.000175 0.000245 0.000637 121.297647
4.409402 1528460236.586001 0.000178 0.000245 0.000636 121.620928
4.422417 1528460236.599016 0.000176 0.000244 0.000640 121.489701
4.433599 1528460236.610198 0.000175 0.000245 0.000632 121.005679
4.445889 1528460236.622488 0.000178 0.000247 0.000633 120.991751
4.458457 1528460236.635056 0.000177 0.000247 0.000630 120.943931
4.470868 1528460236.647468 0.000178 0.000246 0.000627 120.632200
4.483317 1528460236.659916 0.000178 0.000244 0.000639 121.177681
4.495747 1528460236.672347 0.000176 0.000245 0.000632 120.754824
4.508510 1528460236.685109 0.000176 0.000244 0.000634 120.955561
4.521428 1528460236.698027 0.000176 0.000245 0.000637 120.369438
4.534240 1528460236.710840 0.000177 0.000244 0.000636 120.261407
4.547179 1528460236.723778 0.000177 0.000244 0.000630 120.352698
4.559272 1528460236.735871 0.000175 0.000243 0.000637 120.221531
4.571210 1528460236.747809 0.000176 0.000243 0.000637 120.508322
4.583907 1528460236.760506 0.000173 0.000242 0.000631 120.142401
4.597033 1528460236.773632 0.000175 0.000241 0.000637 119.822637
4.609122 1528460236.785721 0.000175 0.000242 0.000637 119.939053
4.620890 1528460236.797489 0.000175 0.000242 0.000632 119.600925
4.634447 1528460236.811046 0.000175 0.000243 0.000625 119.207438
4.646736 1528460236.823335 0.000176 0.000242 0.000628 119.262298
4.659772 1528460236.836371 0.000176 0.000242 0.000622 119.012688
4.671309 1528460236.847908 0.000174 0.000243 0.000624 118.478554
4.683383 1528460236.859983 0.000175 0.000242 0.000622 118.613076
4.695839 1528460236.872438 0.000173 0.000240 0.000622 118.757024
4.708192 1528460236.884791 0.000173 0.000242 0.000627 118.255984
4.720999 1528460236.897598 0.000175 0.000241 0.000626 118.267528
4.733536 1528460236.910135 0.000176 0.000243 0.000623 118.595919
4.745922 1528460236.922521 0.000176 0.000241 0.000619 118.534673
4.758354 1528460236.934953 0.000176 0.000243 0.000621 118.643998
4.771096 1528460236.947696 0.000177 0.000240 0.000617 118.769037
4.783396 1528460236.959995 0.000178 0.000242 0.000613 119.003629
4.795746 1528460236.972345 0.000176 0.000243 0.000614 119.043789
4.809483 1528460236.986083 0.000177 0.000241 0.000614 119.476592
4.822122 1528460236.998721 0.000177 0.000244 0.000612 118.695531
4.834652 1528460237.011251 0.000178 0.000245 0.000610 119.413154
4.846879 1528460237.023479 0.000177 0.000243 0.000606 119.093975
4.859519 1528460237.036119 0.000176 0.000244 0.000608 119.013614
4.872077 1528460237.048677 0.000174 0.000242 0.000615 119.137330
4.884354 1528460237.060953 0.000175 0.000244 0.000616 118.972258
4.897084 1528460237.073683 0.000173 0.000242 0.000628 119.401041
4.909884 1528460237.086483 0.000174 0.000243 0.000628 119.333309
4.922392 1528460237.098991 0.000172 0.000241 0.000624 119.199696
4.934003 1528460237.110602 0.000173 0.000241 0.000628 119.395830
4.946149 1528460237.122748 0.000171 0.000242 0.000632 119.656875
4.958599 1528460237.135199 0.000172 0.000241 0.000632 119.520429
4.972019 1528460237.148618 0.000175 0.000241 0.000632 119.657143
4.984603 1528460237.161203 0.000172 0.000242 0.000623 119.320503
4.997246 1528460237.173845 0.000172 0.000240 0.000631 119.108880
5.009746 1528460237.186345 0.000173 0.000239 0.000630 118.983395
5.022216 1528460237.198815 0.000174 0.000238 0.000623 118.875658
5.033763 1528460237.210362 0.000171 0.000238 0.000629 118.537570
5.046349 1528460237.222949 0.000171 0.000237 0.000627 118.015258
5.058514 1528460237.235113 0.000173 0.000238 0.000624 117.794594
5.071007 1528460237.247607 0.000175 0.000237 0.000613 116.863672
5.083575 1528460237.260175 0.000174 0.000235 0.000609 116.695076
5.096806 1528460237.273405 0.000174 0.000236 0.000610 116.710191
5.109231 1528460237.285830 0.000176 0.000234 0.000608 116.093734
5.122093 1528460237.298692 0.000177 0.000235 0.000598 115.586591
5.133395 1528460237.309994 0.000176 0.000235 0.000601 114.822371
5.145693 1528460237.322292 0.000176 0.000235 0.000595 114.484718
5.158414 1528460237.335013 0.000178 0.000236 0.000584 113.291680
5.171652 1528460237.348252 0.000175 0.000236 0.000577 112.618587
5.184233 1528460237.360832 0.000175 0.000236 0.000579 111.997313
5.196869 1528460237.373468 0.000175 0.000236 0.000580 111.212982
5.209755 1528460237.386355 0.000177 0.000238 0.000574 110.992949
5.221872 1528460237.398472 0.000176 0.000236 0.000583 110.291750
5.234413 1528460237.411012 0.000174 0.000235 0.000595 109.724083
5.247301 1528460237.423901 0.000174 0.000233 0.000600 108.681918
5.259239 1528460237.435838 0.000173 0.000229 0.000598 108.309110
5.271742 1528460237.448341 0.000172 0.000226 0.000585 107.629917
5.284621 1528460237.461221 0.000171 0.000223 0.000584 107.608496
5.296324 1528460237.472923 0.000171 0.000220 0.000586 107.215181
5.308723 1528460237.485322 0.000170 0.000219 0.000584 106.702129
5.321324 1528460237.497923 0.000170 0.000219 0.000586 106.910837
5.333787 1528460237.510386 0.000172 0.000220 0.000595 106.849596
5.347127 1528460237.523726 0.000171 0.000221 0.000585 107.510305
5.359586 1528460237.536186 0.000170 0.000220 0.000588 107.327563
5.372029 1528460237.548628 0.000168 0.000220 0.000600 107.630621
5.384460 1528460237.561060 0.000169 0.000221 0.000596 107.930148
5.396261 1528460237.572860 0.000169 0.000218 0.000590 106.790637
5.408755 1528460237.585354 0.000167 0.000219 0.000592 107.005075
5.420854 1528460237.597453 0.000170 0.000217 0.000595 107.204457
5.433378 1528460237.609977 0.000166 0.000217 0.000588 106.916770
5.446004 1528460237.622603 0.000166 0.000216 0.000591 106.668771
5.458580 1528460237.635180 0.000165 0.000215 0.000594 106.456661
5.472149 1528460237.648748 0.000166 0.000213 0.000598 106.600829
5.484287 1528460237.660886 0.000163 0.000212 0.000592 105.549152
5.497133 1528460237.673732 0.000164 0.000210 0.000590 105.216001
5.509442 1528460237.686041 0.000160 0.000210 0.000592 105.078353
5.521513 1528460237.698112 0.000162 0.000208 0.000591 104.782708
5.533557 1528460237.710156 0.000159 0.000205 0.000597 104.571290
5.547322 1528460237.723921 0.000158 0.000204 0.000589 103.400643
5.559391 1528460237.735991 0.000157 0.000201 0.000591 102.964450
5.572149 1528460237.748748 0.000156 0.000200 0.000593 102.629997
5.584515 1528460237.761114 0.000156 0.000197 0.000598 102.643851
5.596791 1528460237.773390 0.000155 0.000196 0.000597 102.351040
5.609060 1528460237.785659 0.000156 0.000195 0.000598 102.237745
5.621132 1528460237.797731 0.000155 0.000195 0.000599 102.389216
5.633824 1528460237.810423 0.000154 0.000195 0.000600 102.247846
5.646284 1528460237.822884 0.000156 0.000194 0.000597 102.051941
5.658825 1528460237.835424 0.000155 0.000194 0.000602 101.970284
5.672070 1528460237.848669 0.000156 0.000192 0.000599 102.151374
5.684674 1528460237.861273 0.000154 0.000191 0.000600 101.885724
5.697177 1528460237.873776 0.000154 0.000189 0.000598 101.416928
5.708984 1528460237.885583 0.000153 0.000185 0.000597 101.260125
5.721280 1528460237.897879 0.000153 0.000182 0.000596 101.143079
5.733953 1528460237.910553 0.000151 0.000180 0.000597 100.648286
5.746483 1528460237.923082 0.000154 0.000180 0.000600 100.846712
5.758923 1528460237.935522 0.000152 0.000179 0.000600 100.145087
5.771494 1528460237.948093 0.000151 0.000178 0.000603 100.072672
5.783794 1528460237.960393 0.000151 0.000177 0.000603 99.743157
5.796547 1528460237.973146 0.000150 0.000177 0.000601 99.592077
5.809206 1528460237.985805 0.000153 0.000179 0.000594 99.579900
5.821199 1528460237.997799 0.000153 0.000180 0.000601 99.938850
5.833815 1528460238.010414 0.000155 0.000188 0.000611 100.483397
5.846010 1528460238.022610 0.000157 0.000191 0.000618 100.723673
5.858898 1528460238.035497 0.000161 0.000194 0.000618 101.055480
5.871032 1528460238.047632 0.000159 0.000194 0.000621 101.002339
5.883603 1528460238.060202 0.000158 0.000194 0.000627 101.470061
5.896293 1528460238.072892 0.000164 0.000192 0.000626 101.903531
5.908864 1528460238.085464 0.000165 0.000192 0.000623 101.896332
5.921432 1528460238.098031 0.000165 0.000193 0.000633 102.732778
5.934005 1528460238.110604 0.000166 0.000192 0.000629 103.463641
5.946105 1528460238.122705 0.000166 0.000193 0.000632 103.952271
5.958994 1528460238.135593 0.000167 0.000195 0.000631 104.249353
5.971640 1528460238.148239 0.000167 0.000195 0.000635 104.256420
5.983959 1528460238.160558 0.000166 0.000193 0.000631 104.413443
5.996300 1528460238.172900 0.000165 0.000190 0.000625 103.476246
6.009025 1528460238.185624 0.000165 0.000186 0.000626 102.818282
6.021358 1528460238.197958 0.000162 0.000184 0.000626 101.905830
6.033952 1528460238.210552 0.000163 0.000180 0.000628 101.739493
6.046355 1528460238.222954 0.000159 0.000178 0.000633 100.842635
6.058919 1528460238.235519 0.000159 0.000176 0.000635 100.431902
6.071177 1528460238.247776 0.000158 0.000173 0.000634 99.830513
6.085189 1528460238.261788 0.000156 0.000170 0.000627 98.866980
6.097065 1528460238.273664 0.000155 0.000169 0.000634 98.402461
6.110066 1528460238.286666 0.000153 0.000167 0.000637 97.552129
6.121589 1528460238.298188 0.000152 0.000164 0.000640 97.200894
6.133622 1528460238.310221 0.000152 0.000163 0.000637 96.596457
6.146389 1528460238.322989 0.000151 0.000163 0.000638 96.544252
6.159796 1528460238.336396 0.000149 0.000162 0.000637 95.915870
6.172255 1528460238.348854 0.000147 0.000162 0.000644 95.696764
6.184369 1528460238.360968 0.000145 0.000161 0.000650 94.733620
6.197530 1528460238.374130 0.000145 0.000159 0.000652 94.495902
6.209856 1528460238.386455 0.000145 0.000159 0.000654 94.230015
6.221157 1528460238.397756 0.000144 0.000158 0.000656 93.966194
6.233578 1528460238.410178 0.000142 0.000158 0.000659 93.788527
6.246038 1528460238.422637 0.000143 0.000157 0.000653 93.197474
6.258591 1528460238.435191 0.000143 0.000155 0.000663 93.157948
6.270947 1528460238.447546 0.000142 0.000155 0.000665 92.933857
6.284455 1528460238.461054 0.000141 0.000154 0.000661 92.721773
6.296885 1528460238.473485 0.000141 0.000154 0.000667 92.887832
6.309764 1528460238.486363 0.000142 0.000153 0.000664 92.460210
6.321980 1528460238.498579 0.000142 0.000153 0.000666 92.091871
6.334622 1528460238.511221 0.000141 0.000152 0.000678 92.032280
6.346975 1528460238.523574 0.000141 0.000151 0.000676 91.504637
6.359602 1528460238.536201 0.000142 0.000149 0.000680 91.293956
6.371399 1528460238.547999 0.000140 0.000151 0.000675 91.171114
6.383926 1528460238.560525 0.000140 0.000148 0.000676 90.551949
6.396297 1528460238.572896 0.000139 0.000147 0.000683 90.481663
6.409558 1528460238.586157 0.000138 0.000147 0.000684 90.173057
6.421777 1528460238.598376 0.000138 0.000147 0.000687 89.734772
6.433962 1528460238.610561 0.000138 0.000147 0.000689 89.716715
6.446062 1528460238.622661 0.000136 0.000147 0.000682 89.620295
6.458516 1528460238.635115 0.000137 0.000146 0.000681 89.378332
6.471160 1528460238.647759 0.000136 0.000145 0.000682 89.405270
6.483546 1528460238.660145 0.000133 0.000146 0.000685 89.624000
6.496173 1528460238.672772 0.000134 0.000148 0.000694 89.179569
6.509652 1528460238.686251 0.000135 0.000152 0.000691 89.144992
6.522120 1528460238.698720 0.000137 0.000153 0.000685 89.312980
6.534542 1528460238.711141 0.000137 0.000154 0.000672 89.492368
6.547493 1528460238.724092 0.000137 0.000154 0.000678 89.234555
6.558974 1528460238.735573 0.000138 0.000154 0.000663 88.661661
6.571238 1528460238.747837 0.000139 0.000154 0.000660 88.393691
6.583824 1528460238.760424 0.000138 0.000154 0.000663 88.252030
6.595959 1528460238.772558 0.000136 0.000155 0.000655 87.652790
6.608687 1528460238.785286 0.000136 0.000155 0.000661 87.868608
6.621776 1528460238.798375 0.000135 0.000155 0.000655 87.417656
6.634766 1528460238.811366 0.000136 0.000155 0.000660 87.428473
6.647305 1528460238.823905 0.000136 0.000154 0.000657 87.407257
6.659861 1528460238.836460 0.000135 0.000154 0.000653 87.454473
6.671956 1528460238.848555 0.000135 0.000155 0.000644 86.830594
6.684760 1528460238.861359 0.000134 0.000155 0.000646 87.105223
6.697656 1528460238.874256 0.000133 0.000157 0.000656 87.035540
6.710281 1528460238.886880 0.000134 0.000157 0.000651 86.604024
6.722785 1528460238.899384 0.000132 0.000155 0.000653 86.389150
6.735012 1528460238.911611 0.000133 0.000156 0.000639 86.220954
6.746243 1528460238.922843 0.000132 0.000157 0.000645 85.982692
6.758740 1528460238.935339 0.000131 0.000159 0.000651 85.958633
6.771106 1528460238.947705 0.000131 0.000159 0.000649 85.940518
6.783542 1528460238.960142 0.000130 0.000161 0.000653 85.686648
6.795963 1528460238.972562 0.000130 0.000162 0.000651 85.651971
6.808668 1528460238.985267 0.000129 0.000164 0.000650 85.512578
6.821292 1528460238.997891 0.000131 0.000164 0.000643 85.570763
6.833831 1528460239.010430 0.000129 0.000165 0.000647 85.417724
6.846052 1528460239.022651 0.000129 0.000165 0.000649 85.536921
6.858689 1528460239.035288 0.000128 0.000168 0.000658 85.445063
6.872266 1528460239.048865 0.000130 0.000168 0.000656 85.397623
6.884965 1528460239.061565 0.000130 0.000176 0.000667 85.478212
6.897294 1528460239.073894 0.000132 0.000185 0.000691 86.026779
6.908763 1528460239.085362 0.000135 0.000192 0.000687 86.526750
6.920991 1528460239.097591 0.000135 0.000205 0.000683 87.181890
6.933653 1528460239.110252 0.000141 0.000218 0.000656 87.715753
6.946308 1528460239.122908 0.000138 0.000232 0.000642 87.961326
6.958761 1528460239.135360 0.000140 0.000244 0.000609 87.308821
6.970922 1528460239.147521 0.000135 0.000254 0.000598 86.418307
6.983493 1528460239.160093 0.000136 0.000262 0.000591 85.312033
7.001325 1528460239.177924 0.000134 0.000270 0.000586 84.454387
7.010350 1528460239.186950 0.000134 0.000271 0.000582 83.449286
7.022253 1528460239.198853 0.000133 0.000273 0.000587 82.672266
7.034936 1528460239.211536 0.000131 0.000274 0.000585 81.571125
7.047047 1528460239.223646 0.000129 0.000274 0.000580 81.108334
7.059691 1528460239.236290 0.000131 0.000268 0.000588 80.768094
7.072349 1528460239.248948 0.000127 0.000269 0.000586 80.265001
7.084621 1528460239.261220 0.000127 0.000267 0.000585 79.720722
7.096596 1528460239.273196 0.000126 0.000268 0.000595 79.607514
7.108687 1528460239.285286 0.000124 0.000264 0.000602 79.252893
7.121274 1528460239.297874 0.000125 0.000263 0.000604 78.905642
7.134104 1528460239.310704 0.000123 0.000262 0.000610 78.543797
7.146609 1528460239.323208 0.000125 0.000258 0.000614 78.014735
7.158661 1528460239.335260 0.000123 0.000260 0.000615 77.753347
7.171564 1528460239.348163 0.000123 0.000260 0.000619 77.502972
7.184007 1528460239.360606 0.000121 0.000259 0.000630 76.969783
7.196448 1528460239.373047 0.000121 0.000258 0.000635 76.461739
7.209792 1528460239.386391 0.000123 0.000256 0.000632 76.281935
7.222282 1528460239.398882 0.000121 0.000255 0.000641 75.923947
7.234296 1528460239.410895 0.000120 0.000257 0.000641 75.503709
7.246337 1528460239.422936 0.000120 0.000256 0.000644 75.506093
7.258867 1528460239.435466 0.000120 0.000254 0.000649 75.111464
7.271106 1528460239.447706 0.000119 0.000256 0.000645 74.870937
7.283700 1528460239.460299 0.000119 0.000255 0.000646 74.644238
7.296072 1528460239.472671 0.000118 0.000255 0.000643 74.457334
7.308746 1528460239.485345 0.000120 0.000255 0.000633 74.315101
7.321369 1528460239.497968 0.000119 0.000256 0.000640 74.076704
7.333828 1528460239.510427 0.000117 0.000252 0.000641 73.780854
7.346764 1528460239.523363 0.000118 0.000254 0.000642 73.548791
7.358826 1528460239.535425 0.000120 0.000250 0.000638 73.271084
7.371720 1528460239.548319 0.000116 0.000250 0.000641 73.054555
7.384332 1528460239.560931 0.000115 0.000249 0.000648 72.718435
7.396932 1528460239.573532 0.000120 0.000251 0.000650 72.221007
7.409541 1528460239.586140 0.000121 0.000251 0.000656 71.680661
7.421786 1528460239.598385 0.000122 0.000250 0.000665 71.965517
7.434035 1528460239.610634 0.000126 0.000246 0.000665 71.583416
7.446491 1528460239.623091 0.000128 0.000240 0.000657 70.948488
7.458781 1528460239.635381 0.000127 0.000236 0.000659 70.297534
7.471290 1528460239.647889 0.000129 0.000235 0.000657 69.874746
7.484349 1528460239.660949 0.000128 0.000232 0.000663 69.576010
7.496519 1528460239.673118 0.000126 0.000227 0.000670 69.250048
7.508915 1528460239.685514 0.000125 0.000228 0.000678 69.235081
7.521907 1528460239.698506 0.000124 0.000226 0.000678 68.923633
7.534370 1528460239.710969 0.000124 0.000223 0.000682 68.754424
7.546695 1528460239.723295 0.000124 0.000224 0.000676 68.514828
7.559004 1528460239.735603 0.000124 0.000222 0.000681 68.328015
7.571369 1528460239.747968 0.000123 0.000222 0.000683 68.265082
7.584280 1528460239.760880 0.000124 0.000222 0.000686 67.998966
7.597107 1528460239.773706 0.000124 0.000220 0.000681 67.631256
7.609414 1528460239.786013 0.000125 0.000222 0.000679 67.306549
7.621470 1528460239.798069 0.000124 0.000220 0.000683 67.205922
7.634065 1528460239.810664 0.000124 0.000219 0.000687 66.981875
7.646577 1528460239.823177 0.000124 0.000222 0.000687 66.826484
7.659169 1528460239.835768 0.000123 0.000220 0.000690 66.687350
7.672240 1528460239.848839 0.000122 0.000219 0.000690 66.378316
7.684218 1528460239.860817 0.000123 0.000220 0.000691 66.248174
7.696291 1528460239.872890 0.000123 0.000219 0.000692 66.123830
7.710037 1528460239.886636 0.000123 0.000219 0.000691 66.024981
7.722523 1528460239.899122 0.000122 0.000218 0.000705 65.737803
7.734983 1528460239.911583 0.000122 0.000216 0.000706 65.406897
7.747291 1528460239.923890 0.000122 0.000214 0.000702 65.315758
7.760509 1528460239.937108 0.000122 0.000215 0.000703 65.137887
7.771733 1528460239.948332 0.000122 0.000214 0.000703 65.100260
7.783861 1528460239.960460 0.000122 0.000214 0.000702 64.981432
7.796463 1528460239.973062 0.000123 0.000213 0.000702 64.913352
7.808713 1528460239.985312 0.000123 0.000213 0.000699 64.747234
7.821035 1528460239.997635 0.000122 0.000212 0.000704 64.687475
7.833536 1528460240.010135 0.000122 0.000212 0.000700 64.730176
7.846231 1528460240.022830 0.000120 0.000212 0.000703 64.655971
7.858628 1528460240.035227 0.000120 0.000212 0.000698 64.593846
7.871280 1528460240.047879 0.000123 0.000212 0.000701 64.470996
7.883817 1528460240.060416 0.000123 0.000213 0.000701 64.410941
7.896314 1528460240.072913 0.000119 0.000212 0.000710 64.522510
7.909013 1528460240.085613 0.000120 0.000211 0.000705 64.443557
7.921183 1528460240.097782 0.000119 0.000211 0.000704 64.446258
7.934251 1528460240.110851 0.000122 0.000211 0.000703 64.207667
7.946203 1528460240.122802 0.000121 0.000210 0.000703 64.207281
7.958754 1528460240.135353 0.000122 0.000210 0.000706 64.232050
7.971132 1528460240.147731 0.000121 0.000210 0.000704 64.260326
7.983851 1528460240.160450 0.000120 0.000210 0.000707 64.180810
7.997327 1528460240.173926 0.000121 0.000208 0.000705 64.166234
8.010126 1528460240.186725 0.000121 0.000210 0.000708 64.114054
8.022312 1528460240.198912 0.000119 0.000210 0.000706 64.151633
8.035389 1528460240.211989 0.000120 0.000210 0.000704 64.095635
8.047400 1528460240.223999 0.000119 0.000209 0.000709 64.121227
8.058673 1528460240.235272 0.000122 0.000210 0.000697 64.088135
8.072571 1528460240.249171 0.000119 0.000209 0.000705 64.029785
8.084842 1528460240.261441 0.000119 0.000208 0.000705 63.984760
8.097437 1528460240.274037 0.000122 0.000209 0.000700 63.990236
8.110347 1528460240.286946 0.000120 0.000208 0.000701 63.895519
8.122605 1528460240.299204 0.000123 0.000207 0.000701 63.450073
8.135031 1528460240.311630 0.000120 0.000206 0.000702 63.490877
8.146603 1528460240.323202 0.000121 0.000207 0.000708 63.442959
8.158877 1528460240.335477 0.000122 0.000206 0.000720 63.699391
8.171384 1528460240.347984 0.000123 0.000207 0.000719 63.778952
8.185131 1528460240.361730 0.000123 0.000206 0.000713 63.716911
8.197691 1528460240.374291 0.000123 0.000205 0.000712 63.606756
8.210108 1528460240.386707 0.000123 0.000204 0.000712 63.229176
8.222821 1528460240.399420 0.000120 0.000203 0.000718 63.157339
8.234644 1528460240.411244 0.000122 0.000202 0.000720 62.860041
8.247581 1528460240.424181 0.000121 0.000200 0.000725 62.828186
8.258790 1528460240.435390 0.000122 0.000199 0.000727 62.509068
8.271682 1528460240.448281 0.000122 0.000200 0.000723 62.323648
8.284872 1528460240.461471 0.000123 0.000199 0.000722 62.210173
8.297767 1528460240.474366 0.000122 0.000199 0.000726 61.892287
8.309908 1528460240.486508 0.000123 0.000198 0.000722 61.718955
8.322605 1528460240.499205 0.000123 0.000197 0.000719 61.469177
8.334644 1528460240.511244 0.000123 0.000197 0.000717 61.310655
8.347557 1528460240.524156 0.000122 0.000197 0.000722 61.181367
8.360734 1528460240.537333 0.000123 0.000197 0.000711 60.983445
8.371671 1528460240.548270 0.000122 0.000197 0.000717 60.795285
8.383850 1528460240.560449 0.000123 0.000196 0.000716 60.781720
8.396514 1528460240.573113 0.000123 0.000197 0.000709 60.649445
8.408979 1528460240.585578 0.000124 0.000198 0.000707 60.729258
8.422759 1528460240.599358 0.000122 0.000197 0.000717 60.676991
8.435300 1528460240.611899 0.000123 0.000197 0.000712 60.561164
8.447402 1528460240.624002 0.000124 0.000197 0.000704 60.563579
8.460059 1528460240.636659 0.000123 0.000197 0.000710 60.613974
8.473062 1528460240.649661 0.000124 0.000197 0.000707 60.579191
8.485525 1528460240.662124 0.000124 0.000198 0.000706 60.626205
8.497041 1528460240.673641 0.000124 0.000198 0.000707 60.554100
8.508875 1528460240.685474 0.000124 0.000198 0.000704 60.526242
8.521313 1528460240.697912 0.000124 0.000199 0.000702 60.429884
8.533940 1528460240.710540 0.000124 0.000197 0.000705 60.355008
8.546618 1528460240.723217 0.000124 0.000198 0.000706 60.383449
8.558761 1528460240.735361 0.000124 0.000197 0.000704 60.288337
8.571347 1528460240.747946 0.000124 0.000196 0.000708 60.110366
8.583625 1528460240.760225 0.000125 0.000196 0.000709 60.007902
8.596422 1528460240.773021 0.000124 0.000196 0.000708 59.930928
8.610005 1528460240.786604 0.000124 0.000198 0.000710 59.982350
8.622521 1528460240.799120 0.000124 0.000198 0.000709 59.864754
8.634849 1528460240.811448 0.000123 0.000198 0.000720 59.833811
8.647297 1528460240.823896 0.000118 0.000197 0.000736 59.955950
8.660260 1528460240.836859 0.000115 0.000208 0.000764 62.250477
8.672466 1528460240.849065 0.000116 0.000231 0.000738 65.089253
8.685280 1528460240.861879 0.000120 0.000233 0.000734 65.635807
8.697417 1528460240.874017 0.000120 0.000224 0.000757 65.721314
8.708747 1528460240.885346 0.000121 0.000220 0.000756 65.110729
8.721401 1528460240.898000 0.000121 0.000216 0.000751 64.526057
8.735032 1528460240.911631 0.000120 0.000215 0.000747 64.063429
8.746897 1528460240.923496 0.000119 0.000214 0.000748 63.747779
8.758936 1528460240.935535 0.000118 0.000211 0.000750 63.614381
8.771671 1528460240.948271 0.000116 0.000211 0.000750 64.051456
8.783984 1528460240.960583 0.000116 0.000210 0.000749 63.884921
8.796550 1528460240.973149 0.000117 0.000211 0.000748 63.729676
8.808923 1528460240.985523 0.000119 0.000210 0.000747 63.681046
8.822270 1528460240.998870 0.000119 0.000207 0.000749 63.013583
8.835290 1528460241.011889 0.000115 0.000203 0.000759 62.315308
8.846983 1528460241.023582 0.000115 0.000203 0.000755 62.299548
8.859207 1528460241.035806 0.000116 0.000203 0.000750 62.360731
8.871654 1528460241.048253 0.000116 0.000202 0.000756 62.258837
8.884218 1528460241.060817 0.000117 0.000202 0.000755 62.215369
8.896426 1528460241.073025 0.000118 0.000200 0.000750 61.659281
8.908973 1528460241.085572 0.000116 0.000197 0.000759 61.032938
8.922251 1528460241.098850 0.000116 0.000196 0.000748 60.959853
8.935313 1528460241.111912 0.000116 0.000198 0.000758 61.020122
8.947772 1528460241.124371 0.000117 0.000199 0.000762 60.878352
8.959815 1528460241.136414 0.000120 0.000202 0.000769 60.814198
8.972351 1528460241.148950 0.000122 0.000194 0.000758 58.896535
8.984492 1528460241.161091 0.000122 0.000186 0.000746 57.178244
8.996547 1528460241.173146 0.000121 0.000182 0.000747 56.356473
9.008876 1528460241.185475 0.000115 0.000165 0.000632 53.606708
9.021539 1528460241.198139 0.000120 0.000170 0.000763 55.651103
9.033992 1528460241.210591 0.000115 0.000162 0.000644 53.161550
9.050075 1528460241.226674 0.000113 0.000161 0.000655 52.975028
9.058792 1528460241.235391 0.000113 0.000161 0.000642 53.161591
9.071501 1528460241.248101 0.000113 0.000161 0.000648 53.373069
9.083782 1528460241.260381 0.000114 0.000160 0.000638 53.026735
9.096312 1528460241.272911 0.000114 0.000160 0.000641 52.437700
9.108791 1528460241.285390 0.000112 0.000159 0.000631 51.669633
9.121452 1528460241.298051 0.000112 0.000157 0.000632 51.629690
9.133926 1528460241.310525 0.000112 0.000157 0.000642 51.722663
9.146570 1528460241.323170 0.000117 0.000158 0.000755 53.610089
9.158942 1528460241.335541 0.000116 0.000158 0.000761 53.383153
9.171350 1528460241.347949 0.000116 0.000157 0.000748 53.023994
9.183760 1528460241.360359 0.000114 0.000156 0.000762 53.271556
9.196277 1528460241.372876 0.000116 0.000156 0.000766 53.491646
9.208831 1528460241.385430 0.000116 0.000157 0.000757 53.399222
9.221352 1528460241.397952 0.000116 0.000158 0.000760 53.266716
9.233709 1528460241.410309 0.000115 0.000156 0.000762 52.931122
9.246373 1528460241.422972 0.000111 0.000156 0.000635 51.036612
9.258891 1528460241.435490 0.000114 0.000156 0.000762 53.450122
9.271223 1528460241.447822 0.000115 0.000157 0.000766 53.315185
9.283894 1528460241.460494 0.000115 0.000155 0.000760 53.062739
9.296435 1528460241.473035 0.000116 0.000151 0.000778 52.717786
9.308851 1528460241.485450 0.000117 0.000148 0.000799 52.470750
9.321273 1528460241.497872 0.000118 0.000144 0.000805 52.239243
9.333925 1528460241.510524 0.000116 0.000144 0.000814 51.759245
9.346595 1528460241.523195 0.000115 0.000143 0.000817 51.404892
9.359030 1528460241.535629 0.000114 0.000142 0.000801 50.969916
9.371584 1528460241.548183 0.000115 0.000140 0.000809 50.658928
9.383764 1528460241.560364 0.000114 0.000140 0.000803 50.759900
9.396377 1528460241.572976 0.000114 0.000141 0.000794 50.640144
9.408816 1528460241.585416 0.000114 0.000141 0.000812 50.488946
9.421748 1528460241.598347 0.000113 0.000140 0.000806 49.921623
9.434062 1528460241.610661 0.000113 0.000138 0.000809 50.333167
9.446630 1528460241.623230 0.000113 0.000138 0.000797 50.776756
9.459022 1528460241.635621 0.000112 0.000138 0.000815 50.857058
9.471658 1528460241.648257 0.000113 0.000140 0.000809 50.204215
9.485477 1528460241.662076 0.000113 0.000140 0.000795 49.756611
9.498390 1528460241.674989 0.000113 0.000138 0.000812 50.098404
9.509935 1528460241.686534 0.000113 0.000137 0.000818 50.406134
9.522406 1528460241.699005 0.000111 0.000140 0.000828 50.297427
9.534378 1528460241.710978 0.000112 0.000140 0.000813 49.685682
9.546737 1528460241.723336 0.000113 0.000139 0.000790 48.771174
9.559340 1528460241.735939 0.000112 0.000138 0.000808 49.204571
9.571525 1528460241.748124 0.000113 0.000138 0.000811 49.599444
9.584482 1528460241.761081 0.000113 0.000140 0.000811 49.433655
9.596880 1528460241.773479 0.000113 0.000138 0.000807 48.903319
9.609257 1528460241.785856 0.000115 0.000132 0.000812 48.324657
9.622953 1528460241.799553 0.000118 0.000128 0.000815 48.894114
9.635110 1528460241.811710 0.000117 0.000130 0.000838 49.324684
9.647806 1528460241.824405 0.000116 0.000132 0.000825 49.106184
9.659689 1528460241.836288 0.000117 0.000131 0.000810 48.408763
9.672978 1528460241.849577 0.000117 0.000129 0.000802 47.840463
9.685987 1528460241.862586 0.000119 0.000127 0.000809 48.368813
9.697830 1528460241.874429 0.000117 0.000128 0.000841 48.771067
9.710722 1528460241.887321 0.000116 0.000131 0.000815 48.409589
9.722940 1528460241.899539 0.000117 0.000131 0.000806 48.114560
9.734015 1528460241.910614 0.000117 0.000129 0.000802 47.566524
9.746954 1528460241.923553 0.000118 0.000127 0.000819 47.973245
9.759139 1528460241.935738 0.000115 0.000128 0.000831 47.948812
9.772427 1528460241.949026 0.000115 0.000132 0.000812 47.520492
9.785387 1528460241.961986 0.000115 0.000131 0.000796 46.929603
9.797597 1528460241.974196 0.000115 0.000129 0.000794 46.641814
9.810601 1528460241.987200 0.000117 0.000127 0.000796 46.829330
9.822005 1528460241.998604 0.000116 0.000127 0.000823 47.410307
9.834061 1528460242.010660 0.000114 0.000131 0.000816 47.325971
9.846572 1528460242.023171 0.000115 0.000132 0.000800 46.982904
9.859121 1528460242.035720 0.000115 0.000131 0.000789 46.627761
9.871332 1528460242.047931 0.000115 0.000130 0.000788 46.162738
9.884048 1528460242.060647 0.000117 0.000127 0.000800 46.925961
9.896616 1528460242.073216 0.000114 0.000127 0.000813 46.997583
9.910139 1528460242.086738 0.000114 0.000131 0.000809 46.951178
9.923073 1528460242.099672 0.000119 0.000132 0.000797 46.511015
9.935267 1528460242.111866 0.000120 0.000129 0.000790 46.381032
9.947738 1528460242.124337 0.000121 0.000131 0.000793 46.321506
9.960084 1528460242.136683 0.000121 0.000132 0.000795 46.449626
9.971696 1528460242.148296 0.000121 0.000133 0.000812 46.166007
9.984076 1528460242.160676 0.000122 0.000134 0.000771 45.239540
9.996553 1528460242.173153 0.000123 0.000135 0.000750 44.147562
10.010009 1528460242.186608 0.000123 0.000134 0.000752 43.898106
10.023040 1528460242.199640 0.000124 0.000135 0.000745 43.691073
10.035363 1528460242.211962 0.000124 0.000135 0.000734 43.615102
10.047936 1528460242.224536 0.000125 0.000134 0.000761 44.333749
10.060356 1528460242.236955 0.000125 0.000133 0.000780 44.615338
10.072830 1528460242.249429 0.000125 0.000133 0.000757 44.289067
10.085278 1528460242.261877 0.000124 0.000134 0.000754 44.029753
10.098201 1528460242.274800 0.000122 0.000133 0.000762 43.827427
10.109587 1528460242.286186 0.000123 0.000133 0.000741 43.209593
10.121817 1528460242.298416 0.000123 0.000134 0.000718 42.928216
10.134028 1528460242.310628 0.000124 0.000134 0.000728 43.070288
10.146839 1528460242.323438 0.000124 0.000134 0.000716 42.887051
10.160586 1528460242.337185 0.000123 0.000133 0.000726 43.063999
10.172452 1528460242.349051 0.000123 0.000133 0.000729 43.021625
10.185379 1528460242.361978 0.000123 0.000133 0.000720 42.987729
10.197218 1528460242.373817 0.000122 0.000132 0.000732 43.115966
10.209573 1528460242.386172 0.000124 0.000133 0.000712 42.800732
10.221708 1528460242.398307 0.000123 0.000133 0.000723 42.993265
10.234411 1528460242.411010 0.000124 0.000132 0.000706 42.684442
10.246784 1528460242.423384 0.000123 0.000133 0.000713 42.797002
10.259393 1528460242.435992 0.000122 0.000133 0.000722 42.991579
10.271886 1528460242.448485 0.000123 0.000133 0.000718 42.904414
10.284983 1528460242.461583 0.000123 0.000133 0.000714 42.961178
10.297228 1528460242.473827 0.000122 0.000132 0.000718 42.807641
10.310076 1528460242.486676 0.000123 0.000133 0.000704 42.702891
10.322804 1528460242.499403 0.000120 0.000136 0.000703 42.893010
10.334970 1528460242.511569 0.000117 0.000137 0.000701 42.949548
10.347166 1528460242.523765 0.000115 0.000137 0.000721 43.273857
10.359769 1528460242.536369 0.000115 0.000136 0.000729 43.229924
10.372669 1528460242.549268 0.000114 0.000135 0.000722 43.350557
10.384869 1528460242.561468 0.000114 0.000136 0.000737 43.519780
10.397620 1528460242.574220 0.000114 0.000136 0.000741 43.555212
10.409801 1528460242.586400 0.000114 0.000137 0.000738 43.536314
10.422130 1528460242.598730 0.000114 0.000136 0.000738 43.748975
10.434746 1528460242.611346 0.000115 0.000137 0.000732 43.572990
10.447421 1528460242.624020 0.000114 0.000138 0.000744 43.740503
10.459703 1528460242.636302 0.000115 0.000137 0.000740 43.463567
10.472631 1528460242.649231 0.000115 0.000136 0.000740 43.429462
10.484936 1528460242.661536 0.000114 0.000137 0.000743 43.486142
10.497260 1528460242.673859 0.000114 0.000137 0.000747 43.334858
10.509825 1528460242.686424 0.000114 0.000136 0.000734 43.189969
10.522833 1528460242.699432 0.000114 0.000137 0.000736 43.289202
10.534649 1528460242.711249 0.000114 0.000136 0.000739 43.271129
10.547169 1528460242.723769 0.000114 0.000136 0.000743 43.201122
10.559908 1528460242.736507 0.000115 0.000137 0.000751 43.169317
10.572392 1528460242.748991 0.000114 0.000136 0.000751 43.316440
10.584700 1528460242.761299 0.000115 0.000136 0.000722 43.018717
10.598754 1528460242.775354 0.000114 0.000137 0.000745 43.190115
10.610550 1528460242.787149 0.000114 0.000136 0.000728 43.020561
10.622654 1528460242.799253 0.000114 0.000137 0.000742 43.011492
10.635050 1528460242.811649 0.000115 0.000137 0.000752 43.086392
10.647166 1528460242.823766 0.000115 0.000137 0.000734 43.050527
10.659399 1528460242.835998 0.000115 0.000138 0.000728 42.812057
10.671846 1528460242.848445 0.000115 0.000137 0.000736 42.916919
10.684699 1528460242.861298 0.000115 0.000137 0.000729 42.714878
10.696964 1528460242.873563 0.000115 0.000137 0.000733 42.886115
10.709647 1528460242.886246 0.000115 0.000137 0.000727 42.639640
10.722183 1528460242.898783 0.000115 0.000137 0.000745 42.887041
10.734350 1528460242.910949 0.000115 0.000137 0.000737 42.716859
10.748024 1528460242.924623 0.000115 0.000138 0.000745 42.828876
10.759361 1528460242.935960 0.000115 0.000138 0.000737 42.669915
10.771842 1528460242.948442 0.000115 0.000137 0.000748 43.016891
10.784452 1528460242.961052 0.000115 0.000138 0.000740 42.746294
10.796827 1528460242.973426 0.000115 0.000138 0.000751 43.016909
10.809484 1528460242.986083 0.000113 0.000139 0.000759 42.835269
10.822841 1528460242.999441 0.000114 0.000140 0.000750 43.395023
10.835146 1528460243.011746 0.000115 0.000139 0.000758 43.422730
10.847654 1528460243.024253 0.000117 0.000139 0.000752 43.617545
10.861062 1528460243.037661 0.000118 0.000138 0.000765 43.672377
10.871950 1528460243.048549 0.000119 0.000138 0.000751 43.571284
10.884494 1528460243.061094 0.000118 0.000138 0.000762 43.714051
10.896920 1528460243.073519 0.000118 0.000138 0.000763 43.652429
10.909463 1528460243.086062 0.000118 0.000138 0.000764 43.641259
10.922902 1528460243.099501 0.000118 0.000138 0.000761 43.627847
10.935749 1528460243.112348 0.000118 0.000138 0.000762 43.529101
10.947685 1528460243.124284 0.000118 0.000138 0.000759 43.607325
10.959734 1528460243.136333 0.000118 0.000137 0.000757 43.626849
10.971768 1528460243.148367 0.000119 0.000138 0.000753 43.476495
10.984392 1528460243.160991 0.000119 0.000138 0.000750 43.577672
10.997837 1528460243.174436 0.000118 0.000139 0.000751 43.632358
11.010556 1528460243.187155 0.000118 0.000138 0.000760 43.786242
11.023210 1528460243.199809 0.000118 0.000138 0.000762 43.695024
11.035575 1528460243.212174 0.000119 0.000139 0.000751 43.709542
11.047046 1528460243.223645 0.000119 0.000138 0.000754 43.715006
11.059414 1528460243.236013 0.000118 0.000138 0.000754 43.802253
11.071878 1528460243.248478 0.000118 0.000139 0.000761 43.751600
11.084947 1528460243.261546 0.000118 0.000139 0.000759 43.942731
11.098203 1528460243.274802 0.000118 0.000139 0.000751 43.702140
11.110601 1528460243.287200 0.000118 0.000139 0.000760 43.777594
11.121966 1528460243.298566 0.000118 0.000137 0.000757 43.740797
11.134169 1528460243.310768 0.000118 0.000137 0.000756 43.667578
11.146627 1528460243.323226 0.000118 0.000138 0.000749 43.748736
11.159363 1528460243.335962 0.000118 0.000138 0.000746 43.554693
11.171849 1528460243.348448 0.000118 0.000137 0.000751 43.594993
11.184337 1528460243.360937 0.000118 0.000138 0.000751 43.683532
11.197047 1528460243.373646 0.000118 0.000138 0.000748 43.455175
11.209246 1528460243.385846 0.000118 0.000137 0.000745 43.581333
11.223491 1528460243.400090 0.000118 0.000137 0.000743 43.718848
11.234551 1528460243.411150 0.000118 0.000137 0.000746 43.735964
11.247315 1528460243.423914 0.000118 0.000138 0.000755 43.708987
11.261153 1528460243.437752 0.000118 0.000138 0.000744 43.509046
11.273344 1528460243.449943 0.000118 0.000137 0.000742 43.565598
11.285604 1528460243.462203 0.000118 0.000138 0.000743 43.535804
11.297565 1528460243.474164 0.000118 0.000138 0.000740 43.436233
11.309557 1528460243.486157 0.000118 0.000137 0.000742 43.539173
11.321724 1528460243.498323 0.000118 0.000137 0.000747 43.646543
11.334378 1528460243.510978 0.000118 0.000138 0.000741 43.524057
11.346772 1528460243.523371 0.000118 0.000137 0.000742 43.632121
11.359268 1528460243.535867 0.000118 0.000137 0.000742 43.513934
11.371974 1528460243.548573 0.000118 0.000137 0.000744 43.505116
11.384483 1528460243.561082 0.000118 0.000138 0.000743 43.615934
11.396865 1528460243.573464 0.000118 0.000137 0.000743 43.644403
11.409467 1528460243.586066 0.000117 0.000138 0.000757 43.646526
11.421972 1528460243.598571 0.000118 0.000138 0.000745 43.537171
11.434369 1528460243.610968 0.000117 0.000138 0.000747 43.705695
11.446808 1528460243.623407 0.000118 0.000138 0.000741 43.456051
11.460606 1528460243.637206 0.000118 0.000137 0.000744 43.469947
11.473350 1528460243.649949 0.000117 0.000137 0.000753 43.568505
11.485164 1528460243.661764 0.000117 0.000138 0.000750 43.579403
11.497616 1528460243.674216 0.000118 0.000138 0.000748 43.587911
11.509720 1528460243.686319 0.000117 0.000138 0.000754 43.688684
11.522074 1528460243.698673 0.000118 0.000137 0.000745 43.639294
11.534608 1528460243.711208 0.000118 0.000138 0.000751 43.683833
11.547237 1528460243.723837 0.000119 0.000138 0.000747 43.553315
11.560102 1528460243.736701 0.000117 0.000134 0.000748 44.064957
11.573206 1528460243.749806 0.000118 0.000138 0.000744 43.571625
11.585213 1528460243.761812 0.000118 0.000139 0.000747 43.849662
11.598074 1528460243.774673 0.000118 0.000139 0.000755 43.731529
11.610104 1528460243.786703 0.000118 0.000138 0.000749 43.765288
11.622577 1528460243.799177 0.000118 0.000138 0.000751 43.752023
11.634555 1528460243.811154 0.000119 0.000139 0.000741 43.619373
11.646986 1528460243.823586 0.000119 0.000138 0.000748 43.774196
11.659089 1528460243.835688 0.000119 0.000139 0.000743 43.717164
11.671724 1528460243.848324 0.000118 0.000139 0.000750 43.775010
11.684640 1528460243.861240 0.000118 0.000139 0.000750 43.734229
11.696975 1528460243.873574 0.000119 0.000139 0.000744 43.613589
11.710012 1528460243.886611 0.000118 0.000139 0.000748 43.790325
11.722587 1528460243.899187 0.000118 0.000139 0.000754 43.907310
11.734833 1528460243.911433 0.000119 0.000139 0.000744 43.819129
11.747243 1528460243.923842 0.000119 0.000139 0.000742 43.860378
11.760078 1528460243.936677 0.000119 0.000138 0.000742 43.759293
11.772351 1528460243.948950 0.000119 0.000139 0.000742 43.669711
11.784840 1528460243.961439 0.000119 0.000139 0.000748 43.869572
11.797364 1528460243.973963 0.000119 0.000139 0.000750 43.840081
11.810199 1528460243.986799 0.000119 0.000139 0.000753 44.003276
11.822787 1528460243.999386 0.000118 0.000136 0.000741 44.192212
11.835066 1528460244.011665 0.000119 0.000140 0.000735 43.593765
11.847664 1528460244.024263 0.000119 0.000141 0.000744 43.933064
11.859825 1528460244.036425 0.000119 0.000142 0.000734 43.616621
11.872858 1528460244.049457 0.000119 0.000143 0.000732 43.364455
11.885062 1528460244.061661 0.000120 0.000141 0.000737 43.559524
11.897572 1528460244.074172 0.000121 0.000140 0.000740 43.747937
11.910630 1528460244.087229 0.000121 0.000139 0.000732 43.808484
11.923267 1528460244.099866 0.000122 0.000140 0.000736 43.987746
11.934922 1528460244.111521 0.000122 0.000141 0.000740 43.827753
11.947065 1528460244.123664 0.000123 0.000142 0.000736 43.741742
11.959697 1528460244.136297 0.000122 0.000142 0.000740 43.623151
11.971823 1528460244.148422 0.000122 0.000140 0.000738 43.752730
11.984045 1528460244.160644 0.000122 0.000139 0.000736 43.748485
11.996650 1528460244.173249 0.000123 0.000141 0.000740 43.693274
12.008986 1528460244.185585 0.000124 0.000142 0.000734 43.531194
12.021752 1528460244.198352 0.000123 0.000140 0.000736 43.867461
12.033925 1528460244.210524 0.000123 0.000142 0.000739 43.652126
12.046727 1528460244.223326 0.000123 0.000141 0.000739 43.866721
12.059347 1528460244.235946 0.000123 0.000141 0.000736 43.746776
12.071469 1528460244.248068 0.000123 0.000142 0.000740 43.686841
12.083874 1528460244.260473 0.000123 0.000141 0.000732 43.668747
12.096575 1528460244.273175 0.000123 0.000136 0.000729 43.946241
12.110651 1528460244.287250 0.000123 0.000140 0.000739 43.686149
12.123183 1528460244.299782 0.000124 0.000141 0.000723 43.367328
12.135625 1528460244.312225 0.000123 0.000140 0.000737 43.555711
12.147853 1528460244.324453 0.000123 0.000140 0.000739 43.659456
12.159991 1528460244.336590 0.000123 0.000140 0.000745 43.734079
12.172318 1528460244.348917 0.000124 0.000141 0.000729 43.465601
